Date,Time,Temperature_C,Dew_Point_C,Humidity_%,Wind,Speed_kmh,Gust_kmh,Pressure_hPa,Precip_Rate_mm,Precip_Accum_mm,UV,Solar_w/m2,file_name
2022/12/01,12:04 AM,13.72,10.89,83.0,SSW,4.83,6.6,1030.82,0.0,0.0,0.0,0.0,IMELBO1849.csv
2022/12/01,12:09 AM,13.67,10.83,83.0,SSW,4.67,6.28,1031.16,0.0,0.0,0.0,0.0,IMELBO1849.csv
2022/12/01,12:14 AM,13.72,10.89,83.0,SSW,3.38,4.99,1030.82,0.0,0.0,0.0,0.0,IMELBO1849.csv
2022/12/01,12:19 AM,13.61,10.78,83.0,SW,4.83,6.44,1030.82,0.0,0.0,0.0,0.0,IMELBO1849.csv
2022/12/01,12:24 AM,13.5,10.78,84.0,SSW,8.21,12.07,1030.82,0.0,0.0,0.0,0.0,IMELBO1849.csv
2022/12/01,12:29 AM,13.39,10.72,84.0,SSW,4.83,7.08,1030.48,0.0,0.0,0.0,0.0,IMELBO1849.csv
2022/12/01,12:34 AM,13.39,10.72,84.0,SSW,6.11,8.21,1030.82,0.0,0.0,0.0,0.0,IMELBO1849.csv
2022/12/01,12:39 AM,13.28,10.61,84.0,SSW,3.06,3.86,1030.48,0.0,0.0,0.0,0.0,IMELBO1849.csv
2022/12/01,12:44 AM,13.28,10.61,84.0,SSW,3.38,4.99,1030.48,0.0,0.0,0.0,0.0,IMELBO1849.csv
2022/12/01,12:49 AM,13.28,10.61,84.0,SSW,4.67,6.28,1030.48,0.0,0.0,0.0,0.0,IMELBO1849.csv
2022/12/01,12:54 AM,13.28,10.61,84.0,SSW,5.63,6.92,1030.48,0.0,0.0,0.0,0.0,IMELBO1849.csv
2022/12/01,12:59 AM,13.28,10.61,84.0,SW,4.34,5.63,1030.48,0.0,0.0,0.0,0.0,IMELBO1849.csv
2022/12/01,01:04 AM,13.28,10.56,84.0,SW,4.18,5.47,1030.48,0.0,0.0,0.0,0.0,IMELBO1849.csv
2022/12/01,01:09 AM,13.22,10.56,84.0,SSW,4.18,5.31,1030.48,0.0,0.0,0.0,0.0,IMELBO1849.csv
2022/12/01,01:14 AM,13.22,10.72,85.0,SSW,4.67,5.63,1030.48,0.0,0.0,0.0,0.0,IMELBO1849.csv
2022/12/01,01:19 AM,13.22,10.72,85.0,SSW,3.7,5.31,1030.14,0.0,0.0,0.0,0.0,IMELBO1849.csv
2022/12/01,01:24 AM,13.28,10.78,85.0,SSW,4.02,5.79,1030.14,0.0,0.0,0.0,0.0,IMELBO1849.csv
2022/12/01,01:29 AM,13.33,10.83,85.0,SSW,2.25,3.22,1030.48,0.0,0.0,0.0,0.0,IMELBO1849.csv
2022/12/01,01:34 AM,13.44,10.94,85.0,SSW,2.9,3.54,1030.14,0.0,0.0,0.0,0.0,IMELBO1849.csv
2022/12/01,01:39 AM,13.44,10.94,85.0,SW,1.29,1.77,1030.14,0.0,0.0,0.0,0.0,IMELBO1849.csv
2022/12/01,01:44 AM,13.39,10.89,85.0,SW,1.93,2.41,1030.14,0.0,0.0,0.0,0.0,IMELBO1849.csv
2022/12/01,01:49 AM,13.39,10.89,85.0,SW,2.09,2.9,1030.14,0.0,0.0,0.0,0.0,IMELBO1849.csv
2022/12/01,01:54 AM,13.39,11.11,86.0,SW,2.57,3.86,1030.14,0.0,0.0,0.0,0.0,IMELBO1849.csv
2022/12/01,01:59 AM,13.39,11.11,86.0,SW,2.25,3.22,1030.14,0.0,0.0,0.0,0.0,IMELBO1849.csv
2022/12/01,02:04 AM,13.44,11.17,86.0,SSW,3.06,3.86,1030.14,0.0,0.0,0.0,0.0,IMELBO1849.csv
2022/12/01,02:09 AM,13.44,11.22,86.0,SW,1.93,2.9,1030.14,0.0,0.0,0.0,0.0,IMELBO1849.csv
2022/12/01,02:14 AM,13.22,11.17,87.0,SW,1.29,2.09,1029.8,0.0,0.0,0.0,0.0,IMELBO1849.csv
2022/12/01,02:19 AM,13.17,11.06,87.0,SW,2.25,3.06,1029.8,0.0,0.0,0.0,0.0,IMELBO1849.csv
2022/12/01,02:24 AM,13.06,11.0,88.0,SW,1.93,2.74,1029.8,0.0,0.0,0.0,0.0,IMELBO1849.csv
2022/12/01,02:29 AM,13.0,11.0,88.0,SW,2.74,3.86,1029.8,0.0,0.0,0.0,0.0,IMELBO1849.csv
2022/12/01,02:34 AM,13.0,11.0,88.0,SW,3.38,4.83,1029.8,0.0,0.0,0.0,0.0,IMELBO1849.csv
2022/12/01,02:39 AM,13.0,11.0,88.0,SW,3.54,4.67,1029.8,0.0,0.0,0.0,0.0,IMELBO1849.csv
2022/12/01,02:44 AM,13.0,11.0,88.0,SW,4.34,5.63,1029.8,0.0,0.0,0.0,0.0,IMELBO1849.csv
2022/12/01,02:49 AM,13.0,11.0,88.0,WSW,4.51,6.28,1029.8,0.0,0.0,0.0,0.0,IMELBO1849.csv
2022/12/01,02:54 AM,13.0,11.0,88.0,SW,4.83,6.6,1029.8,0.0,0.0,0.0,0.0,IMELBO1849.csv
2022/12/01,02:59 AM,12.89,10.89,88.0,SW,3.7,4.67,1029.8,0.0,0.0,0.0,0.0,IMELBO1849.csv
2022/12/01,03:04 AM,12.83,10.94,88.0,WSW,3.54,4.67,1029.8,0.0,0.0,0.0,0.0,IMELBO1849.csv
2022/12/01,03:09 AM,12.78,11.0,89.0,WSW,3.54,4.67,1029.8,0.0,0.0,0.0,0.0,IMELBO1849.csv
2022/12/01,03:14 AM,12.78,11.0,89.0,SW,3.06,4.02,1029.8,0.0,0.0,0.0,0.0,IMELBO1849.csv
2022/12/01,03:19 AM,12.78,10.94,89.0,SW,3.38,4.51,1029.8,0.0,0.0,0.0,0.0,IMELBO1849.csv
2022/12/01,03:24 AM,12.78,10.94,89.0,WSW,3.38,4.34,1029.8,0.0,0.0,0.0,0.0,IMELBO1849.csv
2022/12/01,03:29 AM,12.78,11.0,89.0,SW,3.7,4.51,1029.8,0.0,0.0,0.0,0.0,IMELBO1849.csv
2022/12/01,03:34 AM,12.78,11.0,89.0,WSW,4.18,5.31,1029.8,0.0,0.0,0.0,0.0,IMELBO1849.csv
2022/12/01,03:39 AM,12.78,11.0,89.0,WSW,4.02,5.15,1029.8,0.0,0.0,0.0,0.0,IMELBO1849.csv
2022/12/01,03:44 AM,12.78,11.0,89.0,SW,4.34,5.95,1029.8,0.0,0.0,0.0,0.0,IMELBO1849.csv
2022/12/01,03:49 AM,12.78,11.0,89.0,SW,2.9,3.86,1029.8,0.0,0.0,0.0,0.0,IMELBO1849.csv
2022/12/01,03:54 AM,12.78,11.0,89.0,SSW,1.77,2.57,1029.8,0.0,0.0,0.0,0.0,IMELBO1849.csv
2022/12/01,03:59 AM,12.78,11.0,89.0,ESE,1.45,2.09,1029.8,0.0,0.0,0.0,0.0,IMELBO1849.csv
2022/12/01,04:04 AM,12.78,11.0,89.0,ESE,2.09,2.74,1029.8,0.0,0.0,0.0,0.0,IMELBO1849.csv
2022/12/01,04:09 AM,12.78,11.0,89.0,South,1.93,2.9,1029.8,0.0,0.0,0.0,0.0,IMELBO1849.csv
2022/12/01,04:14 AM,12.72,10.94,89.0,South,0.64,1.13,1029.8,0.0,0.0,0.0,0.0,IMELBO1849.csv
2022/12/01,04:19 AM,12.78,11.17,90.0,South,1.61,2.74,1029.8,0.0,0.0,0.0,0.0,IMELBO1849.csv
2022/12/01,04:24 AM,12.78,11.11,90.0,SSW,2.74,3.86,1029.8,0.0,0.0,0.0,0.0,IMELBO1849.csv
2022/12/01,04:29 AM,12.78,11.22,90.0,SSW,4.18,5.15,1029.8,0.0,0.0,0.0,0.0,IMELBO1849.csv
2022/12/01,04:34 AM,12.72,11.17,90.0,SW,1.77,2.25,1029.8,0.0,0.0,0.0,0.0,IMELBO1849.csv
2022/12/01,04:39 AM,12.72,11.22,90.0,SSW,2.74,3.38,1029.8,0.0,0.0,0.0,0.0,IMELBO1849.csv
2022/12/01,04:44 AM,12.78,11.33,91.0,SSW,1.13,1.61,1029.8,0.0,0.0,0.0,0.0,IMELBO1849.csv
2022/12/01,04:49 AM,12.72,11.28,91.0,SSW,1.13,1.77,1029.8,1.78,0.25,0.0,0.0,IMELBO1849.csv
2022/12/01,04:54 AM,12.72,11.5,92.0,SSW,0.48,0.97,1029.8,1.78,0.25,0.0,0.0,IMELBO1849.csv
2022/12/01,04:59 AM,12.67,11.44,92.0,SSW,0.97,1.61,1029.8,1.78,0.51,0.0,0.0,IMELBO1849.csv
2022/12/01,05:04 AM,12.61,11.39,92.0,South,0.32,0.64,1029.8,1.27,0.51,0.0,0.0,IMELBO1849.csv
2022/12/01,05:09 AM,12.61,11.39,92.0,SE,0.0,0.0,1029.8,1.27,0.51,0.0,0.0,IMELBO1849.csv
2022/12/01,05:14 AM,12.61,11.39,92.0,SE,0.48,0.8,1029.8,0.0,0.51,0.0,0.0,IMELBO1849.csv
2022/12/01,05:19 AM,12.67,11.56,93.0,SE,0.64,1.29,1030.14,0.0,0.51,0.0,0.0,IMELBO1849.csv
2022/12/01,05:24 AM,12.61,11.5,93.0,SE,0.16,0.32,1029.8,0.0,0.51,0.0,0.0,IMELBO1849.csv
2022/12/01,05:29 AM,12.67,11.56,93.0,SE,0.48,0.8,1029.8,0.0,0.51,0.0,0.0,IMELBO1849.csv
2022/12/01,05:34 AM,12.72,11.61,93.0,SE,0.48,1.29,1029.8,0.0,0.51,0.0,0.0,IMELBO1849.csv
2022/12/01,05:39 AM,12.72,11.61,93.0,SE,0.32,0.32,1030.14,0.0,0.51,0.0,0.0,IMELBO1849.csv
2022/12/01,05:44 AM,12.72,11.61,93.0,SE,0.16,0.64,1030.14,0.0,0.51,0.0,0.0,IMELBO1849.csv
2022/12/01,05:49 AM,12.78,11.67,93.0,SE,0.48,1.13,1030.14,0.0,0.51,0.0,0.0,IMELBO1849.csv
2022/12/01,05:54 AM,12.78,11.72,93.0,ESE,0.97,1.29,1030.14,0.0,0.51,0.0,0.0,IMELBO1849.csv
2022/12/01,05:59 AM,12.83,11.78,93.0,South,2.09,3.22,1030.14,0.0,0.51,0.0,0.9,IMELBO1849.csv
2022/12/01,06:04 AM,12.78,11.72,93.0,SSE,1.13,1.77,1030.14,0.0,0.51,0.0,1.2,IMELBO1849.csv
2022/12/01,06:09 AM,12.83,11.72,93.0,SSE,0.8,1.45,1030.14,0.0,0.51,0.0,2.1,IMELBO1849.csv
2022/12/01,06:14 AM,12.78,11.72,93.0,ESE,1.93,2.74,1030.14,0.0,0.51,0.0,2.6,IMELBO1849.csv
2022/12/01,06:19 AM,12.78,11.72,93.0,SE,2.41,3.54,1030.14,0.0,0.51,0.0,2.9,IMELBO1849.csv
2022/12/01,06:24 AM,12.72,11.67,93.0,SE,1.13,1.77,1030.14,0.0,0.51,0.0,4.3,IMELBO1849.csv
2022/12/01,06:29 AM,12.72,11.67,93.0,SE,2.74,3.7,1030.14,0.0,0.51,0.0,7.3,IMELBO1849.csv
2022/12/01,06:34 AM,12.72,11.56,93.0,SE,2.74,4.02,1030.14,0.0,0.51,0.0,11.3,IMELBO1849.csv
2022/12/01,06:39 AM,12.67,11.44,92.0,ESE,3.06,4.02,1030.14,0.0,0.51,0.0,14.7,IMELBO1849.csv
2022/12/01,06:44 AM,12.72,11.5,92.0,SE,1.77,2.57,1030.14,0.0,0.51,0.0,22.9,IMELBO1849.csv
2022/12/01,06:49 AM,12.83,11.5,91.0,SSE,1.77,2.9,1030.48,0.0,0.51,0.0,32.1,IMELBO1849.csv
2022/12/01,06:54 AM,13.0,11.61,91.0,SE,0.97,1.77,1030.48,0.0,0.51,0.0,31.6,IMELBO1849.csv
2022/12/01,06:59 AM,13.17,11.78,91.0,South,0.97,1.61,1030.14,0.0,0.51,0.0,50.7,IMELBO1849.csv
2022/12/01,07:04 AM,13.33,11.94,91.0,SSW,1.93,2.74,1030.14,0.0,0.51,0.0,76.3,IMELBO1849.csv
2022/12/01,07:09 AM,13.44,12.06,91.0,South,1.29,2.09,1030.14,0.0,0.51,0.0,75.8,IMELBO1849.csv
2022/12/01,07:14 AM,13.61,12.22,91.0,South,2.41,3.54,1030.48,0.0,0.51,0.0,77.6,IMELBO1849.csv
2022/12/01,07:19 AM,13.72,12.33,91.0,SE,2.57,3.54,1030.48,0.0,0.51,0.0,77.2,IMELBO1849.csv
2022/12/01,07:24 AM,13.72,12.22,91.0,South,3.22,4.67,1030.48,0.0,0.51,0.0,72.4,IMELBO1849.csv
2022/12/01,07:29 AM,13.83,12.22,90.0,South,2.41,3.7,1030.48,0.0,0.51,0.0,51.5,IMELBO1849.csv
2022/12/01,07:34 AM,13.78,12.22,90.0,SSE,2.74,4.02,1030.48,0.0,0.51,0.0,42.5,IMELBO1849.csv
2022/12/01,07:39 AM,13.78,12.22,90.0,SSW,3.06,4.18,1030.48,0.0,0.51,0.0,38.2,IMELBO1849.csv
2022/12/01,07:44 AM,13.72,12.11,90.0,SSE,2.74,4.18,1030.48,0.0,0.51,0.0,36.0,IMELBO1849.csv
2022/12/01,07:49 AM,13.72,12.11,90.0,SSE,1.61,2.25,1030.48,0.0,0.51,0.0,87.1,IMELBO1849.csv
2022/12/01,07:54 AM,13.78,12.17,90.0,SE,1.77,2.9,1030.48,0.0,0.51,1.0,126.6,IMELBO1849.csv
2022/12/01,07:59 AM,13.94,12.22,89.0,SSE,3.22,4.83,1030.48,0.0,0.51,1.0,166.5,IMELBO1849.csv
2022/12/01,08:04 AM,14.06,12.11,88.0,SE,2.9,4.34,1030.82,0.0,0.51,1.0,161.4,IMELBO1849.csv
2022/12/01,08:09 AM,14.11,12.06,87.0,ESE,4.51,7.08,1030.82,0.0,0.51,1.0,114.9,IMELBO1849.csv
2022/12/01,08:14 AM,13.78,10.89,83.0,SE,3.86,6.11,1031.16,0.0,0.51,1.0,121.4,IMELBO1849.csv
2022/12/01,08:19 AM,14.11,10.94,81.0,SE,3.38,4.67,1031.16,0.0,0.51,1.0,138.7,IMELBO1849.csv
2022/12/01,08:24 AM,14.44,11.22,81.0,SSE,4.34,6.28,1030.82,0.0,0.51,2.0,225.1,IMELBO1849.csv
2022/12/01,08:29 AM,14.67,11.44,81.0,SSE,3.7,5.31,1030.82,0.0,0.51,2.0,233.8,IMELBO1849.csv
2022/12/01,08:34 AM,14.67,11.44,81.0,SSE,4.18,5.63,1031.16,0.0,0.51,1.0,190.4,IMELBO1849.csv
2022/12/01,08:39 AM,15.17,11.67,79.0,South,4.34,5.63,1030.82,0.0,0.51,1.0,183.5,IMELBO1849.csv
2022/12/01,08:44 AM,15.39,11.39,77.0,South,5.47,7.88,1030.82,0.0,0.51,2.0,236.4,IMELBO1849.csv
2022/12/01,08:49 AM,15.5,11.5,77.0,South,4.67,6.92,1030.82,0.0,0.51,2.0,223.8,IMELBO1849.csv
2022/12/01,08:54 AM,15.28,11.44,78.0,SSW,6.76,9.33,1030.82,0.0,0.51,1.0,185.6,IMELBO1849.csv
2022/12/01,08:59 AM,15.06,11.17,78.0,South,4.34,5.95,1030.82,0.0,0.51,1.0,133.9,IMELBO1849.csv
2022/12/01,09:04 AM,15.17,11.11,77.0,South,5.79,7.56,1030.82,0.0,0.51,2.0,203.8,IMELBO1849.csv
2022/12/01,09:09 AM,15.56,11.11,75.0,SE,4.51,6.6,1031.16,0.0,0.51,1.0,201.2,IMELBO1849.csv
2022/12/01,09:14 AM,15.61,11.11,74.0,SSE,4.02,5.63,1030.82,0.0,0.51,2.0,243.3,IMELBO1849.csv
2022/12/01,09:19 AM,15.78,11.44,75.0,SE,3.38,4.83,1031.16,0.0,0.51,2.0,234.1,IMELBO1849.csv
2022/12/01,09:24 AM,15.83,11.67,76.0,SSE,3.22,4.99,1031.16,0.0,0.51,1.0,173.5,IMELBO1849.csv
2022/12/01,09:29 AM,15.33,11.44,78.0,South,4.18,6.28,1031.16,0.0,0.51,0.0,96.3,IMELBO1849.csv
2022/12/01,09:34 AM,14.89,11.39,79.0,SSE,4.67,6.11,1031.49,0.0,0.51,1.0,125.3,IMELBO1849.csv
2022/12/01,09:39 AM,14.78,11.83,83.0,SSE,4.83,7.08,1031.49,0.0,0.51,1.0,130.9,IMELBO1849.csv
2022/12/01,09:44 AM,14.39,11.89,85.0,South,6.44,8.53,1031.49,0.0,0.51,1.0,127.5,IMELBO1849.csv
2022/12/01,09:49 AM,14.06,11.72,86.0,South,4.34,6.6,1031.16,0.0,0.51,1.0,130.9,IMELBO1849.csv
2022/12/01,09:54 AM,14.11,11.72,86.0,South,4.83,6.44,1031.16,0.0,0.51,2.0,240.3,IMELBO1849.csv
2022/12/01,09:59 AM,14.33,11.72,84.0,SSW,4.34,6.6,1031.16,0.0,0.51,2.0,273.3,IMELBO1849.csv
2022/12/01,10:04 AM,14.67,11.67,82.0,SSW,2.74,4.18,1031.16,0.0,0.51,3.0,339.2,IMELBO1849.csv
2022/12/01,10:09 AM,15.44,11.72,79.0,ESE,2.9,4.18,1030.82,0.0,0.51,4.0,414.2,IMELBO1849.csv
2022/12/01,10:14 AM,15.94,11.28,74.0,SSE,5.15,7.72,1030.82,0.0,0.51,3.0,374.4,IMELBO1849.csv
2022/12/01,10:19 AM,16.17,10.89,71.0,SSE,4.02,6.28,1030.82,0.0,0.51,5.0,616.5,IMELBO1849.csv
2022/12/01,10:24 AM,16.78,11.22,70.0,South,5.15,8.04,1030.82,0.0,0.51,4.0,507.5,IMELBO1849.csv
2022/12/01,10:29 AM,17.0,11.11,68.0,South,6.6,9.17,1030.82,0.0,0.51,8.0,887.9,IMELBO1849.csv
2022/12/01,10:34 AM,17.61,11.17,66.0,South,5.63,8.69,1030.48,0.0,0.51,8.0,895.8,IMELBO1849.csv
2022/12/01,10:39 AM,17.39,11.06,66.0,SSW,7.72,10.78,1030.48,0.0,0.51,7.0,763.0,IMELBO1849.csv
2022/12/01,10:44 AM,16.78,10.67,67.0,NNE,7.08,10.46,1030.82,0.0,0.51,9.0,951.3,IMELBO1849.csv
2022/12/01,10:49 AM,17.28,10.94,67.0,South,5.95,9.17,1030.82,0.0,0.51,7.0,780.8,IMELBO1849.csv
2022/12/01,10:54 AM,17.06,10.78,67.0,SSW,7.24,10.3,1030.82,0.0,0.51,3.0,388.7,IMELBO1849.csv
2022/12/01,10:59 AM,16.83,10.72,67.0,SSW,7.4,10.46,1031.16,0.0,0.51,3.0,405.5,IMELBO1849.csv
2022/12/01,11:04 AM,17.17,10.78,66.0,SSW,6.28,9.01,1031.16,0.0,0.51,4.0,480.7,IMELBO1849.csv
2022/12/01,11:09 AM,17.67,10.89,64.0,NE,4.51,6.44,1030.82,0.0,0.51,5.0,524.8,IMELBO1849.csv
2022/12/01,11:14 AM,17.89,11.22,65.0,SE,4.67,7.08,1031.16,0.0,0.51,4.0,489.7,IMELBO1849.csv
2022/12/01,11:19 AM,17.94,11.28,65.0,South,6.11,9.33,1031.16,0.0,0.51,5.0,527.5,IMELBO1849.csv
2022/12/01,11:24 AM,17.94,11.39,66.0,SE,5.31,7.24,1030.82,0.0,0.51,6.0,681.9,IMELBO1849.csv
2022/12/01,11:29 AM,17.78,11.28,66.0,South,6.11,8.53,1030.82,0.0,0.51,8.0,852.0,IMELBO1849.csv
2022/12/01,11:34 AM,17.72,11.44,67.0,SSW,5.95,8.37,1030.82,0.0,0.51,3.0,404.2,IMELBO1849.csv
2022/12/01,11:39 AM,17.44,11.72,69.0,SSW,11.58,15.45,1030.82,0.0,0.51,6.0,644.1,IMELBO1849.csv
2022/12/01,11:44 AM,17.06,11.67,71.0,SSW,8.69,11.91,1030.48,0.0,0.51,3.0,363.5,IMELBO1849.csv
2022/12/01,11:49 AM,17.11,11.56,70.0,South,5.95,8.85,1030.48,0.0,0.51,4.0,500.6,IMELBO1849.csv
2022/12/01,11:54 AM,17.72,11.72,68.0,SSE,5.31,7.72,1030.48,0.0,0.51,9.0,1015.5,IMELBO1849.csv
2022/12/01,11:59 AM,18.0,11.94,68.0,SSW,7.08,10.14,1030.48,0.0,0.51,7.0,787.4,IMELBO1849.csv
2022/12/01,12:04 PM,18.11,12.11,68.0,SSE,7.4,11.1,1030.82,0.0,0.51,6.0,673.2,IMELBO1849.csv
2022/12/01,12:09 PM,17.72,12.0,69.0,SSE,6.92,9.33,1030.82,0.0,0.51,4.0,510.5,IMELBO1849.csv
2022/12/01,12:14 PM,17.67,12.17,70.0,South,6.28,9.33,1030.82,0.0,0.51,4.0,430.7,IMELBO1849.csv
2022/12/01,12:19 PM,17.28,12.0,71.0,SSE,6.44,9.49,1030.82,0.0,0.51,4.0,431.6,IMELBO1849.csv
2022/12/01,12:24 PM,17.28,12.0,71.0,South,6.92,9.98,1030.48,0.0,0.51,4.0,437.2,IMELBO1849.csv
2022/12/01,12:29 PM,17.28,12.0,71.0,SSE,5.15,8.04,1030.48,0.0,0.51,4.0,435.0,IMELBO1849.csv
2022/12/01,12:34 PM,17.5,11.94,70.0,South,5.63,7.88,1030.48,0.0,0.51,5.0,532.3,IMELBO1849.csv
2022/12/01,12:39 PM,17.67,11.94,69.0,South,4.83,7.4,1030.48,0.0,0.51,4.0,449.3,IMELBO1849.csv
2022/12/01,12:44 PM,17.78,12.0,69.0,SE,4.51,6.76,1030.48,0.0,0.51,5.0,515.3,IMELBO1849.csv
2022/12/01,12:49 PM,18.06,12.28,69.0,South,7.24,9.33,1030.48,0.0,0.51,4.0,497.5,IMELBO1849.csv
2022/12/01,12:54 PM,17.61,11.89,69.0,SW,7.72,10.14,1030.48,0.0,0.51,5.0,555.3,IMELBO1849.csv
2022/12/01,12:59 PM,17.61,11.61,68.0,SSW,7.72,10.14,1030.14,0.0,0.51,5.0,565.7,IMELBO1849.csv
2022/12/01,01:04 PM,18.28,11.72,65.0,SSE,6.6,9.49,1030.48,0.0,0.51,6.0,633.7,IMELBO1849.csv
2022/12/01,01:09 PM,18.17,11.67,66.0,SSW,6.92,9.49,1030.48,0.0,0.51,6.0,621.6,IMELBO1849.csv
2022/12/01,01:14 PM,18.5,12.06,66.0,South,6.76,9.98,1030.48,0.0,0.51,4.0,468.9,IMELBO1849.csv
2022/12/01,01:19 PM,18.06,11.94,68.0,South,5.95,8.21,1030.14,0.0,0.51,4.0,434.7,IMELBO1849.csv
2022/12/01,01:24 PM,17.78,11.94,69.0,SSW,9.65,13.19,1030.14,0.0,0.51,5.0,601.2,IMELBO1849.csv
2022/12/01,01:29 PM,18.0,11.72,67.0,SSW,6.6,9.98,1030.14,0.0,0.51,6.0,674.6,IMELBO1849.csv
2022/12/01,01:34 PM,18.33,11.83,66.0,South,6.28,9.33,1030.14,0.0,0.51,7.0,787.4,IMELBO1849.csv
2022/12/01,01:39 PM,18.72,12.0,65.0,SSE,6.92,10.3,1030.14,0.0,0.51,7.0,783.4,IMELBO1849.csv
2022/12/01,01:44 PM,18.78,11.89,64.0,SSE,6.11,8.21,1030.14,0.0,0.51,5.0,613.4,IMELBO1849.csv
2022/12/01,01:49 PM,18.33,11.61,65.0,SSW,7.4,10.78,1030.14,0.0,0.51,6.0,617.3,IMELBO1849.csv
2022/12/01,01:54 PM,18.78,11.89,64.0,ESE,5.79,7.88,1030.14,0.0,0.51,11.0,1134.4,IMELBO1849.csv
2022/12/01,01:59 PM,19.11,11.94,63.0,SSE,6.11,8.85,1029.8,0.0,0.51,4.0,508.4,IMELBO1849.csv
2022/12/01,02:04 PM,18.94,11.67,63.0,SSE,5.79,9.01,1029.8,0.0,0.51,8.0,857.2,IMELBO1849.csv
2022/12/01,02:09 PM,18.89,11.61,62.0,South,4.99,7.72,1029.8,0.0,0.51,4.0,492.8,IMELBO1849.csv
2022/12/01,02:14 PM,18.72,11.89,64.0,SSE,5.79,8.69,1029.8,0.0,0.51,4.0,444.2,IMELBO1849.csv
2022/12/01,02:19 PM,18.39,11.56,64.0,SW,11.42,14.64,1029.8,0.0,0.51,7.0,778.2,IMELBO1849.csv
2022/12/01,02:24 PM,18.44,11.39,64.0,South,6.44,9.81,1029.8,0.0,0.51,5.0,576.9,IMELBO1849.csv
2022/12/01,02:29 PM,18.78,11.39,62.0,South,7.08,10.46,1029.8,0.0,0.51,6.0,616.8,IMELBO1849.csv
2022/12/01,02:34 PM,18.78,11.33,62.0,SSE,5.47,8.53,1029.8,0.0,0.51,7.0,777.0,IMELBO1849.csv
2022/12/01,02:39 PM,18.83,11.11,61.0,South,7.24,10.14,1030.14,0.0,0.51,8.0,842.9,IMELBO1849.csv
2022/12/01,02:44 PM,18.39,11.06,62.0,South,7.08,10.14,1029.8,0.0,0.51,4.0,480.2,IMELBO1849.csv
2022/12/01,02:49 PM,18.61,11.22,62.0,South,8.21,12.23,1029.8,0.0,0.51,3.0,389.0,IMELBO1849.csv
2022/12/01,02:54 PM,18.11,11.0,63.0,South,9.81,13.35,1029.8,0.0,0.51,3.0,359.5,IMELBO1849.csv
2022/12/01,02:59 PM,17.94,11.0,64.0,SSW,8.69,11.91,1029.8,0.0,0.51,4.0,433.8,IMELBO1849.csv
2022/12/01,03:04 PM,18.39,11.06,62.0,SSW,8.37,11.75,1029.8,0.0,0.51,6.0,704.0,IMELBO1849.csv
2022/12/01,03:09 PM,18.67,10.94,61.0,SSW,6.11,9.17,1029.8,0.0,0.51,6.0,644.1,IMELBO1849.csv
2022/12/01,03:14 PM,18.72,11.17,62.0,SSE,6.6,9.01,1029.8,0.0,0.51,8.0,910.5,IMELBO1849.csv
2022/12/01,03:19 PM,18.83,11.06,61.0,SSW,7.72,10.3,1029.8,0.0,0.51,9.0,983.0,IMELBO1849.csv
2022/12/01,03:24 PM,19.11,11.28,60.0,SSW,7.24,10.3,1029.46,0.0,0.51,9.0,995.9,IMELBO1849.csv
2022/12/01,03:29 PM,19.0,11.06,60.0,South,8.04,11.75,1029.46,0.0,0.51,9.0,1007.7,IMELBO1849.csv
2022/12/01,03:34 PM,18.89,11.11,61.0,SSW,6.76,9.33,1029.8,0.0,0.51,8.0,824.2,IMELBO1849.csv
2022/12/01,03:39 PM,18.67,11.06,61.0,South,7.08,10.14,1029.8,0.0,0.51,9.0,997.3,IMELBO1849.csv
2022/12/01,03:44 PM,18.44,11.39,64.0,SSE,7.4,10.78,1029.8,0.0,0.51,3.0,372.1,IMELBO1849.csv
2022/12/01,03:49 PM,18.0,11.28,65.0,SSW,8.37,11.42,1029.8,0.0,0.51,9.0,979.9,IMELBO1849.csv
2022/12/01,03:54 PM,18.5,11.61,64.0,South,7.08,10.46,1029.8,0.0,0.51,9.0,968.7,IMELBO1849.csv
2022/12/01,03:59 PM,18.61,11.67,64.0,SSW,6.92,10.62,1029.8,0.0,0.51,8.0,896.2,IMELBO1849.csv
2022/12/01,04:04 PM,18.61,11.67,64.0,SSW,10.78,14.96,1029.8,0.0,0.51,8.0,862.8,IMELBO1849.csv
2022/12/01,04:09 PM,18.22,11.22,64.0,SSW,9.98,13.35,1029.46,0.0,0.51,8.0,835.9,IMELBO1849.csv
2022/12/01,04:14 PM,18.56,11.22,62.0,SW,10.78,14.64,1029.46,0.0,0.51,8.0,874.5,IMELBO1849.csv
2022/12/01,04:19 PM,18.72,11.28,62.0,SW,9.49,14.32,1029.46,0.0,0.51,8.0,881.4,IMELBO1849.csv
2022/12/01,04:24 PM,18.33,11.22,63.0,SSW,12.07,16.41,1029.46,0.0,0.51,8.0,877.2,IMELBO1849.csv
2022/12/01,04:29 PM,18.17,10.89,62.0,SSW,6.92,9.98,1029.46,0.0,0.51,8.0,878.4,IMELBO1849.csv
2022/12/01,04:34 PM,18.33,11.17,63.0,South,7.24,10.46,1029.46,0.0,0.51,8.0,839.8,IMELBO1849.csv
2022/12/01,04:39 PM,18.11,11.0,63.0,South,9.17,13.03,1029.46,0.0,0.51,7.0,790.3,IMELBO1849.csv
2022/12/01,04:44 PM,18.22,11.11,63.0,SSW,10.14,14.0,1029.8,0.0,0.51,7.0,729.6,IMELBO1849.csv
2022/12/01,04:49 PM,18.06,11.06,64.0,SW,9.01,12.39,1029.46,0.0,0.51,7.0,772.5,IMELBO1849.csv
2022/12/01,04:54 PM,18.11,11.22,64.0,SSW,11.58,15.77,1029.8,0.0,0.51,7.0,749.2,IMELBO1849.csv
2022/12/01,04:59 PM,17.22,10.94,67.0,SSW,10.3,13.52,1029.8,0.0,0.51,6.0,707.5,IMELBO1849.csv
2022/12/01,05:04 PM,17.11,10.89,67.0,South,7.88,10.94,1029.8,0.0,0.51,6.0,643.2,IMELBO1849.csv
2022/12/01,05:09 PM,17.61,11.0,65.0,SSW,8.21,12.23,1029.46,0.0,0.51,5.0,604.7,IMELBO1849.csv
2022/12/01,05:14 PM,17.5,10.94,65.0,SSW,11.91,16.73,1029.46,0.0,0.51,5.0,615.1,IMELBO1849.csv
2022/12/01,05:19 PM,17.39,10.67,65.0,South,9.01,13.03,1029.46,0.0,0.51,6.0,652.4,IMELBO1849.csv
2022/12/01,05:24 PM,17.94,11.06,64.0,South,7.4,10.14,1029.8,0.0,0.51,6.0,647.7,IMELBO1849.csv
2022/12/01,05:29 PM,17.33,10.89,66.0,SW,10.78,15.29,1029.8,0.0,0.51,5.0,568.3,IMELBO1849.csv
2022/12/01,05:34 PM,17.28,10.61,65.0,South,6.28,9.01,1029.46,0.0,0.51,5.0,576.1,IMELBO1849.csv
2022/12/01,05:39 PM,17.61,10.56,64.0,SSW,9.17,13.68,1029.8,0.0,0.51,5.0,556.1,IMELBO1849.csv
2022/12/01,05:44 PM,17.44,10.5,64.0,South,6.44,9.65,1029.8,0.0,0.51,5.0,522.3,IMELBO1849.csv
2022/12/01,05:49 PM,17.61,10.72,64.0,South,5.95,8.69,1029.8,0.0,0.51,4.0,425.5,IMELBO1849.csv
2022/12/01,05:54 PM,17.56,10.67,64.0,South,7.08,9.98,1029.8,0.0,0.51,3.0,324.0,IMELBO1849.csv
2022/12/01,05:59 PM,17.67,10.78,64.0,South,6.76,9.81,1029.8,0.0,0.51,3.0,342.7,IMELBO1849.csv
2022/12/01,06:04 PM,17.5,10.72,64.0,SSW,8.04,11.58,1029.46,0.0,0.51,3.0,335.3,IMELBO1849.csv
2022/12/01,06:09 PM,17.0,10.44,65.0,SSW,10.14,14.48,1029.46,0.0,0.51,3.0,340.5,IMELBO1849.csv
2022/12/01,06:14 PM,17.22,10.56,65.0,SSW,7.72,10.62,1029.46,0.0,0.51,2.0,283.7,IMELBO1849.csv
2022/12/01,06:19 PM,17.33,10.44,64.0,South,7.24,10.46,1029.8,0.0,0.51,2.0,289.3,IMELBO1849.csv
2022/12/01,06:24 PM,17.39,10.44,64.0,South,7.24,10.46,1029.8,0.0,0.51,3.0,308.8,IMELBO1849.csv
2022/12/01,06:29 PM,17.33,10.33,63.0,SE,5.63,7.88,1029.8,0.0,0.51,2.0,296.7,IMELBO1849.csv
2022/12/01,06:34 PM,17.44,10.28,63.0,SSW,6.28,9.01,1029.8,0.0,0.51,2.0,252.4,IMELBO1849.csv
2022/12/01,06:39 PM,16.83,10.06,64.0,SW,7.56,10.78,1029.8,0.0,0.51,2.0,220.3,IMELBO1849.csv
2022/12/01,06:44 PM,16.72,9.89,64.0,SSW,7.4,10.14,1029.8,0.0,0.51,2.0,222.5,IMELBO1849.csv
2022/12/01,06:49 PM,16.94,10.17,64.0,South,5.15,7.72,1029.8,0.0,0.51,2.0,208.6,IMELBO1849.csv
2022/12/01,06:54 PM,16.83,10.17,65.0,SSE,6.44,9.49,1029.8,0.0,0.51,1.0,138.7,IMELBO1849.csv
2022/12/01,06:59 PM,16.56,10.0,65.0,SSE,4.83,7.88,1029.8,0.0,0.51,0.0,90.2,IMELBO1849.csv
2022/12/01,07:04 PM,16.33,10.0,66.0,South,4.34,6.6,1029.8,0.0,0.51,0.0,71.9,IMELBO1849.csv
2022/12/01,07:09 PM,16.39,10.11,66.0,SSE,6.44,10.14,1029.8,0.0,0.51,0.0,74.1,IMELBO1849.csv
2022/12/01,07:14 PM,16.22,10.11,67.0,SSE,6.11,8.69,1030.14,0.0,0.51,0.0,68.5,IMELBO1849.csv
2022/12/01,07:19 PM,16.11,10.06,67.0,South,7.88,11.58,1030.14,0.0,0.51,0.0,67.7,IMELBO1849.csv
2022/12/01,07:24 PM,15.83,9.94,68.0,South,6.6,9.65,1030.14,0.0,0.51,0.0,54.6,IMELBO1849.csv
2022/12/01,07:29 PM,15.83,9.94,68.0,SSW,7.24,10.3,1030.14,0.0,0.51,0.0,45.5,IMELBO1849.csv
2022/12/01,07:34 PM,15.72,10.0,69.0,South,7.24,10.3,1030.14,0.0,0.51,0.0,47.2,IMELBO1849.csv
2022/12/01,07:39 PM,15.44,9.83,69.0,SSW,8.37,11.75,1030.14,0.0,0.51,0.0,43.3,IMELBO1849.csv
2022/12/01,07:44 PM,15.28,9.89,70.0,SSE,5.47,8.21,1030.14,0.0,0.51,0.0,31.6,IMELBO1849.csv
2022/12/01,07:49 PM,15.22,9.83,70.0,SSW,8.69,11.1,1030.14,0.0,0.51,0.0,31.6,IMELBO1849.csv
2022/12/01,07:54 PM,15.17,9.78,70.0,SSE,6.11,8.85,1030.14,0.0,0.51,0.0,25.1,IMELBO1849.csv
2022/12/01,07:59 PM,15.06,9.67,70.0,SSW,7.56,10.46,1030.14,0.0,0.51,0.0,22.5,IMELBO1849.csv
2022/12/01,08:04 PM,14.83,9.56,70.0,SW,6.44,9.17,1030.48,0.0,0.51,0.0,19.1,IMELBO1849.csv
2022/12/01,08:09 PM,14.72,9.5,71.0,SSW,7.24,10.78,1030.48,0.0,0.51,0.0,15.2,IMELBO1849.csv
2022/12/01,08:14 PM,14.61,9.39,71.0,SSW,6.11,8.21,1030.48,0.0,0.51,0.0,12.1,IMELBO1849.csv
2022/12/01,08:19 PM,14.56,9.33,71.0,SSW,6.11,8.04,1030.48,0.0,0.51,0.0,8.6,IMELBO1849.csv
2022/12/01,08:24 PM,14.44,9.28,71.0,South,4.99,7.4,1030.48,0.0,0.51,0.0,5.6,IMELBO1849.csv
2022/12/01,08:29 PM,14.39,9.22,71.0,SSW,4.02,6.28,1030.48,0.0,0.51,0.0,2.9,IMELBO1849.csv
2022/12/01,08:34 PM,14.22,9.06,71.0,SW,8.85,12.23,1030.48,0.0,0.51,0.0,1.2,IMELBO1849.csv
2022/12/01,08:39 PM,14.22,9.0,71.0,SSW,6.76,9.81,1030.48,0.0,0.51,0.0,0.4,IMELBO1849.csv
2022/12/01,08:44 PM,14.17,9.06,72.0,South,4.67,6.6,1030.48,0.0,0.51,0.0,0.0,IMELBO1849.csv
2022/12/01,08:49 PM,14.06,9.06,72.0,SSW,5.31,6.76,1030.48,0.0,0.51,0.0,0.0,IMELBO1849.csv
2022/12/01,08:54 PM,13.94,8.94,72.0,SW,6.28,8.37,1030.48,0.0,0.51,0.0,0.0,IMELBO1849.csv
2022/12/01,08:59 PM,13.78,8.83,72.0,SSW,4.67,6.44,1030.48,0.0,0.51,0.0,0.0,IMELBO1849.csv
2022/12/01,09:04 PM,13.78,9.11,73.0,SSW,5.95,8.04,1030.48,0.0,0.51,0.0,0.0,IMELBO1849.csv
2022/12/01,09:09 PM,13.72,9.0,73.0,SSW,5.15,6.76,1030.48,0.0,0.51,0.0,0.0,IMELBO1849.csv
2022/12/01,09:14 PM,13.67,9.06,74.0,SW,4.83,6.76,1030.48,0.0,0.51,0.0,0.0,IMELBO1849.csv
2022/12/01,09:19 PM,13.61,9.11,74.0,SSW,5.63,7.72,1030.48,0.0,0.51,0.0,0.0,IMELBO1849.csv
2022/12/01,09:24 PM,13.56,9.06,74.0,SSW,5.47,7.08,1030.82,0.0,0.51,0.0,0.0,IMELBO1849.csv
2022/12/01,09:29 PM,13.5,9.0,74.0,SSW,4.02,5.47,1030.82,0.0,0.51,0.0,0.0,IMELBO1849.csv
2022/12/01,09:34 PM,13.39,9.11,75.0,SSW,4.99,6.44,1030.82,0.0,0.51,0.0,0.0,IMELBO1849.csv
2022/12/01,09:39 PM,13.39,9.11,75.0,SW,5.15,7.24,1030.82,0.0,0.51,0.0,0.0,IMELBO1849.csv
2022/12/01,09:44 PM,13.39,9.11,75.0,SW,3.86,5.47,1031.16,0.0,0.51,0.0,0.0,IMELBO1849.csv
2022/12/01,09:49 PM,13.5,9.22,75.0,SW,5.15,6.76,1031.16,0.0,0.51,0.0,0.0,IMELBO1849.csv
2022/12/01,09:54 PM,13.5,9.22,75.0,SSW,4.83,5.95,1030.82,0.0,0.51,0.0,0.0,IMELBO1849.csv
2022/12/01,09:59 PM,13.56,9.22,75.0,SW,4.02,5.63,1031.16,0.0,0.51,0.0,0.0,IMELBO1849.csv
2022/12/01,10:04 PM,13.61,9.28,75.0,SW,5.15,6.92,1031.16,0.0,0.51,0.0,0.0,IMELBO1849.csv
2022/12/01,10:09 PM,13.61,9.33,75.0,SSW,4.51,5.95,1031.16,0.0,0.51,0.0,0.0,IMELBO1849.csv
2022/12/01,10:14 PM,13.61,9.33,76.0,South,3.7,5.79,1031.16,0.0,0.51,0.0,0.0,IMELBO1849.csv
2022/12/01,10:19 PM,13.56,9.33,76.0,South,3.38,5.15,1031.16,0.0,0.51,0.0,0.0,IMELBO1849.csv
2022/12/01,10:24 PM,13.44,9.22,76.0,South,3.54,4.83,1031.16,0.0,0.51,0.0,0.0,IMELBO1849.csv
2022/12/01,10:29 PM,13.28,9.11,76.0,South,4.51,6.76,1031.16,0.0,0.51,0.0,0.0,IMELBO1849.csv
2022/12/01,10:34 PM,13.22,9.11,76.0,SSE,2.74,4.02,1031.16,0.0,0.51,0.0,0.0,IMELBO1849.csv
2022/12/01,10:39 PM,13.11,9.0,76.0,South,4.67,6.76,1031.16,0.0,0.51,0.0,0.0,IMELBO1849.csv
2022/12/01,10:44 PM,13.11,9.0,76.0,SSW,5.79,8.04,1031.16,0.0,0.51,0.0,0.0,IMELBO1849.csv
2022/12/01,10:49 PM,13.06,8.94,76.0,South,4.51,6.11,1031.16,0.0,0.51,0.0,0.0,IMELBO1849.csv
2022/12/01,10:54 PM,12.94,8.83,76.0,SSW,3.54,5.31,1031.16,0.0,0.51,0.0,0.0,IMELBO1849.csv
2022/12/01,10:59 PM,12.83,8.78,76.0,South,3.22,4.67,1031.16,0.0,0.51,0.0,0.0,IMELBO1849.csv
2022/12/01,11:04 PM,12.78,8.72,76.0,South,4.51,6.28,1031.16,0.0,0.51,0.0,0.0,IMELBO1849.csv
2022/12/01,11:09 PM,12.78,8.72,76.0,South,5.47,7.72,1031.16,0.0,0.51,0.0,0.0,IMELBO1849.csv
2022/12/01,11:14 PM,12.72,8.67,76.0,South,4.67,6.28,1031.16,0.0,0.51,0.0,0.0,IMELBO1849.csv
2022/12/01,11:19 PM,12.67,8.72,77.0,SSE,3.22,4.67,1031.16,0.0,0.51,0.0,0.0,IMELBO1849.csv
2022/12/01,11:24 PM,12.56,8.67,77.0,SSE,2.74,3.86,1031.16,0.0,0.51,0.0,0.0,IMELBO1849.csv
2022/12/01,11:29 PM,12.5,8.61,77.0,South,4.02,5.63,1031.16,0.0,0.51,0.0,0.0,IMELBO1849.csv
2022/12/01,11:34 PM,12.5,8.61,77.0,South,3.86,5.47,1031.49,0.0,0.51,0.0,0.0,IMELBO1849.csv
2022/12/01,11:39 PM,12.44,8.56,77.0,South,3.38,4.83,1031.16,0.0,0.51,0.0,0.0,IMELBO1849.csv
2022/12/01,11:44 PM,12.33,8.67,78.0,South,1.61,2.57,1031.49,0.0,0.51,0.0,0.0,IMELBO1849.csv
2022/12/01,11:49 PM,12.22,8.5,78.0,South,3.22,4.34,1031.49,0.0,0.51,0.0,0.0,IMELBO1849.csv
2022/12/01,11:54 PM,12.22,8.5,78.0,South,2.74,4.02,1031.49,0.0,0.51,0.0,0.0,IMELBO1849.csv
2022/12/01,11:59 PM,12.11,8.39,78.0,South,2.74,4.18,1031.16,0.0,0.51,0.0,0.0,IMELBO1849.csv
2022/12/02,12:04 AM,12.11,8.39,78.0,SSW,3.38,4.67,1031.16,0.0,0.0,0.0,0.0,IMELBO1849.csv
2022/12/02,12:09 AM,12.06,8.33,78.0,SSW,2.25,3.22,1031.16,0.0,0.0,0.0,0.0,IMELBO1849.csv
2022/12/02,12:14 AM,12.0,8.28,78.0,SSE,2.57,3.86,1031.49,0.0,0.0,0.0,0.0,IMELBO1849.csv
2022/12/02,12:19 AM,12.0,8.28,78.0,South,3.54,4.83,1031.16,0.0,0.0,0.0,0.0,IMELBO1849.csv
2022/12/02,12:24 AM,12.0,8.28,78.0,SSW,1.77,2.74,1031.49,0.0,0.0,0.0,0.0,IMELBO1849.csv
2022/12/02,12:29 AM,12.0,8.44,79.0,South,2.74,3.7,1031.16,0.0,0.0,0.0,0.0,IMELBO1849.csv
2022/12/02,12:34 AM,12.0,8.5,79.0,SSW,1.61,2.25,1031.16,0.0,0.0,0.0,0.0,IMELBO1849.csv
2022/12/02,12:39 AM,11.94,8.44,79.0,SSW,1.77,2.57,1031.16,0.0,0.0,0.0,0.0,IMELBO1849.csv
2022/12/02,12:44 AM,11.89,8.39,79.0,SSW,1.61,2.09,1031.16,0.0,0.0,0.0,0.0,IMELBO1849.csv
2022/12/02,12:49 AM,11.89,8.56,80.0,SSW,1.61,2.41,1031.16,0.0,0.0,0.0,0.0,IMELBO1849.csv
2022/12/02,12:54 AM,11.94,8.44,79.0,SSW,1.93,2.74,1031.16,0.0,0.0,0.0,0.0,IMELBO1849.csv
2022/12/02,12:59 AM,11.94,8.44,79.0,South,2.74,3.7,1030.82,0.0,0.0,0.0,0.0,IMELBO1849.csv
2022/12/02,01:04 AM,12.0,8.5,79.0,SSW,3.54,4.51,1031.16,0.0,0.0,0.0,0.0,IMELBO1849.csv
2022/12/02,01:09 AM,12.0,8.5,79.0,SSW,3.22,4.67,1031.16,0.0,0.0,0.0,0.0,IMELBO1849.csv
2022/12/02,01:14 AM,11.89,8.44,79.0,SSW,2.09,2.9,1030.82,0.0,0.0,0.0,0.0,IMELBO1849.csv
2022/12/02,01:19 AM,11.89,8.5,80.0,South,1.93,2.74,1030.82,0.0,0.0,0.0,0.0,IMELBO1849.csv
2022/12/02,01:24 AM,11.89,8.44,79.0,South,2.09,2.41,1030.82,0.0,0.0,0.0,0.0,IMELBO1849.csv
2022/12/02,01:29 AM,11.89,8.39,79.0,SSW,2.57,3.54,1030.82,0.0,0.0,0.0,0.0,IMELBO1849.csv
2022/12/02,01:34 AM,12.0,8.5,79.0,SSW,1.29,1.77,1030.48,0.0,0.0,0.0,0.0,IMELBO1849.csv
2022/12/02,01:39 AM,11.89,8.39,79.0,South,2.09,2.74,1030.48,0.0,0.0,0.0,0.0,IMELBO1849.csv
2022/12/02,01:44 AM,11.94,8.44,79.0,South,2.25,2.9,1030.48,0.0,0.0,0.0,0.0,IMELBO1849.csv
2022/12/02,01:49 AM,12.0,8.5,79.0,South,2.25,2.9,1030.48,0.0,0.0,0.0,0.0,IMELBO1849.csv
2022/12/02,01:54 AM,12.0,8.56,79.0,South,1.77,3.06,1030.48,0.0,0.0,0.0,0.0,IMELBO1849.csv
2022/12/02,01:59 AM,12.0,8.72,80.0,South,2.09,3.22,1030.48,0.0,0.0,0.0,0.0,IMELBO1849.csv
2022/12/02,02:04 AM,12.11,8.72,80.0,SSW,2.74,3.7,1030.48,0.0,0.0,0.0,0.0,IMELBO1849.csv
2022/12/02,02:09 AM,12.17,8.67,79.0,SSW,1.45,1.93,1030.48,0.0,0.0,0.0,0.0,IMELBO1849.csv
2022/12/02,02:14 AM,12.22,8.72,79.0,SSW,2.57,3.7,1030.48,0.0,0.0,0.0,0.0,IMELBO1849.csv
2022/12/02,02:19 AM,12.22,8.72,79.0,South,3.06,4.02,1030.48,0.0,0.0,0.0,0.0,IMELBO1849.csv
2022/12/02,02:24 AM,12.28,8.78,79.0,South,2.25,3.38,1030.14,0.0,0.0,0.0,0.0,IMELBO1849.csv
2022/12/02,02:29 AM,12.28,8.78,79.0,SSE,3.38,4.67,1030.14,0.0,0.0,0.0,0.0,IMELBO1849.csv
2022/12/02,02:34 AM,12.22,8.72,79.0,South,2.9,4.34,1030.14,0.0,0.0,0.0,0.0,IMELBO1849.csv
2022/12/02,02:39 AM,12.11,8.61,79.0,South,2.74,4.02,1030.14,0.0,0.0,0.0,0.0,IMELBO1849.csv
2022/12/02,02:44 AM,11.94,8.44,79.0,SSW,2.74,3.54,1030.14,0.0,0.0,0.0,0.0,IMELBO1849.csv
2022/12/02,02:49 AM,11.78,8.44,80.0,SSW,1.93,2.41,1030.14,0.0,0.0,0.0,0.0,IMELBO1849.csv
2022/12/02,02:54 AM,11.67,8.33,80.0,SSW,2.09,2.74,1029.8,0.0,0.0,0.0,0.0,IMELBO1849.csv
2022/12/02,02:59 AM,11.5,8.28,81.0,SSW,1.61,2.09,1029.8,0.0,0.0,0.0,0.0,IMELBO1849.csv
2022/12/02,03:04 AM,11.39,8.22,81.0,SSW,1.29,2.09,1029.8,0.0,0.0,0.0,0.0,IMELBO1849.csv
2022/12/02,03:09 AM,11.28,8.11,81.0,SSW,0.64,1.13,1029.8,0.0,0.0,0.0,0.0,IMELBO1849.csv
2022/12/02,03:14 AM,11.22,8.11,81.0,SSW,0.48,0.8,1029.8,0.0,0.0,0.0,0.0,IMELBO1849.csv
2022/12/02,03:19 AM,11.17,8.17,82.0,SSW,0.32,0.97,1029.8,0.0,0.0,0.0,0.0,IMELBO1849.csv
2022/12/02,03:24 AM,11.0,8.06,82.0,SSW,0.0,0.0,1029.8,0.0,0.0,0.0,0.0,IMELBO1849.csv
2022/12/02,03:29 AM,10.89,8.0,82.0,SSW,0.48,0.97,1029.46,0.0,0.0,0.0,0.0,IMELBO1849.csv
2022/12/02,03:34 AM,10.94,8.11,83.0,SSW,0.16,0.32,1029.8,0.0,0.0,0.0,0.0,IMELBO1849.csv
2022/12/02,03:39 AM,11.0,8.17,83.0,SSW,0.16,0.48,1029.46,0.0,0.0,0.0,0.0,IMELBO1849.csv
2022/12/02,03:44 AM,11.0,8.17,82.0,SSW,0.0,0.0,1029.46,0.0,0.0,0.0,0.0,IMELBO1849.csv
2022/12/02,03:49 AM,11.0,8.22,83.0,SSW,0.0,0.0,1029.46,0.0,0.0,0.0,0.0,IMELBO1849.csv
2022/12/02,03:54 AM,11.0,8.22,83.0,SSW,0.0,0.0,1029.12,0.0,0.0,0.0,0.0,IMELBO1849.csv
2022/12/02,03:59 AM,11.0,8.22,83.0,SSW,0.32,0.64,1029.12,0.0,0.0,0.0,0.0,IMELBO1849.csv
2022/12/02,04:04 AM,11.0,8.28,84.0,SSW,0.0,0.0,1029.46,0.0,0.0,0.0,0.0,IMELBO1849.csv
2022/12/02,04:09 AM,10.83,8.28,84.0,SSW,0.0,0.0,1029.12,0.0,0.0,0.0,0.0,IMELBO1849.csv
2022/12/02,04:14 AM,10.78,8.22,84.0,SSW,0.0,0.0,1029.46,0.0,0.0,0.0,0.0,IMELBO1849.csv
2022/12/02,04:19 AM,10.78,8.33,85.0,SSW,0.0,0.0,1029.46,0.0,0.0,0.0,0.0,IMELBO1849.csv
2022/12/02,04:24 AM,10.83,8.44,85.0,SSW,0.0,0.0,1029.12,0.0,0.0,0.0,0.0,IMELBO1849.csv
2022/12/02,04:29 AM,10.78,8.39,85.0,SSW,0.0,0.16,1029.12,0.0,0.0,0.0,0.0,IMELBO1849.csv
2022/12/02,04:34 AM,10.83,8.33,85.0,SSW,0.16,0.48,1029.12,0.0,0.0,0.0,0.0,IMELBO1849.csv
2022/12/02,04:39 AM,11.0,8.39,84.0,SSW,0.0,0.0,1029.46,0.0,0.0,0.0,0.0,IMELBO1849.csv
2022/12/02,04:44 AM,10.94,8.33,84.0,SSW,0.0,0.0,1029.46,0.0,0.0,0.0,0.0,IMELBO1849.csv
2022/12/02,04:49 AM,10.83,8.28,84.0,SSW,0.16,0.32,1029.46,0.0,0.0,0.0,0.0,IMELBO1849.csv
2022/12/02,04:54 AM,10.83,8.28,84.0,SSW,0.0,0.0,1029.46,0.0,0.0,0.0,0.0,IMELBO1849.csv
2022/12/02,04:59 AM,10.67,8.06,84.0,SSW,0.0,0.0,1029.46,0.0,0.0,0.0,0.0,IMELBO1849.csv
2022/12/02,05:04 AM,10.56,8.17,85.0,SSW,0.48,0.97,1029.12,0.0,0.0,0.0,0.0,IMELBO1849.csv
2022/12/02,05:09 AM,10.61,8.22,85.0,SSW,0.0,0.0,1029.12,0.0,0.0,0.0,0.0,IMELBO1849.csv
2022/12/02,05:14 AM,10.5,8.11,85.0,SSW,0.0,0.16,1029.46,0.0,0.0,0.0,0.0,IMELBO1849.csv
2022/12/02,05:19 AM,10.33,7.94,85.0,SSW,0.0,0.0,1029.46,0.0,0.0,0.0,0.0,IMELBO1849.csv
2022/12/02,05:24 AM,10.06,7.72,85.0,SSW,0.0,0.0,1029.46,0.0,0.0,0.0,0.0,IMELBO1849.csv
2022/12/02,05:29 AM,9.94,7.72,86.0,SSW,0.0,0.0,1029.46,0.0,0.0,0.0,0.0,IMELBO1849.csv
2022/12/02,05:34 AM,9.78,7.67,87.0,SSW,0.0,0.0,1029.46,0.0,0.0,0.0,0.0,IMELBO1849.csv
2022/12/02,05:39 AM,9.89,7.78,87.0,SSW,0.0,0.0,1029.46,0.0,0.0,0.0,0.0,IMELBO1849.csv
2022/12/02,05:44 AM,9.72,7.72,88.0,SSW,0.0,0.0,1029.46,0.0,0.0,0.0,0.0,IMELBO1849.csv
2022/12/02,05:49 AM,9.44,7.56,88.0,SSW,0.0,0.0,1029.46,0.0,0.0,0.0,1.2,IMELBO1849.csv
2022/12/02,05:54 AM,9.28,7.33,88.0,SSW,0.0,0.0,1029.8,0.0,0.0,0.0,2.1,IMELBO1849.csv
2022/12/02,05:59 AM,8.89,7.17,89.0,SSW,0.0,0.0,1029.46,0.0,0.0,0.0,5.1,IMELBO1849.csv
2022/12/02,06:04 AM,8.78,7.11,89.0,SSW,0.0,0.0,1029.46,0.0,0.0,0.0,6.9,IMELBO1849.csv
2022/12/02,06:09 AM,8.89,7.28,90.0,SSW,0.0,0.0,1029.8,0.0,0.0,0.0,9.9,IMELBO1849.csv
2022/12/02,06:14 AM,9.0,7.39,90.0,SSW,0.0,0.0,1029.8,0.0,0.0,0.0,13.0,IMELBO1849.csv
2022/12/02,06:19 AM,9.06,7.44,90.0,SSW,0.0,0.0,1029.8,0.0,0.0,0.0,16.0,IMELBO1849.csv
2022/12/02,06:24 AM,9.33,7.78,90.0,SSW,0.64,1.13,1029.8,0.0,0.0,0.0,20.8,IMELBO1849.csv
2022/12/02,06:29 AM,9.72,8.11,90.0,SSW,0.8,1.61,1029.8,0.0,0.0,0.0,29.5,IMELBO1849.csv
2022/12/02,06:34 AM,9.94,8.33,90.0,SSW,0.16,0.48,1029.8,0.0,0.0,0.0,36.0,IMELBO1849.csv
2022/12/02,06:39 AM,10.28,8.56,89.0,SSW,0.0,0.0,1029.8,0.0,0.0,0.0,44.7,IMELBO1849.csv
2022/12/02,06:44 AM,10.61,8.78,89.0,SSW,0.0,0.0,1029.8,0.0,0.0,0.0,48.1,IMELBO1849.csv
2022/12/02,06:49 AM,10.89,8.89,88.0,SSW,0.0,0.16,1029.8,0.0,0.0,0.0,61.2,IMELBO1849.csv
2022/12/02,06:54 AM,11.22,9.11,87.0,SSW,0.0,0.0,1029.8,0.0,0.0,0.0,70.2,IMELBO1849.csv
2022/12/02,06:59 AM,11.78,9.28,85.0,SSW,0.8,1.29,1029.8,0.0,0.0,0.0,73.3,IMELBO1849.csv
2022/12/02,07:04 AM,12.22,9.28,82.0,SSW,0.64,1.13,1030.14,0.0,0.0,0.0,81.1,IMELBO1849.csv
2022/12/02,07:09 AM,12.44,9.22,81.0,SSW,0.64,1.29,1029.8,0.0,0.0,0.0,97.1,IMELBO1849.csv
2022/12/02,07:14 AM,12.61,9.17,80.0,SSW,1.61,2.25,1030.14,0.0,0.0,0.0,79.3,IMELBO1849.csv
2022/12/02,07:19 AM,12.56,9.06,79.0,SSW,0.64,1.45,1030.14,0.0,0.0,0.0,87.1,IMELBO1849.csv
2022/12/02,07:24 AM,12.61,9.11,79.0,SSW,0.64,1.13,1030.14,0.0,0.0,0.0,94.1,IMELBO1849.csv
2022/12/02,07:29 AM,12.72,9.22,79.0,SSW,0.32,0.8,1030.14,0.0,0.0,1.0,109.2,IMELBO1849.csv
2022/12/02,07:34 AM,12.78,9.11,78.0,SSW,1.93,2.9,1030.14,0.0,0.0,1.0,110.6,IMELBO1849.csv
2022/12/02,07:39 AM,12.89,9.28,78.0,SSW,1.13,1.93,1030.14,0.0,0.0,1.0,111.4,IMELBO1849.csv
2022/12/02,07:44 AM,13.06,9.33,78.0,SSW,1.77,2.57,1030.14,0.0,0.0,1.0,119.6,IMELBO1849.csv
2022/12/02,07:49 AM,13.0,9.28,78.0,SSW,0.97,1.45,1030.14,0.0,0.0,1.0,133.1,IMELBO1849.csv
2022/12/02,07:54 AM,13.22,9.28,77.0,SSW,0.48,0.8,1030.14,0.0,0.0,1.0,133.1,IMELBO1849.csv
2022/12/02,07:59 AM,13.33,9.33,77.0,SSW,1.77,2.09,1030.48,0.0,0.0,1.0,139.6,IMELBO1849.csv
2022/12/02,08:04 AM,13.17,9.17,77.0,South,1.61,2.57,1030.48,0.0,0.0,1.0,152.2,IMELBO1849.csv
2022/12/02,08:09 AM,13.28,9.28,77.0,South,2.57,3.38,1030.48,0.0,0.0,1.0,153.5,IMELBO1849.csv
2022/12/02,08:14 AM,13.28,9.28,77.0,SSE,1.77,2.41,1030.14,0.0,0.0,1.0,141.8,IMELBO1849.csv
2022/12/02,08:19 AM,13.44,9.28,76.0,ESE,0.97,1.29,1030.48,0.0,0.0,1.0,140.4,IMELBO1849.csv
2022/12/02,08:24 AM,13.33,9.17,76.0,SE,0.64,0.8,1030.48,0.0,0.0,1.0,138.4,IMELBO1849.csv
2022/12/02,08:29 AM,13.39,9.33,77.0,South,2.57,3.7,1030.48,0.0,0.0,1.0,137.9,IMELBO1849.csv
2022/12/02,08:34 AM,13.28,9.28,77.0,SSE,2.74,3.86,1030.48,0.0,0.0,1.0,150.0,IMELBO1849.csv
2022/12/02,08:39 AM,13.5,9.33,76.0,East,2.57,3.22,1030.48,0.0,0.0,3.0,400.4,IMELBO1849.csv
2022/12/02,08:44 AM,13.89,9.5,75.0,SSE,3.38,4.51,1030.48,0.0,0.0,3.0,390.9,IMELBO1849.csv
2022/12/02,08:49 AM,13.72,9.44,75.0,South,1.45,2.09,1030.48,0.0,0.0,4.0,471.1,IMELBO1849.csv
2022/12/02,08:54 AM,14.33,9.67,73.0,South,1.29,1.61,1030.48,0.0,0.0,3.0,314.9,IMELBO1849.csv
2022/12/02,08:59 AM,14.44,9.83,74.0,South,0.32,1.13,1030.48,0.0,0.0,2.0,228.5,IMELBO1849.csv
2022/12/02,09:04 AM,14.56,9.78,73.0,South,0.97,1.77,1030.48,0.0,0.0,4.0,456.3,IMELBO1849.csv
2022/12/02,09:09 AM,14.61,9.83,73.0,South,1.45,1.93,1030.48,0.0,0.0,3.0,376.1,IMELBO1849.csv
2022/12/02,09:14 AM,15.0,10.0,72.0,South,1.61,2.57,1030.48,0.0,0.0,4.0,487.5,IMELBO1849.csv
2022/12/02,09:19 AM,15.72,10.28,70.0,ESE,2.41,3.22,1030.48,0.0,0.0,4.0,498.4,IMELBO1849.csv
2022/12/02,09:24 AM,16.0,10.28,69.0,East,1.13,1.77,1030.48,0.0,0.0,4.0,496.2,IMELBO1849.csv
2022/12/02,09:29 AM,15.94,10.22,69.0,SW,2.41,3.22,1030.48,0.0,0.0,4.0,493.6,IMELBO1849.csv
2022/12/02,09:34 AM,16.17,10.22,68.0,ESE,1.93,2.9,1030.48,0.0,0.0,4.0,497.5,IMELBO1849.csv
2022/12/02,09:39 AM,16.56,10.33,67.0,SE,1.45,2.25,1030.48,0.0,0.0,5.0,522.7,IMELBO1849.csv
2022/12/02,09:44 AM,17.0,10.56,66.0,SSW,2.9,4.51,1030.48,0.0,0.0,5.0,537.4,IMELBO1849.csv
2022/12/02,09:49 AM,16.44,10.22,67.0,SSW,2.25,3.22,1030.48,0.0,0.0,5.0,556.1,IMELBO1849.csv
2022/12/02,09:54 AM,16.83,10.39,66.0,SSW,2.9,3.86,1030.48,0.0,0.0,5.0,565.7,IMELBO1849.csv
2022/12/02,09:59 AM,16.78,10.5,67.0,SSW,3.7,4.99,1030.48,0.0,0.0,5.0,566.9,IMELBO1849.csv
2022/12/02,10:04 AM,16.72,10.39,66.0,South,3.06,4.02,1030.48,0.0,0.0,5.0,592.5,IMELBO1849.csv
2022/12/02,10:09 AM,17.11,10.56,65.0,East,2.25,2.9,1030.14,0.0,0.0,5.0,593.0,IMELBO1849.csv
2022/12/02,10:14 AM,17.5,10.78,65.0,ESE,1.61,2.25,1030.14,0.0,0.0,5.0,605.6,IMELBO1849.csv
2022/12/02,10:19 AM,17.89,10.72,63.0,SE,3.22,4.51,1030.14,0.0,0.0,6.0,617.7,IMELBO1849.csv
2022/12/02,10:24 AM,17.78,10.56,63.0,SE,2.9,3.7,1030.14,0.0,0.0,5.0,612.9,IMELBO1849.csv
2022/12/02,10:29 AM,18.06,10.78,62.0,South,2.57,3.38,1030.14,0.0,0.0,6.0,633.7,IMELBO1849.csv
2022/12/02,10:34 AM,18.5,10.94,61.0,ESE,2.9,4.02,1030.14,0.0,0.0,6.0,670.7,IMELBO1849.csv
2022/12/02,10:39 AM,17.94,10.56,62.0,South,3.7,4.99,1030.14,0.0,0.0,6.0,676.3,IMELBO1849.csv
2022/12/02,10:44 AM,18.11,10.61,62.0,SSW,4.18,5.63,1029.8,0.0,0.0,6.0,674.9,IMELBO1849.csv
2022/12/02,10:49 AM,18.0,10.72,62.0,SSW,5.47,6.76,1030.14,0.0,0.0,6.0,680.5,IMELBO1849.csv
2022/12/02,10:54 AM,17.94,10.61,62.0,SW,2.25,3.06,1030.14,0.0,0.0,6.0,702.7,IMELBO1849.csv
2022/12/02,10:59 AM,18.56,10.83,61.0,SSW,1.93,2.57,1029.8,0.0,0.0,6.0,705.3,IMELBO1849.csv
2022/12/02,11:04 AM,19.33,11.17,59.0,SE,2.74,3.86,1029.8,0.0,0.0,6.0,712.7,IMELBO1849.csv
2022/12/02,11:09 AM,19.39,11.06,58.0,SSE,1.61,2.41,1029.8,0.0,0.0,7.0,735.2,IMELBO1849.csv
2022/12/02,11:14 AM,19.39,11.22,59.0,SSE,3.86,5.47,1029.8,0.0,0.0,7.0,741.7,IMELBO1849.csv
2022/12/02,11:19 AM,19.17,10.94,59.0,South,3.54,4.99,1029.8,0.0,0.0,7.0,747.0,IMELBO1849.csv
2022/12/02,11:24 AM,19.28,11.06,59.0,ESE,3.06,4.83,1029.8,0.0,0.0,7.0,750.9,IMELBO1849.csv
2022/12/02,11:29 AM,19.72,11.22,58.0,ENE,2.9,3.86,1029.8,0.0,0.0,7.0,763.9,IMELBO1849.csv
2022/12/02,11:34 AM,19.83,11.22,58.0,East,3.86,5.31,1029.8,0.0,0.0,7.0,766.1,IMELBO1849.csv
2022/12/02,11:39 AM,19.89,11.22,57.0,SW,3.86,5.15,1029.8,0.0,0.0,7.0,768.3,IMELBO1849.csv
2022/12/02,11:44 AM,19.89,11.11,57.0,SSE,3.38,4.18,1029.46,0.0,0.0,7.0,777.3,IMELBO1849.csv
2022/12/02,11:49 AM,20.11,11.33,57.0,ESE,4.02,5.15,1029.46,0.0,0.0,7.0,795.5,IMELBO1849.csv
2022/12/02,11:54 AM,19.72,11.17,58.0,ESE,4.83,6.11,1029.46,0.0,0.0,7.0,795.2,IMELBO1849.csv
2022/12/02,11:59 AM,19.83,11.17,57.0,SSE,3.54,4.67,1029.46,0.0,0.0,7.0,784.7,IMELBO1849.csv
2022/12/02,12:04 PM,20.11,11.28,57.0,SW,4.83,6.76,1029.46,0.0,0.0,7.0,757.4,IMELBO1849.csv
2022/12/02,12:09 PM,20.5,11.33,56.0,South,3.06,4.51,1029.46,0.0,0.0,7.0,793.3,IMELBO1849.csv
2022/12/02,12:14 PM,20.94,11.61,55.0,ESE,2.57,3.86,1029.46,0.0,0.0,7.0,795.5,IMELBO1849.csv
2022/12/02,12:19 PM,20.67,11.44,56.0,SSW,3.54,4.34,1029.46,0.0,0.0,7.0,801.2,IMELBO1849.csv
2022/12/02,12:24 PM,21.06,11.56,55.0,West,2.57,3.38,1029.12,0.0,0.0,7.0,807.7,IMELBO1849.csv
2022/12/02,12:29 PM,21.72,11.83,53.0,West,2.57,3.7,1029.12,0.0,0.0,7.0,807.3,IMELBO1849.csv
2022/12/02,12:34 PM,21.44,11.83,54.0,NW,2.9,3.86,1028.78,0.0,0.0,7.0,803.4,IMELBO1849.csv
2022/12/02,12:39 PM,21.94,12.06,53.0,North,2.57,3.86,1028.78,0.0,0.0,7.0,804.7,IMELBO1849.csv
2022/12/02,12:44 PM,22.22,12.11,53.0,NW,2.74,4.02,1028.78,0.0,0.0,7.0,793.3,IMELBO1849.csv
2022/12/02,12:49 PM,22.33,12.22,53.0,NW,2.74,3.86,1028.78,0.0,0.0,7.0,783.4,IMELBO1849.csv
2022/12/02,12:54 PM,22.33,12.22,53.0,West,3.38,4.83,1028.78,0.0,0.0,7.0,763.0,IMELBO1849.csv
2022/12/02,12:59 PM,22.39,12.17,52.0,West,2.74,4.02,1028.78,0.0,0.0,7.0,763.5,IMELBO1849.csv
2022/12/02,01:04 PM,23.22,12.72,52.0,NW,3.86,4.83,1028.45,0.0,0.0,7.0,786.9,IMELBO1849.csv
2022/12/02,01:09 PM,22.67,12.44,52.0,North,2.25,3.06,1028.78,0.0,0.0,7.0,802.9,IMELBO1849.csv
2022/12/02,01:14 PM,23.11,12.61,52.0,NNE,1.61,2.57,1028.45,0.0,0.0,7.0,807.7,IMELBO1849.csv
2022/12/02,01:19 PM,23.33,12.5,50.0,West,2.41,3.22,1028.45,0.0,0.0,7.0,807.7,IMELBO1849.csv
2022/12/02,01:24 PM,23.67,12.83,51.0,SW,2.9,4.02,1028.45,0.0,0.0,7.0,807.7,IMELBO1849.csv
2022/12/02,01:29 PM,23.5,12.78,51.0,SSW,4.83,6.11,1028.45,0.0,0.0,7.0,800.8,IMELBO1849.csv
2022/12/02,01:34 PM,22.78,12.61,53.0,SW,3.22,4.51,1028.45,0.0,0.0,7.0,770.0,IMELBO1849.csv
2022/12/02,01:39 PM,23.44,12.72,51.0,WSW,4.67,6.44,1028.11,0.0,0.0,7.0,779.9,IMELBO1849.csv
2022/12/02,01:44 PM,23.5,12.72,51.0,SW,4.02,5.15,1028.11,0.0,0.0,7.0,803.8,IMELBO1849.csv
2022/12/02,01:49 PM,23.33,12.61,51.0,SW,1.61,2.41,1028.11,0.0,0.0,7.0,803.4,IMELBO1849.csv
2022/12/02,01:54 PM,24.11,12.72,49.0,South,1.61,2.41,1028.11,0.0,0.0,7.0,806.0,IMELBO1849.csv
2022/12/02,01:59 PM,24.22,12.78,49.0,SSW,2.74,4.02,1027.77,0.0,0.0,7.0,800.8,IMELBO1849.csv
2022/12/02,02:04 PM,24.11,12.89,49.0,South,3.7,4.99,1028.11,0.0,0.0,7.0,763.5,IMELBO1849.csv
2022/12/02,02:09 PM,24.06,13.0,50.0,SE,4.67,5.63,1028.11,0.0,0.0,6.0,719.6,IMELBO1849.csv
2022/12/02,02:14 PM,23.89,12.72,50.0,WNW,2.41,3.06,1027.77,0.0,0.0,7.0,786.0,IMELBO1849.csv
2022/12/02,02:19 PM,24.78,13.06,48.0,South,3.54,4.83,1027.77,0.0,0.0,7.0,802.0,IMELBO1849.csv
2022/12/02,02:24 PM,25.17,13.28,48.0,SSE,3.7,5.15,1027.43,0.0,0.0,7.0,796.0,IMELBO1849.csv
2022/12/02,02:29 PM,25.06,13.72,49.0,SE,4.99,6.76,1027.43,0.0,0.0,7.0,791.3,IMELBO1849.csv
2022/12/02,02:34 PM,24.67,13.39,49.0,SSE,4.83,6.6,1027.43,0.0,0.0,7.0,781.7,IMELBO1849.csv
2022/12/02,02:39 PM,24.56,13.61,50.0,South,7.08,9.65,1027.43,0.0,0.0,7.0,784.3,IMELBO1849.csv
2022/12/02,02:44 PM,24.61,13.72,51.0,South,5.95,8.21,1027.43,0.0,0.0,7.0,789.1,IMELBO1849.csv
2022/12/02,02:49 PM,24.5,13.67,51.0,SSW,4.18,6.11,1027.43,0.0,0.0,7.0,790.3,IMELBO1849.csv
2022/12/02,02:54 PM,24.56,13.67,51.0,SW,6.11,8.21,1027.43,0.0,0.0,7.0,786.0,IMELBO1849.csv
2022/12/02,02:59 PM,24.06,13.44,51.0,SSW,5.15,7.08,1027.43,0.0,0.0,7.0,780.4,IMELBO1849.csv
2022/12/02,03:04 PM,24.56,13.72,51.0,South,5.95,8.69,1027.43,0.0,0.0,7.0,763.9,IMELBO1849.csv
2022/12/02,03:09 PM,24.72,13.83,51.0,SSE,4.83,7.4,1027.09,0.0,0.0,7.0,748.3,IMELBO1849.csv
2022/12/02,03:14 PM,24.83,13.83,50.0,SSE,4.67,6.11,1027.09,0.0,0.0,7.0,723.1,IMELBO1849.csv
2022/12/02,03:19 PM,24.39,13.72,51.0,South,5.31,7.56,1027.09,0.0,0.0,7.0,725.3,IMELBO1849.csv
2022/12/02,03:24 PM,24.56,13.78,51.0,South,5.31,7.88,1027.09,0.0,0.0,7.0,749.2,IMELBO1849.csv
2022/12/02,03:29 PM,24.39,13.72,51.0,South,4.99,6.92,1027.09,0.0,0.0,7.0,752.6,IMELBO1849.csv
2022/12/02,03:34 PM,24.39,13.83,52.0,South,6.11,8.53,1027.09,0.0,0.0,7.0,771.2,IMELBO1849.csv
2022/12/02,03:39 PM,24.22,13.78,52.0,South,6.76,8.69,1027.09,0.0,0.0,7.0,766.4,IMELBO1849.csv
2022/12/02,03:44 PM,24.06,13.44,51.0,South,4.02,6.11,1027.09,0.0,0.0,7.0,764.7,IMELBO1849.csv
2022/12/02,03:49 PM,24.28,13.67,51.0,SSE,5.63,8.69,1027.09,0.0,0.0,7.0,764.7,IMELBO1849.csv
2022/12/02,03:54 PM,24.5,13.61,51.0,SSE,4.67,6.28,1027.09,0.0,0.0,7.0,766.9,IMELBO1849.csv
2022/12/02,03:59 PM,24.78,13.72,50.0,SE,3.54,5.15,1027.09,0.0,0.0,7.0,763.0,IMELBO1849.csv
2022/12/02,04:04 PM,24.89,13.83,50.0,SE,4.18,5.95,1027.09,0.0,0.0,7.0,759.6,IMELBO1849.csv
2022/12/02,04:09 PM,24.78,13.83,50.0,SSW,5.31,8.04,1027.09,0.0,0.0,7.0,739.6,IMELBO1849.csv
2022/12/02,04:14 PM,24.22,13.44,51.0,SW,8.04,10.14,1027.09,0.0,0.0,7.0,740.0,IMELBO1849.csv
2022/12/02,04:19 PM,24.39,13.17,50.0,SSW,5.63,7.72,1027.09,0.0,0.0,7.0,737.4,IMELBO1849.csv
2022/12/02,04:24 PM,24.72,13.44,49.0,South,4.67,7.4,1026.75,0.0,0.0,7.0,733.5,IMELBO1849.csv
2022/12/02,04:29 PM,24.83,13.56,50.0,South,6.11,8.37,1026.75,0.0,0.0,7.0,730.5,IMELBO1849.csv
2022/12/02,04:34 PM,24.56,13.5,50.0,SSW,5.79,8.21,1027.09,0.0,0.0,7.0,721.4,IMELBO1849.csv
2022/12/02,04:39 PM,24.44,13.56,51.0,SSW,5.63,8.53,1026.75,0.0,0.0,6.0,696.2,IMELBO1849.csv
2022/12/02,04:44 PM,24.61,13.72,51.0,South,6.11,8.69,1026.75,0.0,0.0,6.0,656.3,IMELBO1849.csv
2022/12/02,04:49 PM,24.56,13.78,51.0,SE,4.51,6.11,1026.75,0.0,0.0,6.0,669.3,IMELBO1849.csv
2022/12/02,04:54 PM,24.39,13.72,51.0,South,6.44,8.85,1026.75,0.0,0.0,6.0,666.7,IMELBO1849.csv
2022/12/02,04:59 PM,24.11,13.67,52.0,South,6.6,8.53,1027.09,0.0,0.0,6.0,635.0,IMELBO1849.csv
2022/12/02,05:04 PM,24.17,13.72,52.0,SSE,5.15,7.4,1027.09,0.0,0.0,5.0,586.8,IMELBO1849.csv
2022/12/02,05:09 PM,24.33,13.89,52.0,SSE,5.15,7.08,1026.75,0.0,0.0,5.0,555.7,IMELBO1849.csv
2022/12/02,05:14 PM,24.56,14.06,52.0,SSW,5.95,7.56,1026.75,0.0,0.0,5.0,555.3,IMELBO1849.csv
2022/12/02,05:19 PM,23.56,13.72,54.0,SSW,8.04,10.14,1027.09,0.0,0.0,5.0,558.2,IMELBO1849.csv
2022/12/02,05:24 PM,23.56,13.67,54.0,South,5.31,6.92,1026.75,0.0,0.0,5.0,536.6,IMELBO1849.csv
2022/12/02,05:29 PM,23.56,13.72,54.0,South,4.67,7.08,1027.09,0.0,0.0,5.0,516.6,IMELBO1849.csv
2022/12/02,05:34 PM,23.78,13.83,54.0,SSE,4.34,6.11,1027.09,0.0,0.0,4.0,465.4,IMELBO1849.csv
2022/12/02,05:39 PM,23.61,13.72,54.0,SSW,7.24,9.98,1026.75,0.0,0.0,4.0,440.7,IMELBO1849.csv
2022/12/02,05:44 PM,23.5,13.5,53.0,South,6.11,9.17,1026.75,0.0,0.0,4.0,428.2,IMELBO1849.csv
2022/12/02,05:49 PM,23.44,13.61,54.0,SSW,6.6,9.17,1027.09,0.0,0.0,3.0,370.4,IMELBO1849.csv
2022/12/02,05:54 PM,23.5,13.56,54.0,South,5.95,8.21,1027.09,0.0,0.0,3.0,322.2,IMELBO1849.csv
2022/12/02,05:59 PM,23.39,13.78,55.0,SSW,8.04,11.1,1027.09,0.0,0.0,2.0,263.8,IMELBO1849.csv
2022/12/02,06:04 PM,22.56,13.44,56.0,SSW,10.14,13.03,1027.09,0.0,0.0,2.0,254.2,IMELBO1849.csv
2022/12/02,06:09 PM,22.61,13.5,56.0,South,5.79,8.37,1027.09,0.0,0.0,2.0,271.5,IMELBO1849.csv
2022/12/02,06:14 PM,22.94,13.67,56.0,SSE,4.67,7.24,1027.09,0.0,0.0,2.0,263.8,IMELBO1849.csv
2022/12/02,06:19 PM,22.83,13.72,56.0,SSE,5.15,7.56,1027.09,0.0,0.0,2.0,263.3,IMELBO1849.csv
2022/12/02,06:24 PM,22.72,13.83,57.0,South,4.99,7.08,1027.09,0.0,0.0,2.0,259.4,IMELBO1849.csv
2022/12/02,06:29 PM,22.56,13.67,57.0,South,5.63,9.01,1027.09,0.0,0.0,2.0,245.9,IMELBO1849.csv
2022/12/02,06:34 PM,22.33,13.72,58.0,South,6.28,8.69,1027.09,0.0,0.0,2.0,228.1,IMELBO1849.csv
2022/12/02,06:39 PM,21.89,13.5,59.0,SSW,6.76,9.17,1027.09,0.0,0.0,2.0,205.1,IMELBO1849.csv
2022/12/02,06:44 PM,21.94,13.44,59.0,SSW,6.28,8.37,1027.43,0.0,0.0,1.0,187.3,IMELBO1849.csv
2022/12/02,06:49 PM,21.56,13.5,60.0,SSW,9.01,11.58,1027.43,0.0,0.0,1.0,156.1,IMELBO1849.csv
2022/12/02,06:54 PM,21.17,13.39,61.0,SSW,6.44,8.69,1027.43,0.0,0.0,1.0,156.6,IMELBO1849.csv
2022/12/02,06:59 PM,21.39,13.61,61.0,SSW,5.63,7.88,1027.43,0.0,0.0,0.0,62.4,IMELBO1849.csv
2022/12/02,07:04 PM,21.06,13.56,62.0,SW,7.56,9.81,1027.43,0.0,0.0,0.0,59.3,IMELBO1849.csv
2022/12/02,07:09 PM,20.94,13.67,63.0,SSW,4.99,6.76,1027.43,0.0,0.0,0.0,56.8,IMELBO1849.csv
2022/12/02,07:14 PM,21.0,13.72,63.0,SSW,5.47,7.4,1027.77,0.0,0.0,0.0,53.3,IMELBO1849.csv
2022/12/02,07:19 PM,20.67,13.94,65.0,SSW,6.28,7.72,1027.77,0.0,0.0,0.0,50.3,IMELBO1849.csv
2022/12/02,07:24 PM,20.44,13.89,66.0,SSW,5.15,6.92,1027.77,0.0,0.0,0.0,47.7,IMELBO1849.csv
2022/12/02,07:29 PM,20.39,14.11,67.0,SSW,5.31,7.24,1027.43,0.0,0.0,0.0,44.2,IMELBO1849.csv
2022/12/02,07:34 PM,20.28,14.06,67.0,SW,5.79,7.56,1027.77,0.0,0.0,0.0,40.7,IMELBO1849.csv
2022/12/02,07:39 PM,20.28,14.06,67.0,SSW,5.47,7.24,1027.77,0.0,0.0,0.0,38.2,IMELBO1849.csv
2022/12/02,07:44 PM,20.22,14.0,68.0,SSW,4.51,6.28,1027.77,0.0,0.0,0.0,34.3,IMELBO1849.csv
2022/12/02,07:49 PM,20.17,14.06,68.0,SSW,6.92,9.33,1027.77,0.0,0.0,0.0,30.7,IMELBO1849.csv
2022/12/02,07:54 PM,20.11,14.0,68.0,SSW,6.76,8.85,1027.77,0.0,0.0,0.0,27.7,IMELBO1849.csv
2022/12/02,07:59 PM,19.94,14.17,69.0,SW,8.69,11.58,1027.77,0.0,0.0,0.0,24.2,IMELBO1849.csv
2022/12/02,08:04 PM,19.67,14.06,70.0,SW,6.76,9.98,1027.77,0.0,0.0,0.0,19.9,IMELBO1849.csv
2022/12/02,08:09 PM,19.61,14.0,70.0,SW,6.28,9.49,1028.11,0.0,0.0,0.0,16.0,IMELBO1849.csv
2022/12/02,08:14 PM,19.44,14.06,71.0,SW,5.15,6.92,1028.11,0.0,0.0,0.0,13.0,IMELBO1849.csv
2022/12/02,08:19 PM,19.28,13.89,71.0,WSW,4.99,6.6,1028.11,0.0,0.0,0.0,9.5,IMELBO1849.csv
2022/12/02,08:24 PM,19.22,13.94,72.0,SW,4.18,6.11,1028.11,0.0,0.0,0.0,6.0,IMELBO1849.csv
2022/12/02,08:29 PM,19.17,13.94,72.0,SW,5.47,7.4,1028.11,0.0,0.0,0.0,2.9,IMELBO1849.csv
2022/12/02,08:34 PM,19.11,13.89,72.0,SW,3.86,4.51,1028.11,0.0,0.0,0.0,1.2,IMELBO1849.csv
2022/12/02,08:39 PM,19.0,13.78,72.0,SW,3.54,4.51,1028.11,0.0,0.0,0.0,0.0,IMELBO1849.csv
2022/12/02,08:44 PM,18.83,13.83,73.0,SW,5.63,8.04,1028.11,0.0,0.0,0.0,0.0,IMELBO1849.csv
2022/12/02,08:49 PM,18.72,13.78,73.0,WSW,4.51,6.28,1028.11,0.0,0.0,0.0,0.0,IMELBO1849.csv
2022/12/02,08:54 PM,18.61,13.78,73.0,SW,4.34,5.47,1028.45,0.0,0.0,0.0,0.0,IMELBO1849.csv
2022/12/02,08:59 PM,18.44,13.72,74.0,SW,5.31,6.6,1028.45,0.0,0.0,0.0,0.0,IMELBO1849.csv
2022/12/02,09:04 PM,18.28,13.61,74.0,SW,4.18,5.31,1028.45,0.0,0.0,0.0,0.0,IMELBO1849.csv
2022/12/02,09:09 PM,18.28,13.56,74.0,SW,3.86,4.99,1028.45,0.0,0.0,0.0,0.0,IMELBO1849.csv
2022/12/02,09:14 PM,18.22,13.5,74.0,SW,3.06,4.34,1028.45,0.0,0.0,0.0,0.0,IMELBO1849.csv
2022/12/02,09:19 PM,18.11,13.39,74.0,SW,2.9,3.86,1028.45,0.0,0.0,0.0,0.0,IMELBO1849.csv
2022/12/02,09:24 PM,18.11,13.61,75.0,SW,3.22,4.18,1028.45,0.0,0.0,0.0,0.0,IMELBO1849.csv
2022/12/02,09:29 PM,18.06,13.56,75.0,SW,2.57,3.7,1028.45,0.0,0.0,0.0,0.0,IMELBO1849.csv
2022/12/02,09:34 PM,18.0,13.5,75.0,WSW,1.45,2.25,1028.45,0.0,0.0,0.0,0.0,IMELBO1849.csv
2022/12/02,09:39 PM,17.89,13.5,76.0,West,1.29,2.09,1028.45,0.0,0.0,0.0,0.0,IMELBO1849.csv
2022/12/02,09:44 PM,17.67,13.67,77.0,WSW,1.93,2.9,1028.45,0.0,0.0,0.0,0.0,IMELBO1849.csv
2022/12/02,09:49 PM,17.33,13.61,79.0,WSW,1.93,2.74,1028.45,0.0,0.0,0.0,0.0,IMELBO1849.csv
2022/12/02,09:54 PM,17.22,13.5,79.0,West,1.77,2.9,1028.78,0.0,0.0,0.0,0.0,IMELBO1849.csv
2022/12/02,09:59 PM,17.06,13.44,79.0,WSW,2.09,3.06,1028.78,0.0,0.0,0.0,0.0,IMELBO1849.csv
2022/12/02,10:04 PM,16.89,13.39,80.0,SW,1.93,3.06,1028.45,0.0,0.0,0.0,0.0,IMELBO1849.csv
2022/12/02,10:09 PM,16.78,13.28,80.0,WSW,1.13,1.77,1028.45,0.0,0.0,0.0,0.0,IMELBO1849.csv
2022/12/02,10:14 PM,16.72,13.22,80.0,West,1.61,2.41,1028.45,0.0,0.0,0.0,0.0,IMELBO1849.csv
2022/12/02,10:19 PM,16.72,13.22,80.0,WSW,1.77,2.57,1028.45,0.0,0.0,0.0,0.0,IMELBO1849.csv
2022/12/02,10:24 PM,16.67,13.22,80.0,WSW,0.8,1.45,1028.45,0.0,0.0,0.0,0.0,IMELBO1849.csv
2022/12/02,10:29 PM,16.61,13.28,81.0,West,1.77,3.06,1028.78,0.0,0.0,0.0,0.0,IMELBO1849.csv
2022/12/02,10:34 PM,16.5,13.22,81.0,WNW,2.09,3.06,1028.78,0.0,0.0,0.0,0.0,IMELBO1849.csv
2022/12/02,10:39 PM,16.39,13.11,81.0,WNW,2.09,3.38,1028.45,0.0,0.0,0.0,0.0,IMELBO1849.csv
2022/12/02,10:44 PM,16.28,13.11,82.0,WNW,1.13,1.93,1028.45,0.0,0.0,0.0,0.0,IMELBO1849.csv
2022/12/02,10:49 PM,16.22,13.17,82.0,West,1.45,2.41,1028.45,0.0,0.0,0.0,0.0,IMELBO1849.csv
2022/12/02,10:54 PM,16.22,13.11,82.0,WSW,1.29,2.57,1028.45,0.0,0.0,0.0,0.0,IMELBO1849.csv
2022/12/02,10:59 PM,16.11,13.0,82.0,WSW,0.8,1.61,1028.78,0.0,0.0,0.0,0.0,IMELBO1849.csv
2022/12/02,11:04 PM,16.06,12.94,82.0,West,1.29,2.25,1028.45,0.0,0.0,0.0,0.0,IMELBO1849.csv
2022/12/02,11:09 PM,16.0,12.94,82.0,WNW,1.77,2.57,1028.78,0.0,0.0,0.0,0.0,IMELBO1849.csv
2022/12/02,11:14 PM,15.89,13.0,83.0,WSW,1.45,2.25,1028.45,0.0,0.0,0.0,0.0,IMELBO1849.csv
2022/12/02,11:19 PM,15.78,12.83,83.0,SW,0.97,1.77,1028.78,0.0,0.0,0.0,0.0,IMELBO1849.csv
2022/12/02,11:24 PM,15.67,12.78,83.0,WSW,0.8,1.45,1028.45,0.0,0.0,0.0,0.0,IMELBO1849.csv
2022/12/02,11:29 PM,15.56,12.83,84.0,WSW,0.97,1.77,1028.45,0.0,0.0,0.0,0.0,IMELBO1849.csv
2022/12/02,11:34 PM,15.5,12.78,84.0,WSW,1.77,2.41,1028.45,0.0,0.0,0.0,0.0,IMELBO1849.csv
2022/12/02,11:39 PM,15.44,12.78,84.0,WSW,1.45,2.09,1028.45,0.0,0.0,0.0,0.0,IMELBO1849.csv
2022/12/02,11:44 PM,15.39,12.72,84.0,WSW,1.45,2.09,1028.45,0.0,0.0,0.0,0.0,IMELBO1849.csv
2022/12/02,11:49 PM,15.33,12.67,84.0,WSW,0.8,1.93,1028.78,0.0,0.0,0.0,0.0,IMELBO1849.csv
2022/12/02,11:54 PM,15.28,12.61,84.0,WSW,0.16,0.64,1028.45,0.0,0.0,0.0,0.0,IMELBO1849.csv
2022/12/02,11:59 PM,15.28,12.78,85.0,WSW,1.13,1.77,1028.45,0.0,0.0,0.0,0.0,IMELBO1849.csv
2022/12/03,12:04 AM,15.28,12.78,85.0,West,0.64,1.13,1028.45,0.0,0.0,0.0,0.0,IMELBO1849.csv
2022/12/03,12:09 AM,15.28,12.78,85.0,West,1.13,1.77,1028.11,0.0,0.0,0.0,0.0,IMELBO1849.csv
2022/12/03,12:14 AM,15.22,12.72,85.0,West,2.09,2.9,1028.45,0.0,0.0,0.0,0.0,IMELBO1849.csv
2022/12/03,12:19 AM,15.22,12.72,85.0,West,1.29,2.09,1028.45,0.0,0.0,0.0,0.0,IMELBO1849.csv
2022/12/03,12:24 AM,15.17,12.67,85.0,West,1.13,1.77,1028.45,0.0,0.0,0.0,0.0,IMELBO1849.csv
2022/12/03,12:29 AM,15.11,12.61,85.0,West,1.45,2.41,1028.45,0.0,0.0,0.0,0.0,IMELBO1849.csv
2022/12/03,12:34 AM,15.11,12.61,85.0,West,1.29,2.09,1028.45,0.0,0.0,0.0,0.0,IMELBO1849.csv
2022/12/03,12:39 AM,15.0,12.5,85.0,West,0.64,1.61,1028.45,0.0,0.0,0.0,0.0,IMELBO1849.csv
2022/12/03,12:44 AM,15.0,12.5,85.0,West,0.32,0.64,1028.45,0.0,0.0,0.0,0.0,IMELBO1849.csv
2022/12/03,12:49 AM,14.94,12.56,85.0,West,0.32,0.64,1028.45,0.0,0.0,0.0,0.0,IMELBO1849.csv
2022/12/03,12:54 AM,14.89,12.61,86.0,West,0.8,1.29,1028.45,0.0,0.0,0.0,0.0,IMELBO1849.csv
2022/12/03,12:59 AM,14.78,12.5,86.0,West,1.13,1.61,1028.45,0.0,0.0,0.0,0.0,IMELBO1849.csv
2022/12/03,01:04 AM,14.78,12.44,86.0,West,0.16,0.48,1028.45,0.0,0.0,0.0,0.0,IMELBO1849.csv
2022/12/03,01:09 AM,14.72,12.39,86.0,West,0.0,0.16,1028.11,0.0,0.0,0.0,0.0,IMELBO1849.csv
2022/12/03,01:14 AM,14.56,12.22,86.0,West,0.16,0.32,1028.11,0.0,0.0,0.0,0.0,IMELBO1849.csv
2022/12/03,01:19 AM,14.5,12.33,87.0,West,0.16,0.32,1028.11,0.0,0.0,0.0,0.0,IMELBO1849.csv
2022/12/03,01:24 AM,14.44,12.33,87.0,West,0.48,0.8,1028.11,0.0,0.0,0.0,0.0,IMELBO1849.csv
2022/12/03,01:29 AM,14.39,12.28,87.0,West,0.97,1.29,1028.11,0.0,0.0,0.0,0.0,IMELBO1849.csv
2022/12/03,01:34 AM,14.39,12.28,87.0,West,0.32,0.8,1028.11,0.0,0.0,0.0,0.0,IMELBO1849.csv
2022/12/03,01:39 AM,14.28,12.22,87.0,West,0.16,0.32,1028.11,0.0,0.0,0.0,0.0,IMELBO1849.csv
2022/12/03,01:44 AM,14.22,12.17,87.0,West,0.0,0.0,1027.77,0.0,0.0,0.0,0.0,IMELBO1849.csv
2022/12/03,01:49 AM,14.17,12.06,87.0,West,0.0,0.0,1028.11,0.0,0.0,0.0,0.0,IMELBO1849.csv
2022/12/03,01:54 AM,14.17,12.17,88.0,West,0.0,0.16,1027.77,0.0,0.0,0.0,0.0,IMELBO1849.csv
2022/12/03,01:59 AM,14.06,12.06,88.0,West,0.0,0.0,1027.77,0.0,0.0,0.0,0.0,IMELBO1849.csv
2022/12/03,02:04 AM,14.0,12.0,88.0,West,0.0,0.16,1027.77,0.0,0.0,0.0,0.0,IMELBO1849.csv
2022/12/03,02:09 AM,13.89,11.89,88.0,West,0.32,0.64,1027.77,0.0,0.0,0.0,0.0,IMELBO1849.csv
2022/12/03,02:14 AM,14.0,12.0,88.0,West,0.0,0.16,1027.77,0.0,0.0,0.0,0.0,IMELBO1849.csv
2022/12/03,02:19 AM,13.78,11.83,88.0,West,0.0,0.0,1027.77,0.0,0.0,0.0,0.0,IMELBO1849.csv
2022/12/03,02:24 AM,13.72,11.89,89.0,West,0.0,0.0,1027.43,0.0,0.0,0.0,0.0,IMELBO1849.csv
2022/12/03,02:29 AM,13.61,11.78,89.0,West,0.0,0.0,1027.43,0.0,0.0,0.0,0.0,IMELBO1849.csv
2022/12/03,02:34 AM,13.61,11.78,89.0,West,0.0,0.0,1027.43,0.0,0.0,0.0,0.0,IMELBO1849.csv
2022/12/03,02:39 AM,13.61,11.78,89.0,West,0.8,1.29,1027.43,0.0,0.0,0.0,0.0,IMELBO1849.csv
2022/12/03,02:44 AM,13.67,11.83,89.0,West,0.64,1.29,1027.43,0.0,0.0,0.0,0.0,IMELBO1849.csv
2022/12/03,02:49 AM,13.56,11.78,89.0,West,0.32,0.48,1027.43,0.0,0.0,0.0,0.0,IMELBO1849.csv
2022/12/03,02:54 AM,13.61,11.78,89.0,West,1.29,1.93,1027.43,0.0,0.0,0.0,0.0,IMELBO1849.csv
2022/12/03,02:59 AM,13.61,11.94,90.0,West,1.45,2.25,1027.43,0.0,0.0,0.0,0.0,IMELBO1849.csv
2022/12/03,03:04 AM,13.5,11.89,90.0,West,0.97,1.77,1027.43,0.0,0.0,0.0,0.0,IMELBO1849.csv
2022/12/03,03:09 AM,13.5,11.89,90.0,West,0.8,1.45,1027.43,0.0,0.0,0.0,0.0,IMELBO1849.csv
2022/12/03,03:14 AM,13.33,11.78,90.0,West,0.64,1.13,1027.43,0.0,0.0,0.0,0.0,IMELBO1849.csv
2022/12/03,03:19 AM,13.28,11.67,90.0,West,0.16,0.32,1027.43,0.0,0.0,0.0,0.0,IMELBO1849.csv
2022/12/03,03:24 AM,13.22,11.61,90.0,West,0.32,0.64,1027.09,0.0,0.0,0.0,0.0,IMELBO1849.csv
2022/12/03,03:29 AM,13.22,11.61,90.0,West,0.0,0.0,1027.09,0.0,0.0,0.0,0.0,IMELBO1849.csv
2022/12/03,03:34 AM,13.11,11.5,90.0,West,0.0,0.32,1027.09,0.0,0.0,0.0,0.0,IMELBO1849.csv
2022/12/03,03:39 AM,13.0,11.44,90.0,West,0.64,0.97,1027.09,0.0,0.0,0.0,0.0,IMELBO1849.csv
2022/12/03,03:44 AM,13.0,11.39,90.0,West,0.16,0.16,1027.09,0.0,0.0,0.0,0.0,IMELBO1849.csv
2022/12/03,03:49 AM,12.94,11.5,91.0,West,0.48,0.97,1027.09,0.0,0.0,0.0,0.0,IMELBO1849.csv
2022/12/03,03:54 AM,13.0,11.39,90.0,West,0.97,1.13,1027.09,0.0,0.0,0.0,0.0,IMELBO1849.csv
2022/12/03,03:59 AM,13.0,11.39,90.0,West,0.32,0.32,1027.09,0.0,0.0,0.0,0.0,IMELBO1849.csv
2022/12/03,04:04 AM,12.89,11.28,90.0,West,0.0,0.16,1027.09,0.0,0.0,0.0,0.0,IMELBO1849.csv
2022/12/03,04:09 AM,12.78,11.28,90.0,West,0.16,0.64,1027.09,0.0,0.0,0.0,0.0,IMELBO1849.csv
2022/12/03,04:14 AM,12.78,11.39,91.0,West,0.32,0.64,1027.09,0.0,0.0,0.0,0.0,IMELBO1849.csv
2022/12/03,04:19 AM,12.78,11.39,91.0,West,0.8,1.45,1027.09,0.0,0.0,0.0,0.0,IMELBO1849.csv
2022/12/03,04:24 AM,12.78,11.33,91.0,West,0.0,0.32,1027.09,0.0,0.0,0.0,0.0,IMELBO1849.csv
2022/12/03,04:29 AM,12.72,11.28,91.0,West,0.16,0.32,1027.09,0.0,0.0,0.0,0.0,IMELBO1849.csv
2022/12/03,04:34 AM,12.78,11.39,91.0,West,1.61,2.09,1027.09,0.0,0.0,0.0,0.0,IMELBO1849.csv
2022/12/03,04:39 AM,12.78,11.39,91.0,WNW,2.09,2.74,1027.09,0.0,0.0,0.0,0.0,IMELBO1849.csv
2022/12/03,04:44 AM,12.89,11.33,91.0,NNW,2.57,3.22,1027.09,0.0,0.0,0.0,0.0,IMELBO1849.csv
2022/12/03,04:49 AM,12.83,11.22,90.0,North,1.93,2.74,1027.09,0.0,0.0,0.0,0.0,IMELBO1849.csv
2022/12/03,04:54 AM,12.83,11.22,90.0,North,2.25,2.9,1027.09,0.0,0.0,0.0,0.0,IMELBO1849.csv
2022/12/03,04:59 AM,12.78,11.22,90.0,North,2.57,3.54,1027.09,0.0,0.0,0.0,0.0,IMELBO1849.csv
2022/12/03,05:04 AM,12.78,11.17,90.0,North,2.57,3.54,1027.09,0.0,0.0,0.0,0.0,IMELBO1849.csv
2022/12/03,05:09 AM,12.72,11.11,90.0,North,2.74,3.54,1027.09,0.0,0.0,0.0,0.0,IMELBO1849.csv
2022/12/03,05:14 AM,12.72,11.22,91.0,North,1.93,2.74,1027.09,0.0,0.0,0.0,0.0,IMELBO1849.csv
2022/12/03,05:19 AM,12.67,11.28,91.0,North,1.13,1.93,1027.09,0.0,0.0,0.0,0.0,IMELBO1849.csv
2022/12/03,05:24 AM,12.61,11.22,91.0,North,1.45,2.25,1027.09,0.0,0.0,0.0,0.0,IMELBO1849.csv
2022/12/03,05:29 AM,12.61,11.22,91.0,North,0.8,1.29,1027.09,0.0,0.0,0.0,0.0,IMELBO1849.csv
2022/12/03,05:34 AM,12.5,11.11,91.0,North,0.48,0.97,1027.09,0.0,0.0,0.0,0.0,IMELBO1849.csv
2022/12/03,05:39 AM,12.5,11.11,91.0,North,0.8,1.29,1027.09,0.0,0.0,0.0,0.0,IMELBO1849.csv
2022/12/03,05:44 AM,12.5,11.11,91.0,North,2.09,2.74,1027.43,0.0,0.0,0.0,0.0,IMELBO1849.csv
2022/12/03,05:49 AM,12.5,11.11,91.0,North,2.09,2.74,1027.43,0.0,0.0,0.0,0.9,IMELBO1849.csv
2022/12/03,05:54 AM,12.44,11.06,91.0,North,1.61,2.41,1027.09,0.0,0.0,0.0,2.6,IMELBO1849.csv
2022/12/03,05:59 AM,12.5,11.11,91.0,North,2.09,3.06,1027.43,0.0,0.0,0.0,4.3,IMELBO1849.csv
2022/12/03,06:04 AM,12.5,11.11,91.0,North,2.09,2.57,1027.43,0.0,0.0,0.0,7.3,IMELBO1849.csv
2022/12/03,06:09 AM,12.5,11.11,91.0,North,2.25,3.38,1027.43,0.0,0.0,0.0,10.4,IMELBO1849.csv
2022/12/03,06:14 AM,12.56,11.17,91.0,North,2.41,3.22,1027.43,0.0,0.0,0.0,13.3,IMELBO1849.csv
2022/12/03,06:19 AM,12.72,11.28,91.0,North,3.06,4.18,1027.43,0.0,0.0,0.0,17.3,IMELBO1849.csv
2022/12/03,06:24 AM,12.78,11.33,91.0,North,2.25,3.38,1027.43,0.0,0.0,0.0,20.8,IMELBO1849.csv
2022/12/03,06:29 AM,12.94,11.33,90.0,NNE,3.22,4.51,1027.43,0.0,0.0,0.0,24.7,IMELBO1849.csv
2022/12/03,06:34 AM,13.06,11.44,90.0,NE,2.74,4.34,1027.43,0.0,0.0,0.0,28.6,IMELBO1849.csv
2022/12/03,06:39 AM,13.17,11.5,90.0,NE,2.9,3.86,1027.43,0.0,0.0,0.0,32.9,IMELBO1849.csv
2022/12/03,06:44 AM,13.28,11.5,89.0,ENE,3.06,4.34,1027.43,0.0,0.0,0.0,35.5,IMELBO1849.csv
2022/12/03,06:49 AM,13.44,11.67,89.0,ENE,2.74,4.02,1027.43,0.0,0.0,0.0,46.7,IMELBO1849.csv
2022/12/03,06:54 AM,13.67,11.78,89.0,ENE,3.22,4.34,1027.43,0.0,0.0,0.0,51.5,IMELBO1849.csv
2022/12/03,06:59 AM,14.06,12.0,87.0,NE,3.38,4.51,1027.77,0.0,0.0,0.0,60.2,IMELBO1849.csv
2022/12/03,07:04 AM,14.39,12.06,86.0,NE,3.22,4.83,1027.43,0.0,0.0,0.0,82.3,IMELBO1849.csv
2022/12/03,07:09 AM,14.72,12.17,85.0,NE,2.74,3.54,1027.43,0.0,0.0,0.0,87.6,IMELBO1849.csv
2022/12/03,07:14 AM,15.0,12.28,84.0,NE,2.25,3.38,1027.77,0.0,0.0,1.0,103.6,IMELBO1849.csv
2022/12/03,07:19 AM,15.28,12.39,83.0,NE,2.09,3.38,1027.43,0.0,0.0,1.0,118.4,IMELBO1849.csv
2022/12/03,07:24 AM,15.67,12.61,82.0,ENE,2.57,3.86,1027.77,0.0,0.0,1.0,125.8,IMELBO1849.csv
2022/12/03,07:29 AM,16.0,12.78,82.0,ENE,1.77,2.74,1027.77,0.0,0.0,1.0,147.9,IMELBO1849.csv
2022/12/03,07:34 AM,16.33,13.0,81.0,NE,3.06,4.18,1027.77,0.0,0.0,1.0,163.9,IMELBO1849.csv
2022/12/03,07:39 AM,16.78,13.28,80.0,NE,3.22,4.67,1027.77,0.0,0.0,1.0,171.8,IMELBO1849.csv
2022/12/03,07:44 AM,17.22,13.39,78.0,NNE,3.86,5.31,1027.77,0.0,0.0,1.0,191.7,IMELBO1849.csv
2022/12/03,07:49 AM,17.61,13.44,77.0,NE,3.86,5.47,1027.77,0.0,0.0,2.0,206.9,IMELBO1849.csv
2022/12/03,07:54 AM,18.11,13.78,76.0,ENE,2.57,3.54,1027.77,0.0,0.0,2.0,218.1,IMELBO1849.csv
2022/12/03,07:59 AM,19.06,14.28,74.0,NE,2.09,3.22,1027.77,0.0,0.0,2.0,245.0,IMELBO1849.csv
2022/12/03,08:04 AM,19.56,14.39,72.0,NE,3.86,5.31,1027.77,0.0,0.0,2.0,249.4,IMELBO1849.csv
2022/12/03,08:09 AM,19.89,14.44,71.0,NE,4.02,5.15,1028.11,0.0,0.0,2.0,265.5,IMELBO1849.csv
2022/12/03,08:14 AM,20.17,14.78,71.0,East,3.86,5.31,1028.11,0.0,0.0,2.0,270.6,IMELBO1849.csv
2022/12/03,08:19 AM,20.11,14.83,72.0,ENE,3.38,4.51,1027.77,0.0,0.0,2.0,303.6,IMELBO1849.csv
2022/12/03,08:24 AM,20.61,15.06,70.0,ENE,3.22,4.34,1027.77,0.0,0.0,3.0,321.0,IMELBO1849.csv
2022/12/03,08:29 AM,21.44,15.33,68.0,NE,4.67,6.28,1027.77,0.0,0.0,3.0,332.6,IMELBO1849.csv
2022/12/03,08:34 AM,22.11,15.28,65.0,NNE,9.01,12.71,1027.77,0.0,0.0,3.0,351.4,IMELBO1849.csv
2022/12/03,08:39 AM,22.61,15.56,64.0,NE,8.04,11.26,1027.77,0.0,0.0,3.0,367.4,IMELBO1849.csv
2022/12/03,08:44 AM,22.94,15.56,63.0,NNE,10.46,13.84,1027.77,0.0,0.0,3.0,370.4,IMELBO1849.csv
2022/12/03,08:49 AM,23.28,15.56,62.0,NNE,7.56,10.46,1028.11,0.0,0.0,3.0,375.6,IMELBO1849.csv
2022/12/03,08:54 AM,23.61,15.67,61.0,NE,7.88,10.94,1027.77,0.0,0.0,3.0,403.8,IMELBO1849.csv
2022/12/03,08:59 AM,23.72,15.56,60.0,NE,9.65,13.84,1028.11,0.0,0.0,4.0,422.4,IMELBO1849.csv
2022/12/03,09:04 AM,23.78,15.61,60.0,North,7.88,10.94,1028.11,0.0,0.0,4.0,422.9,IMELBO1849.csv
2022/12/03,09:09 AM,24.17,15.67,59.0,NNE,8.53,10.94,1028.11,0.0,0.0,4.0,459.7,IMELBO1849.csv
2022/12/03,09:14 AM,24.44,15.72,58.0,NNE,9.98,14.32,1027.77,0.0,0.0,4.0,471.1,IMELBO1849.csv
2022/12/03,09:19 AM,24.44,15.67,58.0,NNE,12.87,17.38,1027.77,0.0,0.0,4.0,480.7,IMELBO1849.csv
2022/12/03,09:24 AM,24.5,15.72,58.0,North,9.49,13.52,1027.77,0.0,0.0,4.0,486.3,IMELBO1849.csv
2022/12/03,09:29 AM,24.78,15.89,58.0,NNE,9.98,13.84,1027.77,0.0,0.0,4.0,498.9,IMELBO1849.csv
2022/12/03,09:34 AM,25.0,15.89,57.0,NNE,9.65,12.71,1027.77,0.0,0.0,4.0,505.4,IMELBO1849.csv
2022/12/03,09:39 AM,25.28,16.11,57.0,NNE,7.88,10.46,1027.77,0.0,0.0,5.0,528.7,IMELBO1849.csv
2022/12/03,09:44 AM,25.44,16.22,56.0,NNE,10.3,14.32,1027.77,0.0,0.0,5.0,551.7,IMELBO1849.csv
2022/12/03,09:49 AM,25.61,16.22,56.0,NNE,10.14,14.16,1027.77,0.0,0.0,5.0,571.3,IMELBO1849.csv
2022/12/03,09:54 AM,25.72,16.39,56.0,NNE,8.53,11.42,1027.77,0.0,0.0,5.0,585.1,IMELBO1849.csv
2022/12/03,09:59 AM,26.11,16.39,55.0,NNE,7.56,10.14,1027.77,0.0,0.0,5.0,591.3,IMELBO1849.csv
2022/12/03,10:04 AM,26.39,16.44,54.0,NE,9.98,14.32,1027.77,0.0,0.0,5.0,612.5,IMELBO1849.csv
2022/12/03,10:09 AM,26.44,16.44,54.0,NNE,8.85,12.07,1027.77,0.0,0.0,5.0,614.3,IMELBO1849.csv
2022/12/03,10:14 AM,26.72,16.5,53.0,NNE,9.17,13.52,1027.77,0.0,0.0,5.0,615.5,IMELBO1849.csv
2022/12/03,10:19 AM,26.72,16.44,53.0,North,7.4,9.65,1027.43,0.0,0.0,6.0,634.5,IMELBO1849.csv
2022/12/03,10:24 AM,27.11,16.61,53.0,NNE,6.92,9.65,1027.43,0.0,0.0,6.0,634.2,IMELBO1849.csv
2022/12/03,10:29 AM,27.39,16.67,52.0,NNE,7.72,10.94,1027.43,0.0,0.0,6.0,645.1,IMELBO1849.csv
2022/12/03,10:34 AM,27.28,16.61,52.0,NE,7.4,10.3,1027.43,0.0,0.0,6.0,685.3,IMELBO1849.csv
2022/12/03,10:39 AM,27.61,16.83,52.0,NE,7.4,9.65,1027.43,0.0,0.0,6.0,694.9,IMELBO1849.csv
2022/12/03,10:44 AM,27.83,16.89,51.0,NE,6.6,9.65,1027.43,0.0,0.0,6.0,700.5,IMELBO1849.csv
2022/12/03,10:49 AM,28.06,16.89,51.0,NNE,7.08,10.14,1027.43,0.0,0.0,6.0,699.6,IMELBO1849.csv
2022/12/03,10:54 AM,27.89,16.89,51.0,NNE,9.17,12.87,1027.43,0.0,0.0,7.0,724.8,IMELBO1849.csv
2022/12/03,10:59 AM,28.06,17.0,51.0,NE,8.04,11.26,1027.43,0.0,0.0,7.0,722.3,IMELBO1849.csv
2022/12/03,11:04 AM,28.39,17.28,51.0,NE,7.08,10.62,1027.43,0.0,0.0,7.0,734.9,IMELBO1849.csv
2022/12/03,11:09 AM,28.61,17.17,50.0,NNE,8.85,11.75,1027.43,0.0,0.0,7.0,764.7,IMELBO1849.csv
2022/12/03,11:14 AM,28.72,17.22,50.0,ENE,7.24,10.14,1027.09,0.0,0.0,7.0,770.0,IMELBO1849.csv
2022/12/03,11:19 AM,28.61,17.17,50.0,NNE,9.01,13.03,1027.09,0.0,0.0,7.0,787.7,IMELBO1849.csv
2022/12/03,11:24 AM,28.28,16.72,50.0,ENE,9.17,12.87,1027.09,0.0,0.0,7.0,803.4,IMELBO1849.csv
2022/12/03,11:29 AM,28.72,17.06,49.0,ENE,6.28,9.01,1027.09,0.0,0.0,8.0,845.5,IMELBO1849.csv
2022/12/03,11:34 AM,28.89,17.28,50.0,NE,8.21,11.1,1027.09,0.0,0.0,8.0,899.7,IMELBO1849.csv
2022/12/03,11:39 AM,29.22,17.39,49.0,,4.83,6.44,1027.09,0.0,0.0,8.0,912.3,IMELBO1849.csv
2022/12/03,11:44 AM,28.78,16.78,48.0,NW,4.18,5.79,1027.09,0.0,0.0,8.0,880.2,IMELBO1849.csv
2022/12/03,11:49 AM,28.83,15.5,44.0,NNE,3.22,4.34,1027.09,0.0,0.0,9.0,982.1,IMELBO1849.csv
2022/12/03,11:54 AM,29.33,16.11,45.0,NNW,4.02,6.11,1027.09,0.0,0.0,9.0,1002.5,IMELBO1849.csv
2022/12/03,11:59 AM,30.11,15.56,41.0,NW,2.74,4.18,1027.09,0.0,0.0,9.0,987.7,IMELBO1849.csv
2022/12/03,12:04 PM,29.78,15.5,42.0,NW,4.83,7.08,1027.09,0.0,0.0,9.0,942.6,IMELBO1849.csv
2022/12/03,12:09 PM,29.28,14.94,42.0,WNW,5.63,7.72,1027.09,0.0,0.0,9.0,935.3,IMELBO1849.csv
2022/12/03,12:14 PM,29.89,15.39,41.0,WNW,1.77,2.41,1027.09,0.0,0.0,9.0,1001.2,IMELBO1849.csv
2022/12/03,12:19 PM,30.44,15.67,41.0,North,3.86,5.63,1026.75,0.0,0.0,9.0,983.8,IMELBO1849.csv
2022/12/03,12:24 PM,30.0,15.39,41.0,NW,4.83,7.4,1027.09,0.0,0.0,9.0,971.2,IMELBO1849.csv
2022/12/03,12:29 PM,29.56,15.56,43.0,NNW,4.18,6.44,1026.75,0.0,0.0,3.0,308.8,IMELBO1849.csv
2022/12/03,12:34 PM,29.72,14.94,41.0,WNW,3.54,5.15,1026.75,0.0,0.0,9.0,987.7,IMELBO1849.csv
2022/12/03,12:39 PM,29.67,14.72,40.0,West,4.67,6.28,1026.75,0.0,0.0,2.0,214.2,IMELBO1849.csv
2022/12/03,12:44 PM,29.17,13.28,38.0,WNW,3.7,5.63,1026.75,0.0,0.0,3.0,322.2,IMELBO1849.csv
2022/12/03,12:49 PM,29.44,13.0,36.0,WNW,4.83,6.76,1026.75,0.0,0.0,9.0,1012.1,IMELBO1849.csv
2022/12/03,12:54 PM,30.83,13.5,35.0,WNW,4.83,7.56,1026.75,0.0,0.0,9.0,1025.1,IMELBO1849.csv
2022/12/03,12:59 PM,30.89,13.72,35.0,NNW,3.54,5.31,1026.75,0.0,0.0,10.0,1035.0,IMELBO1849.csv
2022/12/03,01:04 PM,31.33,13.94,35.0,NW,6.28,9.17,1026.41,0.0,0.0,9.0,999.5,IMELBO1849.csv
2022/12/03,01:09 PM,30.72,13.61,35.0,NW,4.18,6.28,1026.41,0.0,0.0,9.0,936.6,IMELBO1849.csv
2022/12/03,01:14 PM,30.94,13.61,35.0,NW,2.9,4.51,1026.75,0.0,0.0,9.0,936.1,IMELBO1849.csv
2022/12/03,01:19 PM,30.89,13.5,35.0,NNW,4.18,6.28,1026.08,0.0,0.0,10.0,1130.0,IMELBO1849.csv
2022/12/03,01:24 PM,31.44,13.33,33.0,NW,3.06,4.99,1026.41,0.0,0.0,10.0,1112.3,IMELBO1849.csv
2022/12/03,01:29 PM,32.11,13.44,32.0,NW,4.67,6.6,1026.08,0.0,0.0,10.0,1080.6,IMELBO1849.csv
2022/12/03,01:34 PM,32.22,13.17,31.0,NW,5.47,7.88,1026.41,0.0,0.0,9.0,1022.5,IMELBO1849.csv
2022/12/03,01:39 PM,31.28,12.89,33.0,WNW,4.18,6.11,1026.08,0.0,0.0,10.0,1047.2,IMELBO1849.csv
2022/12/03,01:44 PM,31.0,12.61,33.0,WSW,3.86,5.47,1026.41,0.0,0.0,10.0,1059.8,IMELBO1849.csv
2022/12/03,01:49 PM,31.11,12.89,33.0,SW,5.31,7.72,1026.08,0.0,0.0,8.0,886.7,IMELBO1849.csv
2022/12/03,01:54 PM,30.5,12.56,33.0,SSW,4.83,6.44,1026.08,0.0,0.0,9.0,991.2,IMELBO1849.csv
2022/12/03,01:59 PM,30.78,12.67,33.0,SW,5.15,7.24,1026.08,0.0,0.0,9.0,980.4,IMELBO1849.csv
2022/12/03,02:04 PM,31.0,12.61,32.0,WSW,4.83,7.88,1026.08,0.0,0.0,9.0,927.1,IMELBO1849.csv
2022/12/03,02:09 PM,31.56,12.78,32.0,West,2.25,3.38,1026.08,0.0,0.0,8.0,850.2,IMELBO1849.csv
2022/12/03,02:14 PM,32.33,13.22,31.0,WNW,5.15,7.56,1026.08,0.0,0.0,8.0,924.9,IMELBO1849.csv
2022/12/03,02:19 PM,32.5,13.72,32.0,WNW,6.76,9.65,1025.74,0.0,0.0,9.0,993.0,IMELBO1849.csv
2022/12/03,02:24 PM,31.89,13.5,33.0,NW,5.79,8.04,1025.74,0.0,0.0,9.0,986.4,IMELBO1849.csv
2022/12/03,02:29 PM,31.33,13.5,34.0,West,5.31,7.72,1025.74,0.0,0.0,8.0,925.7,IMELBO1849.csv
2022/12/03,02:34 PM,31.56,13.5,33.0,WNW,5.15,7.72,1025.74,0.0,0.0,9.0,929.6,IMELBO1849.csv
2022/12/03,02:39 PM,32.44,13.56,32.0,West,2.25,3.22,1025.74,0.0,0.0,8.0,921.8,IMELBO1849.csv
2022/12/03,02:44 PM,31.28,13.44,34.0,SW,5.79,7.4,1025.4,0.0,0.0,8.0,910.5,IMELBO1849.csv
2022/12/03,02:49 PM,30.89,13.39,34.0,SW,8.04,10.94,1025.4,0.0,0.0,9.0,936.1,IMELBO1849.csv
2022/12/03,02:54 PM,30.94,13.17,34.0,SW,2.57,3.7,1025.4,0.0,0.0,8.0,889.3,IMELBO1849.csv
2022/12/03,02:59 PM,31.5,13.78,34.0,SW,8.04,10.62,1025.74,0.0,0.0,8.0,880.2,IMELBO1849.csv
2022/12/03,03:04 PM,31.72,16.22,39.0,SW,7.08,9.81,1025.4,0.0,0.0,8.0,909.7,IMELBO1849.csv
2022/12/03,03:09 PM,30.94,16.33,41.0,South,5.95,8.37,1025.4,0.0,0.0,9.0,933.9,IMELBO1849.csv
2022/12/03,03:14 PM,30.67,15.78,41.0,SSE,5.95,8.37,1025.4,0.0,0.0,8.0,825.5,IMELBO1849.csv
2022/12/03,03:19 PM,30.39,15.83,41.0,SW,3.22,4.51,1025.4,0.0,0.0,2.0,246.4,IMELBO1849.csv
2022/12/03,03:24 PM,30.33,16.11,42.0,SSW,4.83,7.24,1025.4,0.0,0.0,3.0,387.3,IMELBO1849.csv
2022/12/03,03:29 PM,30.0,15.83,42.0,SSE,4.51,6.6,1025.4,0.0,0.0,9.0,959.5,IMELBO1849.csv
2022/12/03,03:34 PM,30.39,16.06,42.0,ESE,4.18,5.79,1025.06,0.0,0.0,5.0,606.8,IMELBO1849.csv
2022/12/03,03:39 PM,30.06,15.94,43.0,ESE,4.99,6.44,1025.06,0.0,0.0,7.0,811.6,IMELBO1849.csv
2022/12/03,03:44 PM,29.83,15.61,42.0,East,3.06,3.86,1025.06,0.0,0.0,9.0,939.2,IMELBO1849.csv
2022/12/03,03:49 PM,30.61,15.78,41.0,East,3.06,4.02,1025.06,0.0,0.0,9.0,952.1,IMELBO1849.csv
2022/12/03,03:54 PM,30.89,15.72,40.0,SE,3.22,4.83,1025.06,0.0,0.0,9.0,930.5,IMELBO1849.csv
2022/12/03,03:59 PM,31.06,15.72,40.0,ESE,3.06,4.67,1025.06,0.0,0.0,9.0,956.9,IMELBO1849.csv
2022/12/03,04:04 PM,30.78,15.61,40.0,ESE,2.74,4.18,1025.06,0.0,0.0,8.0,874.1,IMELBO1849.csv
2022/12/03,04:09 PM,30.5,15.39,40.0,South,2.9,4.02,1025.06,0.0,0.0,8.0,826.4,IMELBO1849.csv
2022/12/03,04:14 PM,30.39,15.39,40.0,ESE,2.9,4.51,1025.06,0.0,0.0,8.0,869.7,IMELBO1849.csv
2022/12/03,04:19 PM,30.33,15.56,41.0,East,4.18,5.47,1025.06,0.0,0.0,8.0,902.7,IMELBO1849.csv
2022/12/03,04:24 PM,30.22,15.44,41.0,East,5.95,7.72,1024.72,0.0,0.0,2.0,224.2,IMELBO1849.csv
2022/12/03,04:29 PM,29.67,15.33,42.0,East,3.22,4.34,1024.72,0.0,0.0,1.0,179.1,IMELBO1849.csv
2022/12/03,04:34 PM,29.67,15.17,41.0,East,1.29,2.09,1024.72,0.0,0.0,1.0,194.8,IMELBO1849.csv
2022/12/03,04:39 PM,29.83,15.28,41.0,SE,2.74,4.34,1024.72,0.0,0.0,7.0,789.9,IMELBO1849.csv
2022/12/03,04:44 PM,30.28,15.61,41.0,ESE,5.31,8.21,1024.72,0.0,0.0,7.0,779.0,IMELBO1849.csv
2022/12/03,04:49 PM,30.72,15.89,41.0,SE,4.67,7.08,1024.72,0.0,0.0,7.0,778.7,IMELBO1849.csv
2022/12/03,04:54 PM,30.56,15.89,41.0,SSW,7.72,11.1,1024.72,0.0,0.0,7.0,744.4,IMELBO1849.csv
2022/12/03,04:59 PM,30.11,15.83,42.0,SSW,7.56,11.1,1024.72,0.0,0.0,4.0,506.6,IMELBO1849.csv
2022/12/03,05:04 PM,29.78,15.61,42.0,SE,4.99,7.08,1024.72,0.0,0.0,6.0,661.1,IMELBO1849.csv
2022/12/03,05:09 PM,29.94,15.72,42.0,SSW,5.79,8.85,1024.72,0.0,0.0,6.0,647.7,IMELBO1849.csv
2022/12/03,05:14 PM,29.67,15.5,42.0,South,4.99,7.24,1024.72,0.0,0.0,6.0,636.8,IMELBO1849.csv
2022/12/03,05:19 PM,30.22,15.39,41.0,SSE,4.83,7.08,1024.72,0.0,0.0,6.0,632.5,IMELBO1849.csv
2022/12/03,05:24 PM,30.17,15.44,41.0,South,6.28,8.69,1024.38,0.0,0.0,5.0,580.8,IMELBO1849.csv
2022/12/03,05:29 PM,30.17,15.39,41.0,SSW,5.63,7.88,1024.72,0.0,0.0,5.0,552.6,IMELBO1849.csv
2022/12/03,05:34 PM,30.17,15.39,41.0,South,5.95,8.53,1024.72,0.0,0.0,4.0,500.6,IMELBO1849.csv
2022/12/03,05:39 PM,29.5,15.33,42.0,SSW,6.6,9.17,1024.72,0.0,0.0,4.0,462.8,IMELBO1849.csv
2022/12/03,05:44 PM,29.11,15.0,42.0,SSW,8.21,11.91,1024.72,0.0,0.0,4.0,462.8,IMELBO1849.csv
2022/12/03,05:49 PM,29.06,15.22,43.0,SSW,7.08,9.81,1024.38,0.0,0.0,2.0,291.0,IMELBO1849.csv
2022/12/03,05:54 PM,28.67,15.17,44.0,South,5.47,8.37,1024.38,0.0,0.0,1.0,123.2,IMELBO1849.csv
2022/12/03,05:59 PM,28.33,14.94,44.0,SSW,8.69,12.07,1024.38,0.0,0.0,3.0,321.9,IMELBO1849.csv
2022/12/03,06:04 PM,28.33,14.94,44.0,South,6.6,9.65,1024.72,0.0,0.0,3.0,322.7,IMELBO1849.csv
2022/12/03,06:09 PM,28.33,14.94,44.0,South,6.6,10.14,1024.72,0.0,0.0,1.0,145.7,IMELBO1849.csv
2022/12/03,06:14 PM,28.22,14.44,43.0,SSW,4.83,6.76,1024.72,0.0,0.0,2.0,245.0,IMELBO1849.csv
2022/12/03,06:19 PM,28.44,14.44,42.0,South,7.24,10.3,1024.72,0.0,0.0,2.0,243.7,IMELBO1849.csv
2022/12/03,06:24 PM,28.28,14.5,43.0,SSW,6.92,9.49,1024.72,0.0,0.0,2.0,249.4,IMELBO1849.csv
2022/12/03,06:29 PM,28.17,14.44,43.0,SW,5.15,7.72,1024.72,0.0,0.0,2.0,255.4,IMELBO1849.csv
2022/12/03,06:34 PM,28.28,14.67,43.0,SSE,5.31,8.53,1024.72,0.0,0.0,2.0,253.7,IMELBO1849.csv
2022/12/03,06:39 PM,28.22,14.67,44.0,SSE,4.83,7.08,1024.72,0.0,0.0,2.0,237.2,IMELBO1849.csv
2022/12/03,06:44 PM,28.06,14.67,44.0,South,6.28,8.85,1025.06,0.0,0.0,2.0,203.4,IMELBO1849.csv
2022/12/03,06:49 PM,27.83,14.56,44.0,South,6.11,9.49,1025.06,0.0,0.0,1.0,162.2,IMELBO1849.csv
2022/12/03,06:54 PM,27.5,14.28,44.0,SW,7.4,9.49,1025.06,0.0,0.0,1.0,156.9,IMELBO1849.csv
2022/12/03,06:59 PM,27.44,14.17,44.0,SSW,6.92,9.81,1025.06,0.0,0.0,0.0,68.9,IMELBO1849.csv
2022/12/03,07:04 PM,27.44,14.06,44.0,South,4.67,6.76,1025.06,0.0,0.0,0.0,66.8,IMELBO1849.csv
2022/12/03,07:09 PM,27.28,14.11,44.0,SE,3.86,5.79,1025.06,0.0,0.0,0.0,69.4,IMELBO1849.csv
2022/12/03,07:14 PM,27.06,14.17,45.0,South,6.11,9.17,1025.06,0.0,0.0,0.0,80.3,IMELBO1849.csv
2022/12/03,07:19 PM,26.83,14.22,46.0,South,6.28,8.85,1025.06,0.0,0.0,0.0,81.1,IMELBO1849.csv
2022/12/03,07:24 PM,26.72,14.61,47.0,SSE,5.63,8.21,1025.06,0.0,0.0,0.0,80.3,IMELBO1849.csv
2022/12/03,07:29 PM,26.72,14.78,48.0,SSE,3.54,4.99,1025.06,0.0,0.0,0.0,77.2,IMELBO1849.csv
2022/12/03,07:34 PM,26.72,15.06,49.0,South,4.99,7.08,1025.4,0.0,0.0,0.0,69.4,IMELBO1849.csv
2022/12/03,07:39 PM,26.39,15.56,51.0,South,4.83,6.76,1025.4,0.0,0.0,0.0,57.6,IMELBO1849.csv
2022/12/03,07:44 PM,26.28,15.78,52.0,SSE,4.67,6.92,1025.06,0.0,0.0,0.0,47.2,IMELBO1849.csv
2022/12/03,07:49 PM,26.11,15.78,53.0,SSW,4.18,6.11,1025.4,0.0,0.0,0.0,38.5,IMELBO1849.csv
2022/12/03,07:54 PM,25.94,15.72,53.0,SSE,4.18,5.95,1025.4,0.0,0.0,0.0,30.7,IMELBO1849.csv
2022/12/03,07:59 PM,25.78,15.67,54.0,SSW,3.86,5.31,1025.4,0.0,0.0,0.0,24.7,IMELBO1849.csv
2022/12/03,08:04 PM,25.61,15.56,54.0,SSW,5.15,6.6,1025.4,0.0,0.0,0.0,20.3,IMELBO1849.csv
2022/12/03,08:09 PM,25.56,15.72,55.0,SSW,5.15,6.28,1025.4,0.0,0.0,0.0,17.7,IMELBO1849.csv
2022/12/03,08:14 PM,25.33,15.67,55.0,SSW,4.02,4.99,1025.4,0.0,0.0,0.0,14.3,IMELBO1849.csv
2022/12/03,08:19 PM,25.11,15.67,56.0,SW,5.63,7.72,1025.4,0.0,0.0,0.0,9.9,IMELBO1849.csv
2022/12/03,08:24 PM,24.89,15.67,57.0,SSW,3.54,4.67,1025.74,0.0,0.0,0.0,6.9,IMELBO1849.csv
2022/12/03,08:29 PM,24.72,15.67,57.0,SW,3.54,4.67,1025.4,0.0,0.0,0.0,3.8,IMELBO1849.csv
2022/12/03,08:34 PM,24.61,15.78,58.0,SW,5.15,6.76,1025.4,0.0,0.0,0.0,1.2,IMELBO1849.csv
2022/12/03,08:39 PM,24.56,15.78,58.0,SW,4.83,6.28,1025.74,0.0,0.0,0.0,0.9,IMELBO1849.csv
2022/12/03,08:44 PM,24.39,15.83,59.0,SW,4.83,6.28,1025.4,0.0,0.0,0.0,0.0,IMELBO1849.csv
2022/12/03,08:49 PM,24.28,15.78,59.0,SSW,4.02,4.99,1025.74,0.0,0.0,0.0,0.0,IMELBO1849.csv
2022/12/03,08:54 PM,24.22,15.72,59.0,SSW,2.57,3.06,1025.74,0.0,0.0,0.0,0.0,IMELBO1849.csv
2022/12/03,08:59 PM,24.06,15.67,59.0,SW,1.77,2.41,1025.74,0.0,0.0,0.0,0.0,IMELBO1849.csv
2022/12/03,09:04 PM,23.89,15.44,59.0,SSW,3.06,4.18,1025.74,0.0,0.0,0.0,0.0,IMELBO1849.csv
2022/12/03,09:09 PM,23.89,15.33,59.0,SW,3.22,3.7,1025.74,0.0,0.0,0.0,0.0,IMELBO1849.csv
2022/12/03,09:14 PM,23.89,15.28,59.0,SW,2.25,3.06,1025.74,0.0,0.0,0.0,0.0,IMELBO1849.csv
2022/12/03,09:19 PM,23.78,15.22,59.0,WSW,1.77,2.41,1025.74,0.0,0.0,0.0,0.0,IMELBO1849.csv
2022/12/03,09:24 PM,23.67,15.0,58.0,WSW,1.77,2.41,1025.74,0.0,0.0,0.0,0.0,IMELBO1849.csv
2022/12/03,09:29 PM,23.56,14.78,58.0,WSW,2.09,2.57,1026.08,0.0,0.0,0.0,0.0,IMELBO1849.csv
2022/12/03,09:34 PM,23.56,14.67,57.0,SW,1.93,2.57,1026.08,0.0,0.0,0.0,0.0,IMELBO1849.csv
2022/12/03,09:39 PM,23.39,14.39,57.0,SW,2.41,3.06,1026.08,0.0,0.0,0.0,0.0,IMELBO1849.csv
2022/12/03,09:44 PM,23.22,14.22,57.0,SW,1.29,2.09,1026.08,0.0,0.0,0.0,0.0,IMELBO1849.csv
2022/12/03,09:49 PM,23.0,14.11,57.0,SW,0.8,1.77,1026.08,0.0,0.0,0.0,0.0,IMELBO1849.csv
2022/12/03,09:54 PM,22.89,14.0,57.0,SW,0.32,1.13,1026.08,0.0,0.0,0.0,0.0,IMELBO1849.csv
2022/12/03,09:59 PM,22.78,13.89,57.0,SW,1.13,1.77,1026.08,0.0,0.0,0.0,0.0,IMELBO1849.csv
2022/12/03,10:04 PM,22.72,14.06,58.0,SW,0.32,0.8,1026.08,0.0,0.0,0.0,0.0,IMELBO1849.csv
2022/12/03,10:09 PM,22.39,14.28,60.0,SW,0.16,0.64,1026.08,0.0,0.0,0.0,0.0,IMELBO1849.csv
2022/12/03,10:14 PM,22.11,14.22,61.0,SW,0.32,0.64,1026.08,0.0,0.0,0.0,0.0,IMELBO1849.csv
2022/12/03,10:19 PM,21.83,14.39,62.0,SW,0.64,1.29,1026.08,0.0,0.0,0.0,0.0,IMELBO1849.csv
2022/12/03,10:24 PM,21.78,14.5,63.0,WSW,1.93,2.57,1026.41,0.0,0.0,0.0,0.0,IMELBO1849.csv
2022/12/03,10:29 PM,21.78,14.89,65.0,WNW,1.77,2.25,1026.41,0.0,0.0,0.0,0.0,IMELBO1849.csv
2022/12/03,10:34 PM,21.72,15.17,66.0,WNW,0.8,1.45,1026.41,0.0,0.0,0.0,0.0,IMELBO1849.csv
2022/12/03,10:39 PM,21.5,15.39,68.0,WNW,0.48,1.13,1026.08,0.0,0.0,0.0,0.0,IMELBO1849.csv
2022/12/03,10:44 PM,21.22,15.5,70.0,WNW,1.29,1.77,1026.08,0.0,0.0,0.0,0.0,IMELBO1849.csv
2022/12/03,10:49 PM,21.06,15.67,71.0,WNW,3.7,4.83,1026.08,0.0,0.0,0.0,0.0,IMELBO1849.csv
2022/12/03,10:54 PM,20.89,15.67,72.0,WNW,2.74,3.7,1026.08,0.0,0.0,0.0,0.0,IMELBO1849.csv
2022/12/03,10:59 PM,20.78,15.61,72.0,WNW,1.29,2.09,1026.08,0.0,0.0,0.0,0.0,IMELBO1849.csv
2022/12/03,11:04 PM,20.67,15.67,73.0,WNW,1.77,2.9,1026.08,0.0,0.0,0.0,0.0,IMELBO1849.csv
2022/12/03,11:09 PM,20.61,15.67,73.0,WNW,4.83,6.28,1026.41,0.0,0.0,0.0,0.0,IMELBO1849.csv
2022/12/03,11:14 PM,20.5,15.72,74.0,WNW,4.18,5.31,1026.08,0.0,0.0,0.0,0.0,IMELBO1849.csv
2022/12/03,11:19 PM,20.33,15.61,74.0,WNW,2.9,4.02,1026.08,0.0,0.0,0.0,0.0,IMELBO1849.csv
2022/12/03,11:24 PM,20.28,15.72,75.0,WNW,1.45,2.25,1026.08,0.0,0.0,0.0,0.0,IMELBO1849.csv
2022/12/03,11:29 PM,20.17,15.67,75.0,WNW,2.57,3.7,1026.08,0.0,0.0,0.0,0.0,IMELBO1849.csv
2022/12/03,11:34 PM,20.11,15.61,75.0,WNW,2.9,4.18,1026.08,0.0,0.0,0.0,0.0,IMELBO1849.csv
2022/12/03,11:39 PM,20.11,15.67,76.0,WNW,2.57,3.7,1026.08,0.0,0.0,0.0,0.0,IMELBO1849.csv
2022/12/03,11:44 PM,20.0,15.61,76.0,WNW,3.54,4.83,1026.08,0.0,0.0,0.0,0.0,IMELBO1849.csv
2022/12/03,11:49 PM,20.0,15.61,76.0,WNW,2.74,4.02,1026.08,0.0,0.0,0.0,0.0,IMELBO1849.csv
2022/12/03,11:54 PM,20.0,15.61,76.0,WNW,3.54,4.83,1026.08,0.0,0.0,0.0,0.0,IMELBO1849.csv
2022/12/03,11:59 PM,19.89,15.5,76.0,WNW,2.74,3.86,1026.08,0.0,0.0,0.0,0.0,IMELBO1849.csv
2022/12/04,12:04 AM,19.83,15.44,76.0,WNW,3.54,4.34,1026.08,0.0,0.0,0.0,0.0,IMELBO1849.csv
2022/12/04,12:09 AM,19.78,15.39,76.0,WNW,4.02,5.15,1026.08,0.0,0.0,0.0,0.0,IMELBO1849.csv
2022/12/04,12:14 AM,19.78,15.39,76.0,WNW,2.25,3.38,1026.08,0.0,0.0,0.0,0.0,IMELBO1849.csv
2022/12/04,12:19 AM,19.72,15.28,76.0,WNW,1.93,3.06,1026.08,0.0,0.0,0.0,0.0,IMELBO1849.csv
2022/12/04,12:24 AM,19.72,15.28,76.0,WNW,3.22,4.34,1026.08,0.0,0.0,0.0,0.0,IMELBO1849.csv
2022/12/04,12:29 AM,19.72,15.28,76.0,WNW,1.61,2.74,1026.08,0.0,0.0,0.0,0.0,IMELBO1849.csv
2022/12/04,12:34 AM,19.72,15.28,76.0,West,0.97,2.09,1026.08,0.0,0.0,0.0,0.0,IMELBO1849.csv
2022/12/04,12:39 AM,19.67,15.28,76.0,WNW,1.77,2.9,1026.08,0.0,0.0,0.0,0.0,IMELBO1849.csv
2022/12/04,12:44 AM,19.61,15.28,76.0,WNW,1.45,2.25,1025.74,0.0,0.0,0.0,0.0,IMELBO1849.csv
2022/12/04,12:49 AM,19.5,15.22,76.0,WNW,2.57,3.22,1025.74,0.0,0.0,0.0,0.0,IMELBO1849.csv
2022/12/04,12:54 AM,19.39,15.28,77.0,WNW,3.22,4.51,1025.74,0.0,0.0,0.0,0.0,IMELBO1849.csv
2022/12/04,12:59 AM,19.33,15.22,77.0,WNW,3.06,3.86,1025.74,0.0,0.0,0.0,0.0,IMELBO1849.csv
2022/12/04,01:04 AM,19.28,15.22,77.0,WNW,2.25,3.22,1025.4,0.0,0.0,0.0,0.0,IMELBO1849.csv
2022/12/04,01:09 AM,19.22,15.11,77.0,WNW,2.25,3.06,1025.4,0.0,0.0,0.0,0.0,IMELBO1849.csv
2022/12/04,01:14 AM,19.11,15.11,78.0,WNW,1.13,2.09,1025.4,0.0,0.0,0.0,0.0,IMELBO1849.csv
2022/12/04,01:19 AM,19.0,15.11,78.0,WNW,0.64,1.13,1025.4,0.0,0.0,0.0,0.0,IMELBO1849.csv
2022/12/04,01:24 AM,18.83,15.0,78.0,NW,0.8,1.29,1025.4,0.0,0.0,0.0,0.0,IMELBO1849.csv
2022/12/04,01:29 AM,18.78,14.83,78.0,NNW,0.64,1.29,1025.4,0.0,0.0,0.0,0.0,IMELBO1849.csv
2022/12/04,01:34 AM,18.72,14.78,78.0,NNW,0.32,0.8,1025.06,0.0,0.0,0.0,0.0,IMELBO1849.csv
2022/12/04,01:39 AM,18.72,14.83,78.0,NNW,0.0,0.16,1025.06,0.0,0.0,0.0,0.0,IMELBO1849.csv
2022/12/04,01:44 AM,18.56,14.83,79.0,NNW,0.64,0.97,1025.06,0.0,0.0,0.0,0.0,IMELBO1849.csv
2022/12/04,01:49 AM,18.33,14.78,80.0,NNW,0.32,0.97,1025.06,0.0,0.0,0.0,0.0,IMELBO1849.csv
2022/12/04,01:54 AM,18.17,14.44,79.0,NNW,0.8,1.61,1025.06,0.0,0.0,0.0,0.0,IMELBO1849.csv
2022/12/04,01:59 AM,18.06,14.33,79.0,NNW,1.13,1.77,1024.72,0.0,0.0,0.0,0.0,IMELBO1849.csv
2022/12/04,02:04 AM,18.0,14.28,79.0,,1.93,2.57,1025.06,0.0,0.0,0.0,0.0,IMELBO1849.csv
2022/12/04,02:09 AM,18.0,14.28,79.0,North,2.09,2.9,1025.06,0.0,0.0,0.0,0.0,IMELBO1849.csv
2022/12/04,02:14 AM,17.89,14.22,79.0,NNE,2.41,3.54,1025.06,0.0,0.0,0.0,0.0,IMELBO1849.csv
2022/12/04,02:19 AM,17.67,14.17,80.0,NE,2.09,2.9,1025.06,0.0,0.0,0.0,0.0,IMELBO1849.csv
2022/12/04,02:24 AM,17.44,14.11,81.0,NE,1.93,2.74,1025.06,0.0,0.0,0.0,0.0,IMELBO1849.csv
2022/12/04,02:29 AM,17.28,14.0,81.0,NE,2.25,3.22,1024.72,0.0,0.0,0.0,0.0,IMELBO1849.csv
2022/12/04,02:34 AM,17.28,14.0,81.0,NNE,2.25,3.06,1025.06,0.0,0.0,0.0,0.0,IMELBO1849.csv
2022/12/04,02:39 AM,17.22,13.94,81.0,NNE,2.09,2.74,1025.06,0.0,0.0,0.0,0.0,IMELBO1849.csv
2022/12/04,02:44 AM,17.17,13.83,81.0,NNE,1.93,2.74,1025.06,0.0,0.0,0.0,0.0,IMELBO1849.csv
2022/12/04,02:49 AM,17.11,13.78,81.0,NNE,1.77,2.74,1024.72,0.0,0.0,0.0,0.0,IMELBO1849.csv
2022/12/04,02:54 AM,17.11,13.78,81.0,NNE,0.97,1.61,1024.72,0.0,0.0,0.0,0.0,IMELBO1849.csv
2022/12/04,02:59 AM,17.0,13.83,82.0,NNE,0.16,0.64,1024.72,0.0,0.0,0.0,0.0,IMELBO1849.csv
2022/12/04,03:04 AM,16.89,13.78,82.0,NE,0.64,1.13,1024.72,0.0,0.0,0.0,0.0,IMELBO1849.csv
2022/12/04,03:09 AM,16.78,13.72,82.0,NNE,1.29,1.93,1024.72,0.0,0.0,0.0,0.0,IMELBO1849.csv
2022/12/04,03:14 AM,16.78,13.72,82.0,NNE,1.29,2.09,1024.38,0.0,0.0,0.0,0.0,IMELBO1849.csv
2022/12/04,03:19 AM,16.72,13.78,83.0,NNE,1.13,1.77,1024.38,0.0,0.0,0.0,0.0,IMELBO1849.csv
2022/12/04,03:24 AM,16.72,13.78,83.0,NNE,1.29,1.93,1024.72,0.0,0.0,0.0,0.0,IMELBO1849.csv
2022/12/04,03:29 AM,16.67,13.72,83.0,NNE,0.32,0.64,1024.38,0.0,0.0,0.0,0.0,IMELBO1849.csv
2022/12/04,03:34 AM,16.61,13.72,83.0,North,0.48,0.97,1024.38,0.0,0.0,0.0,0.0,IMELBO1849.csv
2022/12/04,03:39 AM,16.5,13.61,83.0,NNE,0.8,1.61,1024.38,0.0,0.0,0.0,0.0,IMELBO1849.csv
2022/12/04,03:44 AM,16.5,13.61,83.0,NNE,0.8,1.61,1024.38,0.0,0.0,0.0,0.0,IMELBO1849.csv
2022/12/04,03:49 AM,16.39,13.5,83.0,NE,0.97,1.45,1024.38,0.0,0.0,0.0,0.0,IMELBO1849.csv
2022/12/04,03:54 AM,16.33,13.67,84.0,NE,1.13,1.77,1024.38,0.0,0.0,0.0,0.0,IMELBO1849.csv
2022/12/04,03:59 AM,16.39,13.56,83.0,NNE,1.29,1.77,1024.38,0.0,0.0,0.0,0.0,IMELBO1849.csv
2022/12/04,04:04 AM,16.39,13.5,83.0,ENE,0.64,1.45,1024.38,0.0,0.0,0.0,0.0,IMELBO1849.csv
2022/12/04,04:09 AM,16.5,13.61,83.0,NE,0.16,0.48,1024.38,0.0,0.0,0.0,0.0,IMELBO1849.csv
2022/12/04,04:14 AM,16.44,13.56,83.0,NNE,0.16,0.32,1024.38,0.0,0.0,0.0,0.0,IMELBO1849.csv
2022/12/04,04:19 AM,16.39,13.5,83.0,NNE,0.48,0.64,1024.04,0.0,0.0,0.0,0.0,IMELBO1849.csv
2022/12/04,04:24 AM,16.33,13.44,83.0,NNE,0.64,1.29,1024.38,0.0,0.0,0.0,0.0,IMELBO1849.csv
2022/12/04,04:29 AM,16.44,13.44,83.0,NNE,0.8,1.61,1024.38,0.0,0.0,0.0,0.0,IMELBO1849.csv
2022/12/04,04:34 AM,16.5,13.39,82.0,NE,0.8,1.45,1024.04,0.0,0.0,0.0,0.0,IMELBO1849.csv
2022/12/04,04:39 AM,16.5,13.39,82.0,ENE,1.45,1.93,1024.04,0.0,0.0,0.0,0.0,IMELBO1849.csv
2022/12/04,04:44 AM,16.5,13.39,82.0,ENE,1.77,2.57,1024.04,0.0,0.0,0.0,0.0,IMELBO1849.csv
2022/12/04,04:49 AM,16.5,13.39,82.0,NE,0.64,1.13,1024.04,0.0,0.0,0.0,0.0,IMELBO1849.csv
2022/12/04,04:54 AM,16.44,13.33,82.0,ENE,0.64,1.45,1024.04,0.0,0.0,0.0,0.0,IMELBO1849.csv
2022/12/04,04:59 AM,16.39,13.28,82.0,NE,0.32,0.97,1024.04,0.0,0.0,0.0,0.0,IMELBO1849.csv
2022/12/04,05:04 AM,16.44,13.28,82.0,NE,1.45,1.93,1023.71,0.0,0.0,0.0,0.0,IMELBO1849.csv
2022/12/04,05:09 AM,16.5,13.22,81.0,NE,1.77,2.41,1023.71,0.0,0.0,0.0,0.0,IMELBO1849.csv
2022/12/04,05:14 AM,16.5,13.22,81.0,NNE,2.09,2.74,1023.71,0.0,0.0,0.0,0.0,IMELBO1849.csv
2022/12/04,05:19 AM,16.5,13.28,81.0,NNE,1.77,2.41,1023.71,0.0,0.0,0.0,0.0,IMELBO1849.csv
2022/12/04,05:24 AM,16.39,13.28,82.0,NNE,0.97,1.61,1024.04,0.0,0.0,0.0,0.0,IMELBO1849.csv
2022/12/04,05:29 AM,16.33,13.22,82.0,NNE,1.61,2.25,1024.04,0.0,0.0,0.0,0.0,IMELBO1849.csv
2022/12/04,05:34 AM,16.28,13.22,82.0,NNE,1.45,1.77,1023.71,0.0,0.0,0.0,0.0,IMELBO1849.csv
2022/12/04,05:39 AM,16.28,13.22,82.0,NNE,0.97,1.61,1023.71,0.0,0.0,0.0,0.0,IMELBO1849.csv
2022/12/04,05:44 AM,16.28,13.22,82.0,NE,0.97,1.61,1024.04,0.0,0.0,0.0,0.0,IMELBO1849.csv
2022/12/04,05:49 AM,16.28,13.22,82.0,NNE,1.45,2.09,1024.04,0.0,0.0,0.0,1.7,IMELBO1849.csv
2022/12/04,05:54 AM,16.22,13.17,82.0,NNE,1.77,2.57,1024.04,0.0,0.0,0.0,3.4,IMELBO1849.csv
2022/12/04,05:59 AM,16.22,13.11,82.0,NNE,1.61,2.25,1023.71,0.0,0.0,0.0,6.0,IMELBO1849.csv
2022/12/04,06:04 AM,16.22,13.11,82.0,NNE,1.93,2.57,1023.71,0.0,0.0,0.0,9.5,IMELBO1849.csv
2022/12/04,06:09 AM,16.22,13.11,82.0,NNE,1.93,2.57,1023.71,0.0,0.0,0.0,13.0,IMELBO1849.csv
2022/12/04,06:14 AM,16.28,13.22,82.0,NNE,1.45,2.25,1023.71,0.0,0.0,0.0,16.0,IMELBO1849.csv
2022/12/04,06:19 AM,16.39,13.28,82.0,NNW,1.13,1.77,1024.04,0.0,0.0,0.0,19.5,IMELBO1849.csv
2022/12/04,06:24 AM,16.28,13.22,82.0,,0.8,1.45,1024.04,0.0,0.0,0.0,23.4,IMELBO1849.csv
2022/12/04,06:29 AM,16.28,13.22,82.0,NNE,1.29,1.93,1024.04,0.0,0.0,0.0,25.9,IMELBO1849.csv
2022/12/04,06:34 AM,16.33,13.28,82.0,North,0.97,1.77,1024.04,0.0,0.0,0.0,29.5,IMELBO1849.csv
2022/12/04,06:39 AM,16.44,13.22,82.0,North,0.64,1.45,1024.04,0.0,0.0,0.0,32.4,IMELBO1849.csv
2022/12/04,06:44 AM,16.61,13.28,81.0,ENE,0.97,1.45,1024.04,0.0,0.0,0.0,35.1,IMELBO1849.csv
2022/12/04,06:49 AM,16.78,13.39,80.0,ENE,0.97,1.61,1024.04,0.0,0.0,0.0,47.2,IMELBO1849.csv
2022/12/04,06:54 AM,17.28,13.44,78.0,ENE,2.9,4.02,1023.71,0.0,0.0,0.0,51.1,IMELBO1849.csv
2022/12/04,06:59 AM,18.28,13.78,75.0,NE,3.54,4.99,1023.71,0.0,0.0,0.0,59.8,IMELBO1849.csv
2022/12/04,07:04 AM,19.0,13.89,72.0,NE,3.54,5.15,1024.04,0.0,0.0,0.0,83.7,IMELBO1849.csv
2022/12/04,07:09 AM,19.5,14.06,71.0,NE,4.67,6.6,1023.71,0.0,0.0,0.0,88.8,IMELBO1849.csv
2022/12/04,07:14 AM,19.89,14.17,69.0,NE,5.15,7.72,1023.71,0.0,0.0,1.0,104.1,IMELBO1849.csv
2022/12/04,07:19 AM,20.33,14.17,68.0,NNE,4.83,6.28,1023.71,0.0,0.0,1.0,121.0,IMELBO1849.csv
2022/12/04,07:24 AM,20.83,14.28,66.0,NNE,6.6,9.01,1024.04,0.0,0.0,1.0,129.7,IMELBO1849.csv
2022/12/04,07:29 AM,21.33,14.44,65.0,NNE,5.79,7.4,1024.04,0.0,0.0,1.0,150.5,IMELBO1849.csv
2022/12/04,07:34 AM,21.72,14.61,64.0,NE,5.15,7.4,1023.71,0.0,0.0,1.0,169.6,IMELBO1849.csv
2022/12/04,07:39 AM,22.22,14.72,63.0,NNE,5.79,7.88,1023.71,0.0,0.0,1.0,177.4,IMELBO1849.csv
2022/12/04,07:44 AM,22.72,14.89,61.0,NNE,4.99,6.92,1023.71,0.0,0.0,1.0,196.8,IMELBO1849.csv
2022/12/04,07:49 AM,23.17,15.06,60.0,NNE,5.15,7.24,1024.04,0.0,0.0,2.0,206.9,IMELBO1849.csv
2022/12/04,07:54 AM,23.56,15.11,59.0,NNE,5.79,7.4,1024.04,0.0,0.0,2.0,221.2,IMELBO1849.csv
2022/12/04,07:59 AM,23.89,15.17,58.0,NNE,5.95,7.88,1024.04,0.0,0.0,2.0,248.5,IMELBO1849.csv
2022/12/04,08:04 AM,24.22,15.28,57.0,NNE,5.63,7.72,1024.04,0.0,0.0,2.0,251.5,IMELBO1849.csv
2022/12/04,08:09 AM,24.56,15.56,57.0,NE,4.67,6.44,1024.38,0.0,0.0,2.0,273.3,IMELBO1849.csv
2022/12/04,08:14 AM,25.0,15.67,56.0,NE,5.15,7.56,1024.04,0.0,0.0,2.0,275.4,IMELBO1849.csv
2022/12/04,08:19 AM,25.39,15.83,56.0,NE,5.31,7.24,1024.04,0.0,0.0,2.0,303.6,IMELBO1849.csv
2022/12/04,08:24 AM,25.89,16.11,55.0,NE,4.34,6.28,1024.04,0.0,0.0,3.0,329.7,IMELBO1849.csv
2022/12/04,08:29 AM,26.56,15.44,51.0,NNE,4.99,7.24,1024.04,0.0,0.0,3.0,341.8,IMELBO1849.csv
2022/12/04,08:34 AM,27.22,14.39,45.0,NE,6.6,9.81,1024.38,0.0,0.0,3.0,360.4,IMELBO1849.csv
2022/12/04,08:39 AM,27.67,14.06,43.0,North,7.88,10.46,1024.38,0.0,0.0,3.0,374.4,IMELBO1849.csv
2022/12/04,08:44 AM,28.06,13.94,42.0,North,7.56,10.62,1024.38,0.0,0.0,3.0,380.0,IMELBO1849.csv
2022/12/04,08:49 AM,28.22,13.72,41.0,NNE,8.21,11.58,1024.38,0.0,0.0,3.0,377.4,IMELBO1849.csv
2022/12/04,08:54 AM,28.44,13.67,40.0,,6.11,8.04,1024.38,0.0,0.0,4.0,411.7,IMELBO1849.csv
2022/12/04,08:59 AM,28.78,13.78,40.0,North,6.92,10.3,1024.38,0.0,0.0,4.0,429.4,IMELBO1849.csv
2022/12/04,09:04 AM,29.0,13.78,39.0,North,7.08,9.98,1024.38,0.0,0.0,4.0,435.5,IMELBO1849.csv
2022/12/04,09:09 AM,29.17,13.78,39.0,NNE,7.08,9.65,1024.38,0.0,0.0,4.0,466.4,IMELBO1849.csv
2022/12/04,09:14 AM,29.33,13.89,39.0,North,7.08,10.78,1024.38,0.0,0.0,4.0,480.2,IMELBO1849.csv
2022/12/04,09:19 AM,29.33,13.72,38.0,North,10.78,15.45,1024.38,0.0,0.0,4.0,482.4,IMELBO1849.csv
2022/12/04,09:24 AM,29.11,13.61,39.0,North,9.01,13.52,1024.38,0.0,0.0,4.0,489.3,IMELBO1849.csv
2022/12/04,09:29 AM,29.28,13.44,38.0,NNW,8.37,12.39,1024.38,0.0,0.0,4.0,505.7,IMELBO1849.csv
2022/12/04,09:34 AM,29.28,13.61,38.0,NNW,10.14,14.64,1024.38,0.0,0.0,5.0,514.9,IMELBO1849.csv
2022/12/04,09:39 AM,29.39,13.61,38.0,,7.56,11.1,1024.04,0.0,0.0,5.0,517.5,IMELBO1849.csv
2022/12/04,09:44 AM,29.72,13.78,38.0,NNW,9.98,14.64,1024.04,0.0,0.0,5.0,558.7,IMELBO1849.csv
2022/12/04,09:49 AM,29.61,13.67,38.0,NNW,8.37,14.0,1024.04,0.0,0.0,5.0,580.4,IMELBO1849.csv
2022/12/04,09:54 AM,29.78,13.78,38.0,,9.01,14.32,1024.04,0.0,0.0,5.0,591.3,IMELBO1849.csv
2022/12/04,09:59 AM,30.11,13.89,37.0,North,7.88,11.58,1024.04,0.0,0.0,5.0,603.0,IMELBO1849.csv
2022/12/04,10:04 AM,30.22,13.78,37.0,,10.78,15.77,1024.04,0.0,0.0,6.0,619.4,IMELBO1849.csv
2022/12/04,10:09 AM,30.06,13.5,36.0,NW,11.42,16.89,1024.04,0.0,0.0,6.0,624.2,IMELBO1849.csv
2022/12/04,10:14 AM,30.06,13.5,36.0,NW,9.98,15.93,1023.71,0.0,0.0,6.0,622.9,IMELBO1849.csv
2022/12/04,10:19 AM,30.56,13.78,36.0,NNW,9.33,13.84,1023.71,0.0,0.0,6.0,641.2,IMELBO1849.csv
2022/12/04,10:24 AM,30.72,13.83,36.0,NNW,9.49,14.32,1023.71,0.0,0.0,6.0,643.2,IMELBO1849.csv
2022/12/04,10:29 AM,31.0,13.94,35.0,NNW,8.85,13.52,1023.71,0.0,0.0,6.0,648.0,IMELBO1849.csv
2022/12/04,10:34 AM,31.28,14.06,35.0,NNW,8.04,12.39,1023.37,0.0,0.0,6.0,691.9,IMELBO1849.csv
2022/12/04,10:39 AM,31.11,13.72,35.0,NE,11.75,16.25,1023.37,0.0,0.0,6.0,700.1,IMELBO1849.csv
2022/12/04,10:44 AM,31.11,13.83,35.0,NNW,9.98,14.64,1023.37,0.0,0.0,6.0,710.0,IMELBO1849.csv
2022/12/04,10:49 AM,31.22,13.94,35.0,NNW,8.53,12.87,1023.37,0.0,0.0,6.0,704.0,IMELBO1849.csv
2022/12/04,10:54 AM,31.72,14.11,34.0,NNW,10.3,14.16,1023.71,0.0,0.0,7.0,733.0,IMELBO1849.csv
2022/12/04,10:59 AM,31.61,14.0,34.0,,11.1,16.25,1023.37,0.0,0.0,7.0,730.1,IMELBO1849.csv
2022/12/04,11:04 AM,31.72,14.11,34.0,NNW,8.85,12.87,1023.37,0.0,0.0,7.0,729.6,IMELBO1849.csv
2022/12/04,11:09 AM,31.89,14.17,34.0,,12.55,17.86,1023.37,0.0,0.0,7.0,759.6,IMELBO1849.csv
2022/12/04,11:14 AM,31.67,14.0,34.0,,11.1,17.06,1023.37,0.0,0.0,7.0,771.2,IMELBO1849.csv
2022/12/04,11:19 AM,31.78,14.06,34.0,NNE,13.52,18.18,1023.37,0.0,0.0,7.0,773.0,IMELBO1849.csv
2022/12/04,11:24 AM,31.72,14.17,34.0,North,10.78,15.45,1023.03,0.0,0.0,7.0,781.2,IMELBO1849.csv
2022/12/04,11:29 AM,31.78,14.06,34.0,NNW,9.49,13.52,1023.03,0.0,0.0,7.0,787.7,IMELBO1849.csv
2022/12/04,11:34 AM,32.11,14.28,34.0,North,11.75,15.77,1023.03,0.0,0.0,7.0,798.1,IMELBO1849.csv
2022/12/04,11:39 AM,32.33,14.61,34.0,North,9.98,13.68,1023.03,0.0,0.0,7.0,797.8,IMELBO1849.csv
2022/12/04,11:44 AM,32.44,14.44,34.0,NNW,9.01,13.68,1023.03,0.0,0.0,7.0,798.1,IMELBO1849.csv
2022/12/04,11:49 AM,32.28,14.39,34.0,North,10.14,14.8,1023.03,0.0,0.0,7.0,816.0,IMELBO1849.csv
2022/12/04,11:54 AM,32.61,14.72,34.0,NNW,8.37,12.39,1023.03,0.0,0.0,8.0,838.5,IMELBO1849.csv
2022/12/04,11:59 AM,32.44,14.67,34.0,NE,12.55,17.54,1022.69,0.0,0.0,8.0,839.8,IMELBO1849.csv
2022/12/04,12:04 PM,32.22,14.17,34.0,,13.03,16.73,1022.69,0.0,0.0,8.0,826.8,IMELBO1849.csv
2022/12/04,12:09 PM,32.22,14.39,34.0,NNE,10.62,15.12,1022.69,0.0,0.0,8.0,824.2,IMELBO1849.csv
2022/12/04,12:14 PM,32.22,14.39,34.0,North,10.46,15.45,1022.69,0.0,0.0,8.0,834.2,IMELBO1849.csv
2022/12/04,12:19 PM,32.39,14.39,34.0,,11.75,16.09,1022.69,0.0,0.0,8.0,835.1,IMELBO1849.csv
2022/12/04,12:24 PM,32.61,14.33,33.0,,8.69,12.55,1022.69,0.0,0.0,8.0,835.1,IMELBO1849.csv
2022/12/04,12:29 PM,32.67,14.5,33.0,North,11.26,14.96,1022.35,0.0,0.0,8.0,832.9,IMELBO1849.csv
2022/12/04,12:34 PM,32.83,14.61,33.0,North,7.88,12.39,1022.35,0.0,0.0,8.0,835.9,IMELBO1849.csv
2022/12/04,12:39 PM,33.22,14.56,33.0,North,9.81,14.16,1022.35,0.0,0.0,8.0,836.3,IMELBO1849.csv
2022/12/04,12:44 PM,32.89,14.33,33.0,North,10.78,14.32,1022.35,0.0,0.0,8.0,836.8,IMELBO1849.csv
2022/12/04,12:49 PM,32.78,14.0,32.0,North,11.58,15.61,1022.35,0.0,0.0,8.0,835.4,IMELBO1849.csv
2022/12/04,12:54 PM,32.94,14.11,32.0,,11.26,17.38,1022.35,0.0,0.0,7.0,806.0,IMELBO1849.csv
2022/12/04,12:59 PM,33.17,14.0,31.0,North,9.81,14.32,1022.35,0.0,0.0,7.0,766.4,IMELBO1849.csv
2022/12/04,01:04 PM,32.94,14.06,32.0,NNE,7.72,11.75,1022.35,0.0,0.0,8.0,835.4,IMELBO1849.csv
2022/12/04,01:09 PM,33.39,14.33,32.0,NNE,8.69,12.39,1022.01,0.0,0.0,8.0,841.9,IMELBO1849.csv
2022/12/04,01:14 PM,33.5,14.33,31.0,NNW,10.62,15.45,1022.35,0.0,0.0,8.0,841.5,IMELBO1849.csv
2022/12/04,01:19 PM,33.67,14.17,31.0,NW,6.44,10.3,1022.01,0.0,0.0,8.0,854.5,IMELBO1849.csv
2022/12/04,01:24 PM,33.67,14.94,32.0,,7.56,10.3,1022.01,0.0,0.0,8.0,863.2,IMELBO1849.csv
2022/12/04,01:29 PM,33.78,15.22,33.0,NNE,9.01,12.55,1022.01,0.0,0.0,8.0,858.9,IMELBO1849.csv
2022/12/04,01:34 PM,33.61,14.78,32.0,North,8.69,13.52,1022.01,0.0,0.0,7.0,817.2,IMELBO1849.csv
2022/12/04,01:39 PM,33.83,14.17,31.0,NW,9.17,14.0,1022.01,0.0,0.0,8.0,826.8,IMELBO1849.csv
2022/12/04,01:44 PM,33.61,14.33,31.0,NNW,9.49,15.12,1022.01,0.0,0.0,8.0,829.4,IMELBO1849.csv
2022/12/04,01:49 PM,33.61,14.67,32.0,North,8.53,11.75,1022.01,0.0,0.0,8.0,885.0,IMELBO1849.csv
2022/12/04,01:54 PM,34.11,15.0,32.0,,5.95,8.37,1021.67,0.0,0.0,8.0,839.0,IMELBO1849.csv
2022/12/04,01:59 PM,34.44,15.17,32.0,,7.24,10.78,1022.01,0.0,0.0,8.0,868.8,IMELBO1849.csv
2022/12/04,02:04 PM,34.56,14.78,31.0,,7.4,11.58,1021.67,0.0,0.0,8.0,883.1,IMELBO1849.csv
2022/12/04,02:09 PM,34.44,15.11,31.0,,8.04,11.91,1021.67,0.0,0.0,7.0,786.5,IMELBO1849.csv
2022/12/04,02:14 PM,33.78,14.83,32.0,NNW,8.37,11.75,1021.33,0.0,0.0,7.0,721.4,IMELBO1849.csv
2022/12/04,02:19 PM,33.67,14.33,31.0,NNW,9.33,14.0,1021.33,0.0,0.0,6.0,674.9,IMELBO1849.csv
2022/12/04,02:24 PM,33.5,14.44,32.0,NNW,6.44,9.65,1021.33,0.0,0.0,8.0,829.8,IMELBO1849.csv
2022/12/04,02:29 PM,34.0,14.44,31.0,NNE,9.98,14.64,1021.33,0.0,0.0,8.0,914.5,IMELBO1849.csv
2022/12/04,02:34 PM,33.83,14.33,31.0,North,8.85,12.07,1021.33,0.0,0.0,8.0,832.0,IMELBO1849.csv
2022/12/04,02:39 PM,33.78,14.44,31.0,NNW,6.76,9.81,1021.0,0.0,0.0,5.0,570.5,IMELBO1849.csv
2022/12/04,02:44 PM,33.72,13.89,30.0,North,9.65,12.87,1021.0,0.0,0.0,7.0,779.0,IMELBO1849.csv
2022/12/04,02:49 PM,34.17,13.94,30.0,North,6.6,8.69,1021.0,0.0,0.0,9.0,988.2,IMELBO1849.csv
2022/12/04,02:54 PM,34.44,14.11,29.0,NE,11.58,16.09,1021.0,0.0,0.0,8.0,905.3,IMELBO1849.csv
2022/12/04,02:59 PM,34.17,13.89,29.0,NE,8.37,12.07,1021.0,0.0,0.0,7.0,749.2,IMELBO1849.csv
2022/12/04,03:04 PM,34.44,13.56,28.0,NNW,8.04,11.75,1020.66,0.0,0.0,9.0,944.3,IMELBO1849.csv
2022/12/04,03:09 PM,34.39,13.83,29.0,NNW,6.6,10.14,1020.66,0.0,0.0,7.0,821.6,IMELBO1849.csv
2022/12/04,03:14 PM,34.44,13.5,28.0,,9.01,13.03,1020.66,0.0,0.0,6.0,687.2,IMELBO1849.csv
2022/12/04,03:19 PM,34.33,13.39,28.0,NW,8.21,11.91,1020.32,0.0,0.0,6.0,715.8,IMELBO1849.csv
2022/12/04,03:24 PM,34.17,13.39,28.0,North,8.21,11.91,1020.66,0.0,0.0,5.0,586.0,IMELBO1849.csv
2022/12/04,03:29 PM,34.22,13.17,28.0,NNE,6.76,9.65,1020.66,0.0,0.0,5.0,603.8,IMELBO1849.csv
2022/12/04,03:34 PM,34.0,13.44,29.0,North,6.92,9.49,1020.32,0.0,0.0,5.0,565.2,IMELBO1849.csv
2022/12/04,03:39 PM,34.28,13.83,29.0,,5.47,8.37,1019.98,0.0,0.0,7.0,746.5,IMELBO1849.csv
2022/12/04,03:44 PM,34.67,13.83,29.0,NNW,4.99,7.08,1019.98,0.0,0.0,6.0,695.4,IMELBO1849.csv
2022/12/04,03:49 PM,34.78,13.94,29.0,,5.31,7.24,1019.98,0.0,0.0,8.0,849.4,IMELBO1849.csv
2022/12/04,03:54 PM,34.67,13.5,28.0,WNW,6.28,9.65,1019.98,0.0,0.0,9.0,975.6,IMELBO1849.csv
2022/12/04,03:59 PM,34.44,13.78,29.0,,6.44,9.17,1019.98,0.0,0.0,8.0,920.1,IMELBO1849.csv
2022/12/04,04:04 PM,34.17,13.56,29.0,North,6.11,9.17,1019.98,0.0,0.0,8.0,900.2,IMELBO1849.csv
2022/12/04,04:09 PM,33.89,13.06,28.0,North,6.92,10.3,1019.64,0.0,0.0,8.0,838.1,IMELBO1849.csv
2022/12/04,04:14 PM,33.61,12.78,28.0,NE,9.65,13.19,1019.64,0.0,0.0,7.0,811.6,IMELBO1849.csv
2022/12/04,04:19 PM,34.11,12.89,28.0,NNE,7.72,10.62,1019.64,0.0,0.0,7.0,802.9,IMELBO1849.csv
2022/12/04,04:24 PM,34.39,12.44,27.0,North,9.17,13.19,1019.64,0.0,0.0,6.0,653.3,IMELBO1849.csv
2022/12/04,04:29 PM,34.06,12.33,27.0,NNE,7.72,10.62,1019.64,0.0,0.0,8.0,839.3,IMELBO1849.csv
2022/12/04,04:34 PM,34.72,12.89,27.0,NNW,6.11,8.85,1019.64,0.0,0.0,8.0,845.8,IMELBO1849.csv
2022/12/04,04:39 PM,34.67,12.78,27.0,North,6.28,9.01,1019.64,0.0,0.0,8.0,829.4,IMELBO1849.csv
2022/12/04,04:44 PM,34.72,12.83,27.0,North,7.24,10.14,1019.3,0.0,0.0,7.0,749.5,IMELBO1849.csv
2022/12/04,04:49 PM,34.72,12.72,27.0,,8.53,11.75,1019.3,0.0,0.0,7.0,749.2,IMELBO1849.csv
2022/12/04,04:54 PM,34.83,12.56,26.0,NNE,8.85,11.42,1019.3,0.0,0.0,7.0,749.2,IMELBO1849.csv
2022/12/04,04:59 PM,34.56,12.44,26.0,NNE,8.53,12.23,1019.3,0.0,0.0,7.0,739.2,IMELBO1849.csv
2022/12/04,05:04 PM,34.61,12.5,26.0,NNE,6.76,9.01,1019.3,0.0,0.0,6.0,690.6,IMELBO1849.csv
2022/12/04,05:09 PM,34.83,12.5,26.0,,8.37,11.75,1019.3,0.0,0.0,6.0,657.5,IMELBO1849.csv
2022/12/04,05:14 PM,34.11,12.11,26.0,North,7.08,9.49,1018.96,0.0,0.0,5.0,536.6,IMELBO1849.csv
2022/12/04,05:19 PM,34.0,12.06,26.0,NNE,5.95,8.21,1018.96,0.0,0.0,6.0,660.2,IMELBO1849.csv
2022/12/04,05:24 PM,33.94,12.28,27.0,North,4.99,6.92,1018.96,0.0,0.0,5.0,609.8,IMELBO1849.csv
2022/12/04,05:29 PM,34.44,12.72,27.0,North,4.34,6.11,1018.63,0.0,0.0,5.0,587.3,IMELBO1849.csv
2022/12/04,05:34 PM,34.67,12.94,27.0,NNE,5.63,7.56,1018.63,0.0,0.0,5.0,513.6,IMELBO1849.csv
2022/12/04,05:39 PM,34.22,12.22,26.0,North,8.04,10.94,1018.96,0.0,0.0,4.0,458.9,IMELBO1849.csv
2022/12/04,05:44 PM,34.11,12.11,26.0,NNW,4.99,7.24,1018.96,0.0,0.0,3.0,396.5,IMELBO1849.csv
2022/12/04,05:49 PM,33.94,12.39,27.0,NNW,4.34,6.11,1018.63,0.0,0.0,2.0,235.5,IMELBO1849.csv
2022/12/04,05:54 PM,33.83,11.89,26.0,NW,4.34,6.11,1018.63,0.0,0.0,3.0,341.8,IMELBO1849.csv
2022/12/04,05:59 PM,33.94,12.28,27.0,NNE,3.54,4.99,1018.63,0.0,0.0,3.0,323.6,IMELBO1849.csv
2022/12/04,06:04 PM,33.94,12.33,27.0,NNE,4.02,5.79,1018.63,0.0,0.0,3.0,320.5,IMELBO1849.csv
2022/12/04,06:09 PM,34.22,12.06,26.0,North,5.47,7.88,1018.29,0.0,0.0,3.0,321.0,IMELBO1849.csv
2022/12/04,06:14 PM,34.44,12.0,26.0,,4.51,5.95,1018.29,0.0,0.0,2.0,272.8,IMELBO1849.csv
2022/12/04,06:19 PM,34.17,11.94,26.0,,4.51,6.11,1018.29,0.0,0.0,2.0,242.5,IMELBO1849.csv
2022/12/04,06:24 PM,33.67,11.72,26.0,NNW,3.7,5.47,1018.29,0.0,0.0,1.0,101.4,IMELBO1849.csv
2022/12/04,06:29 PM,33.28,11.78,27.0,NNE,4.83,6.6,1018.29,0.0,0.0,1.0,109.2,IMELBO1849.csv
2022/12/04,06:34 PM,33.22,11.61,27.0,,5.31,7.4,1018.29,0.0,0.0,1.0,124.4,IMELBO1849.csv
2022/12/04,06:39 PM,33.11,11.61,27.0,NNW,4.18,5.63,1018.29,0.0,0.0,1.0,153.5,IMELBO1849.csv
2022/12/04,06:44 PM,32.94,11.83,28.0,North,3.86,5.63,1018.29,0.0,0.0,1.0,140.4,IMELBO1849.csv
2022/12/04,06:49 PM,32.83,12.0,28.0,,3.7,5.63,1018.29,0.0,0.0,1.0,147.1,IMELBO1849.csv
2022/12/04,06:54 PM,32.78,12.0,28.0,NNE,3.54,4.83,1018.29,0.0,0.0,1.0,159.5,IMELBO1849.csv
2022/12/04,06:59 PM,32.78,12.28,29.0,North,3.54,4.83,1018.29,0.0,0.0,1.0,121.4,IMELBO1849.csv
2022/12/04,07:04 PM,32.67,12.33,29.0,NNE,4.34,5.63,1018.29,0.0,0.0,0.0,98.0,IMELBO1849.csv
2022/12/04,07:09 PM,32.5,12.33,29.0,NNE,4.51,6.11,1018.29,0.0,0.0,0.0,83.7,IMELBO1849.csv
2022/12/04,07:14 PM,32.33,12.56,30.0,North,3.54,4.99,1018.29,0.0,0.0,0.0,76.3,IMELBO1849.csv
2022/12/04,07:19 PM,32.17,12.61,30.0,North,2.9,4.51,1018.29,0.0,0.0,0.0,76.3,IMELBO1849.csv
2022/12/04,07:24 PM,32.06,12.44,30.0,NNE,4.02,4.83,1018.29,0.0,0.0,0.0,69.7,IMELBO1849.csv
2022/12/04,07:29 PM,31.89,12.61,31.0,NNE,3.7,4.83,1018.29,0.0,0.0,0.0,55.9,IMELBO1849.csv
2022/12/04,07:34 PM,31.72,12.67,31.0,NNE,2.25,3.7,1018.29,0.0,0.0,0.0,49.8,IMELBO1849.csv
2022/12/04,07:39 PM,31.61,12.83,32.0,NNE,3.06,4.51,1018.29,0.0,0.0,0.0,41.6,IMELBO1849.csv
2022/12/04,07:44 PM,31.44,12.94,32.0,NNE,1.93,2.9,1018.29,0.0,0.0,0.0,30.3,IMELBO1849.csv
2022/12/04,07:49 PM,31.17,13.28,34.0,NNE,1.77,2.57,1018.29,0.0,0.0,0.0,17.3,IMELBO1849.csv
2022/12/04,07:54 PM,30.89,13.56,35.0,NNW,1.13,1.93,1018.29,0.0,0.0,0.0,10.4,IMELBO1849.csv
2022/12/04,07:59 PM,30.67,13.72,36.0,NW,1.77,2.57,1018.29,0.0,0.0,0.0,7.7,IMELBO1849.csv
2022/12/04,08:04 PM,30.5,13.61,36.0,NW,0.8,1.77,1018.63,0.0,0.0,0.0,8.2,IMELBO1849.csv
2022/12/04,08:09 PM,30.44,13.33,35.0,NW,1.29,2.09,1018.29,0.0,0.0,0.0,6.9,IMELBO1849.csv
2022/12/04,08:14 PM,30.28,13.39,35.0,North,1.45,2.25,1018.29,0.0,0.0,0.0,5.6,IMELBO1849.csv
2022/12/04,08:19 PM,30.22,13.28,36.0,North,1.77,2.41,1018.29,0.0,0.0,0.0,5.6,IMELBO1849.csv
2022/12/04,08:24 PM,30.06,13.39,36.0,North,1.45,2.09,1018.29,0.0,0.0,0.0,4.8,IMELBO1849.csv
2022/12/04,08:29 PM,29.83,13.56,37.0,North,1.45,2.09,1017.95,0.0,0.0,0.0,2.1,IMELBO1849.csv
2022/12/04,08:34 PM,29.72,13.44,37.0,North,1.61,2.25,1017.95,0.0,0.0,0.0,0.4,IMELBO1849.csv
2022/12/04,08:39 PM,29.61,13.44,37.0,NNE,1.45,1.93,1017.95,0.0,0.0,0.0,0.0,IMELBO1849.csv
2022/12/04,08:44 PM,29.33,13.56,38.0,NE,1.45,2.09,1017.95,0.0,0.0,0.0,0.0,IMELBO1849.csv
2022/12/04,08:49 PM,29.17,13.44,38.0,NNE,2.74,3.22,1017.95,0.0,0.0,0.0,0.0,IMELBO1849.csv
2022/12/04,08:54 PM,28.94,13.33,38.0,NE,1.77,2.41,1017.95,0.0,0.0,0.0,0.0,IMELBO1849.csv
2022/12/04,08:59 PM,28.72,13.39,39.0,NE,2.25,2.9,1017.95,0.0,0.0,0.0,0.0,IMELBO1849.csv
2022/12/04,09:04 PM,28.44,13.44,40.0,NNE,2.9,3.7,1017.95,0.0,0.0,0.0,0.0,IMELBO1849.csv
2022/12/04,09:09 PM,28.28,13.44,40.0,NNE,1.93,2.41,1017.61,0.0,0.0,0.0,0.0,IMELBO1849.csv
2022/12/04,09:14 PM,28.06,13.72,41.0,NE,2.57,3.54,1017.61,0.0,0.0,0.0,0.0,IMELBO1849.csv
2022/12/04,09:19 PM,27.78,13.83,42.0,NE,4.18,5.79,1017.61,0.0,0.0,0.0,0.0,IMELBO1849.csv
2022/12/04,09:24 PM,27.5,13.89,43.0,NE,4.18,5.47,1017.61,0.0,0.0,0.0,0.0,IMELBO1849.csv
2022/12/04,09:29 PM,27.17,13.89,44.0,NNE,6.44,9.33,1017.61,0.0,0.0,0.0,0.0,IMELBO1849.csv
2022/12/04,09:34 PM,26.94,13.72,44.0,NNE,5.15,6.92,1017.61,0.0,0.0,0.0,0.0,IMELBO1849.csv
2022/12/04,09:39 PM,26.89,13.61,44.0,NNE,6.11,8.37,1017.61,0.0,0.0,0.0,0.0,IMELBO1849.csv
2022/12/04,09:44 PM,27.0,13.39,43.0,NE,7.08,10.14,1017.61,0.0,0.0,0.0,0.0,IMELBO1849.csv
2022/12/04,09:49 PM,26.94,13.39,43.0,NNE,6.76,9.01,1017.61,0.0,0.0,0.0,0.0,IMELBO1849.csv
2022/12/04,09:54 PM,26.67,13.44,44.0,NNE,6.11,8.21,1017.61,0.0,0.0,0.0,0.0,IMELBO1849.csv
2022/12/04,09:59 PM,26.44,13.44,45.0,NNE,5.95,8.04,1017.61,0.0,0.0,0.0,0.0,IMELBO1849.csv
2022/12/04,10:04 PM,26.22,13.44,45.0,NE,6.11,8.04,1017.27,0.0,0.0,0.0,0.0,IMELBO1849.csv
2022/12/04,10:09 PM,26.06,13.5,46.0,NNE,5.79,7.88,1017.27,0.0,0.0,0.0,0.0,IMELBO1849.csv
2022/12/04,10:14 PM,26.0,13.44,46.0,NNE,6.6,8.53,1017.27,0.0,0.0,0.0,0.0,IMELBO1849.csv
2022/12/04,10:19 PM,26.0,13.5,46.0,NNE,6.6,8.69,1017.27,0.0,0.0,0.0,0.0,IMELBO1849.csv
2022/12/04,10:24 PM,25.94,13.44,46.0,NNE,5.79,7.72,1017.27,0.0,0.0,0.0,0.0,IMELBO1849.csv
2022/12/04,10:29 PM,25.89,13.56,47.0,NNE,5.31,7.24,1017.27,0.0,0.0,0.0,0.0,IMELBO1849.csv
2022/12/04,10:34 PM,25.78,13.56,47.0,NNE,5.47,7.4,1017.27,0.0,0.0,0.0,0.0,IMELBO1849.csv
2022/12/04,10:39 PM,25.78,13.61,47.0,NNE,4.67,6.28,1017.27,0.0,0.0,0.0,0.0,IMELBO1849.csv
2022/12/04,10:44 PM,25.94,13.56,46.0,NNE,3.86,4.99,1016.93,0.0,0.0,0.0,0.0,IMELBO1849.csv
2022/12/04,10:49 PM,26.5,13.39,44.0,NNE,5.79,7.4,1016.93,0.0,0.0,0.0,0.0,IMELBO1849.csv
2022/12/04,10:54 PM,27.17,13.56,43.0,North,6.44,9.17,1016.93,0.0,0.0,0.0,0.0,IMELBO1849.csv
2022/12/04,10:59 PM,27.28,13.61,43.0,NNE,5.15,6.92,1016.93,0.0,0.0,0.0,0.0,IMELBO1849.csv
2022/12/04,11:04 PM,27.44,13.33,42.0,,5.15,7.56,1017.27,0.0,0.0,0.0,0.0,IMELBO1849.csv
2022/12/04,11:09 PM,27.78,13.28,41.0,NW,4.67,7.08,1017.27,0.0,0.0,0.0,0.0,IMELBO1849.csv
2022/12/04,11:14 PM,28.0,13.22,40.0,WNW,4.18,6.11,1017.27,0.0,0.0,0.0,0.0,IMELBO1849.csv
2022/12/04,11:19 PM,27.94,13.5,41.0,WNW,3.86,5.63,1017.27,0.0,0.0,0.0,0.0,IMELBO1849.csv
2022/12/04,11:24 PM,27.83,13.44,41.0,NW,2.25,3.38,1017.27,0.0,0.0,0.0,0.0,IMELBO1849.csv
2022/12/04,11:29 PM,27.72,13.28,41.0,NW,3.38,4.67,1016.93,0.0,0.0,0.0,0.0,IMELBO1849.csv
2022/12/04,11:34 PM,27.72,13.33,41.0,,3.7,5.95,1016.93,0.0,0.0,0.0,0.0,IMELBO1849.csv
2022/12/04,11:39 PM,27.89,13.5,41.0,NNE,4.18,5.79,1016.59,0.0,0.0,0.0,0.0,IMELBO1849.csv
2022/12/04,11:44 PM,27.78,13.39,41.0,North,3.38,5.15,1016.93,0.0,0.0,0.0,0.0,IMELBO1849.csv
2022/12/04,11:49 PM,27.83,13.56,41.0,West,5.79,9.17,1017.61,0.0,0.0,0.0,0.0,IMELBO1849.csv
2022/12/04,11:54 PM,26.61,14.72,48.0,WSW,5.15,8.21,1018.29,0.0,0.0,0.0,0.0,IMELBO1849.csv
2022/12/04,11:59 PM,25.44,14.28,50.0,SW,7.88,12.07,1018.29,0.0,0.0,0.0,0.0,IMELBO1849.csv
2022/12/05,12:04 AM,24.78,14.61,53.0,SW,11.42,17.38,1018.29,0.0,0.0,0.0,0.0,IMELBO1849.csv
2022/12/05,12:09 AM,23.78,14.56,56.0,SW,10.94,14.8,1018.63,0.0,0.0,0.0,0.0,IMELBO1849.csv
2022/12/05,12:14 AM,23.28,14.61,58.0,WSW,10.3,14.16,1018.63,0.0,0.0,0.0,0.0,IMELBO1849.csv
2022/12/05,12:19 AM,23.0,14.61,59.0,SW,11.91,15.77,1018.63,0.0,0.0,0.0,0.0,IMELBO1849.csv
2022/12/05,12:24 AM,22.83,14.33,59.0,WSW,7.08,9.81,1018.96,0.0,0.0,0.0,0.0,IMELBO1849.csv
2022/12/05,12:29 AM,22.44,13.5,57.0,WSW,6.28,8.53,1019.3,0.0,0.0,0.0,0.0,IMELBO1849.csv
2022/12/05,12:34 AM,21.94,12.83,56.0,WSW,7.24,11.26,1019.3,0.0,0.0,0.0,0.0,IMELBO1849.csv
2022/12/05,12:39 AM,21.61,12.22,55.0,WSW,7.24,10.78,1019.3,0.0,0.0,0.0,0.0,IMELBO1849.csv
2022/12/05,12:44 AM,21.39,11.94,55.0,WSW,8.53,11.91,1019.3,0.0,0.0,0.0,0.0,IMELBO1849.csv
2022/12/05,12:49 AM,21.17,12.0,56.0,SW,10.46,15.29,1019.3,0.0,0.0,0.0,0.0,IMELBO1849.csv
2022/12/05,12:54 AM,21.11,12.17,57.0,WSW,9.81,14.16,1019.3,0.0,0.0,0.0,0.0,IMELBO1849.csv
2022/12/05,12:59 AM,20.89,12.61,59.0,WSW,9.81,13.52,1019.3,0.0,0.0,0.0,0.0,IMELBO1849.csv
2022/12/05,01:04 AM,20.67,12.78,60.0,SW,9.17,12.07,1018.96,0.0,0.0,0.0,0.0,IMELBO1849.csv
2022/12/05,01:09 AM,20.5,12.78,61.0,SW,8.69,12.07,1019.3,0.0,0.0,0.0,0.0,IMELBO1849.csv
2022/12/05,01:14 AM,20.44,13.0,62.0,SW,9.17,12.23,1019.3,0.0,0.0,0.0,0.0,IMELBO1849.csv
2022/12/05,01:19 AM,20.28,13.11,63.0,SW,9.33,12.55,1018.96,0.0,0.0,0.0,0.0,IMELBO1849.csv
2022/12/05,01:24 AM,20.0,13.0,64.0,WSW,8.69,11.58,1018.96,0.0,0.0,0.0,0.0,IMELBO1849.csv
2022/12/05,01:29 AM,20.0,13.06,64.0,WSW,8.53,11.1,1018.96,0.0,0.0,0.0,0.0,IMELBO1849.csv
2022/12/05,01:34 AM,19.83,13.06,65.0,SW,8.37,12.55,1018.96,0.0,0.0,0.0,0.0,IMELBO1849.csv
2022/12/05,01:39 AM,19.72,13.22,66.0,WSW,6.28,8.37,1018.96,0.0,0.0,0.0,0.0,IMELBO1849.csv
2022/12/05,01:44 AM,19.61,13.11,66.0,SW,7.08,9.81,1018.63,0.0,0.0,0.0,0.0,IMELBO1849.csv
2022/12/05,01:49 AM,19.5,13.0,66.0,SW,8.21,11.42,1018.63,0.0,0.0,0.0,0.0,IMELBO1849.csv
2022/12/05,01:54 AM,19.39,12.89,66.0,SW,7.24,10.14,1018.63,0.0,0.0,0.0,0.0,IMELBO1849.csv
2022/12/05,01:59 AM,19.39,13.06,67.0,SW,6.92,9.65,1018.96,0.0,0.0,0.0,0.0,IMELBO1849.csv
2022/12/05,02:04 AM,19.28,13.28,68.0,WSW,6.76,9.98,1018.96,0.0,0.0,0.0,0.0,IMELBO1849.csv
2022/12/05,02:09 AM,19.06,13.33,70.0,SW,5.95,8.04,1018.63,0.0,0.0,0.0,0.0,IMELBO1849.csv
2022/12/05,02:14 AM,18.94,13.33,70.0,SW,5.63,7.56,1018.63,0.0,0.0,0.0,0.0,IMELBO1849.csv
2022/12/05,02:19 AM,18.89,13.44,71.0,WSW,6.11,8.21,1018.63,0.0,0.0,0.0,0.0,IMELBO1849.csv
2022/12/05,02:24 AM,18.72,13.44,72.0,SW,7.4,9.81,1018.63,0.0,0.0,0.0,0.0,IMELBO1849.csv
2022/12/05,02:29 AM,18.61,13.39,72.0,SW,7.56,9.81,1018.29,0.0,0.0,0.0,0.0,IMELBO1849.csv
2022/12/05,02:34 AM,18.44,13.5,73.0,SW,5.31,7.4,1018.63,0.0,0.0,0.0,0.0,IMELBO1849.csv
2022/12/05,02:39 AM,18.39,13.5,73.0,SW,6.92,9.49,1018.63,0.0,0.0,0.0,0.0,IMELBO1849.csv
2022/12/05,02:44 AM,18.28,13.61,74.0,SW,7.4,10.14,1018.96,0.0,0.0,0.0,0.0,IMELBO1849.csv
2022/12/05,02:49 AM,18.22,13.61,74.0,SW,5.47,7.56,1018.63,0.0,0.0,0.0,0.0,IMELBO1849.csv
2022/12/05,02:54 AM,18.06,13.61,75.0,SW,7.08,9.33,1018.96,0.0,0.0,0.0,0.0,IMELBO1849.csv
2022/12/05,02:59 AM,17.78,13.56,77.0,WSW,8.21,11.42,1018.96,0.0,0.0,0.0,0.0,IMELBO1849.csv
2022/12/05,03:04 AM,17.61,13.5,77.0,WSW,6.44,8.37,1018.63,0.0,0.0,0.0,0.0,IMELBO1849.csv
2022/12/05,03:09 AM,17.61,13.5,77.0,WSW,6.28,8.85,1018.96,0.0,0.0,0.0,0.0,IMELBO1849.csv
2022/12/05,03:14 AM,17.56,13.44,77.0,SW,5.47,7.4,1018.96,0.0,0.0,0.0,0.0,IMELBO1849.csv
2022/12/05,03:19 AM,17.5,13.39,77.0,WSW,5.79,8.37,1018.63,0.0,0.0,0.0,0.0,IMELBO1849.csv
2022/12/05,03:24 AM,17.33,13.44,78.0,WSW,6.11,8.37,1018.63,0.0,0.0,0.0,0.0,IMELBO1849.csv
2022/12/05,03:29 AM,17.28,13.22,77.0,SW,6.92,9.33,1018.96,0.0,0.0,0.0,0.0,IMELBO1849.csv
2022/12/05,03:34 AM,17.28,13.17,77.0,WSW,6.11,8.69,1018.63,0.0,0.0,0.0,0.0,IMELBO1849.csv
2022/12/05,03:39 AM,17.22,13.11,77.0,WSW,5.63,8.21,1019.3,0.0,0.0,0.0,0.0,IMELBO1849.csv
2022/12/05,03:44 AM,17.22,13.11,77.0,West,3.54,5.31,1019.3,0.0,0.0,0.0,0.0,IMELBO1849.csv
2022/12/05,03:49 AM,17.22,13.0,76.0,SW,4.51,7.4,1019.3,0.0,0.0,0.0,0.0,IMELBO1849.csv
2022/12/05,03:54 AM,17.22,12.89,76.0,SW,3.54,5.47,1019.3,0.0,0.0,0.0,0.0,IMELBO1849.csv
2022/12/05,03:59 AM,17.22,12.89,76.0,West,5.79,9.33,1019.3,0.0,0.0,0.0,0.0,IMELBO1849.csv
2022/12/05,04:04 AM,17.17,12.83,76.0,WSW,3.22,5.63,1019.3,0.0,0.0,0.0,0.0,IMELBO1849.csv
2022/12/05,04:09 AM,17.22,12.89,76.0,West,2.9,4.02,1019.64,0.0,0.0,0.0,0.0,IMELBO1849.csv
2022/12/05,04:14 AM,17.22,12.89,76.0,West,4.02,5.79,1019.98,0.0,0.0,0.0,0.0,IMELBO1849.csv
2022/12/05,04:19 AM,17.22,12.89,76.0,WSW,4.83,6.92,1019.98,0.0,0.0,0.0,0.0,IMELBO1849.csv
2022/12/05,04:24 AM,17.22,12.89,76.0,WSW,3.54,5.15,1019.98,0.0,0.0,0.0,0.0,IMELBO1849.csv
2022/12/05,04:29 AM,17.22,12.89,76.0,WSW,4.51,6.44,1019.98,0.0,0.0,0.0,0.0,IMELBO1849.csv
2022/12/05,04:34 AM,17.11,13.0,77.0,WSW,4.34,6.6,1019.98,0.0,0.0,0.0,0.0,IMELBO1849.csv
2022/12/05,04:39 AM,17.0,12.89,77.0,SW,6.44,8.85,1019.64,0.0,0.0,0.0,0.0,IMELBO1849.csv
2022/12/05,04:44 AM,17.0,13.11,78.0,SW,6.11,9.33,1019.64,0.0,0.0,0.0,0.0,IMELBO1849.csv
2022/12/05,04:49 AM,16.89,13.28,79.0,WSW,4.67,7.24,1019.98,0.0,0.0,0.0,0.0,IMELBO1849.csv
2022/12/05,04:54 AM,16.78,13.33,80.0,SW,3.22,5.31,1019.64,0.0,0.0,0.0,0.0,IMELBO1849.csv
2022/12/05,04:59 AM,16.72,13.22,80.0,West,3.06,4.67,1019.98,0.0,0.0,0.0,0.0,IMELBO1849.csv
2022/12/05,05:04 AM,16.72,13.22,80.0,WSW,3.7,5.63,1019.98,0.0,0.0,0.0,0.0,IMELBO1849.csv
2022/12/05,05:09 AM,16.78,13.22,79.0,WNW,1.77,2.41,1019.98,0.0,0.0,0.0,0.0,IMELBO1849.csv
2022/12/05,05:14 AM,16.78,13.17,79.0,West,3.38,5.63,1019.98,0.0,0.0,0.0,0.0,IMELBO1849.csv
2022/12/05,05:19 AM,16.78,13.0,78.0,West,2.57,4.18,1019.98,0.0,0.0,0.0,0.0,IMELBO1849.csv
2022/12/05,05:24 AM,16.83,13.06,78.0,WSW,3.86,6.11,1019.98,0.0,0.0,0.0,0.0,IMELBO1849.csv
2022/12/05,05:29 AM,16.78,13.0,78.0,WSW,3.86,6.11,1020.32,0.0,0.0,0.0,0.0,IMELBO1849.csv
2022/12/05,05:34 AM,16.78,13.0,78.0,SW,4.99,6.92,1020.32,0.0,0.0,0.0,0.0,IMELBO1849.csv
2022/12/05,05:39 AM,16.72,12.89,78.0,WSW,6.44,9.98,1020.66,0.0,0.0,0.0,0.0,IMELBO1849.csv
2022/12/05,05:44 AM,16.72,12.89,78.0,SW,4.34,6.28,1020.32,0.0,0.0,0.0,0.0,IMELBO1849.csv
2022/12/05,05:49 AM,16.72,13.0,79.0,WSW,3.7,5.31,1020.32,0.0,0.0,0.0,0.0,IMELBO1849.csv
2022/12/05,05:54 AM,16.72,13.11,79.0,SW,3.06,4.83,1020.32,0.0,0.0,0.0,0.0,IMELBO1849.csv
2022/12/05,05:59 AM,16.72,13.11,79.0,WSW,3.7,5.95,1020.32,0.0,0.0,0.0,1.7,IMELBO1849.csv
2022/12/05,06:04 AM,16.72,13.11,79.0,WSW,3.54,5.31,1020.32,0.0,0.0,0.0,4.8,IMELBO1849.csv
2022/12/05,06:09 AM,16.61,13.0,79.0,SW,4.18,6.76,1020.66,0.0,0.0,0.0,9.1,IMELBO1849.csv
2022/12/05,06:14 AM,16.61,13.0,79.0,SW,4.34,7.4,1021.0,0.0,0.0,0.0,15.2,IMELBO1849.csv
2022/12/05,06:19 AM,16.56,12.94,79.0,SW,3.06,4.83,1021.0,0.0,0.0,0.0,22.9,IMELBO1849.csv
2022/12/05,06:24 AM,16.56,12.94,79.0,WSW,4.34,6.76,1021.0,0.0,0.0,0.0,25.9,IMELBO1849.csv
2022/12/05,06:29 AM,16.5,12.89,79.0,West,4.67,7.08,1021.0,0.0,0.0,0.0,30.7,IMELBO1849.csv
2022/12/05,06:34 AM,16.39,12.78,79.0,WSW,5.63,8.53,1021.0,0.0,0.0,0.0,28.1,IMELBO1849.csv
2022/12/05,06:39 AM,16.28,12.72,79.0,WSW,4.51,6.6,1021.0,0.0,0.0,0.0,25.9,IMELBO1849.csv
2022/12/05,06:44 AM,16.28,12.72,79.0,SW,4.51,6.44,1021.0,0.0,0.0,0.0,24.2,IMELBO1849.csv
2022/12/05,06:49 AM,16.28,12.72,79.0,WSW,1.93,2.9,1020.66,0.0,0.0,0.0,29.0,IMELBO1849.csv
2022/12/05,06:54 AM,16.28,12.72,79.0,SW,5.15,7.24,1020.66,0.0,0.0,0.0,53.7,IMELBO1849.csv
2022/12/05,06:59 AM,16.22,12.61,79.0,WSW,4.34,6.6,1021.0,0.0,0.0,0.0,72.4,IMELBO1849.csv
2022/12/05,07:04 AM,16.33,12.61,78.0,West,3.7,5.31,1021.0,0.0,0.0,0.0,79.8,IMELBO1849.csv
2022/12/05,07:09 AM,16.56,12.61,78.0,WSW,3.86,5.15,1021.0,0.0,0.0,0.0,91.5,IMELBO1849.csv
2022/12/05,07:14 AM,16.56,12.61,78.0,SW,7.56,11.1,1021.0,0.0,0.0,1.0,114.0,IMELBO1849.csv
2022/12/05,07:19 AM,16.39,12.61,78.0,SW,3.7,5.95,1021.67,0.0,0.0,0.0,59.3,IMELBO1849.csv
2022/12/05,07:24 AM,16.39,12.61,78.0,WSW,4.18,5.79,1021.67,0.0,0.0,0.0,53.3,IMELBO1849.csv
2022/12/05,07:29 AM,16.5,12.72,78.0,WSW,4.99,7.24,1021.67,0.0,0.0,0.0,49.4,IMELBO1849.csv
2022/12/05,07:34 AM,16.28,12.67,79.0,SW,5.79,8.53,1021.67,0.0,0.0,0.0,42.5,IMELBO1849.csv
2022/12/05,07:39 AM,16.22,12.67,79.0,WSW,9.01,13.03,1021.33,0.0,0.0,0.0,39.9,IMELBO1849.csv
2022/12/05,07:44 AM,16.17,12.56,79.0,WSW,5.95,8.85,1021.33,0.0,0.0,0.0,37.2,IMELBO1849.csv
2022/12/05,07:49 AM,16.22,12.72,80.0,SW,8.04,11.58,1021.67,0.0,0.0,0.0,21.2,IMELBO1849.csv
2022/12/05,07:54 AM,15.83,13.11,84.0,WSW,9.65,13.19,1022.01,0.0,0.0,0.0,16.9,IMELBO1849.csv
2022/12/05,07:59 AM,15.33,13.22,87.0,SW,7.88,10.78,1022.01,0.0,0.0,0.0,23.4,IMELBO1849.csv
2022/12/05,08:04 AM,15.11,13.22,89.0,SW,7.72,11.58,1022.01,0.0,0.0,0.0,36.8,IMELBO1849.csv
2022/12/05,08:09 AM,14.89,13.11,89.0,SW,8.69,11.26,1022.01,0.0,0.0,0.0,49.4,IMELBO1849.csv
2022/12/05,08:14 AM,14.83,13.17,90.0,WSW,9.17,12.71,1022.01,0.0,0.0,0.0,71.6,IMELBO1849.csv
2022/12/05,08:19 AM,14.72,12.94,89.0,SW,11.42,15.45,1022.01,0.0,0.0,0.0,80.6,IMELBO1849.csv
2022/12/05,08:24 AM,14.67,12.72,88.0,SW,12.07,16.89,1021.67,0.0,0.0,0.0,73.3,IMELBO1849.csv
2022/12/05,08:29 AM,14.72,12.72,88.0,SW,9.81,13.35,1022.01,0.0,0.0,0.0,63.7,IMELBO1849.csv
2022/12/05,08:34 AM,14.72,12.67,88.0,SW,9.49,12.71,1022.01,0.0,0.0,0.0,72.4,IMELBO1849.csv
2022/12/05,08:39 AM,14.78,12.61,87.0,SW,9.65,12.07,1022.01,0.0,0.0,0.0,93.6,IMELBO1849.csv
2022/12/05,08:44 AM,14.78,12.28,85.0,SW,12.71,17.38,1022.01,0.0,0.0,1.0,107.9,IMELBO1849.csv
2022/12/05,08:49 AM,14.94,12.22,84.0,SW,9.49,12.87,1022.35,0.0,0.0,1.0,101.9,IMELBO1849.csv
2022/12/05,08:54 AM,15.06,12.06,82.0,SW,10.3,14.16,1022.35,0.0,0.0,1.0,160.5,IMELBO1849.csv
2022/12/05,08:59 AM,15.28,11.94,81.0,SW,11.91,16.89,1022.01,0.0,0.0,1.0,185.6,IMELBO1849.csv
2022/12/05,09:04 AM,15.56,11.94,79.0,SW,10.14,13.52,1022.35,0.0,0.0,2.0,235.0,IMELBO1849.csv
2022/12/05,09:09 AM,15.78,11.78,77.0,SW,12.71,18.02,1022.01,1.78,0.25,2.0,235.0,IMELBO1849.csv
2022/12/05,09:14 AM,15.83,11.83,77.0,SW,11.75,15.77,1022.01,1.78,0.25,1.0,195.6,IMELBO1849.csv
2022/12/05,09:19 AM,15.83,11.83,77.0,SW,10.94,14.96,1022.35,1.78,0.25,2.0,218.1,IMELBO1849.csv
2022/12/05,09:24 AM,15.78,11.78,77.0,SW,14.8,19.63,1022.35,0.0,0.25,1.0,182.5,IMELBO1849.csv
2022/12/05,09:29 AM,15.72,11.72,77.0,SW,12.07,16.89,1022.35,0.0,0.25,1.0,160.0,IMELBO1849.csv
2022/12/05,09:34 AM,15.33,11.67,79.0,SW,14.32,18.5,1022.35,0.0,0.25,1.0,112.3,IMELBO1849.csv
2022/12/05,09:39 AM,15.17,11.61,79.0,SW,11.75,17.22,1022.69,0.0,0.25,0.0,75.8,IMELBO1849.csv
2022/12/05,09:44 AM,14.83,11.89,83.0,SW,10.3,13.84,1022.69,0.0,0.25,0.0,69.7,IMELBO1849.csv
2022/12/05,09:49 AM,14.39,11.83,85.0,SW,12.87,17.06,1022.69,0.0,0.25,0.0,68.5,IMELBO1849.csv
2022/12/05,09:54 AM,14.17,11.83,86.0,SW,10.3,13.68,1022.35,0.0,0.25,0.0,88.4,IMELBO1849.csv
2022/12/05,09:59 AM,14.22,11.83,86.0,SW,9.01,12.55,1022.69,0.0,0.25,0.0,75.0,IMELBO1849.csv
2022/12/05,10:04 AM,14.28,11.78,85.0,WSW,9.17,13.03,1022.69,0.0,0.25,0.0,74.1,IMELBO1849.csv
2022/12/05,10:09 AM,14.44,11.83,85.0,WSW,8.69,11.91,1022.69,0.0,0.25,0.0,88.4,IMELBO1849.csv
2022/12/05,10:14 AM,14.61,11.33,81.0,SW,11.58,15.29,1022.69,0.0,0.25,1.0,152.2,IMELBO1849.csv
2022/12/05,10:19 AM,15.11,11.33,78.0,SW,7.56,10.14,1022.69,0.0,0.25,1.0,194.3,IMELBO1849.csv
2022/12/05,10:24 AM,15.44,11.17,76.0,SW,9.98,13.84,1022.69,0.0,0.25,2.0,220.3,IMELBO1849.csv
2022/12/05,10:29 AM,15.72,10.78,73.0,SW,10.3,14.32,1022.69,0.0,0.25,2.0,205.1,IMELBO1849.csv
2022/12/05,10:34 AM,15.72,10.67,72.0,SW,14.32,18.99,1022.69,0.0,0.25,1.0,201.2,IMELBO1849.csv
2022/12/05,10:39 AM,15.61,10.94,74.0,SW,14.16,18.83,1022.69,0.0,0.25,1.0,202.6,IMELBO1849.csv
2022/12/05,10:44 AM,15.44,11.5,77.0,SSW,12.87,17.7,1023.03,0.0,0.25,0.0,90.7,IMELBO1849.csv
2022/12/05,10:49 AM,14.83,11.78,82.0,SW,11.1,14.8,1023.03,0.0,0.25,1.0,160.5,IMELBO1849.csv
2022/12/05,10:54 AM,14.61,11.5,82.0,SW,10.3,14.16,1023.03,0.0,0.25,1.0,183.9,IMELBO1849.csv
2022/12/05,10:59 AM,15.0,11.33,79.0,SW,8.21,11.91,1023.03,0.0,0.25,2.0,250.3,IMELBO1849.csv
2022/12/05,11:04 AM,15.5,11.22,76.0,SSW,11.42,15.77,1023.03,0.0,0.25,2.0,287.1,IMELBO1849.csv
2022/12/05,11:09 AM,15.72,10.89,73.0,SW,14.16,19.47,1023.03,0.0,0.25,2.0,222.9,IMELBO1849.csv
2022/12/05,11:14 AM,15.94,10.56,70.0,SW,11.91,15.61,1023.03,0.0,0.25,3.0,357.3,IMELBO1849.csv
2022/12/05,11:19 AM,16.44,10.22,67.0,SW,12.71,16.89,1023.03,0.0,0.25,3.0,351.4,IMELBO1849.csv
2022/12/05,11:24 AM,16.67,10.17,66.0,South,14.64,20.76,1023.03,0.0,0.25,5.0,551.4,IMELBO1849.csv
2022/12/05,11:29 AM,17.06,10.17,64.0,SSW,14.8,20.92,1023.03,0.0,0.25,8.0,867.1,IMELBO1849.csv
2022/12/05,11:34 AM,17.39,10.44,64.0,SW,14.8,20.11,1023.03,0.0,0.25,5.0,550.5,IMELBO1849.csv
2022/12/05,11:39 AM,17.28,10.11,63.0,SSW,15.77,22.04,1023.03,0.0,0.25,7.0,766.1,IMELBO1849.csv
2022/12/05,11:44 AM,17.67,9.94,60.0,SW,13.68,18.5,1023.03,0.0,0.25,9.0,999.8,IMELBO1849.csv
2022/12/05,11:49 AM,18.61,11.0,61.0,SSW,14.64,19.15,1023.03,0.0,0.25,10.0,1107.5,IMELBO1849.csv
2022/12/05,11:54 AM,17.78,10.39,62.0,SW,14.32,20.76,1023.37,0.0,0.25,10.0,1068.8,IMELBO1849.csv
2022/12/05,11:59 AM,17.83,10.0,60.0,SW,15.29,19.79,1023.37,0.0,0.25,7.0,795.5,IMELBO1849.csv
2022/12/05,12:04 PM,17.89,10.11,60.0,SW,14.32,20.92,1023.37,0.0,0.25,10.0,1051.5,IMELBO1849.csv
2022/12/05,12:09 PM,18.11,9.94,59.0,SW,15.12,20.76,1023.37,0.0,0.25,10.0,1061.0,IMELBO1849.csv
2022/12/05,12:14 PM,17.94,10.28,61.0,SSW,13.84,18.99,1023.37,0.0,0.25,3.0,395.6,IMELBO1849.csv
2022/12/05,12:19 PM,17.61,10.17,62.0,SW,15.29,20.27,1023.37,0.0,0.25,10.0,1073.6,IMELBO1849.csv
2022/12/05,12:24 PM,17.67,10.0,61.0,SW,15.61,20.92,1023.37,0.0,0.25,9.0,997.8,IMELBO1849.csv
2022/12/05,12:29 PM,17.94,10.0,60.0,SW,13.52,18.83,1023.71,0.0,0.25,9.0,986.9,IMELBO1849.csv
2022/12/05,12:34 PM,18.22,10.17,59.0,SW,15.93,21.72,1023.71,0.0,0.25,5.0,588.7,IMELBO1849.csv
2022/12/05,12:39 PM,17.56,10.22,62.0,SSW,16.73,22.37,1023.71,0.0,0.25,10.0,1090.1,IMELBO1849.csv
2022/12/05,12:44 PM,17.78,10.22,61.0,SSW,18.5,24.46,1023.71,0.0,0.25,11.0,1196.8,IMELBO1849.csv
2022/12/05,12:49 PM,17.89,10.22,61.0,SW,13.84,18.34,1023.71,0.0,0.25,11.0,1143.5,IMELBO1849.csv
2022/12/05,12:54 PM,18.33,10.22,59.0,SW,14.32,19.95,1023.71,0.0,0.25,7.0,760.8,IMELBO1849.csv
2022/12/05,12:59 PM,17.67,10.44,63.0,SW,17.7,24.78,1023.71,0.0,0.25,4.0,419.0,IMELBO1849.csv
2022/12/05,01:04 PM,17.28,9.94,62.0,SW,12.71,17.7,1023.71,0.0,0.25,5.0,580.4,IMELBO1849.csv
2022/12/05,01:09 PM,17.22,9.94,62.0,SW,13.03,17.7,1023.71,0.0,0.25,11.0,1152.2,IMELBO1849.csv
2022/12/05,01:14 PM,17.94,10.39,61.0,SW,10.46,14.48,1023.71,0.0,0.25,12.0,1283.6,IMELBO1849.csv
2022/12/05,01:19 PM,18.56,10.83,61.0,SW,11.91,16.09,1023.71,0.0,0.25,10.0,1045.5,IMELBO1849.csv
2022/12/05,01:24 PM,17.67,10.06,61.0,SSW,18.5,23.97,1023.71,0.0,0.25,6.0,684.5,IMELBO1849.csv
2022/12/05,01:29 PM,17.56,9.89,61.0,SSW,12.87,17.54,1023.71,0.0,0.25,6.0,680.5,IMELBO1849.csv
2022/12/05,01:34 PM,17.83,10.17,61.0,SW,16.41,21.88,1023.71,0.0,0.25,4.0,503.6,IMELBO1849.csv
2022/12/05,01:39 PM,17.44,10.0,62.0,SW,13.03,17.22,1023.71,0.0,0.25,4.0,452.9,IMELBO1849.csv
2022/12/05,01:44 PM,17.61,10.06,61.0,SSW,12.87,16.73,1023.71,0.0,0.25,8.0,887.9,IMELBO1849.csv
2022/12/05,01:49 PM,17.72,10.17,61.0,SW,13.52,18.66,1023.71,0.0,0.25,3.0,388.2,IMELBO1849.csv
2022/12/05,01:54 PM,17.33,10.39,64.0,SW,16.41,23.01,1023.71,0.0,0.25,3.0,322.7,IMELBO1849.csv
2022/12/05,01:59 PM,16.67,10.39,67.0,SW,15.29,21.56,1024.04,0.0,0.25,2.0,239.8,IMELBO1849.csv
2022/12/05,02:04 PM,16.39,10.22,67.0,WSW,13.35,19.95,1024.04,0.0,0.25,3.0,317.1,IMELBO1849.csv
2022/12/05,02:09 PM,16.33,10.39,68.0,SW,12.23,16.89,1024.04,0.0,0.25,2.0,206.4,IMELBO1849.csv
2022/12/05,02:14 PM,16.28,10.78,70.0,SW,14.16,18.99,1024.04,0.0,0.25,2.0,209.9,IMELBO1849.csv
2022/12/05,02:19 PM,15.72,11.72,77.0,SSW,13.68,19.47,1024.04,0.0,0.25,1.0,166.5,IMELBO1849.csv
2022/12/05,02:24 PM,14.72,11.5,81.0,SW,11.91,15.61,1024.38,0.0,0.25,1.0,163.9,IMELBO1849.csv
2022/12/05,02:29 PM,14.67,11.22,80.0,SW,12.39,16.89,1024.04,0.0,0.25,1.0,190.8,IMELBO1849.csv
2022/12/05,02:34 PM,15.06,11.06,77.0,SSW,13.68,18.99,1024.04,0.0,0.25,1.0,160.0,IMELBO1849.csv
2022/12/05,02:39 PM,15.11,10.61,75.0,SW,16.73,22.85,1024.04,0.0,0.25,2.0,265.5,IMELBO1849.csv
2022/12/05,02:44 PM,15.28,10.0,71.0,SSW,14.64,19.63,1024.04,0.0,0.25,3.0,374.7,IMELBO1849.csv
2022/12/05,02:49 PM,15.94,10.28,69.0,SW,10.62,13.84,1024.04,0.0,0.25,4.0,434.2,IMELBO1849.csv
2022/12/05,02:54 PM,16.33,10.56,68.0,SW,13.19,18.5,1024.04,0.0,0.25,4.0,483.6,IMELBO1849.csv
2022/12/05,02:59 PM,16.5,10.67,68.0,SSW,14.32,19.15,1024.04,0.0,0.25,6.0,663.7,IMELBO1849.csv
2022/12/05,03:04 PM,16.83,11.06,69.0,SSW,12.39,18.5,1024.04,0.0,0.25,4.0,466.7,IMELBO1849.csv
2022/12/05,03:09 PM,16.83,11.0,68.0,SW,13.35,18.5,1023.71,0.0,0.25,5.0,542.7,IMELBO1849.csv
2022/12/05,03:14 PM,17.28,10.72,65.0,SW,10.94,14.96,1023.71,0.0,0.25,6.0,701.8,IMELBO1849.csv
2022/12/05,03:19 PM,17.61,10.72,64.0,SW,14.32,19.95,1023.71,0.0,0.25,4.0,431.1,IMELBO1849.csv
2022/12/05,03:24 PM,17.11,10.22,64.0,SW,17.54,23.17,1023.71,0.0,0.25,8.0,879.7,IMELBO1849.csv
2022/12/05,03:29 PM,17.39,10.33,63.0,SW,15.61,21.24,1023.71,0.0,0.25,9.0,1006.0,IMELBO1849.csv
2022/12/05,03:34 PM,17.33,10.0,62.0,SSW,16.25,23.33,1023.71,0.0,0.25,9.0,988.6,IMELBO1849.csv
2022/12/05,03:39 PM,17.83,10.17,61.0,SSW,13.84,19.63,1023.71,0.0,0.25,9.0,971.2,IMELBO1849.csv
2022/12/05,03:44 PM,17.61,10.17,62.0,SW,13.84,18.66,1023.71,0.0,0.25,9.0,1004.3,IMELBO1849.csv
2022/12/05,03:49 PM,17.67,10.11,61.0,SSW,17.22,23.81,1023.71,0.0,0.25,9.0,977.3,IMELBO1849.csv
2022/12/05,03:54 PM,17.94,10.33,61.0,SSW,16.41,22.37,1023.71,0.0,0.25,9.0,974.3,IMELBO1849.csv
2022/12/05,03:59 PM,17.89,10.33,61.0,SW,12.23,16.73,1023.71,0.0,0.25,9.0,1002.5,IMELBO1849.csv
2022/12/05,04:04 PM,17.89,10.5,62.0,SW,16.25,22.69,1023.71,0.0,0.25,9.0,937.0,IMELBO1849.csv
2022/12/05,04:09 PM,17.39,10.44,64.0,SW,13.84,18.83,1023.71,0.0,0.25,9.0,1023.3,IMELBO1849.csv
2022/12/05,04:14 PM,17.56,10.44,63.0,SW,16.09,21.08,1023.71,0.0,0.25,9.0,993.0,IMELBO1849.csv
2022/12/05,04:19 PM,17.72,10.44,63.0,SSW,17.38,24.3,1023.71,0.0,0.25,9.0,961.7,IMELBO1849.csv
2022/12/05,04:24 PM,17.28,10.06,62.0,SW,16.09,22.69,1023.71,0.0,0.25,10.0,1035.0,IMELBO1849.csv
2022/12/05,04:29 PM,17.5,9.89,61.0,SW,16.09,21.4,1023.71,0.0,0.25,4.0,508.4,IMELBO1849.csv
2022/12/05,04:34 PM,17.44,9.83,61.0,SW,13.84,18.99,1023.71,0.0,0.25,3.0,367.4,IMELBO1849.csv
2022/12/05,04:39 PM,17.28,10.0,62.0,SW,12.55,17.86,1023.71,0.0,0.25,2.0,279.3,IMELBO1849.csv
2022/12/05,04:44 PM,17.06,10.0,63.0,SW,12.39,17.22,1023.71,0.0,0.25,8.0,918.8,IMELBO1849.csv
2022/12/05,04:49 PM,17.39,10.28,63.0,SW,14.32,19.79,1023.71,0.0,0.25,2.0,282.8,IMELBO1849.csv
2022/12/05,04:54 PM,16.89,10.0,64.0,SW,14.16,19.79,1024.04,0.0,0.25,3.0,338.3,IMELBO1849.csv
2022/12/05,04:59 PM,16.94,10.17,64.0,SSW,16.25,23.33,1023.71,0.0,0.25,2.0,273.7,IMELBO1849.csv
2022/12/05,05:04 PM,16.78,10.22,65.0,SW,13.52,18.83,1023.71,0.0,0.25,3.0,313.5,IMELBO1849.csv
2022/12/05,05:09 PM,16.78,10.33,66.0,SW,13.68,18.34,1023.71,0.0,0.25,4.0,442.9,IMELBO1849.csv
2022/12/05,05:14 PM,16.56,10.22,66.0,SW,14.32,19.95,1023.71,0.0,0.25,2.0,239.4,IMELBO1849.csv
2022/12/05,05:19 PM,16.28,9.83,66.0,SW,14.0,19.63,1023.71,0.0,0.25,3.0,359.2,IMELBO1849.csv
2022/12/05,05:24 PM,16.5,10.11,66.0,SSW,14.48,19.15,1024.04,0.0,0.25,4.0,491.1,IMELBO1849.csv
2022/12/05,05:29 PM,16.28,10.11,67.0,SW,13.52,17.7,1024.04,0.0,0.25,2.0,239.8,IMELBO1849.csv
2022/12/05,05:34 PM,15.94,9.94,67.0,SW,14.16,18.99,1024.38,0.0,0.25,2.0,261.9,IMELBO1849.csv
2022/12/05,05:39 PM,15.94,10.17,69.0,SW,14.32,18.34,1024.04,0.0,0.25,3.0,386.1,IMELBO1849.csv
2022/12/05,05:44 PM,16.17,10.22,68.0,SW,13.68,18.34,1024.04,0.0,0.25,2.0,225.1,IMELBO1849.csv
2022/12/05,05:49 PM,16.06,10.22,68.0,SW,11.42,15.77,1024.04,0.0,0.25,1.0,186.9,IMELBO1849.csv
2022/12/05,05:54 PM,15.94,10.06,68.0,SW,12.55,16.09,1024.04,0.0,0.25,1.0,167.9,IMELBO1849.csv
2022/12/05,05:59 PM,16.11,10.33,69.0,SW,11.26,15.29,1024.04,0.0,0.25,1.0,164.8,IMELBO1849.csv
2022/12/05,06:04 PM,15.89,10.17,69.0,SW,12.39,16.09,1024.04,0.0,0.25,1.0,149.6,IMELBO1849.csv
2022/12/05,06:09 PM,15.72,9.89,68.0,SW,14.64,19.47,1024.38,0.0,0.25,1.0,101.4,IMELBO1849.csv
2022/12/05,06:14 PM,15.5,9.72,69.0,WSW,14.16,19.15,1024.04,0.0,0.25,0.0,93.6,IMELBO1849.csv
2022/12/05,06:19 PM,15.61,9.67,68.0,SW,13.68,17.86,1024.04,0.0,0.25,0.0,94.6,IMELBO1849.csv
2022/12/05,06:24 PM,15.44,9.78,69.0,SW,13.52,18.18,1024.38,0.0,0.25,0.0,61.2,IMELBO1849.csv
2022/12/05,06:29 PM,15.33,9.89,70.0,SW,13.03,17.38,1024.38,0.0,0.25,0.0,93.6,IMELBO1849.csv
2022/12/05,06:34 PM,15.17,9.33,68.0,WSW,13.52,18.66,1024.38,0.0,0.25,0.0,95.4,IMELBO1849.csv
2022/12/05,06:39 PM,15.0,8.94,67.0,SSW,15.45,21.56,1024.38,0.0,0.25,0.0,89.8,IMELBO1849.csv
2022/12/05,06:44 PM,15.11,9.28,68.0,SW,12.55,16.89,1024.38,0.0,0.25,0.0,85.9,IMELBO1849.csv
2022/12/05,06:49 PM,15.11,9.56,69.0,SW,13.68,18.83,1024.38,0.0,0.25,0.0,81.1,IMELBO1849.csv
2022/12/05,06:54 PM,15.17,9.5,69.0,SW,12.55,17.06,1024.72,0.0,0.25,1.0,137.0,IMELBO1849.csv
2022/12/05,06:59 PM,15.28,9.39,68.0,SW,13.03,16.73,1024.72,0.0,0.25,0.0,78.4,IMELBO1849.csv
2022/12/05,07:04 PM,15.39,9.61,68.0,SW,12.39,16.41,1024.72,0.0,0.25,0.0,72.4,IMELBO1849.csv
2022/12/05,07:09 PM,15.22,9.72,70.0,SW,15.12,20.43,1024.72,0.0,0.25,0.0,43.3,IMELBO1849.csv
2022/12/05,07:14 PM,15.0,9.61,70.0,SW,14.32,19.15,1024.72,0.0,0.25,0.0,30.3,IMELBO1849.csv
2022/12/05,07:19 PM,14.89,9.67,71.0,SW,14.48,20.6,1024.72,0.0,0.25,0.0,30.3,IMELBO1849.csv
2022/12/05,07:24 PM,14.89,9.56,70.0,SW,11.75,15.77,1024.72,0.0,0.25,0.0,25.1,IMELBO1849.csv
2022/12/05,07:29 PM,14.78,9.22,69.0,SW,13.19,18.34,1025.06,0.0,0.25,0.0,21.7,IMELBO1849.csv
2022/12/05,07:34 PM,14.67,9.28,70.0,SW,12.23,15.77,1025.06,0.0,0.25,0.0,16.0,IMELBO1849.csv
2022/12/05,07:39 PM,14.56,9.28,71.0,SW,12.23,16.89,1025.06,0.0,0.25,0.0,14.3,IMELBO1849.csv
2022/12/05,07:44 PM,14.56,9.5,72.0,SW,8.21,11.1,1025.06,0.0,0.25,0.0,11.3,IMELBO1849.csv
2022/12/05,07:49 PM,14.56,9.44,72.0,SW,11.1,14.8,1025.4,0.0,0.25,0.0,9.5,IMELBO1849.csv
2022/12/05,07:54 PM,14.44,9.17,71.0,SW,13.52,18.99,1025.4,0.0,0.25,0.0,8.6,IMELBO1849.csv
2022/12/05,07:59 PM,14.39,9.0,70.0,SW,14.16,19.47,1025.06,0.0,0.25,0.0,4.8,IMELBO1849.csv
2022/12/05,08:04 PM,14.33,8.94,70.0,SW,15.77,23.01,1025.4,0.0,0.25,0.0,2.9,IMELBO1849.csv
2022/12/05,08:09 PM,14.28,9.06,71.0,SW,10.78,14.96,1025.06,0.0,0.25,0.0,2.6,IMELBO1849.csv
2022/12/05,08:14 PM,14.33,9.28,72.0,SW,12.71,17.54,1025.4,0.0,0.25,0.0,1.2,IMELBO1849.csv
2022/12/05,08:19 PM,14.22,9.33,73.0,SW,11.1,15.61,1025.4,0.0,0.25,0.0,0.9,IMELBO1849.csv
2022/12/05,08:24 PM,14.22,9.22,72.0,SW,10.14,13.84,1025.4,0.0,0.25,0.0,0.0,IMELBO1849.csv
2022/12/05,08:29 PM,14.22,9.39,73.0,SW,9.33,12.71,1025.4,0.0,0.25,0.0,0.0,IMELBO1849.csv
2022/12/05,08:34 PM,14.17,9.5,74.0,SW,12.07,16.09,1025.4,0.0,0.25,0.0,0.0,IMELBO1849.csv
2022/12/05,08:39 PM,14.11,9.61,74.0,SW,10.3,14.16,1025.4,0.0,0.25,0.0,0.0,IMELBO1849.csv
2022/12/05,08:44 PM,13.94,9.72,76.0,SW,12.39,16.89,1025.74,0.0,0.25,0.0,0.0,IMELBO1849.csv
2022/12/05,08:49 PM,13.78,9.44,75.0,SW,13.03,17.22,1025.4,0.0,0.25,0.0,0.0,IMELBO1849.csv
2022/12/05,08:54 PM,13.83,9.22,74.0,WSW,14.48,19.79,1025.74,0.0,0.25,0.0,0.0,IMELBO1849.csv
2022/12/05,08:59 PM,13.78,9.11,73.0,SW,12.23,16.25,1025.4,0.0,0.25,0.0,0.0,IMELBO1849.csv
2022/12/05,09:04 PM,13.78,9.17,73.0,SW,10.46,15.29,1025.74,0.0,0.25,0.0,0.0,IMELBO1849.csv
2022/12/05,09:09 PM,13.61,9.33,76.0,WSW,14.16,18.83,1025.74,0.0,0.25,0.0,0.0,IMELBO1849.csv
2022/12/05,09:14 PM,13.22,9.56,79.0,SSW,11.26,14.32,1025.74,0.0,0.25,0.0,0.0,IMELBO1849.csv
2022/12/05,09:19 PM,13.11,9.5,79.0,SW,12.71,17.54,1025.74,0.0,0.25,0.0,0.0,IMELBO1849.csv
2022/12/05,09:24 PM,13.06,9.5,79.0,WSW,9.65,13.52,1025.74,0.0,0.25,0.0,0.0,IMELBO1849.csv
2022/12/05,09:29 PM,13.0,9.56,79.0,SW,11.58,15.77,1025.74,0.0,0.25,0.0,0.0,IMELBO1849.csv
2022/12/05,09:34 PM,12.94,9.56,80.0,SW,10.78,14.48,1025.74,0.0,0.25,0.0,0.0,IMELBO1849.csv
2022/12/05,09:39 PM,13.06,9.44,79.0,SW,8.69,11.42,1026.08,0.0,0.25,0.0,0.0,IMELBO1849.csv
2022/12/05,09:44 PM,13.17,9.33,78.0,WSW,10.46,14.16,1025.74,0.0,0.25,0.0,0.0,IMELBO1849.csv
2022/12/05,09:49 PM,13.06,9.33,78.0,SW,12.71,17.22,1025.74,0.0,0.25,0.0,0.0,IMELBO1849.csv
2022/12/05,09:54 PM,13.06,9.33,78.0,SW,11.26,15.45,1025.74,0.0,0.25,0.0,0.0,IMELBO1849.csv
2022/12/05,09:59 PM,13.11,9.33,78.0,WSW,10.3,14.48,1026.08,0.0,0.25,0.0,0.0,IMELBO1849.csv
2022/12/05,10:04 PM,13.17,9.17,77.0,SW,9.17,13.03,1025.74,0.0,0.25,0.0,0.0,IMELBO1849.csv
2022/12/05,10:09 PM,13.22,9.22,77.0,SW,10.14,14.16,1026.08,0.0,0.25,0.0,0.0,IMELBO1849.csv
2022/12/05,10:14 PM,13.22,9.22,77.0,SW,9.65,13.52,1026.08,0.0,0.25,0.0,0.0,IMELBO1849.csv
2022/12/05,10:19 PM,13.22,9.22,77.0,SW,10.46,13.35,1026.08,0.0,0.25,0.0,0.0,IMELBO1849.csv
2022/12/05,10:24 PM,13.22,9.17,77.0,WSW,11.1,14.64,1025.74,0.0,0.25,0.0,0.0,IMELBO1849.csv
2022/12/05,10:29 PM,13.22,9.11,76.0,SW,9.17,12.39,1025.74,0.0,0.25,0.0,0.0,IMELBO1849.csv
2022/12/05,10:34 PM,13.28,9.17,76.0,WSW,8.85,11.91,1025.74,0.0,0.25,0.0,0.0,IMELBO1849.csv
2022/12/05,10:39 PM,13.22,9.33,77.0,SW,10.62,14.8,1025.74,0.0,0.25,0.0,0.0,IMELBO1849.csv
2022/12/05,10:44 PM,13.0,9.5,79.0,SW,11.42,15.12,1025.74,0.0,0.25,0.0,0.0,IMELBO1849.csv
2022/12/05,10:49 PM,12.78,9.61,81.0,SW,10.62,14.64,1025.74,0.0,0.25,0.0,0.0,IMELBO1849.csv
2022/12/05,10:54 PM,12.61,9.61,82.0,SW,10.3,14.48,1025.74,0.0,0.25,0.0,0.0,IMELBO1849.csv
2022/12/05,10:59 PM,12.56,9.72,83.0,WSW,9.81,14.32,1025.74,0.0,0.25,0.0,0.0,IMELBO1849.csv
2022/12/05,11:04 PM,12.56,9.72,83.0,SW,10.78,14.8,1025.74,0.0,0.25,0.0,0.0,IMELBO1849.csv
2022/12/05,11:09 PM,12.44,9.78,84.0,WSW,9.98,14.16,1025.4,0.0,0.25,0.0,0.0,IMELBO1849.csv
2022/12/05,11:14 PM,12.39,9.78,84.0,SW,9.33,13.03,1025.4,0.0,0.25,0.0,0.0,IMELBO1849.csv
2022/12/05,11:19 PM,12.39,9.78,84.0,WSW,9.33,12.55,1025.4,0.0,0.25,0.0,0.0,IMELBO1849.csv
2022/12/05,11:24 PM,12.33,9.89,85.0,SW,9.01,11.75,1025.4,0.0,0.25,0.0,0.0,IMELBO1849.csv
2022/12/05,11:29 PM,12.28,9.83,85.0,WSW,8.21,11.1,1025.4,0.0,0.25,0.0,0.0,IMELBO1849.csv
2022/12/05,11:34 PM,12.5,9.78,83.0,SW,7.56,10.78,1025.4,0.0,0.25,0.0,0.0,IMELBO1849.csv
2022/12/05,11:39 PM,12.61,9.67,82.0,SW,8.53,11.42,1025.4,0.0,0.25,0.0,0.0,IMELBO1849.csv
2022/12/05,11:44 PM,12.72,9.72,82.0,SW,6.6,9.01,1025.4,0.0,0.25,0.0,0.0,IMELBO1849.csv
2022/12/05,11:49 PM,12.78,9.72,82.0,SW,8.04,11.42,1025.4,0.0,0.25,0.0,0.0,IMELBO1849.csv
2022/12/05,11:54 PM,12.78,9.78,82.0,SW,7.4,10.14,1025.4,0.0,0.25,0.0,0.0,IMELBO1849.csv
2022/12/05,11:59 PM,12.78,9.83,82.0,WSW,7.72,10.78,1025.4,0.0,0.25,0.0,0.0,IMELBO1849.csv
2022/12/06,12:04 AM,12.67,10.0,84.0,SW,7.88,11.91,1025.4,0.0,0.0,0.0,0.0,IMELBO1849.csv
2022/12/06,12:09 AM,12.5,9.94,85.0,SW,8.37,11.75,1025.4,0.0,0.0,0.0,0.0,IMELBO1849.csv
2022/12/06,12:14 AM,12.39,9.83,85.0,SW,8.85,12.55,1025.4,0.0,0.0,0.0,0.0,IMELBO1849.csv
2022/12/06,12:19 AM,12.44,9.78,84.0,SW,9.65,14.16,1025.06,0.0,0.0,0.0,0.0,IMELBO1849.csv
2022/12/06,12:24 AM,12.56,9.67,83.0,SW,8.69,11.91,1025.06,0.0,0.0,0.0,0.0,IMELBO1849.csv
2022/12/06,12:29 AM,12.61,9.61,82.0,WSW,9.01,12.23,1025.06,0.0,0.0,0.0,0.0,IMELBO1849.csv
2022/12/06,12:34 AM,12.61,9.61,82.0,WSW,9.17,12.71,1024.72,0.0,0.0,0.0,0.0,IMELBO1849.csv
2022/12/06,12:39 AM,12.61,9.61,82.0,SW,8.37,11.75,1024.72,0.0,0.0,0.0,0.0,IMELBO1849.csv
2022/12/06,12:44 AM,12.61,9.61,82.0,SW,7.72,10.94,1024.72,0.0,0.0,0.0,0.0,IMELBO1849.csv
2022/12/06,12:49 AM,12.61,9.61,82.0,SW,9.01,13.03,1024.72,0.0,0.0,0.0,0.0,IMELBO1849.csv
2022/12/06,12:54 AM,12.56,9.72,83.0,SW,8.69,11.58,1024.72,0.0,0.0,0.0,0.0,IMELBO1849.csv
2022/12/06,12:59 AM,12.44,9.89,84.0,SW,10.62,14.8,1024.72,0.0,0.0,0.0,0.0,IMELBO1849.csv
2022/12/06,01:04 AM,12.28,9.89,85.0,SW,9.98,13.52,1024.72,0.0,0.0,0.0,0.0,IMELBO1849.csv
2022/12/06,01:09 AM,12.28,9.83,85.0,SW,7.56,10.78,1024.72,0.0,0.0,0.0,0.0,IMELBO1849.csv
2022/12/06,01:14 AM,12.28,9.89,85.0,SW,7.24,10.3,1024.38,0.0,0.0,0.0,0.0,IMELBO1849.csv
2022/12/06,01:19 AM,12.28,9.94,85.0,SW,9.01,12.55,1024.72,0.0,0.0,0.0,0.0,IMELBO1849.csv
2022/12/06,01:24 AM,12.17,10.0,87.0,WSW,6.11,8.37,1024.38,0.0,0.0,0.0,0.0,IMELBO1849.csv
2022/12/06,01:29 AM,12.06,10.11,88.0,WSW,6.28,8.37,1024.38,0.0,0.0,0.0,0.0,IMELBO1849.csv
2022/12/06,01:34 AM,11.89,10.22,90.0,SW,7.4,10.3,1024.38,0.0,0.0,0.0,0.0,IMELBO1849.csv
2022/12/06,01:39 AM,11.78,10.33,91.0,SW,8.04,11.26,1024.04,0.0,0.0,0.0,0.0,IMELBO1849.csv
2022/12/06,01:44 AM,11.72,10.44,92.0,SW,6.92,9.17,1024.38,0.0,0.0,0.0,0.0,IMELBO1849.csv
2022/12/06,01:49 AM,11.61,10.39,92.0,SW,5.95,8.53,1024.04,0.0,0.0,0.0,0.0,IMELBO1849.csv
2022/12/06,01:54 AM,11.56,10.44,93.0,SW,6.6,8.85,1024.04,0.0,0.0,0.0,0.0,IMELBO1849.csv
2022/12/06,01:59 AM,11.5,10.39,93.0,SW,5.63,7.72,1024.04,0.0,0.0,0.0,0.0,IMELBO1849.csv
2022/12/06,02:04 AM,11.5,10.44,94.0,WSW,5.31,8.04,1024.04,0.0,0.0,0.0,0.0,IMELBO1849.csv
2022/12/06,02:09 AM,11.5,10.5,94.0,WSW,6.28,9.33,1024.04,0.0,0.0,0.0,0.0,IMELBO1849.csv
2022/12/06,02:14 AM,11.5,10.5,94.0,WSW,6.44,9.17,1024.04,1.27,0.25,0.0,0.0,IMELBO1849.csv
2022/12/06,02:19 AM,11.5,10.5,94.0,WSW,5.79,8.04,1023.71,1.27,0.25,0.0,0.0,IMELBO1849.csv
2022/12/06,02:24 AM,11.5,10.5,94.0,WSW,4.99,7.56,1023.71,1.27,0.25,0.0,0.0,IMELBO1849.csv
2022/12/06,02:29 AM,11.5,10.5,94.0,WSW,5.47,7.88,1023.71,0.0,0.25,0.0,0.0,IMELBO1849.csv
2022/12/06,02:34 AM,11.5,10.5,94.0,WSW,3.86,6.6,1023.71,0.0,0.25,0.0,0.0,IMELBO1849.csv
2022/12/06,02:39 AM,11.5,10.5,94.0,West,3.54,5.95,1023.71,0.0,0.25,0.0,0.0,IMELBO1849.csv
2022/12/06,02:44 AM,11.56,10.56,94.0,WSW,3.7,5.31,1023.71,0.0,0.25,0.0,0.0,IMELBO1849.csv
2022/12/06,02:49 AM,11.61,10.61,94.0,WSW,3.7,5.63,1023.71,0.0,0.25,0.0,0.0,IMELBO1849.csv
2022/12/06,02:54 AM,11.61,10.61,94.0,WSW,3.22,4.83,1023.71,0.0,0.25,0.0,0.0,IMELBO1849.csv
2022/12/06,02:59 AM,11.61,10.61,94.0,West,3.22,4.67,1023.71,0.0,0.25,0.0,0.0,IMELBO1849.csv
2022/12/06,03:04 AM,11.61,10.61,94.0,West,2.41,4.02,1023.71,0.0,0.25,0.0,0.0,IMELBO1849.csv
2022/12/06,03:09 AM,11.61,10.61,94.0,West,3.86,5.47,1023.71,0.0,0.25,0.0,0.0,IMELBO1849.csv
2022/12/06,03:14 AM,11.56,10.56,94.0,West,3.54,4.83,1023.71,0.0,0.25,0.0,0.0,IMELBO1849.csv
2022/12/06,03:19 AM,11.61,10.61,94.0,WSW,2.74,4.18,1023.71,0.0,0.25,0.0,0.0,IMELBO1849.csv
2022/12/06,03:24 AM,11.61,10.61,94.0,SW,3.22,4.83,1023.71,0.0,0.25,0.0,0.0,IMELBO1849.csv
2022/12/06,03:29 AM,11.72,10.67,93.0,West,3.38,4.99,1023.37,0.0,0.25,0.0,0.0,IMELBO1849.csv
2022/12/06,03:34 AM,11.72,10.61,93.0,WSW,3.38,5.63,1023.71,0.0,0.25,0.0,0.0,IMELBO1849.csv
2022/12/06,03:39 AM,11.78,10.72,93.0,West,3.22,5.31,1023.71,0.0,0.25,0.0,0.0,IMELBO1849.csv
2022/12/06,03:44 AM,11.72,10.67,93.0,WSW,3.7,5.47,1023.71,1.78,0.51,0.0,0.0,IMELBO1849.csv
2022/12/06,03:49 AM,11.72,10.61,93.0,WSW,4.02,6.11,1023.71,1.78,0.51,0.0,0.0,IMELBO1849.csv
2022/12/06,03:54 AM,11.72,10.67,93.0,SW,4.83,7.56,1023.37,1.78,0.51,0.0,0.0,IMELBO1849.csv
2022/12/06,03:59 AM,11.78,10.67,93.0,WSW,5.47,8.69,1023.37,0.0,0.51,0.0,0.0,IMELBO1849.csv
2022/12/06,04:04 AM,11.78,10.67,93.0,WSW,5.31,7.88,1023.37,0.0,0.51,0.0,0.0,IMELBO1849.csv
2022/12/06,04:09 AM,11.72,10.61,93.0,SW,5.63,8.69,1023.37,0.0,0.51,0.0,0.0,IMELBO1849.csv
2022/12/06,04:14 AM,11.78,10.67,93.0,WSW,4.51,6.6,1023.37,1.27,0.76,0.0,0.0,IMELBO1849.csv
2022/12/06,04:19 AM,11.72,10.72,94.0,West,2.57,3.7,1023.71,1.27,0.76,0.0,0.0,IMELBO1849.csv
2022/12/06,04:24 AM,11.72,10.72,94.0,WSW,3.86,5.95,1023.37,3.05,1.02,0.0,0.0,IMELBO1849.csv
2022/12/06,04:29 AM,11.67,10.67,94.0,SW,4.67,7.24,1023.37,1.78,1.02,0.0,0.0,IMELBO1849.csv
2022/12/06,04:34 AM,11.61,10.61,94.0,WSW,4.51,6.92,1023.71,1.78,1.02,0.0,0.0,IMELBO1849.csv
2022/12/06,04:39 AM,11.67,10.67,94.0,WSW,3.86,5.95,1023.71,0.0,1.02,0.0,0.0,IMELBO1849.csv
2022/12/06,04:44 AM,11.61,10.78,95.0,SW,4.83,7.4,1023.37,0.0,1.02,0.0,0.0,IMELBO1849.csv
2022/12/06,04:49 AM,11.61,10.78,95.0,SW,4.51,6.92,1023.37,0.0,1.02,0.0,0.0,IMELBO1849.csv
2022/12/06,04:54 AM,11.61,10.78,95.0,West,3.86,5.31,1023.37,0.0,1.02,0.0,0.0,IMELBO1849.csv
2022/12/06,04:59 AM,11.61,10.78,95.0,SW,4.18,6.11,1023.71,0.0,1.02,0.0,0.0,IMELBO1849.csv
2022/12/06,05:04 AM,11.61,10.78,95.0,WSW,3.86,5.47,1023.37,0.0,1.02,0.0,0.0,IMELBO1849.csv
2022/12/06,05:09 AM,11.61,10.78,95.0,WSW,3.38,4.99,1023.71,0.0,1.02,0.0,0.0,IMELBO1849.csv
2022/12/06,05:14 AM,11.61,10.78,95.0,West,4.18,6.11,1023.37,0.0,1.02,0.0,0.0,IMELBO1849.csv
2022/12/06,05:19 AM,11.61,10.78,95.0,WSW,3.38,5.15,1023.37,0.0,1.02,0.0,0.0,IMELBO1849.csv
2022/12/06,05:24 AM,11.61,10.78,95.0,SW,4.51,6.76,1023.37,0.0,1.02,0.0,0.0,IMELBO1849.csv
2022/12/06,05:29 AM,11.72,10.89,95.0,SW,4.02,5.47,1023.37,1.27,1.27,0.0,0.0,IMELBO1849.csv
2022/12/06,05:34 AM,11.72,10.89,95.0,WSW,3.7,5.31,1023.37,1.27,1.27,0.0,0.0,IMELBO1849.csv
2022/12/06,05:39 AM,11.72,10.89,95.0,WSW,6.11,8.53,1023.37,1.27,1.27,0.0,0.0,IMELBO1849.csv
2022/12/06,05:44 AM,11.67,10.83,95.0,WSW,5.79,7.88,1023.37,0.0,1.27,0.0,0.0,IMELBO1849.csv
2022/12/06,05:49 AM,11.72,11.0,96.0,WSW,4.34,6.11,1023.37,0.0,1.27,0.0,0.0,IMELBO1849.csv
2022/12/06,05:54 AM,11.67,11.06,96.0,SW,5.15,7.4,1023.37,1.78,1.52,0.0,0.0,IMELBO1849.csv
2022/12/06,05:59 AM,11.67,11.06,96.0,WSW,4.02,5.47,1023.71,1.78,1.52,0.0,0.4,IMELBO1849.csv
2022/12/06,06:04 AM,11.72,11.11,96.0,WSW,3.54,5.47,1023.71,1.78,1.52,0.0,1.2,IMELBO1849.csv
2022/12/06,06:09 AM,11.72,11.11,96.0,WSW,2.74,4.18,1023.71,0.0,1.52,0.0,1.2,IMELBO1849.csv
2022/12/06,06:14 AM,11.72,11.11,96.0,WSW,3.38,5.63,1023.71,0.0,1.52,0.0,6.5,IMELBO1849.csv
2022/12/06,06:19 AM,11.67,11.06,96.0,WSW,3.54,4.51,1023.71,0.0,1.52,0.0,6.0,IMELBO1849.csv
2022/12/06,06:24 AM,11.61,11.0,96.0,WSW,3.22,4.51,1023.71,0.0,1.52,0.0,8.6,IMELBO1849.csv
2022/12/06,06:29 AM,11.67,11.06,96.0,WSW,3.7,5.79,1023.71,0.0,1.52,0.0,17.7,IMELBO1849.csv
2022/12/06,06:34 AM,11.61,11.0,96.0,SW,4.02,6.11,1023.71,0.0,1.52,0.0,19.1,IMELBO1849.csv
2022/12/06,06:39 AM,11.61,11.0,96.0,West,3.06,4.51,1023.71,0.0,1.52,0.0,14.3,IMELBO1849.csv
2022/12/06,06:44 AM,11.61,11.0,96.0,SW,3.54,5.95,1023.71,0.0,1.52,0.0,17.7,IMELBO1849.csv
2022/12/06,06:49 AM,11.61,11.0,96.0,WSW,4.34,6.11,1023.71,0.0,1.52,0.0,21.7,IMELBO1849.csv
2022/12/06,06:54 AM,11.56,10.94,96.0,SW,4.67,6.28,1023.71,1.27,1.78,0.0,23.9,IMELBO1849.csv
2022/12/06,06:59 AM,11.61,11.0,96.0,WSW,4.34,5.79,1023.71,6.1,2.54,0.0,19.9,IMELBO1849.csv
2022/12/06,07:04 AM,11.67,11.06,96.0,WSW,3.22,4.34,1023.71,10.92,3.3,0.0,21.2,IMELBO1849.csv
2022/12/06,07:09 AM,11.72,11.11,96.0,WSW,4.34,6.28,1023.71,9.65,3.56,0.0,39.9,IMELBO1849.csv
2022/12/06,07:14 AM,11.72,11.11,96.0,WSW,4.67,5.95,1023.71,6.1,4.06,0.0,42.0,IMELBO1849.csv
2022/12/06,07:19 AM,11.72,11.11,96.0,SW,3.7,4.67,1023.71,4.32,4.06,1.0,108.9,IMELBO1849.csv
2022/12/06,07:24 AM,11.83,11.28,96.0,WSW,3.86,5.15,1023.71,3.05,4.06,1.0,175.2,IMELBO1849.csv
2022/12/06,07:29 AM,12.17,11.56,96.0,WSW,3.06,4.18,1023.71,0.0,4.06,1.0,178.2,IMELBO1849.csv
2022/12/06,07:34 AM,12.67,12.06,96.0,WSW,4.02,5.47,1023.71,0.0,4.06,2.0,205.5,IMELBO1849.csv
2022/12/06,07:39 AM,12.67,12.06,96.0,SW,4.67,6.28,1024.04,0.0,4.06,1.0,182.5,IMELBO1849.csv
2022/12/06,07:44 AM,12.61,12.0,96.0,WSW,3.86,5.15,1024.04,0.0,4.06,1.0,131.4,IMELBO1849.csv
2022/12/06,07:49 AM,12.61,12.0,96.0,SW,4.34,6.11,1024.04,0.0,4.06,1.0,114.9,IMELBO1849.csv
2022/12/06,07:54 AM,12.56,11.94,96.0,WSW,4.02,5.63,1024.04,0.0,4.06,1.0,109.7,IMELBO1849.csv
2022/12/06,07:59 AM,12.67,12.06,96.0,SW,3.06,4.34,1024.04,0.0,4.06,0.0,88.4,IMELBO1849.csv
2022/12/06,08:04 AM,12.72,12.11,96.0,WSW,3.7,5.15,1024.38,0.0,4.06,0.0,95.8,IMELBO1849.csv
2022/12/06,08:09 AM,12.72,12.11,96.0,WSW,3.22,4.34,1024.38,0.0,4.06,0.0,86.2,IMELBO1849.csv
2022/12/06,08:14 AM,12.78,12.22,96.0,SW,4.02,4.99,1024.38,0.0,4.06,1.0,100.2,IMELBO1849.csv
2022/12/06,08:19 AM,12.72,12.11,96.0,WSW,3.86,4.99,1024.38,0.0,4.06,1.0,148.3,IMELBO1849.csv
2022/12/06,08:24 AM,12.83,12.28,96.0,SW,4.18,5.63,1024.38,0.0,4.06,1.0,163.4,IMELBO1849.csv
2022/12/06,08:29 AM,12.94,12.39,96.0,SW,3.38,4.51,1024.38,0.0,4.06,1.0,185.2,IMELBO1849.csv
2022/12/06,08:34 AM,12.94,12.33,96.0,WSW,3.54,4.51,1024.04,0.0,4.06,1.0,178.2,IMELBO1849.csv
2022/12/06,08:39 AM,13.11,12.56,96.0,SW,3.06,3.86,1024.38,0.0,4.06,2.0,264.6,IMELBO1849.csv
2022/12/06,08:44 AM,13.39,12.78,96.0,SW,3.22,4.18,1024.38,0.0,4.06,4.0,501.5,IMELBO1849.csv
2022/12/06,08:49 AM,13.56,12.89,96.0,SW,2.57,3.38,1024.38,0.0,4.06,5.0,534.0,IMELBO1849.csv
2022/12/06,08:54 AM,13.56,12.78,95.0,WSW,3.22,4.34,1024.38,0.0,4.06,1.0,163.1,IMELBO1849.csv
2022/12/06,08:59 AM,13.39,12.56,95.0,SW,3.54,4.99,1024.38,0.0,4.06,2.0,219.8,IMELBO1849.csv
2022/12/06,09:04 AM,13.5,12.44,94.0,South,2.9,4.34,1024.38,0.0,4.06,2.0,208.6,IMELBO1849.csv
2022/12/06,09:09 AM,13.61,12.17,91.0,SSE,3.06,4.67,1024.38,0.0,4.06,3.0,340.1,IMELBO1849.csv
2022/12/06,09:14 AM,14.0,12.06,88.0,South,4.18,6.28,1024.38,0.0,4.06,3.0,336.5,IMELBO1849.csv
2022/12/06,09:19 AM,14.22,11.72,85.0,SSE,4.83,7.24,1024.38,0.0,4.06,2.0,273.7,IMELBO1849.csv
2022/12/06,09:24 AM,14.39,11.67,84.0,SE,3.38,4.99,1024.38,0.0,4.06,2.0,226.4,IMELBO1849.csv
2022/12/06,09:29 AM,14.67,11.78,83.0,South,2.9,4.51,1024.38,0.0,4.06,1.0,197.3,IMELBO1849.csv
2022/12/06,09:34 AM,14.67,11.72,83.0,SSE,3.22,4.99,1024.38,0.0,4.06,1.0,158.3,IMELBO1849.csv
2022/12/06,09:39 AM,14.5,11.61,83.0,South,2.09,3.06,1024.38,0.0,4.06,1.0,163.1,IMELBO1849.csv
2022/12/06,09:44 AM,14.56,11.67,83.0,SE,3.86,5.63,1024.04,0.0,4.06,2.0,225.1,IMELBO1849.csv
2022/12/06,09:49 AM,14.67,11.5,81.0,SE,3.22,4.83,1024.04,0.0,4.06,2.0,256.8,IMELBO1849.csv
2022/12/06,09:54 AM,15.0,11.72,80.0,ESE,3.38,5.31,1024.38,0.0,4.06,2.0,265.0,IMELBO1849.csv
2022/12/06,09:59 AM,15.33,11.33,77.0,SSE,2.9,4.51,1024.04,0.0,4.06,4.0,469.8,IMELBO1849.csv
2022/12/06,10:04 AM,15.89,11.06,73.0,SE,5.63,7.88,1024.04,0.0,4.06,7.0,799.0,IMELBO1849.csv
2022/12/06,10:09 AM,16.44,11.06,70.0,South,6.11,9.01,1023.71,1.78,4.32,9.0,1020.7,IMELBO1849.csv
2022/12/06,10:14 AM,16.28,10.61,69.0,SSE,4.02,5.95,1023.71,1.78,4.32,2.0,303.1,IMELBO1849.csv
2022/12/06,10:19 AM,16.22,10.67,70.0,SSW,5.47,7.24,1023.71,1.78,4.32,3.0,392.6,IMELBO1849.csv
2022/12/06,10:24 AM,16.22,10.61,69.0,SE,4.02,5.63,1023.71,0.0,4.32,4.0,465.4,IMELBO1849.csv
2022/12/06,10:29 AM,16.67,10.61,68.0,SSE,3.54,5.15,1023.71,0.0,4.32,4.0,458.0,IMELBO1849.csv
2022/12/06,10:34 AM,16.67,10.5,67.0,SSW,6.44,8.37,1023.71,0.0,4.32,7.0,737.8,IMELBO1849.csv
2022/12/06,10:39 AM,16.78,10.5,67.0,South,4.99,6.76,1023.71,0.0,4.32,10.0,1045.0,IMELBO1849.csv
2022/12/06,10:44 AM,17.33,10.83,65.0,ESE,4.18,5.63,1023.71,0.0,4.32,8.0,910.5,IMELBO1849.csv
2022/12/06,10:49 AM,17.94,11.17,65.0,ESE,3.7,4.99,1023.37,0.0,4.32,9.0,964.7,IMELBO1849.csv
2022/12/06,10:54 AM,18.22,11.28,64.0,South,3.06,4.51,1023.71,0.0,4.32,3.0,369.6,IMELBO1849.csv
2022/12/06,10:59 AM,17.94,11.06,64.0,SE,3.38,4.67,1023.37,0.0,4.32,9.0,980.8,IMELBO1849.csv
2022/12/06,11:04 AM,18.17,11.0,63.0,SE,4.51,6.28,1023.37,0.0,4.32,7.0,763.5,IMELBO1849.csv
2022/12/06,11:09 AM,17.61,10.78,64.0,South,2.9,3.86,1023.37,0.0,4.32,2.0,262.8,IMELBO1849.csv
2022/12/06,11:14 AM,17.39,10.67,65.0,SSW,3.06,4.18,1023.37,0.0,4.32,2.0,204.3,IMELBO1849.csv
2022/12/06,11:19 AM,17.17,10.33,64.0,SSW,2.41,3.22,1023.37,0.0,4.32,2.0,221.2,IMELBO1849.csv
2022/12/06,11:24 AM,17.39,10.28,63.0,SE,2.57,4.02,1023.37,0.0,4.32,1.0,172.1,IMELBO1849.csv
2022/12/06,11:29 AM,17.22,9.89,62.0,SW,4.67,5.95,1023.37,0.0,4.32,1.0,179.9,IMELBO1849.csv
2022/12/06,11:34 AM,17.06,9.72,62.0,SSW,4.34,5.63,1023.03,0.0,4.32,2.0,224.2,IMELBO1849.csv
2022/12/06,11:39 AM,17.33,9.89,62.0,SSW,2.57,3.7,1023.03,0.0,4.32,2.0,275.0,IMELBO1849.csv
2022/12/06,11:44 AM,17.67,9.94,60.0,South,4.67,6.44,1023.03,0.0,4.32,3.0,336.2,IMELBO1849.csv
2022/12/06,11:49 AM,17.78,9.94,60.0,South,2.57,3.54,1023.03,0.0,4.32,3.0,380.0,IMELBO1849.csv
2022/12/06,11:54 AM,17.83,9.94,60.0,SSW,4.51,6.11,1023.03,0.0,4.32,4.0,497.9,IMELBO1849.csv
2022/12/06,11:59 AM,18.11,10.22,60.0,SW,3.38,4.34,1023.03,0.0,4.32,6.0,626.4,IMELBO1849.csv
2022/12/06,12:04 PM,18.33,10.44,60.0,SSW,3.7,4.99,1023.03,0.0,4.32,4.0,440.7,IMELBO1849.csv
2022/12/06,12:09 PM,18.17,10.72,62.0,SSE,4.02,5.63,1023.03,0.0,4.32,2.0,297.1,IMELBO1849.csv
2022/12/06,12:14 PM,17.94,10.94,64.0,SSW,5.15,7.08,1023.03,0.0,4.32,3.0,327.0,IMELBO1849.csv
2022/12/06,12:19 PM,18.11,11.22,64.0,SSW,4.83,6.92,1023.03,0.0,4.32,9.0,1003.4,IMELBO1849.csv
2022/12/06,12:24 PM,18.33,11.28,64.0,SSE,6.28,8.85,1023.03,0.0,4.32,10.0,1064.6,IMELBO1849.csv
2022/12/06,12:29 PM,18.0,11.33,65.0,SW,7.08,9.33,1023.03,0.0,4.32,2.0,287.6,IMELBO1849.csv
2022/12/06,12:34 PM,17.83,11.22,65.0,SSW,6.11,8.53,1022.69,0.0,4.32,2.0,300.1,IMELBO1849.csv
2022/12/06,12:39 PM,17.44,11.0,66.0,SW,9.65,12.39,1023.03,0.0,4.32,2.0,217.3,IMELBO1849.csv
2022/12/06,12:44 PM,17.22,10.61,65.0,SSW,6.28,8.85,1023.03,0.0,4.32,2.0,279.8,IMELBO1849.csv
2022/12/06,12:49 PM,17.67,10.44,63.0,South,5.79,7.88,1022.69,0.0,4.32,3.0,344.4,IMELBO1849.csv
2022/12/06,12:54 PM,17.72,10.72,63.0,SW,4.99,7.08,1022.69,0.0,4.32,3.0,377.4,IMELBO1849.csv
2022/12/06,12:59 PM,17.94,10.56,62.0,SSW,6.44,8.37,1022.69,0.0,4.32,4.0,451.5,IMELBO1849.csv
2022/12/06,01:04 PM,18.06,10.44,61.0,SSW,7.72,10.3,1022.69,0.0,4.32,3.0,332.3,IMELBO1849.csv
2022/12/06,01:09 PM,18.11,10.44,61.0,SW,4.67,6.28,1022.69,0.0,4.32,7.0,762.2,IMELBO1849.csv
2022/12/06,01:14 PM,18.61,10.83,60.0,SW,4.67,6.44,1022.35,0.0,4.32,4.0,477.1,IMELBO1849.csv
2022/12/06,01:19 PM,18.61,10.67,60.0,SSW,5.47,7.88,1022.35,0.0,4.32,5.0,533.5,IMELBO1849.csv
2022/12/06,01:24 PM,18.78,10.67,59.0,SW,7.72,10.14,1022.35,0.0,4.32,10.0,1116.6,IMELBO1849.csv
2022/12/06,01:29 PM,18.44,10.39,59.0,SW,6.11,8.04,1022.35,0.0,4.32,9.0,976.0,IMELBO1849.csv
2022/12/06,01:34 PM,19.22,10.44,57.0,SSW,7.56,10.3,1022.01,0.0,4.32,8.0,915.3,IMELBO1849.csv
2022/12/06,01:39 PM,19.61,10.5,56.0,SSE,6.11,8.04,1022.01,0.0,4.32,8.0,869.7,IMELBO1849.csv
2022/12/06,01:44 PM,19.89,10.44,55.0,SSW,8.37,10.78,1022.01,0.0,4.32,8.0,918.4,IMELBO1849.csv
2022/12/06,01:49 PM,19.78,10.17,54.0,SW,7.4,10.14,1022.01,0.0,4.32,8.0,915.7,IMELBO1849.csv
2022/12/06,01:54 PM,19.89,10.22,54.0,South,6.76,9.01,1022.01,0.0,4.32,8.0,887.9,IMELBO1849.csv
2022/12/06,01:59 PM,20.22,10.33,53.0,South,4.67,6.6,1022.01,0.0,4.32,8.0,916.5,IMELBO1849.csv
2022/12/06,02:04 PM,19.94,10.11,53.0,SSW,5.31,7.56,1022.01,0.0,4.32,8.0,864.9,IMELBO1849.csv
2022/12/06,02:09 PM,19.5,9.83,54.0,South,5.15,6.92,1021.67,0.0,4.32,8.0,864.9,IMELBO1849.csv
2022/12/06,02:14 PM,20.33,9.94,51.0,SSE,3.54,5.15,1021.67,0.0,4.32,8.0,858.1,IMELBO1849.csv
2022/12/06,02:19 PM,19.72,9.78,53.0,ESE,4.34,5.63,1021.33,0.0,4.32,8.0,875.4,IMELBO1849.csv
2022/12/06,02:24 PM,19.89,9.72,52.0,SSW,6.6,8.85,1021.33,0.0,4.32,8.0,914.8,IMELBO1849.csv
2022/12/06,02:29 PM,20.33,9.78,51.0,South,4.02,6.11,1021.67,0.0,4.32,8.0,905.3,IMELBO1849.csv
2022/12/06,02:34 PM,20.89,9.94,50.0,SE,5.31,6.76,1021.33,0.0,4.32,8.0,848.5,IMELBO1849.csv
2022/12/06,02:39 PM,20.78,9.83,50.0,SSW,6.44,9.01,1021.33,0.0,4.32,8.0,924.0,IMELBO1849.csv
2022/12/06,02:44 PM,19.72,9.28,51.0,SE,5.31,6.6,1021.33,0.0,4.32,2.0,295.8,IMELBO1849.csv
2022/12/06,02:49 PM,19.5,9.11,51.0,SSE,3.22,5.15,1021.33,0.0,4.32,7.0,732.2,IMELBO1849.csv
2022/12/06,02:54 PM,19.89,9.0,49.0,SSW,4.67,6.28,1021.33,0.0,4.32,9.0,1015.5,IMELBO1849.csv
2022/12/06,02:59 PM,20.06,8.83,48.0,SW,3.22,4.67,1021.0,0.0,4.32,8.0,897.1,IMELBO1849.csv
2022/12/06,03:04 PM,21.11,9.28,47.0,SSW,3.22,4.51,1021.0,0.0,4.32,8.0,866.3,IMELBO1849.csv
2022/12/06,03:09 PM,21.44,9.39,46.0,SE,3.22,4.83,1021.0,0.0,4.32,8.0,845.0,IMELBO1849.csv
2022/12/06,03:14 PM,21.78,9.5,45.0,South,4.34,5.95,1021.0,0.0,4.32,7.0,807.7,IMELBO1849.csv
2022/12/06,03:19 PM,21.17,9.17,46.0,SSW,4.51,6.11,1021.0,0.0,4.32,7.0,813.8,IMELBO1849.csv
2022/12/06,03:24 PM,21.28,9.11,46.0,South,5.95,8.21,1021.0,0.0,4.32,8.0,849.4,IMELBO1849.csv
2022/12/06,03:29 PM,21.39,9.11,45.0,SSE,3.38,4.99,1021.0,0.0,4.32,8.0,848.0,IMELBO1849.csv
2022/12/06,03:34 PM,21.56,9.61,47.0,SW,6.92,9.49,1020.66,0.0,4.32,8.0,884.5,IMELBO1849.csv
2022/12/06,03:39 PM,21.0,9.56,48.0,South,6.76,8.85,1021.0,0.0,4.32,8.0,890.6,IMELBO1849.csv
2022/12/06,03:44 PM,21.0,9.61,48.0,SSE,4.51,6.92,1021.0,0.0,4.32,8.0,847.2,IMELBO1849.csv
2022/12/06,03:49 PM,21.11,9.72,48.0,South,4.83,6.6,1021.0,0.0,4.32,8.0,877.5,IMELBO1849.csv
2022/12/06,03:54 PM,20.17,9.5,50.0,SSE,3.38,4.67,1021.0,0.0,4.32,4.0,507.5,IMELBO1849.csv
2022/12/06,03:59 PM,20.17,9.78,51.0,SSE,4.51,6.6,1021.0,0.0,4.32,8.0,829.4,IMELBO1849.csv
2022/12/06,04:04 PM,20.44,9.83,51.0,SSE,4.83,6.28,1021.0,0.0,4.32,8.0,883.1,IMELBO1849.csv
2022/12/06,04:09 PM,21.0,10.06,50.0,SW,5.79,8.04,1021.0,0.0,4.32,9.0,931.3,IMELBO1849.csv
2022/12/06,04:14 PM,20.17,9.78,51.0,SSW,3.38,4.83,1020.66,0.0,4.32,2.0,287.1,IMELBO1849.csv
2022/12/06,04:19 PM,20.06,9.67,51.0,SSW,5.31,7.4,1021.0,0.0,4.32,7.0,803.4,IMELBO1849.csv
2022/12/06,04:24 PM,19.83,9.78,52.0,SW,7.4,9.65,1020.66,0.0,4.32,4.0,502.3,IMELBO1849.csv
2022/12/06,04:29 PM,19.5,9.72,53.0,SSW,6.28,8.37,1020.66,0.0,4.32,5.0,550.5,IMELBO1849.csv
2022/12/06,04:34 PM,19.56,9.83,54.0,SW,7.24,9.81,1021.0,0.0,4.32,8.0,881.1,IMELBO1849.csv
2022/12/06,04:39 PM,19.61,9.83,53.0,South,2.9,4.02,1020.66,0.0,4.32,8.0,832.0,IMELBO1849.csv
2022/12/06,04:44 PM,20.44,10.28,52.0,South,5.15,7.56,1020.66,0.0,4.32,7.0,789.1,IMELBO1849.csv
2022/12/06,04:49 PM,20.11,10.17,53.0,South,5.15,7.56,1020.32,0.0,4.32,7.0,811.2,IMELBO1849.csv
2022/12/06,04:54 PM,19.83,10.0,53.0,SSW,6.11,7.88,1020.32,0.0,4.32,7.0,808.5,IMELBO1849.csv
2022/12/06,04:59 PM,19.67,9.94,54.0,SW,7.72,10.3,1019.98,0.0,4.32,7.0,728.3,IMELBO1849.csv
2022/12/06,05:04 PM,19.89,10.11,53.0,South,5.79,7.56,1020.32,0.0,4.32,4.0,488.9,IMELBO1849.csv
2022/12/06,05:09 PM,19.44,9.89,54.0,South,4.34,6.44,1019.98,0.0,4.32,2.0,212.5,IMELBO1849.csv
2022/12/06,05:14 PM,19.5,9.83,53.0,SSE,3.06,4.18,1019.98,0.0,4.32,7.0,734.4,IMELBO1849.csv
2022/12/06,05:19 PM,20.17,10.17,53.0,SSE,4.67,6.28,1019.98,0.0,4.32,6.0,665.0,IMELBO1849.csv
2022/12/06,05:24 PM,20.28,10.33,53.0,South,5.63,8.04,1019.98,0.0,4.32,5.0,613.4,IMELBO1849.csv
2022/12/06,05:29 PM,19.61,10.06,54.0,SE,3.22,4.51,1019.98,0.0,4.32,5.0,602.5,IMELBO1849.csv
2022/12/06,05:34 PM,20.22,10.17,52.0,SSE,4.34,5.95,1019.98,0.0,4.32,5.0,553.1,IMELBO1849.csv
2022/12/06,05:39 PM,19.72,10.06,53.0,SSE,4.34,6.11,1019.98,0.0,4.32,3.0,331.4,IMELBO1849.csv
2022/12/06,05:44 PM,19.39,9.83,54.0,SE,2.74,4.02,1019.98,0.0,4.32,4.0,475.9,IMELBO1849.csv
2022/12/06,05:49 PM,19.61,9.89,54.0,SW,5.95,8.37,1019.98,0.0,4.32,4.0,452.4,IMELBO1849.csv
2022/12/06,05:54 PM,19.83,9.94,53.0,SSW,4.02,5.47,1019.64,0.0,4.32,3.0,369.6,IMELBO1849.csv
2022/12/06,05:59 PM,20.06,10.06,53.0,SE,4.34,6.28,1019.64,0.0,4.32,3.0,340.1,IMELBO1849.csv
2022/12/06,06:04 PM,19.83,10.11,53.0,ESE,4.51,6.76,1019.64,0.0,4.32,3.0,316.6,IMELBO1849.csv
2022/12/06,06:09 PM,20.06,10.0,52.0,SE,3.38,4.99,1019.64,0.0,4.32,3.0,320.1,IMELBO1849.csv
2022/12/06,06:14 PM,20.06,10.06,53.0,SSE,3.38,4.51,1019.3,0.0,4.32,3.0,311.5,IMELBO1849.csv
2022/12/06,06:19 PM,20.0,10.22,53.0,SSW,3.7,5.15,1019.3,0.0,4.32,2.0,276.2,IMELBO1849.csv
2022/12/06,06:24 PM,19.94,10.33,54.0,South,5.47,8.04,1019.64,0.0,4.32,2.0,272.8,IMELBO1849.csv
2022/12/06,06:29 PM,19.89,10.28,54.0,SSW,4.67,6.6,1019.64,0.0,4.32,2.0,267.5,IMELBO1849.csv
2022/12/06,06:34 PM,19.5,10.11,55.0,SSW,5.95,8.37,1019.64,0.0,4.32,2.0,259.0,IMELBO1849.csv
2022/12/06,06:39 PM,19.44,10.06,55.0,SSW,5.15,7.24,1019.64,0.0,4.32,2.0,238.9,IMELBO1849.csv
2022/12/06,06:44 PM,19.61,10.17,55.0,South,2.9,4.67,1019.64,0.0,4.32,2.0,221.2,IMELBO1849.csv
2022/12/06,06:49 PM,19.5,10.28,55.0,South,4.67,6.76,1019.64,0.0,4.32,1.0,172.6,IMELBO1849.csv
2022/12/06,06:54 PM,19.28,10.28,56.0,SSE,3.54,5.15,1019.64,0.0,4.32,1.0,168.2,IMELBO1849.csv
2022/12/06,06:59 PM,18.94,10.28,57.0,SSE,5.63,8.37,1019.64,0.0,4.32,0.0,98.8,IMELBO1849.csv
2022/12/06,07:04 PM,18.67,10.56,59.0,South,4.18,5.79,1019.64,0.0,4.32,0.0,51.5,IMELBO1849.csv
2022/12/06,07:09 PM,18.5,10.5,59.0,SSE,4.34,6.11,1019.64,0.0,4.32,0.0,48.9,IMELBO1849.csv
2022/12/06,07:14 PM,18.33,10.39,60.0,South,4.51,6.6,1019.64,0.0,4.32,0.0,46.7,IMELBO1849.csv
2022/12/06,07:19 PM,18.11,10.22,60.0,South,4.02,6.28,1019.64,0.0,4.32,0.0,44.2,IMELBO1849.csv
2022/12/06,07:24 PM,18.11,10.22,60.0,South,4.83,6.6,1019.98,0.0,4.32,0.0,42.0,IMELBO1849.csv
2022/12/06,07:29 PM,17.94,10.06,60.0,SSW,4.51,6.28,1019.64,0.0,4.32,0.0,38.2,IMELBO1849.csv
2022/12/06,07:34 PM,17.89,10.0,60.0,South,3.22,4.67,1019.64,0.0,4.32,0.0,36.8,IMELBO1849.csv
2022/12/06,07:39 PM,17.83,10.0,60.0,SSE,2.25,3.54,1019.64,0.0,4.32,0.0,30.7,IMELBO1849.csv
2022/12/06,07:44 PM,17.61,10.0,61.0,SSW,3.7,5.63,1019.64,0.0,4.32,0.0,25.9,IMELBO1849.csv
2022/12/06,07:49 PM,17.56,10.0,62.0,SSE,2.57,3.54,1019.64,0.0,4.32,0.0,25.1,IMELBO1849.csv
2022/12/06,07:54 PM,17.44,9.89,61.0,SSW,2.74,4.02,1019.64,0.0,4.32,0.0,22.0,IMELBO1849.csv
2022/12/06,07:59 PM,17.39,9.83,61.0,South,3.38,4.83,1019.98,0.0,4.32,0.0,23.4,IMELBO1849.csv
2022/12/06,08:04 PM,17.28,10.0,62.0,South,2.09,3.06,1019.64,0.0,4.32,0.0,24.7,IMELBO1849.csv
2022/12/06,08:09 PM,17.28,10.11,63.0,SSE,2.25,3.06,1019.64,0.0,4.32,0.0,22.9,IMELBO1849.csv
2022/12/06,08:14 PM,17.17,10.06,63.0,SE,2.41,3.54,1019.64,0.0,4.32,0.0,17.3,IMELBO1849.csv
2022/12/06,08:19 PM,17.0,10.0,63.0,SSE,3.38,4.99,1019.3,0.0,4.32,0.0,9.5,IMELBO1849.csv
2022/12/06,08:24 PM,16.94,10.17,64.0,SSW,3.38,4.34,1019.64,0.0,4.32,0.0,7.3,IMELBO1849.csv
2022/12/06,08:29 PM,16.83,10.06,64.0,SSW,2.41,3.54,1019.64,0.0,4.32,0.0,5.1,IMELBO1849.csv
2022/12/06,08:34 PM,16.78,10.17,65.0,South,3.22,4.51,1019.3,0.0,4.32,0.0,1.7,IMELBO1849.csv
2022/12/06,08:39 PM,16.72,10.28,66.0,South,1.93,2.9,1019.3,0.0,4.32,0.0,0.4,IMELBO1849.csv
2022/12/06,08:44 PM,16.61,10.39,67.0,SSW,2.25,3.54,1019.64,0.0,4.32,0.0,0.0,IMELBO1849.csv
2022/12/06,08:49 PM,16.56,10.5,67.0,SSW,2.25,3.06,1019.64,0.0,4.32,0.0,0.0,IMELBO1849.csv
2022/12/06,08:54 PM,16.39,10.56,68.0,SSW,3.54,4.51,1019.64,0.0,4.32,0.0,0.0,IMELBO1849.csv
2022/12/06,08:59 PM,16.28,10.61,69.0,SSW,3.7,4.83,1019.64,0.0,4.32,0.0,0.0,IMELBO1849.csv
2022/12/06,09:04 PM,16.22,10.72,70.0,SSW,4.51,5.79,1019.64,0.0,4.32,0.0,0.0,IMELBO1849.csv
2022/12/06,09:09 PM,16.17,10.72,70.0,SSW,3.22,4.18,1019.64,0.0,4.32,0.0,0.0,IMELBO1849.csv
2022/12/06,09:14 PM,16.11,10.78,71.0,SW,3.06,3.86,1019.98,0.0,4.32,0.0,0.0,IMELBO1849.csv
2022/12/06,09:19 PM,16.11,10.78,71.0,SSW,3.06,3.86,1019.98,0.0,4.32,0.0,0.0,IMELBO1849.csv
2022/12/06,09:24 PM,16.11,10.78,71.0,SW,2.74,3.22,1019.98,0.0,4.32,0.0,0.0,IMELBO1849.csv
2022/12/06,09:29 PM,16.0,10.78,71.0,SW,2.09,2.57,1019.98,0.0,4.32,0.0,0.0,IMELBO1849.csv
2022/12/06,09:34 PM,15.89,10.78,72.0,SW,0.8,1.61,1019.98,0.0,4.32,0.0,0.0,IMELBO1849.csv
2022/12/06,09:39 PM,15.78,10.72,72.0,SW,1.61,1.93,1019.98,0.0,4.32,0.0,0.0,IMELBO1849.csv
2022/12/06,09:44 PM,15.72,10.72,72.0,SSW,1.77,2.57,1019.98,0.0,4.32,0.0,0.0,IMELBO1849.csv
2022/12/06,09:49 PM,15.67,10.83,73.0,SSW,1.93,2.74,1019.98,0.0,4.32,0.0,0.0,IMELBO1849.csv
2022/12/06,09:54 PM,15.61,10.78,73.0,SSW,1.45,2.09,1019.98,0.0,4.32,0.0,0.0,IMELBO1849.csv
2022/12/06,09:59 PM,15.5,10.72,73.0,SW,2.25,2.74,1019.98,0.0,4.32,0.0,0.0,IMELBO1849.csv
2022/12/06,10:04 PM,15.5,10.78,74.0,SW,1.61,2.25,1019.98,0.0,4.32,0.0,0.0,IMELBO1849.csv
2022/12/06,10:09 PM,15.39,10.78,74.0,SW,0.32,0.32,1019.98,0.0,4.32,0.0,0.0,IMELBO1849.csv
2022/12/06,10:14 PM,15.28,10.72,74.0,SW,0.0,0.0,1019.98,0.0,4.32,0.0,0.0,IMELBO1849.csv
2022/12/06,10:19 PM,15.22,10.67,74.0,SW,0.0,0.0,1019.64,0.0,4.32,0.0,0.0,IMELBO1849.csv
2022/12/06,10:24 PM,15.11,10.72,75.0,South,0.48,0.97,1019.64,0.0,4.32,0.0,0.0,IMELBO1849.csv
2022/12/06,10:29 PM,14.94,10.56,75.0,South,1.29,2.09,1019.3,0.0,4.32,0.0,0.0,IMELBO1849.csv
2022/12/06,10:34 PM,14.89,10.44,75.0,South,1.77,2.41,1019.64,0.0,4.32,0.0,0.0,IMELBO1849.csv
2022/12/06,10:39 PM,14.83,10.22,74.0,South,2.41,3.7,1019.64,0.0,4.32,0.0,0.0,IMELBO1849.csv
2022/12/06,10:44 PM,14.72,10.11,74.0,SSW,1.29,1.93,1019.3,0.0,4.32,0.0,0.0,IMELBO1849.csv
2022/12/06,10:49 PM,14.61,10.11,74.0,SSW,2.25,3.22,1019.64,0.0,4.32,0.0,0.0,IMELBO1849.csv
2022/12/06,10:54 PM,14.61,10.11,74.0,SSW,2.57,3.22,1019.64,0.0,4.32,0.0,0.0,IMELBO1849.csv
2022/12/06,10:59 PM,14.61,10.0,74.0,SSW,2.09,2.74,1019.64,0.0,4.32,0.0,0.0,IMELBO1849.csv
2022/12/06,11:04 PM,14.56,9.83,73.0,SW,2.57,3.38,1019.3,0.0,4.32,0.0,0.0,IMELBO1849.csv
2022/12/06,11:09 PM,14.5,9.89,74.0,SSW,3.54,4.34,1019.64,0.0,4.32,0.0,0.0,IMELBO1849.csv
2022/12/06,11:14 PM,14.39,9.89,74.0,SSW,3.38,4.18,1019.64,0.0,4.32,0.0,0.0,IMELBO1849.csv
2022/12/06,11:19 PM,14.28,9.78,74.0,SW,3.38,4.02,1019.64,0.0,4.32,0.0,0.0,IMELBO1849.csv
2022/12/06,11:24 PM,14.22,9.72,74.0,SW,4.18,5.15,1019.64,0.0,4.32,0.0,0.0,IMELBO1849.csv
2022/12/06,11:29 PM,14.17,9.61,74.0,SSW,3.06,4.34,1019.3,0.0,4.32,0.0,0.0,IMELBO1849.csv
2022/12/06,11:34 PM,14.06,9.56,74.0,SW,2.25,3.22,1019.3,0.0,4.32,0.0,0.0,IMELBO1849.csv
2022/12/06,11:39 PM,14.0,9.5,74.0,SSW,2.09,2.57,1019.3,0.0,4.32,0.0,0.0,IMELBO1849.csv
2022/12/06,11:44 PM,14.0,9.5,74.0,SSW,1.93,2.57,1019.3,0.0,4.32,0.0,0.0,IMELBO1849.csv
2022/12/06,11:49 PM,13.89,9.39,74.0,SSW,2.25,3.06,1019.3,0.0,4.32,0.0,0.0,IMELBO1849.csv
2022/12/06,11:54 PM,13.89,9.39,74.0,South,2.41,3.38,1018.96,0.0,4.32,0.0,0.0,IMELBO1849.csv
2022/12/06,11:59 PM,13.89,9.5,75.0,SSW,3.06,4.18,1018.96,0.0,4.32,0.0,0.0,IMELBO1849.csv
2022/12/07,12:04 AM,13.89,9.5,75.0,South,2.09,2.9,1018.96,0.0,0.0,0.0,0.0,IMELBO1849.csv
2022/12/07,12:09 AM,13.83,9.5,75.0,SSW,1.77,2.41,1018.96,0.0,0.0,0.0,0.0,IMELBO1849.csv
2022/12/07,12:14 AM,13.78,9.5,75.0,South,2.25,3.38,1018.96,0.0,0.0,0.0,0.0,IMELBO1849.csv
2022/12/07,12:19 AM,13.78,9.5,75.0,South,1.29,1.93,1018.63,0.0,0.0,0.0,0.0,IMELBO1849.csv
2022/12/07,12:24 AM,13.78,9.56,75.0,SSW,1.45,2.25,1018.63,0.0,0.0,0.0,0.0,IMELBO1849.csv
2022/12/07,12:29 AM,13.72,9.56,76.0,South,0.32,0.64,1018.63,0.0,0.0,0.0,0.0,IMELBO1849.csv
2022/12/07,12:34 AM,13.72,9.5,76.0,SSW,1.29,1.93,1018.29,0.0,0.0,0.0,0.0,IMELBO1849.csv
2022/12/07,12:39 AM,13.72,9.5,76.0,SSE,1.45,2.25,1018.29,0.0,0.0,0.0,0.0,IMELBO1849.csv
2022/12/07,12:44 AM,13.72,9.61,77.0,South,1.29,2.09,1018.29,0.0,0.0,0.0,0.0,IMELBO1849.csv
2022/12/07,12:49 AM,13.61,9.61,77.0,SSW,1.77,2.41,1018.29,0.0,0.0,0.0,0.0,IMELBO1849.csv
2022/12/07,12:54 AM,13.61,9.61,77.0,SSW,1.29,1.45,1018.29,0.0,0.0,0.0,0.0,IMELBO1849.csv
2022/12/07,12:59 AM,13.5,9.67,78.0,SSW,0.48,0.97,1018.29,0.0,0.0,0.0,0.0,IMELBO1849.csv
2022/12/07,01:04 AM,13.5,9.78,78.0,SSW,1.13,1.61,1018.29,0.0,0.0,0.0,0.0,IMELBO1849.csv
2022/12/07,01:09 AM,13.5,9.78,78.0,SSW,1.45,1.93,1018.29,0.0,0.0,0.0,0.0,IMELBO1849.csv
2022/12/07,01:14 AM,13.61,9.89,78.0,SSW,1.45,2.25,1018.29,0.0,0.0,0.0,0.0,IMELBO1849.csv
2022/12/07,01:19 AM,13.61,9.89,78.0,SSW,1.77,2.25,1018.29,0.0,0.0,0.0,0.0,IMELBO1849.csv
2022/12/07,01:24 AM,13.72,9.83,77.0,SSW,1.29,1.77,1018.29,0.0,0.0,0.0,0.0,IMELBO1849.csv
2022/12/07,01:29 AM,13.72,9.72,77.0,SSW,1.13,1.77,1018.29,0.0,0.0,0.0,0.0,IMELBO1849.csv
2022/12/07,01:34 AM,13.72,9.72,77.0,SSW,0.64,1.13,1018.29,0.0,0.0,0.0,0.0,IMELBO1849.csv
2022/12/07,01:39 AM,13.72,9.78,77.0,SSW,0.97,1.45,1018.29,0.0,0.0,0.0,0.0,IMELBO1849.csv
2022/12/07,01:44 AM,13.61,9.61,77.0,SSW,0.97,1.45,1017.95,0.0,0.0,0.0,0.0,IMELBO1849.csv
2022/12/07,01:49 AM,13.72,9.72,77.0,SSW,0.0,0.16,1017.95,0.0,0.0,0.0,0.0,IMELBO1849.csv
2022/12/07,01:54 AM,13.61,9.72,78.0,SSW,0.16,0.64,1017.95,0.0,0.0,0.0,0.0,IMELBO1849.csv
2022/12/07,01:59 AM,13.61,9.89,78.0,SSW,1.29,2.09,1017.95,0.0,0.0,0.0,0.0,IMELBO1849.csv
2022/12/07,02:04 AM,13.61,9.78,78.0,SSW,0.48,0.97,1017.95,0.0,0.0,0.0,0.0,IMELBO1849.csv
2022/12/07,02:09 AM,13.61,9.89,78.0,SW,1.61,2.09,1017.95,0.0,0.0,0.0,0.0,IMELBO1849.csv
2022/12/07,02:14 AM,13.56,10.11,80.0,WSW,0.8,1.29,1017.61,0.0,0.0,0.0,0.0,IMELBO1849.csv
2022/12/07,02:19 AM,13.39,10.17,81.0,WSW,0.48,0.64,1017.61,0.0,0.0,0.0,0.0,IMELBO1849.csv
2022/12/07,02:24 AM,13.28,10.22,81.0,WSW,0.8,1.45,1017.61,0.0,0.0,0.0,0.0,IMELBO1849.csv
2022/12/07,02:29 AM,13.28,10.28,82.0,WSW,1.29,2.09,1017.61,0.0,0.0,0.0,0.0,IMELBO1849.csv
2022/12/07,02:34 AM,13.22,10.22,82.0,WSW,1.61,2.09,1017.61,0.0,0.0,0.0,0.0,IMELBO1849.csv
2022/12/07,02:39 AM,13.22,10.22,82.0,WSW,0.97,1.29,1017.61,0.0,0.0,0.0,0.0,IMELBO1849.csv
2022/12/07,02:44 AM,13.22,10.28,82.0,West,1.61,2.25,1017.61,0.0,0.0,0.0,0.0,IMELBO1849.csv
2022/12/07,02:49 AM,13.17,10.33,83.0,West,1.29,1.93,1017.27,0.0,0.0,0.0,0.0,IMELBO1849.csv
2022/12/07,02:54 AM,13.11,10.28,83.0,West,1.61,2.41,1017.27,0.0,0.0,0.0,0.0,IMELBO1849.csv
2022/12/07,02:59 AM,13.0,10.22,83.0,West,0.48,0.8,1017.27,0.0,0.0,0.0,0.0,IMELBO1849.csv
2022/12/07,03:04 AM,13.0,10.28,83.0,West,1.77,2.41,1017.27,0.0,0.0,0.0,0.0,IMELBO1849.csv
2022/12/07,03:09 AM,12.94,10.33,84.0,West,1.61,2.25,1017.27,0.0,0.0,0.0,0.0,IMELBO1849.csv
2022/12/07,03:14 AM,12.89,10.28,84.0,West,0.32,0.64,1016.93,0.0,0.0,0.0,0.0,IMELBO1849.csv
2022/12/07,03:19 AM,12.78,10.22,84.0,West,0.8,1.13,1016.93,0.0,0.0,0.0,0.0,IMELBO1849.csv
2022/12/07,03:24 AM,12.78,10.17,84.0,West,0.64,1.45,1016.93,0.0,0.0,0.0,0.0,IMELBO1849.csv
2022/12/07,03:29 AM,12.61,10.06,85.0,West,0.32,0.64,1016.93,0.0,0.0,0.0,0.0,IMELBO1849.csv
2022/12/07,03:34 AM,12.61,10.11,85.0,West,0.48,0.97,1016.59,0.0,0.0,0.0,0.0,IMELBO1849.csv
2022/12/07,03:39 AM,12.5,10.0,85.0,West,1.29,1.77,1016.59,0.0,0.0,0.0,0.0,IMELBO1849.csv
2022/12/07,03:44 AM,12.5,10.0,85.0,West,0.97,1.77,1016.59,0.0,0.0,0.0,0.0,IMELBO1849.csv
2022/12/07,03:49 AM,12.5,10.0,85.0,West,1.13,1.61,1016.59,0.0,0.0,0.0,0.0,IMELBO1849.csv
2022/12/07,03:54 AM,12.5,10.0,85.0,West,0.97,1.77,1016.59,0.0,0.0,0.0,0.0,IMELBO1849.csv
2022/12/07,03:59 AM,12.56,10.06,85.0,West,0.8,1.61,1016.59,0.0,0.0,0.0,0.0,IMELBO1849.csv
2022/12/07,04:04 AM,12.61,10.06,85.0,West,0.64,1.45,1016.59,0.0,0.0,0.0,0.0,IMELBO1849.csv
2022/12/07,04:09 AM,12.61,10.0,84.0,West,0.48,0.97,1016.59,0.0,0.0,0.0,0.0,IMELBO1849.csv
2022/12/07,04:14 AM,12.61,10.0,84.0,West,0.64,1.29,1016.26,0.0,0.0,0.0,0.0,IMELBO1849.csv
2022/12/07,04:19 AM,12.61,10.0,84.0,West,0.64,1.29,1016.59,0.0,0.0,0.0,0.0,IMELBO1849.csv
2022/12/07,04:24 AM,12.67,10.06,84.0,West,0.8,1.13,1016.26,0.0,0.0,0.0,0.0,IMELBO1849.csv
2022/12/07,04:29 AM,12.72,10.11,84.0,West,0.32,0.48,1016.59,0.0,0.0,0.0,0.0,IMELBO1849.csv
2022/12/07,04:34 AM,12.72,10.11,84.0,West,0.64,1.29,1016.59,0.0,0.0,0.0,0.0,IMELBO1849.csv
2022/12/07,04:39 AM,12.72,10.11,84.0,West,1.45,2.09,1016.26,0.0,0.0,0.0,0.0,IMELBO1849.csv
2022/12/07,04:44 AM,12.72,10.11,84.0,West,1.13,1.61,1016.26,0.0,0.0,0.0,0.0,IMELBO1849.csv
2022/12/07,04:49 AM,12.67,10.11,84.0,West,0.16,0.48,1016.26,0.0,0.0,0.0,0.0,IMELBO1849.csv
2022/12/07,04:54 AM,12.56,9.94,84.0,West,0.0,0.0,1016.26,0.0,0.0,0.0,0.0,IMELBO1849.csv
2022/12/07,04:59 AM,12.28,9.72,84.0,West,0.0,0.0,1016.26,0.0,0.0,0.0,0.0,IMELBO1849.csv
2022/12/07,05:04 AM,12.11,9.67,85.0,West,0.0,0.0,1016.26,0.0,0.0,0.0,0.0,IMELBO1849.csv
2022/12/07,05:09 AM,11.94,9.72,86.0,West,0.0,0.0,1015.92,0.0,0.0,0.0,0.0,IMELBO1849.csv
2022/12/07,05:14 AM,11.83,9.72,86.0,West,0.0,0.16,1016.26,0.0,0.0,0.0,0.0,IMELBO1849.csv
2022/12/07,05:19 AM,11.78,9.72,87.0,West,0.64,1.29,1016.26,0.0,0.0,0.0,0.0,IMELBO1849.csv
2022/12/07,05:24 AM,11.78,9.72,87.0,West,0.8,1.45,1016.26,0.0,0.0,0.0,0.0,IMELBO1849.csv
2022/12/07,05:29 AM,11.72,9.72,88.0,West,0.32,0.8,1016.26,0.0,0.0,0.0,0.0,IMELBO1849.csv
2022/12/07,05:34 AM,11.56,9.61,88.0,West,0.16,0.64,1016.26,0.0,0.0,0.0,0.0,IMELBO1849.csv
2022/12/07,05:39 AM,11.5,9.67,89.0,West,0.16,0.64,1016.26,0.0,0.0,0.0,0.0,IMELBO1849.csv
2022/12/07,05:44 AM,11.39,9.61,89.0,West,0.32,1.13,1016.26,0.0,0.0,0.0,0.0,IMELBO1849.csv
2022/12/07,05:49 AM,11.28,9.5,89.0,West,0.32,0.48,1016.26,0.0,0.0,0.0,0.9,IMELBO1849.csv
2022/12/07,05:54 AM,11.28,9.61,90.0,West,0.48,1.13,1016.26,0.0,0.0,0.0,2.6,IMELBO1849.csv
2022/12/07,05:59 AM,11.22,9.61,90.0,West,0.16,0.48,1016.26,0.0,0.0,0.0,4.8,IMELBO1849.csv
2022/12/07,06:04 AM,11.22,9.61,90.0,West,0.32,0.97,1015.92,0.0,0.0,0.0,7.3,IMELBO1849.csv
2022/12/07,06:09 AM,11.22,9.61,90.0,West,0.16,0.16,1016.26,0.0,0.0,0.0,9.1,IMELBO1849.csv
2022/12/07,06:14 AM,11.17,9.56,90.0,West,0.0,0.0,1016.26,0.0,0.0,0.0,11.6,IMELBO1849.csv
2022/12/07,06:19 AM,11.17,9.56,90.0,West,0.48,1.13,1015.92,0.0,0.0,0.0,13.8,IMELBO1849.csv
2022/12/07,06:24 AM,11.22,9.61,90.0,West,0.16,0.48,1016.26,0.0,0.0,0.0,16.9,IMELBO1849.csv
2022/12/07,06:29 AM,11.22,9.61,90.0,West,0.0,0.0,1016.26,0.0,0.0,0.0,20.8,IMELBO1849.csv
2022/12/07,06:34 AM,11.28,9.72,90.0,West,0.0,0.0,1016.26,0.0,0.0,0.0,22.9,IMELBO1849.csv
2022/12/07,06:39 AM,11.33,9.78,90.0,West,0.16,0.48,1016.26,0.0,0.0,0.0,25.9,IMELBO1849.csv
2022/12/07,06:44 AM,11.5,9.72,89.0,West,0.48,1.13,1016.26,0.0,0.0,0.0,28.6,IMELBO1849.csv
2022/12/07,06:49 AM,11.67,9.83,89.0,West,0.16,0.64,1016.26,0.0,0.0,0.0,41.1,IMELBO1849.csv
2022/12/07,06:54 AM,11.83,9.83,88.0,West,0.32,0.48,1015.92,0.0,0.0,0.0,49.4,IMELBO1849.csv
2022/12/07,06:59 AM,12.33,10.22,87.0,West,0.0,0.0,1016.26,0.0,0.0,0.0,59.0,IMELBO1849.csv
2022/12/07,07:04 AM,12.94,10.5,85.0,West,0.48,0.64,1016.26,0.0,0.0,0.0,87.6,IMELBO1849.csv
2022/12/07,07:09 AM,13.39,10.56,83.0,West,0.16,0.48,1016.26,0.0,0.0,1.0,117.4,IMELBO1849.csv
2022/12/07,07:14 AM,13.83,10.61,81.0,West,0.48,0.97,1016.59,0.0,0.0,1.0,153.5,IMELBO1849.csv
2022/12/07,07:19 AM,14.44,10.72,78.0,West,0.64,1.61,1016.26,0.0,0.0,1.0,193.4,IMELBO1849.csv
2022/12/07,07:24 AM,14.94,10.72,76.0,West,1.13,1.77,1016.26,0.0,0.0,1.0,193.9,IMELBO1849.csv
2022/12/07,07:29 AM,14.67,10.67,77.0,West,0.64,0.97,1016.26,0.0,0.0,1.0,107.0,IMELBO1849.csv
2022/12/07,07:34 AM,14.67,10.56,77.0,West,0.16,0.32,1016.26,0.0,0.0,0.0,82.8,IMELBO1849.csv
2022/12/07,07:39 AM,14.44,10.56,77.0,West,1.13,1.61,1016.26,0.0,0.0,0.0,83.2,IMELBO1849.csv
2022/12/07,07:44 AM,14.39,10.61,78.0,West,0.8,1.45,1016.59,0.0,0.0,0.0,84.5,IMELBO1849.csv
2022/12/07,07:49 AM,14.39,10.67,78.0,West,0.64,1.29,1016.26,0.0,0.0,0.0,85.9,IMELBO1849.csv
2022/12/07,07:54 AM,14.5,10.72,78.0,West,0.32,0.64,1016.59,0.0,0.0,0.0,84.0,IMELBO1849.csv
2022/12/07,07:59 AM,14.56,10.78,78.0,West,0.64,1.13,1016.59,0.0,0.0,0.0,93.6,IMELBO1849.csv
2022/12/07,08:04 AM,14.61,10.78,78.0,West,0.32,0.8,1016.59,0.0,0.0,0.0,98.0,IMELBO1849.csv
2022/12/07,08:09 AM,14.72,10.89,78.0,West,0.16,0.32,1016.59,0.0,0.0,0.0,94.9,IMELBO1849.csv
2022/12/07,08:14 AM,14.83,10.94,77.0,West,0.16,0.32,1016.59,0.0,0.0,0.0,97.1,IMELBO1849.csv
2022/12/07,08:19 AM,14.89,10.89,77.0,West,0.48,0.64,1016.59,0.0,0.0,0.0,97.5,IMELBO1849.csv
2022/12/07,08:24 AM,14.94,10.83,77.0,West,0.48,0.8,1016.59,0.0,0.0,0.0,85.9,IMELBO1849.csv
2022/12/07,08:29 AM,15.06,10.83,76.0,West,0.16,0.32,1016.59,0.0,0.0,0.0,70.7,IMELBO1849.csv
2022/12/07,08:34 AM,15.11,10.89,76.0,West,0.16,0.64,1016.59,0.0,0.0,0.0,69.4,IMELBO1849.csv
2022/12/07,08:39 AM,15.11,10.89,76.0,WSW,2.09,2.9,1016.59,0.0,0.0,0.0,68.0,IMELBO1849.csv
2022/12/07,08:44 AM,14.89,10.78,77.0,SW,2.09,2.9,1016.93,0.0,0.0,0.0,65.4,IMELBO1849.csv
2022/12/07,08:49 AM,14.83,10.83,77.0,SW,0.97,1.77,1016.59,0.0,0.0,0.0,67.7,IMELBO1849.csv
2022/12/07,08:54 AM,14.78,10.78,77.0,SW,2.09,2.74,1016.93,0.0,0.0,0.0,70.2,IMELBO1849.csv
2022/12/07,08:59 AM,14.78,10.83,77.0,SW,2.09,3.06,1016.93,0.0,0.0,0.0,67.7,IMELBO1849.csv
2022/12/07,09:04 AM,14.78,10.78,77.0,SSW,3.06,3.7,1016.93,0.0,0.0,0.0,78.4,IMELBO1849.csv
2022/12/07,09:09 AM,14.72,10.89,78.0,SW,1.45,2.25,1016.93,0.0,0.0,0.0,80.3,IMELBO1849.csv
2022/12/07,09:14 AM,14.78,10.94,78.0,SW,1.61,2.57,1016.93,0.0,0.0,0.0,80.3,IMELBO1849.csv
2022/12/07,09:19 AM,14.72,10.72,77.0,SW,1.93,2.74,1016.93,0.0,0.0,0.0,97.5,IMELBO1849.csv
2022/12/07,09:24 AM,14.83,10.83,77.0,SW,1.45,2.25,1016.93,0.0,0.0,1.0,124.4,IMELBO1849.csv
2022/12/07,09:29 AM,15.0,11.0,77.0,West,1.29,2.09,1016.93,0.0,0.0,1.0,136.6,IMELBO1849.csv
2022/12/07,09:34 AM,15.17,11.17,77.0,SW,0.64,0.97,1016.93,0.0,0.0,1.0,149.6,IMELBO1849.csv
2022/12/07,09:39 AM,15.33,11.22,77.0,SSW,0.97,1.77,1016.93,0.0,0.0,1.0,147.9,IMELBO1849.csv
2022/12/07,09:44 AM,15.33,11.17,76.0,SSW,1.29,2.09,1016.93,0.0,0.0,1.0,147.4,IMELBO1849.csv
2022/12/07,09:49 AM,15.39,11.28,76.0,SSW,3.06,4.18,1016.59,0.0,0.0,1.0,184.4,IMELBO1849.csv
2022/12/07,09:54 AM,15.56,11.39,76.0,SSW,1.45,2.41,1016.59,0.0,0.0,2.0,261.1,IMELBO1849.csv
2022/12/07,09:59 AM,16.06,11.83,76.0,SW,2.41,3.38,1016.59,0.0,0.0,2.0,295.8,IMELBO1849.csv
2022/12/07,10:04 AM,16.11,11.72,75.0,SW,3.7,4.51,1016.59,0.0,0.0,6.0,626.8,IMELBO1849.csv
2022/12/07,10:09 AM,16.61,11.83,73.0,SW,3.7,4.67,1016.59,0.0,0.0,6.0,618.5,IMELBO1849.csv
2022/12/07,10:14 AM,16.39,11.61,73.0,SW,5.15,6.28,1016.59,0.0,0.0,5.0,597.7,IMELBO1849.csv
2022/12/07,10:19 AM,16.61,11.44,72.0,SSW,3.7,5.15,1016.59,0.0,0.0,4.0,478.8,IMELBO1849.csv
2022/12/07,10:24 AM,17.06,11.39,69.0,SW,3.86,5.15,1016.93,0.0,0.0,4.0,499.7,IMELBO1849.csv
2022/12/07,10:29 AM,17.0,11.22,69.0,SSW,2.57,3.54,1016.59,0.0,0.0,5.0,545.3,IMELBO1849.csv
2022/12/07,10:34 AM,17.67,11.22,66.0,SSW,4.18,5.79,1016.59,0.0,0.0,3.0,388.7,IMELBO1849.csv
2022/12/07,10:39 AM,17.28,11.0,67.0,SW,2.09,2.74,1016.59,0.0,0.0,4.0,490.2,IMELBO1849.csv
2022/12/07,10:44 AM,17.44,11.11,66.0,SW,2.57,3.86,1016.59,0.0,0.0,4.0,432.5,IMELBO1849.csv
2022/12/07,10:49 AM,17.83,11.22,65.0,SSW,2.57,3.86,1016.59,0.0,0.0,8.0,902.7,IMELBO1849.csv
2022/12/07,10:54 AM,18.22,11.33,64.0,SW,3.7,5.15,1016.59,0.0,0.0,9.0,948.2,IMELBO1849.csv
2022/12/07,10:59 AM,18.56,11.44,63.0,WSW,3.54,5.31,1016.93,0.0,0.0,8.0,905.8,IMELBO1849.csv
2022/12/07,11:04 AM,19.5,11.89,61.0,SW,3.22,4.83,1016.93,0.0,0.0,9.0,926.6,IMELBO1849.csv
2022/12/07,11:09 AM,19.67,12.0,61.0,SW,3.22,4.51,1016.93,0.0,0.0,7.0,821.1,IMELBO1849.csv
2022/12/07,11:14 AM,19.61,12.0,61.0,SW,3.54,5.47,1016.59,0.0,0.0,9.0,983.8,IMELBO1849.csv
2022/12/07,11:19 AM,19.83,12.11,61.0,WSW,3.22,4.51,1016.59,0.0,0.0,8.0,888.4,IMELBO1849.csv
2022/12/07,11:24 AM,19.89,12.11,61.0,SW,4.34,5.95,1016.59,0.0,0.0,8.0,921.0,IMELBO1849.csv
2022/12/07,11:29 AM,20.39,12.28,60.0,WSW,3.38,4.51,1016.59,0.0,0.0,9.0,1010.7,IMELBO1849.csv
2022/12/07,11:34 AM,20.44,12.39,60.0,WSW,6.76,9.17,1016.59,0.0,0.0,9.0,1014.2,IMELBO1849.csv
2022/12/07,11:39 AM,20.56,12.28,59.0,SW,2.57,3.54,1016.59,0.0,0.0,10.0,1093.6,IMELBO1849.csv
2022/12/07,11:44 AM,20.56,12.5,60.0,SW,5.47,7.4,1016.59,0.0,0.0,4.0,482.7,IMELBO1849.csv
2022/12/07,11:49 AM,19.89,12.11,61.0,SSW,5.79,7.56,1016.59,0.0,0.0,4.0,498.4,IMELBO1849.csv
2022/12/07,11:54 AM,20.33,12.17,59.0,SW,4.83,6.76,1016.59,0.0,0.0,10.0,1078.9,IMELBO1849.csv
2022/12/07,11:59 AM,20.94,12.56,59.0,SSW,7.88,10.94,1016.59,0.0,0.0,7.0,804.7,IMELBO1849.csv
2022/12/07,12:04 PM,19.67,12.44,63.0,SW,7.88,11.26,1016.59,0.0,0.0,2.0,274.1,IMELBO1849.csv
2022/12/07,12:09 PM,18.94,12.44,66.0,South,7.56,10.62,1016.93,0.0,0.0,1.0,184.7,IMELBO1849.csv
2022/12/07,12:14 PM,18.5,12.33,67.0,SSW,7.88,10.62,1016.59,0.0,0.0,1.0,167.4,IMELBO1849.csv
2022/12/07,12:19 PM,18.33,12.06,67.0,SW,9.81,12.71,1016.59,0.0,0.0,4.0,422.1,IMELBO1849.csv
2022/12/07,12:24 PM,18.5,11.83,65.0,SSW,4.99,6.6,1016.93,0.0,0.0,6.0,685.3,IMELBO1849.csv
2022/12/07,12:29 PM,19.0,12.22,65.0,SW,8.21,11.42,1016.93,0.0,0.0,10.0,1078.4,IMELBO1849.csv
2022/12/07,12:34 PM,19.17,12.06,64.0,SSE,6.92,8.85,1016.59,0.0,0.0,9.0,991.7,IMELBO1849.csv
2022/12/07,12:39 PM,19.44,11.89,62.0,SSW,6.76,8.69,1016.59,0.0,0.0,10.0,1099.7,IMELBO1849.csv
2022/12/07,12:44 PM,20.44,12.28,60.0,SSE,6.6,9.65,1016.59,0.0,0.0,10.0,1063.7,IMELBO1849.csv
2022/12/07,12:49 PM,19.78,11.83,60.0,SSW,8.21,11.1,1016.59,0.0,0.0,2.0,235.0,IMELBO1849.csv
2022/12/07,12:54 PM,18.78,11.44,62.0,SW,7.08,9.98,1016.59,0.0,0.0,2.0,236.8,IMELBO1849.csv
2022/12/07,12:59 PM,18.72,11.39,62.0,SSW,6.92,9.65,1016.59,0.0,0.0,3.0,404.7,IMELBO1849.csv
2022/12/07,01:04 PM,19.0,11.5,62.0,SSW,5.95,7.88,1016.59,0.0,0.0,10.0,1079.3,IMELBO1849.csv
2022/12/07,01:09 PM,19.67,11.72,60.0,SSW,6.28,8.53,1016.59,0.0,0.0,9.0,926.6,IMELBO1849.csv
2022/12/07,01:14 PM,19.33,11.56,61.0,SW,6.11,8.21,1016.59,0.0,0.0,6.0,640.7,IMELBO1849.csv
2022/12/07,01:19 PM,19.61,12.0,61.0,SSW,6.92,10.3,1016.59,0.0,0.0,4.0,497.5,IMELBO1849.csv
2022/12/07,01:24 PM,18.78,12.39,66.0,South,7.24,10.46,1016.59,0.0,0.0,2.0,246.4,IMELBO1849.csv
2022/12/07,01:29 PM,18.22,12.22,68.0,SW,10.62,14.48,1016.59,0.0,0.0,3.0,398.2,IMELBO1849.csv
2022/12/07,01:34 PM,17.83,11.94,69.0,SSW,9.01,13.52,1016.59,0.0,0.0,2.0,243.3,IMELBO1849.csv
2022/12/07,01:39 PM,17.5,11.89,69.0,SSW,11.1,14.96,1016.93,0.0,0.0,2.0,250.3,IMELBO1849.csv
2022/12/07,01:44 PM,17.39,11.78,70.0,South,6.11,9.01,1016.59,0.0,0.0,2.0,231.6,IMELBO1849.csv
2022/12/07,01:49 PM,17.61,11.89,69.0,South,3.7,4.99,1016.59,0.0,0.0,4.0,446.8,IMELBO1849.csv
2022/12/07,01:54 PM,18.11,12.06,68.0,ESE,3.86,5.63,1016.59,0.0,0.0,9.0,936.1,IMELBO1849.csv
2022/12/07,01:59 PM,18.33,12.17,67.0,South,4.67,6.6,1016.59,0.0,0.0,10.0,1079.3,IMELBO1849.csv
2022/12/07,02:04 PM,18.72,12.22,66.0,South,4.83,6.76,1016.59,0.0,0.0,5.0,571.3,IMELBO1849.csv
2022/12/07,02:09 PM,18.44,12.11,67.0,South,5.31,8.04,1016.59,0.0,0.0,6.0,625.5,IMELBO1849.csv
2022/12/07,02:14 PM,18.56,12.17,66.0,South,5.47,7.88,1016.59,0.0,0.0,5.0,513.2,IMELBO1849.csv
2022/12/07,02:19 PM,18.28,12.11,67.0,SSE,6.44,9.33,1016.26,0.0,0.0,4.0,432.9,IMELBO1849.csv
2022/12/07,02:24 PM,18.28,12.11,67.0,South,5.95,8.21,1016.26,0.0,0.0,5.0,547.8,IMELBO1849.csv
2022/12/07,02:29 PM,18.06,12.0,68.0,SSW,8.37,12.07,1016.59,0.0,0.0,3.0,383.0,IMELBO1849.csv
2022/12/07,02:34 PM,17.72,12.06,69.0,South,6.92,9.98,1016.26,0.0,0.0,3.0,380.8,IMELBO1849.csv
2022/12/07,02:39 PM,17.83,12.0,69.0,South,7.72,10.78,1016.26,0.0,0.0,5.0,589.5,IMELBO1849.csv
2022/12/07,02:44 PM,18.06,12.0,68.0,SSW,7.56,10.46,1016.59,0.0,0.0,4.0,493.6,IMELBO1849.csv
2022/12/07,02:49 PM,17.83,12.0,69.0,South,6.6,9.33,1016.59,0.0,0.0,2.0,225.9,IMELBO1849.csv
2022/12/07,02:54 PM,17.78,12.0,69.0,South,7.08,10.3,1016.59,0.0,0.0,2.0,274.1,IMELBO1849.csv
2022/12/07,02:59 PM,17.67,11.94,69.0,South,8.69,13.03,1016.59,0.0,0.0,5.0,569.1,IMELBO1849.csv
2022/12/07,03:04 PM,17.78,11.89,69.0,SSW,8.37,12.39,1016.59,0.0,0.0,6.0,628.9,IMELBO1849.csv
2022/12/07,03:09 PM,17.78,11.83,68.0,SSW,7.24,10.3,1016.59,0.0,0.0,3.0,386.1,IMELBO1849.csv
2022/12/07,03:14 PM,17.83,11.83,68.0,SSW,8.04,12.07,1016.59,0.0,0.0,3.0,373.9,IMELBO1849.csv
2022/12/07,03:19 PM,17.5,11.72,69.0,South,6.28,9.33,1016.59,0.0,0.0,2.0,290.5,IMELBO1849.csv
2022/12/07,03:24 PM,17.44,11.67,69.0,SSE,6.44,9.98,1016.59,0.0,0.0,2.0,217.8,IMELBO1849.csv
2022/12/07,03:29 PM,17.06,11.39,69.0,South,10.46,14.64,1016.59,0.0,0.0,0.0,67.7,IMELBO1849.csv
2022/12/07,03:34 PM,16.44,10.94,70.0,SSE,8.53,12.39,1016.59,0.0,0.0,1.0,130.9,IMELBO1849.csv
2022/12/07,03:39 PM,16.56,11.06,70.0,SSW,8.69,12.71,1016.59,0.0,0.0,2.0,271.1,IMELBO1849.csv
2022/12/07,03:44 PM,16.56,10.89,69.0,SSW,8.21,11.42,1016.59,0.0,0.0,8.0,891.0,IMELBO1849.csv
2022/12/07,03:49 PM,17.0,10.83,67.0,SSW,10.14,14.32,1016.59,0.0,0.0,7.0,751.8,IMELBO1849.csv
2022/12/07,03:54 PM,17.22,10.94,67.0,South,7.72,10.94,1016.59,0.0,0.0,5.0,514.1,IMELBO1849.csv
2022/12/07,03:59 PM,17.22,10.89,67.0,SSW,7.08,10.46,1016.93,0.0,0.0,2.0,235.0,IMELBO1849.csv
2022/12/07,04:04 PM,16.89,10.56,66.0,South,7.24,10.78,1016.59,0.0,0.0,6.0,627.7,IMELBO1849.csv
2022/12/07,04:09 PM,17.0,10.56,66.0,South,6.44,8.85,1016.59,0.0,0.0,1.0,184.7,IMELBO1849.csv
2022/12/07,04:14 PM,16.89,10.5,66.0,South,5.95,9.65,1016.59,0.0,0.0,5.0,519.7,IMELBO1849.csv
2022/12/07,04:19 PM,17.0,10.39,65.0,South,7.56,10.94,1016.93,0.0,0.0,4.0,478.5,IMELBO1849.csv
2022/12/07,04:24 PM,16.94,10.33,65.0,South,6.6,9.81,1016.93,0.0,0.0,2.0,271.1,IMELBO1849.csv
2022/12/07,04:29 PM,16.94,10.39,65.0,South,7.08,10.3,1016.59,0.0,0.0,2.0,228.1,IMELBO1849.csv
2022/12/07,04:34 PM,16.67,10.17,66.0,SSW,9.33,13.03,1016.59,0.0,0.0,1.0,174.3,IMELBO1849.csv
2022/12/07,04:39 PM,16.56,10.17,66.0,South,6.76,9.81,1016.59,0.0,0.0,1.0,156.1,IMELBO1849.csv
2022/12/07,04:44 PM,16.56,10.17,66.0,SSE,8.85,12.55,1016.59,0.0,0.0,2.0,230.7,IMELBO1849.csv
2022/12/07,04:49 PM,16.67,10.28,66.0,SSE,4.83,6.92,1016.59,0.0,0.0,1.0,197.8,IMELBO1849.csv
2022/12/07,04:54 PM,16.67,10.33,67.0,South,6.6,10.62,1016.59,0.0,0.0,3.0,361.7,IMELBO1849.csv
2022/12/07,04:59 PM,16.67,10.28,66.0,SSW,7.72,11.26,1016.59,0.0,0.0,2.0,298.4,IMELBO1849.csv
2022/12/07,05:04 PM,16.67,10.11,65.0,SSW,7.24,10.62,1016.59,0.0,0.0,1.0,190.0,IMELBO1849.csv
2022/12/07,05:09 PM,16.56,10.06,66.0,South,5.95,8.37,1016.59,0.0,0.0,1.0,156.1,IMELBO1849.csv
2022/12/07,05:14 PM,16.5,10.06,66.0,South,6.28,9.49,1016.93,0.0,0.0,1.0,145.7,IMELBO1849.csv
2022/12/07,05:19 PM,16.5,10.06,66.0,SSE,5.79,7.88,1016.93,0.0,0.0,1.0,145.7,IMELBO1849.csv
2022/12/07,05:24 PM,16.61,10.06,65.0,SE,2.74,4.02,1016.93,0.0,0.0,1.0,137.9,IMELBO1849.csv
2022/12/07,05:29 PM,16.72,10.17,65.0,SSW,4.34,6.44,1016.59,0.0,0.0,1.0,129.2,IMELBO1849.csv
2022/12/07,05:34 PM,17.06,10.22,64.0,SSW,3.7,5.47,1016.93,0.0,0.0,6.0,628.1,IMELBO1849.csv
2022/12/07,05:39 PM,17.39,10.28,63.0,SSE,4.34,6.28,1016.59,0.0,0.0,6.0,618.5,IMELBO1849.csv
2022/12/07,05:44 PM,17.5,10.28,63.0,SSW,6.76,10.3,1016.93,0.0,0.0,5.0,555.7,IMELBO1849.csv
2022/12/07,05:49 PM,17.61,10.33,62.0,South,4.02,5.95,1016.93,0.0,0.0,5.0,514.1,IMELBO1849.csv
2022/12/07,05:54 PM,18.67,8.44,52.0,SW,7.08,10.14,1016.93,0.0,0.0,4.0,478.0,IMELBO1849.csv
2022/12/07,05:59 PM,19.39,7.33,45.0,WSW,7.72,11.91,1016.59,0.0,0.0,3.0,382.5,IMELBO1849.csv
2022/12/07,06:04 PM,19.67,7.06,44.0,SW,8.85,13.19,1016.59,0.0,0.0,3.0,381.3,IMELBO1849.csv
2022/12/07,06:09 PM,19.44,6.78,44.0,WSW,9.81,14.8,1016.59,0.0,0.0,3.0,347.4,IMELBO1849.csv
2022/12/07,06:14 PM,19.67,6.72,43.0,SW,7.56,11.75,1016.59,0.0,0.0,3.0,335.7,IMELBO1849.csv
2022/12/07,06:19 PM,19.39,6.39,43.0,SW,9.49,14.0,1016.59,0.0,0.0,2.0,288.0,IMELBO1849.csv
2022/12/07,06:24 PM,19.22,6.17,43.0,WSW,8.21,12.55,1016.59,0.0,0.0,2.0,283.7,IMELBO1849.csv
2022/12/07,06:29 PM,19.22,6.17,43.0,WSW,6.11,8.85,1016.93,0.0,0.0,2.0,273.7,IMELBO1849.csv
2022/12/07,06:34 PM,19.33,6.39,43.0,WSW,7.08,10.46,1016.93,0.0,0.0,2.0,270.2,IMELBO1849.csv
2022/12/07,06:39 PM,19.28,6.44,43.0,WSW,6.11,9.49,1016.59,0.0,0.0,2.0,257.1,IMELBO1849.csv
2022/12/07,06:44 PM,19.11,6.89,45.0,WSW,7.88,12.23,1016.93,0.0,0.0,2.0,257.6,IMELBO1849.csv
2022/12/07,06:49 PM,18.22,6.83,47.0,SW,11.26,16.09,1016.93,0.0,0.0,0.0,93.2,IMELBO1849.csv
2022/12/07,06:54 PM,17.56,7.94,53.0,SW,10.46,15.45,1017.27,0.0,0.0,1.0,187.3,IMELBO1849.csv
2022/12/07,06:59 PM,16.83,8.33,57.0,SW,8.53,13.35,1017.61,0.0,0.0,1.0,117.4,IMELBO1849.csv
2022/12/07,07:04 PM,16.67,8.56,59.0,SW,8.69,13.19,1017.61,0.0,0.0,0.0,95.8,IMELBO1849.csv
2022/12/07,07:09 PM,16.28,8.56,60.0,WSW,9.65,14.16,1017.95,0.0,0.0,0.0,57.3,IMELBO1849.csv
2022/12/07,07:14 PM,16.0,8.83,63.0,WSW,8.69,12.87,1017.95,0.0,0.0,0.0,46.4,IMELBO1849.csv
2022/12/07,07:19 PM,15.72,9.17,65.0,SW,12.55,18.34,1018.29,0.0,0.0,0.0,36.0,IMELBO1849.csv
2022/12/07,07:24 PM,15.22,9.39,68.0,WSW,12.23,18.5,1018.29,0.0,0.0,0.0,42.0,IMELBO1849.csv
2022/12/07,07:29 PM,14.78,9.39,70.0,WSW,13.68,19.79,1018.96,0.0,0.0,0.0,34.6,IMELBO1849.csv
2022/12/07,07:34 PM,14.22,8.94,70.0,WSW,9.65,15.29,1018.96,0.0,0.0,0.0,23.9,IMELBO1849.csv
2022/12/07,07:39 PM,13.94,8.67,71.0,SW,10.78,16.57,1019.3,0.0,0.0,0.0,20.3,IMELBO1849.csv
2022/12/07,07:44 PM,13.72,9.33,75.0,SW,10.3,14.96,1019.3,0.0,0.0,0.0,17.3,IMELBO1849.csv
2022/12/07,07:49 PM,13.0,9.94,82.0,SW,6.6,9.98,1019.3,0.0,0.0,0.0,18.6,IMELBO1849.csv
2022/12/07,07:54 PM,12.5,9.83,84.0,WSW,5.63,8.69,1019.3,0.0,0.0,0.0,15.2,IMELBO1849.csv
2022/12/07,07:59 PM,12.33,9.61,83.0,SW,7.4,11.75,1019.64,0.0,0.0,0.0,10.8,IMELBO1849.csv
2022/12/07,08:04 PM,12.33,9.5,83.0,WSW,7.08,10.94,1019.64,0.0,0.0,0.0,6.0,IMELBO1849.csv
2022/12/07,08:09 PM,12.28,9.5,83.0,WSW,5.79,8.53,1019.64,0.0,0.0,0.0,6.0,IMELBO1849.csv
2022/12/07,08:14 PM,12.28,9.5,83.0,WSW,6.11,9.65,1019.98,0.0,0.0,0.0,5.1,IMELBO1849.csv
2022/12/07,08:19 PM,12.22,9.44,83.0,WSW,6.44,10.3,1019.98,0.0,0.0,0.0,3.4,IMELBO1849.csv
2022/12/07,08:24 PM,12.28,9.44,83.0,SW,5.15,7.72,1019.98,0.0,0.0,0.0,1.7,IMELBO1849.csv
2022/12/07,08:29 PM,12.28,9.28,82.0,WSW,4.99,7.24,1019.98,0.0,0.0,0.0,0.4,IMELBO1849.csv
2022/12/07,08:34 PM,12.39,9.39,82.0,West,4.67,7.4,1020.32,0.0,0.0,0.0,0.0,IMELBO1849.csv
2022/12/07,08:39 PM,12.39,9.22,81.0,WSW,3.86,5.63,1020.66,0.0,0.0,0.0,0.0,IMELBO1849.csv
2022/12/07,08:44 PM,12.39,9.22,81.0,West,4.34,6.44,1020.66,0.0,0.0,0.0,0.0,IMELBO1849.csv
2022/12/07,08:49 PM,12.28,8.89,80.0,WSW,4.18,6.6,1020.66,0.0,0.0,0.0,0.0,IMELBO1849.csv
2022/12/07,08:54 PM,12.28,8.78,79.0,WSW,5.31,8.04,1020.66,0.0,0.0,0.0,0.0,IMELBO1849.csv
2022/12/07,08:59 PM,12.28,8.78,79.0,WSW,3.86,5.79,1020.66,0.0,0.0,0.0,0.0,IMELBO1849.csv
2022/12/07,09:04 PM,12.28,8.78,79.0,WSW,4.67,7.4,1021.0,0.0,0.0,0.0,0.0,IMELBO1849.csv
2022/12/07,09:09 PM,12.28,8.78,79.0,WSW,4.34,6.11,1021.0,0.0,0.0,0.0,0.0,IMELBO1849.csv
2022/12/07,09:14 PM,12.28,8.72,79.0,West,4.67,6.76,1021.0,0.0,0.0,0.0,0.0,IMELBO1849.csv
2022/12/07,09:19 PM,12.28,8.56,78.0,West,3.7,6.76,1021.0,0.0,0.0,0.0,0.0,IMELBO1849.csv
2022/12/07,09:24 PM,12.28,8.39,77.0,WSW,4.34,6.76,1021.33,0.0,0.0,0.0,0.0,IMELBO1849.csv
2022/12/07,09:29 PM,12.22,8.17,77.0,SW,3.7,5.79,1021.33,0.0,0.0,0.0,0.0,IMELBO1849.csv
2022/12/07,09:34 PM,12.22,8.11,76.0,SW,4.18,6.11,1021.67,0.0,0.0,0.0,0.0,IMELBO1849.csv
2022/12/07,09:39 PM,12.22,8.28,77.0,WSW,3.22,5.31,1021.67,0.0,0.0,0.0,0.0,IMELBO1849.csv
2022/12/07,09:44 PM,12.17,8.22,77.0,West,4.18,6.76,1021.67,0.0,0.0,0.0,0.0,IMELBO1849.csv
2022/12/07,09:49 PM,12.11,7.72,75.0,West,4.67,6.92,1022.01,0.0,0.0,0.0,0.0,IMELBO1849.csv
2022/12/07,09:54 PM,12.0,7.22,73.0,West,4.02,6.92,1022.01,0.0,0.0,0.0,0.0,IMELBO1849.csv
2022/12/07,09:59 PM,11.89,7.0,72.0,WSW,3.54,5.63,1022.01,0.0,0.0,0.0,0.0,IMELBO1849.csv
2022/12/07,10:04 PM,11.67,6.44,70.0,WSW,5.15,7.88,1022.01,0.0,0.0,0.0,0.0,IMELBO1849.csv
2022/12/07,10:09 PM,11.5,6.22,70.0,WSW,4.51,7.08,1022.35,0.0,0.0,0.0,0.0,IMELBO1849.csv
2022/12/07,10:14 PM,11.28,5.89,69.0,WSW,5.15,8.21,1022.35,0.0,0.0,0.0,0.0,IMELBO1849.csv
2022/12/07,10:19 PM,11.22,5.72,69.0,WSW,3.86,5.79,1022.35,0.0,0.0,0.0,0.0,IMELBO1849.csv
2022/12/07,10:24 PM,11.11,5.56,69.0,West,3.54,5.31,1022.35,0.0,0.0,0.0,0.0,IMELBO1849.csv
2022/12/07,10:29 PM,11.0,5.67,70.0,WSW,3.06,5.15,1022.35,0.0,0.0,0.0,0.0,IMELBO1849.csv
2022/12/07,10:34 PM,10.94,5.72,70.0,West,3.86,5.95,1022.69,0.0,0.0,0.0,0.0,IMELBO1849.csv
2022/12/07,10:39 PM,10.83,5.44,69.0,WSW,4.02,6.44,1022.69,0.0,0.0,0.0,0.0,IMELBO1849.csv
2022/12/07,10:44 PM,10.72,5.28,69.0,WSW,4.18,6.92,1022.69,0.0,0.0,0.0,0.0,IMELBO1849.csv
2022/12/07,10:49 PM,10.61,5.11,69.0,WSW,4.34,6.28,1022.69,0.0,0.0,0.0,0.0,IMELBO1849.csv
2022/12/07,10:54 PM,10.61,4.89,68.0,WSW,4.67,7.24,1022.69,0.0,0.0,0.0,0.0,IMELBO1849.csv
2022/12/07,10:59 PM,10.61,5.11,69.0,SW,4.02,6.28,1022.69,0.0,0.0,0.0,0.0,IMELBO1849.csv
2022/12/07,11:04 PM,10.61,5.22,69.0,West,4.83,7.08,1022.69,0.0,0.0,0.0,0.0,IMELBO1849.csv
2022/12/07,11:09 PM,10.56,5.11,69.0,SW,5.47,8.85,1023.03,0.0,0.0,0.0,0.0,IMELBO1849.csv
2022/12/07,11:14 PM,10.5,5.0,69.0,WSW,5.47,8.69,1023.03,0.0,0.0,0.0,0.0,IMELBO1849.csv
2022/12/07,11:19 PM,10.39,5.06,69.0,SW,3.86,6.28,1023.03,0.0,0.0,0.0,0.0,IMELBO1849.csv
2022/12/07,11:24 PM,10.28,5.17,70.0,WSW,3.54,5.47,1023.03,0.0,0.0,0.0,0.0,IMELBO1849.csv
2022/12/07,11:29 PM,10.06,5.06,71.0,WSW,3.54,4.99,1023.03,0.0,0.0,0.0,0.0,IMELBO1849.csv
2022/12/07,11:34 PM,9.94,5.11,72.0,WSW,3.06,4.67,1023.37,0.0,0.0,0.0,0.0,IMELBO1849.csv
2022/12/07,11:39 PM,9.78,4.94,72.0,West,2.41,3.7,1023.37,0.0,0.0,0.0,0.0,IMELBO1849.csv
2022/12/07,11:44 PM,9.67,5.0,73.0,WNW,1.77,2.74,1023.37,0.0,0.0,0.0,0.0,IMELBO1849.csv
2022/12/07,11:49 PM,9.56,4.94,73.0,WNW,2.41,3.86,1023.37,0.0,0.0,0.0,0.0,IMELBO1849.csv
2022/12/07,11:54 PM,9.5,4.89,73.0,WSW,2.09,3.38,1023.03,0.0,0.0,0.0,0.0,IMELBO1849.csv
2022/12/07,11:59 PM,9.39,4.78,73.0,West,2.41,3.86,1023.03,0.0,0.0,0.0,0.0,IMELBO1849.csv
2022/12/08,12:04 AM,9.28,4.89,74.0,WSW,2.25,3.54,1023.03,0.0,0.0,0.0,0.0,IMELBO1849.csv
2022/12/08,12:09 AM,9.22,4.78,74.0,West,2.09,3.54,1023.37,0.0,0.0,0.0,0.0,IMELBO1849.csv
2022/12/08,12:14 AM,9.17,4.89,75.0,WNW,2.41,4.51,1023.37,0.0,0.0,0.0,0.0,IMELBO1849.csv
2022/12/08,12:19 AM,9.17,4.94,75.0,West,2.09,3.38,1023.37,0.0,0.0,0.0,0.0,IMELBO1849.csv
2022/12/08,12:24 AM,9.11,4.89,75.0,West,2.25,3.7,1023.37,0.0,0.0,0.0,0.0,IMELBO1849.csv
2022/12/08,12:29 AM,9.17,4.94,75.0,West,3.38,5.31,1023.37,0.0,0.0,0.0,0.0,IMELBO1849.csv
2022/12/08,12:34 AM,9.11,4.94,75.0,West,2.57,4.51,1023.37,0.0,0.0,0.0,0.0,IMELBO1849.csv
2022/12/08,12:39 AM,9.06,5.06,76.0,West,2.25,3.38,1023.37,0.0,0.0,0.0,0.0,IMELBO1849.csv
2022/12/08,12:44 AM,8.94,4.94,76.0,West,2.9,4.34,1023.37,0.0,0.0,0.0,0.0,IMELBO1849.csv
2022/12/08,12:49 AM,8.83,5.06,77.0,WSW,2.41,3.7,1023.37,0.0,0.0,0.0,0.0,IMELBO1849.csv
2022/12/08,12:54 AM,8.78,5.0,77.0,West,2.41,4.02,1023.37,0.0,0.0,0.0,0.0,IMELBO1849.csv
2022/12/08,12:59 AM,8.72,4.94,77.0,WNW,2.09,3.06,1023.37,0.0,0.0,0.0,0.0,IMELBO1849.csv
2022/12/08,01:04 AM,8.61,5.0,78.0,WNW,2.9,4.51,1023.37,0.0,0.0,0.0,0.0,IMELBO1849.csv
2022/12/08,01:09 AM,8.61,5.0,78.0,WNW,2.57,3.7,1023.37,0.0,0.0,0.0,0.0,IMELBO1849.csv
2022/12/08,01:14 AM,8.61,5.0,78.0,WNW,2.25,3.54,1023.37,0.0,0.0,0.0,0.0,IMELBO1849.csv
2022/12/08,01:19 AM,8.56,4.94,78.0,West,2.57,4.51,1023.37,0.0,0.0,0.0,0.0,IMELBO1849.csv
2022/12/08,01:24 AM,8.5,4.89,78.0,West,1.93,3.22,1023.37,0.0,0.0,0.0,0.0,IMELBO1849.csv
2022/12/08,01:29 AM,8.39,4.78,78.0,West,2.74,4.51,1023.03,0.0,0.0,0.0,0.0,IMELBO1849.csv
2022/12/08,01:34 AM,8.39,4.78,78.0,WNW,3.22,4.99,1023.37,0.0,0.0,0.0,0.0,IMELBO1849.csv
2022/12/08,01:39 AM,8.39,4.78,78.0,WNW,4.51,6.28,1023.03,0.0,0.0,0.0,0.0,IMELBO1849.csv
2022/12/08,01:44 AM,8.39,4.78,78.0,West,2.9,4.34,1023.03,0.0,0.0,0.0,0.0,IMELBO1849.csv
2022/12/08,01:49 AM,8.33,4.72,78.0,West,4.83,7.08,1023.03,0.0,0.0,0.0,0.0,IMELBO1849.csv
2022/12/08,01:54 AM,8.39,4.67,77.0,WSW,3.7,5.95,1023.03,0.0,0.0,0.0,0.0,IMELBO1849.csv
2022/12/08,01:59 AM,8.5,4.72,77.0,WSW,2.9,4.02,1022.69,0.0,0.0,0.0,0.0,IMELBO1849.csv
2022/12/08,02:04 AM,8.39,4.61,77.0,West,4.18,5.95,1023.03,0.0,0.0,0.0,0.0,IMELBO1849.csv
2022/12/08,02:09 AM,8.39,4.56,77.0,WSW,3.22,4.67,1022.69,0.0,0.0,0.0,0.0,IMELBO1849.csv
2022/12/08,02:14 AM,8.5,4.67,77.0,West,3.06,4.51,1022.69,0.0,0.0,0.0,0.0,IMELBO1849.csv
2022/12/08,02:19 AM,8.39,4.61,77.0,West,2.74,4.18,1023.03,0.0,0.0,0.0,0.0,IMELBO1849.csv
2022/12/08,02:24 AM,8.33,4.72,78.0,West,2.41,4.18,1022.69,0.0,0.0,0.0,0.0,IMELBO1849.csv
2022/12/08,02:29 AM,8.28,4.72,78.0,WNW,4.99,6.92,1023.03,0.0,0.0,0.0,0.0,IMELBO1849.csv
2022/12/08,02:34 AM,8.22,4.67,78.0,WNW,3.38,5.31,1023.03,0.0,0.0,0.0,0.0,IMELBO1849.csv
2022/12/08,02:39 AM,8.22,4.61,78.0,West,4.02,6.76,1023.03,0.0,0.0,0.0,0.0,IMELBO1849.csv
2022/12/08,02:44 AM,8.22,4.61,78.0,West,3.54,5.15,1023.03,0.0,0.0,0.0,0.0,IMELBO1849.csv
2022/12/08,02:49 AM,8.22,4.61,78.0,WNW,4.51,6.6,1023.03,0.0,0.0,0.0,0.0,IMELBO1849.csv
2022/12/08,02:54 AM,8.22,4.61,78.0,WNW,4.34,5.95,1023.03,0.0,0.0,0.0,0.0,IMELBO1849.csv
2022/12/08,02:59 AM,8.22,4.5,78.0,West,4.67,7.72,1022.69,0.0,0.0,0.0,0.0,IMELBO1849.csv
2022/12/08,03:04 AM,8.28,4.5,77.0,West,4.18,6.44,1023.03,0.0,0.0,0.0,0.0,IMELBO1849.csv
2022/12/08,03:09 AM,8.28,4.5,77.0,West,3.86,5.31,1023.03,0.0,0.0,0.0,0.0,IMELBO1849.csv
2022/12/08,03:14 AM,8.22,4.39,77.0,West,3.54,5.47,1023.03,0.0,0.0,0.0,0.0,IMELBO1849.csv
2022/12/08,03:19 AM,8.22,4.39,77.0,West,3.22,5.15,1023.03,0.0,0.0,0.0,0.0,IMELBO1849.csv
2022/12/08,03:24 AM,8.06,4.39,78.0,West,3.06,4.18,1023.03,0.0,0.0,0.0,0.0,IMELBO1849.csv
2022/12/08,03:25 AM,8.0,4.39,78.0,West,2.57,3.54,1022.69,0.0,0.0,0.0,0.0,IMELBO1849.csv
2022/12/08,03:31 AM,7.89,4.28,78.0,West,4.67,5.47,1023.03,0.0,0.0,0.0,0.0,IMELBO1849.csv
2022/12/08,03:39 AM,7.89,4.28,78.0,West,3.22,4.67,1022.69,0.0,0.0,0.0,0.0,IMELBO1849.csv
2022/12/08,03:44 AM,8.0,4.39,78.0,West,3.38,5.31,1023.03,0.0,0.0,0.0,0.0,IMELBO1849.csv
2022/12/08,03:49 AM,8.11,4.39,77.0,WNW,3.7,6.28,1023.03,0.0,0.0,0.0,0.0,IMELBO1849.csv
2022/12/08,03:54 AM,8.17,4.44,78.0,West,3.38,5.47,1023.03,0.0,0.0,0.0,0.0,IMELBO1849.csv
2022/12/08,03:59 AM,8.11,4.5,78.0,WNW,4.18,5.79,1023.03,0.0,0.0,0.0,0.0,IMELBO1849.csv
2022/12/08,04:04 AM,8.11,4.5,78.0,West,3.86,5.95,1023.03,0.0,0.0,0.0,0.0,IMELBO1849.csv
2022/12/08,04:09 AM,8.11,4.5,78.0,West,4.02,6.44,1023.37,0.0,0.0,0.0,0.0,IMELBO1849.csv
2022/12/08,04:14 AM,8.11,4.5,78.0,West,3.7,6.11,1023.37,0.0,0.0,0.0,0.0,IMELBO1849.csv
2022/12/08,04:19 AM,8.11,4.5,78.0,West,4.34,6.11,1023.37,0.0,0.0,0.0,0.0,IMELBO1849.csv
2022/12/08,04:24 AM,8.11,4.67,79.0,West,4.83,6.92,1023.37,0.0,0.0,0.0,0.0,IMELBO1849.csv
2022/12/08,04:29 AM,8.0,4.61,79.0,WNW,4.18,6.11,1023.37,0.0,0.0,0.0,0.0,IMELBO1849.csv
2022/12/08,04:34 AM,7.94,4.56,79.0,West,4.02,5.95,1023.03,0.0,0.0,0.0,0.0,IMELBO1849.csv
2022/12/08,04:39 AM,7.89,4.5,79.0,West,3.38,5.15,1023.03,0.0,0.0,0.0,0.0,IMELBO1849.csv
2022/12/08,04:44 AM,7.89,4.5,79.0,WNW,4.18,6.28,1023.03,0.0,0.0,0.0,0.0,IMELBO1849.csv
2022/12/08,04:49 AM,7.78,4.39,79.0,West,3.38,4.99,1023.03,0.0,0.0,0.0,0.0,IMELBO1849.csv
2022/12/08,04:54 AM,7.78,4.5,80.0,WNW,3.54,5.31,1023.03,0.0,0.0,0.0,0.0,IMELBO1849.csv
2022/12/08,04:59 AM,7.72,4.5,80.0,West,2.9,4.51,1023.03,0.0,0.0,0.0,0.0,IMELBO1849.csv
2022/12/08,05:04 AM,7.72,4.5,80.0,WSW,3.54,5.47,1023.37,0.0,0.0,0.0,0.0,IMELBO1849.csv
2022/12/08,05:09 AM,7.67,4.5,81.0,West,2.57,4.18,1023.03,0.0,0.0,0.0,0.0,IMELBO1849.csv
2022/12/08,05:14 AM,7.61,4.5,81.0,West,2.74,3.86,1023.03,0.0,0.0,0.0,0.0,IMELBO1849.csv
2022/12/08,05:19 AM,7.61,4.5,81.0,West,2.41,4.02,1023.03,0.0,0.0,0.0,0.0,IMELBO1849.csv
2022/12/08,05:24 AM,7.61,4.5,81.0,WNW,3.38,5.47,1023.37,0.0,0.0,0.0,0.0,IMELBO1849.csv
2022/12/08,05:29 AM,7.61,4.5,81.0,WNW,3.54,5.31,1023.03,0.0,0.0,0.0,0.0,IMELBO1849.csv
2022/12/08,05:34 AM,7.61,4.5,81.0,WNW,3.22,4.18,1023.37,0.0,0.0,0.0,0.0,IMELBO1849.csv
2022/12/08,05:39 AM,7.5,4.39,81.0,WNW,3.06,4.67,1023.37,0.0,0.0,0.0,0.0,IMELBO1849.csv
2022/12/08,05:44 AM,7.5,4.39,81.0,West,2.9,4.51,1023.37,0.0,0.0,0.0,0.0,IMELBO1849.csv
2022/12/08,05:49 AM,7.44,4.56,82.0,WNW,2.74,4.34,1023.37,0.0,0.0,0.0,1.7,IMELBO1849.csv
2022/12/08,05:54 AM,7.39,4.5,82.0,WNW,2.74,4.51,1023.37,0.0,0.0,0.0,3.4,IMELBO1849.csv
2022/12/08,05:59 AM,7.39,4.5,82.0,WNW,2.57,4.02,1023.71,0.0,0.0,0.0,5.6,IMELBO1849.csv
2022/12/08,06:04 AM,7.39,4.5,82.0,West,2.41,3.7,1023.71,0.0,0.0,0.0,8.6,IMELBO1849.csv
2022/12/08,06:09 AM,7.44,4.56,82.0,West,2.9,4.34,1023.71,0.0,0.0,0.0,9.9,IMELBO1849.csv
2022/12/08,06:14 AM,7.5,4.61,82.0,West,2.74,4.34,1023.71,0.0,0.0,0.0,13.3,IMELBO1849.csv
2022/12/08,06:19 AM,7.5,4.61,82.0,West,2.74,4.34,1023.71,0.0,0.0,0.0,16.9,IMELBO1849.csv
2022/12/08,06:24 AM,7.56,4.67,82.0,West,2.74,4.02,1024.04,0.0,0.0,0.0,18.1,IMELBO1849.csv
2022/12/08,06:29 AM,7.61,4.56,81.0,West,3.22,4.83,1024.04,0.0,0.0,0.0,28.1,IMELBO1849.csv
2022/12/08,06:34 AM,7.72,4.61,81.0,West,3.38,5.31,1024.04,0.0,0.0,0.0,30.3,IMELBO1849.csv
2022/12/08,06:39 AM,7.72,4.61,81.0,West,3.06,4.83,1023.71,0.0,0.0,0.0,32.9,IMELBO1849.csv
2022/12/08,06:44 AM,7.78,4.67,81.0,West,4.18,6.11,1024.04,0.0,0.0,0.0,36.0,IMELBO1849.csv
2022/12/08,06:49 AM,8.0,4.72,80.0,West,4.18,6.76,1024.04,0.0,0.0,0.0,45.0,IMELBO1849.csv
2022/12/08,06:54 AM,8.17,4.78,79.0,WSW,3.86,6.44,1024.38,0.0,0.0,0.0,51.5,IMELBO1849.csv
2022/12/08,06:59 AM,8.39,4.78,78.0,West,4.83,7.08,1024.38,0.0,0.0,0.0,60.7,IMELBO1849.csv
2022/12/08,07:04 AM,8.67,4.83,77.0,West,4.83,6.76,1024.38,0.0,0.0,0.0,84.0,IMELBO1849.csv
2022/12/08,07:09 AM,8.83,5.0,77.0,West,3.7,5.31,1024.72,0.0,0.0,0.0,90.7,IMELBO1849.csv
2022/12/08,07:14 AM,9.06,5.06,76.0,WSW,4.18,6.28,1024.38,0.0,0.0,1.0,102.3,IMELBO1849.csv
2022/12/08,07:19 AM,9.17,5.06,76.0,West,5.47,8.69,1024.38,0.0,0.0,1.0,124.1,IMELBO1849.csv
2022/12/08,07:24 AM,9.44,5.22,75.0,WNW,4.51,7.56,1024.72,0.0,0.0,1.0,141.4,IMELBO1849.csv
2022/12/08,07:29 AM,9.78,5.33,74.0,West,4.83,7.4,1024.72,0.0,0.0,1.0,199.9,IMELBO1849.csv
2022/12/08,07:34 AM,10.17,5.56,73.0,WSW,4.67,6.76,1024.72,0.0,0.0,1.0,116.6,IMELBO1849.csv
2022/12/08,07:39 AM,10.0,5.61,74.0,WSW,3.86,6.76,1025.06,0.0,0.0,1.0,140.1,IMELBO1849.csv
2022/12/08,07:44 AM,9.94,5.56,74.0,SW,6.92,10.62,1025.06,0.0,0.0,0.0,98.8,IMELBO1849.csv
2022/12/08,07:49 AM,9.89,5.44,74.0,WSW,8.21,12.07,1025.06,0.0,0.0,0.0,70.7,IMELBO1849.csv
2022/12/08,07:54 AM,9.89,5.44,74.0,SW,10.62,14.0,1025.4,0.0,0.0,1.0,104.5,IMELBO1849.csv
2022/12/08,07:59 AM,9.94,5.39,73.0,WSW,7.88,11.42,1025.4,0.0,0.0,0.0,95.8,IMELBO1849.csv
2022/12/08,08:04 AM,10.0,5.44,73.0,SW,5.63,8.69,1025.4,0.0,0.0,1.0,145.2,IMELBO1849.csv
2022/12/08,08:09 AM,10.06,5.33,72.0,WSW,5.95,8.37,1025.4,0.0,0.0,1.0,188.6,IMELBO1849.csv
2022/12/08,08:14 AM,10.28,5.56,73.0,SW,6.92,10.46,1025.4,0.0,0.0,4.0,434.2,IMELBO1849.csv
2022/12/08,08:19 AM,10.89,5.61,70.0,WSW,6.44,9.01,1025.4,0.0,0.0,4.0,431.1,IMELBO1849.csv
2022/12/08,08:24 AM,11.11,5.61,69.0,WSW,8.21,11.75,1025.4,0.0,0.0,1.0,173.8,IMELBO1849.csv
2022/12/08,08:29 AM,10.56,5.33,70.0,SW,6.76,9.33,1025.74,0.0,0.0,1.0,179.6,IMELBO1849.csv
2022/12/08,08:34 AM,10.78,5.28,69.0,West,6.44,8.85,1025.4,0.0,0.0,4.0,448.1,IMELBO1849.csv
2022/12/08,08:39 AM,10.94,5.11,67.0,SW,5.79,8.37,1025.74,0.0,0.0,3.0,389.9,IMELBO1849.csv
2022/12/08,08:44 AM,11.56,5.44,66.0,WSW,4.51,6.28,1025.74,0.0,0.0,3.0,375.6,IMELBO1849.csv
2022/12/08,08:49 AM,11.67,5.39,65.0,SW,6.28,9.65,1026.08,0.0,0.0,3.0,368.7,IMELBO1849.csv
2022/12/08,08:54 AM,11.94,5.56,65.0,SW,6.76,9.81,1025.74,0.0,0.0,4.0,419.5,IMELBO1849.csv
2022/12/08,08:59 AM,12.11,5.44,64.0,WSW,7.56,10.78,1025.74,0.0,0.0,5.0,528.7,IMELBO1849.csv
2022/12/08,09:04 AM,12.17,5.39,63.0,WSW,7.88,12.87,1026.08,0.0,0.0,5.0,547.8,IMELBO1849.csv
2022/12/08,09:09 AM,11.94,5.28,64.0,SW,9.65,13.68,1026.08,0.0,0.0,2.0,239.8,IMELBO1849.csv
2022/12/08,09:14 AM,11.67,5.17,64.0,SW,11.58,15.77,1026.08,0.0,0.0,2.0,202.6,IMELBO1849.csv
2022/12/08,09:19 AM,11.61,5.06,64.0,WSW,10.14,14.64,1026.41,0.0,0.0,3.0,394.3,IMELBO1849.csv
2022/12/08,09:24 AM,11.78,5.06,63.0,SW,10.14,13.68,1026.41,0.0,0.0,6.0,635.0,IMELBO1849.csv
2022/12/08,09:29 AM,12.56,5.28,61.0,SW,7.72,10.62,1026.41,0.0,0.0,5.0,611.7,IMELBO1849.csv
2022/12/08,09:34 AM,13.06,5.5,60.0,SW,9.98,14.48,1026.41,0.0,0.0,5.0,595.2,IMELBO1849.csv
2022/12/08,09:39 AM,13.28,5.56,59.0,SW,10.3,14.16,1026.41,0.0,0.0,6.0,651.6,IMELBO1849.csv
2022/12/08,09:44 AM,13.33,5.11,58.0,SW,11.91,16.09,1026.41,0.0,0.0,6.0,620.2,IMELBO1849.csv
2022/12/08,09:49 AM,13.11,4.61,56.0,SW,11.58,16.73,1026.41,0.0,0.0,6.0,674.6,IMELBO1849.csv
2022/12/08,09:54 AM,13.61,4.56,54.0,SW,12.71,17.54,1026.41,0.0,0.0,7.0,739.6,IMELBO1849.csv
2022/12/08,09:59 AM,13.78,5.17,56.0,SW,9.49,13.19,1026.41,0.0,0.0,6.0,645.5,IMELBO1849.csv
2022/12/08,10:04 AM,13.11,4.61,56.0,SW,10.62,15.77,1026.41,0.0,0.0,6.0,688.0,IMELBO1849.csv
2022/12/08,10:09 AM,13.28,4.72,56.0,SSW,13.35,17.86,1026.41,0.0,0.0,7.0,756.5,IMELBO1849.csv
2022/12/08,10:14 AM,14.11,4.72,53.0,SW,12.55,16.73,1026.41,0.0,0.0,7.0,787.7,IMELBO1849.csv
2022/12/08,10:19 AM,13.78,4.67,54.0,SW,14.0,18.66,1026.41,0.0,0.0,2.0,266.3,IMELBO1849.csv
2022/12/08,10:24 AM,13.17,3.89,53.0,SW,13.35,18.34,1026.75,0.0,0.0,5.0,520.5,IMELBO1849.csv
2022/12/08,10:29 AM,13.67,4.06,52.0,SW,13.19,17.7,1026.75,0.0,0.0,6.0,663.7,IMELBO1849.csv
2022/12/08,10:34 AM,13.72,4.61,54.0,SW,12.23,17.7,1026.75,0.0,0.0,8.0,902.2,IMELBO1849.csv
2022/12/08,10:39 AM,14.06,5.22,55.0,SW,9.65,13.68,1026.75,0.0,0.0,6.0,714.4,IMELBO1849.csv
2022/12/08,10:44 AM,13.61,5.17,57.0,SW,10.62,14.48,1026.75,0.0,0.0,2.0,216.9,IMELBO1849.csv
2022/12/08,10:49 AM,13.0,5.28,60.0,SW,15.45,21.88,1027.09,0.0,0.0,1.0,120.1,IMELBO1849.csv
2022/12/08,10:54 AM,12.11,6.0,67.0,SSW,12.07,16.73,1027.09,0.0,0.0,2.0,302.8,IMELBO1849.csv
2022/12/08,10:59 AM,11.78,6.06,68.0,SW,15.61,21.88,1027.09,0.0,0.0,4.0,426.0,IMELBO1849.csv
2022/12/08,11:04 AM,11.94,6.44,69.0,SW,13.52,17.54,1027.09,0.0,0.0,4.0,494.1,IMELBO1849.csv
2022/12/08,11:09 AM,11.83,6.56,70.0,SW,11.42,15.61,1027.09,0.0,0.0,3.0,372.1,IMELBO1849.csv
2022/12/08,11:14 AM,12.22,6.0,66.0,SW,10.94,14.96,1027.43,0.0,0.0,9.0,984.7,IMELBO1849.csv
2022/12/08,11:19 AM,13.17,6.44,64.0,SW,8.53,12.07,1027.09,0.0,0.0,6.0,625.0,IMELBO1849.csv
2022/12/08,11:24 AM,13.33,6.5,63.0,SW,10.46,14.0,1027.09,0.0,0.0,8.0,884.0,IMELBO1849.csv
2022/12/08,11:29 AM,13.83,6.44,61.0,SSW,13.03,17.7,1027.09,0.0,0.0,9.0,928.3,IMELBO1849.csv
2022/12/08,11:34 AM,14.17,6.06,58.0,SW,10.3,14.32,1027.09,0.0,0.0,9.0,997.3,IMELBO1849.csv
2022/12/08,11:39 AM,14.39,5.22,54.0,SW,13.68,17.86,1027.09,0.0,0.0,9.0,943.1,IMELBO1849.csv
2022/12/08,11:44 AM,14.78,5.33,53.0,SW,12.71,18.02,1027.09,0.0,0.0,8.0,826.4,IMELBO1849.csv
2022/12/08,11:49 AM,15.0,5.28,52.0,SW,10.46,14.0,1027.09,0.0,0.0,8.0,875.0,IMELBO1849.csv
2022/12/08,11:54 AM,15.28,5.61,52.0,SSW,14.8,19.95,1026.75,0.0,0.0,9.0,969.0,IMELBO1849.csv
2022/12/08,11:59 AM,15.22,5.33,52.0,SW,13.19,17.7,1026.75,0.0,0.0,10.0,1040.7,IMELBO1849.csv
2022/12/08,12:04 PM,14.94,6.11,56.0,SW,12.39,18.34,1027.09,0.0,0.0,9.0,934.4,IMELBO1849.csv
2022/12/08,12:09 PM,14.5,6.39,58.0,SSW,13.19,17.22,1027.09,0.0,0.0,9.0,937.0,IMELBO1849.csv
2022/12/08,12:14 PM,14.67,5.28,53.0,WSW,12.55,17.54,1027.09,0.0,0.0,7.0,777.3,IMELBO1849.csv
2022/12/08,12:19 PM,14.56,5.56,55.0,SW,12.87,18.34,1027.09,0.0,0.0,1.0,193.9,IMELBO1849.csv
2022/12/08,12:24 PM,13.78,6.44,61.0,SW,10.46,14.8,1027.09,0.0,0.0,4.0,491.9,IMELBO1849.csv
2022/12/08,12:29 PM,13.5,4.94,56.0,SW,11.91,16.09,1027.09,0.0,0.0,9.0,975.6,IMELBO1849.csv
2022/12/08,12:34 PM,14.44,4.89,53.0,SW,10.94,15.45,1027.09,0.0,0.0,6.0,671.9,IMELBO1849.csv
2022/12/08,12:39 PM,14.56,4.33,50.0,SW,12.23,16.41,1027.09,0.0,0.0,11.0,1142.1,IMELBO1849.csv
2022/12/08,12:44 PM,15.11,4.89,51.0,SW,14.16,18.66,1027.09,0.0,0.0,3.0,347.0,IMELBO1849.csv
2022/12/08,12:49 PM,14.39,5.83,56.0,SW,16.25,21.4,1027.43,0.0,0.0,2.0,278.4,IMELBO1849.csv
2022/12/08,12:54 PM,13.0,7.28,68.0,SW,10.94,14.64,1027.43,0.0,0.0,3.0,353.5,IMELBO1849.csv
2022/12/08,12:59 PM,12.44,7.11,70.0,SW,7.56,10.3,1027.43,0.0,0.0,9.0,967.8,IMELBO1849.csv
2022/12/08,01:04 PM,13.61,7.5,67.0,SW,6.44,8.69,1027.43,0.0,0.0,10.0,1121.0,IMELBO1849.csv
2022/12/08,01:09 PM,14.44,6.28,58.0,SW,10.62,14.48,1027.43,0.0,0.0,6.0,669.3,IMELBO1849.csv
2022/12/08,01:14 PM,14.06,5.67,57.0,SW,10.3,13.84,1027.09,0.0,0.0,1.0,179.1,IMELBO1849.csv
2022/12/08,01:19 PM,13.67,6.5,62.0,SW,8.37,11.42,1027.09,0.0,0.0,1.0,200.8,IMELBO1849.csv
2022/12/08,01:24 PM,13.61,6.56,62.0,SW,10.94,15.12,1027.09,0.0,0.0,9.0,959.5,IMELBO1849.csv
2022/12/08,01:29 PM,13.72,5.89,59.0,SW,10.94,14.96,1027.09,0.0,0.0,3.0,310.1,IMELBO1849.csv
2022/12/08,01:34 PM,14.17,5.72,57.0,SSW,9.65,13.84,1027.09,0.0,0.0,10.0,1096.1,IMELBO1849.csv
2022/12/08,01:39 PM,14.89,5.94,55.0,SW,8.69,13.19,1027.09,0.0,0.0,5.0,537.9,IMELBO1849.csv
2022/12/08,01:44 PM,14.61,5.94,56.0,SW,11.91,15.93,1027.09,0.0,0.0,2.0,222.9,IMELBO1849.csv
2022/12/08,01:49 PM,14.0,6.17,59.0,SW,10.46,14.48,1027.09,0.0,0.0,2.0,299.7,IMELBO1849.csv
2022/12/08,01:54 PM,13.83,5.67,58.0,SW,6.44,9.65,1027.09,0.0,0.0,3.0,353.5,IMELBO1849.csv
2022/12/08,01:59 PM,14.33,5.72,56.0,SW,13.03,17.7,1027.09,0.0,0.0,10.0,1103.1,IMELBO1849.csv
2022/12/08,02:04 PM,15.0,6.33,56.0,SSW,7.88,10.94,1027.09,0.0,0.0,10.0,1094.4,IMELBO1849.csv
2022/12/08,02:09 PM,15.0,6.78,58.0,South,9.65,14.0,1027.09,0.0,0.0,9.0,1021.1,IMELBO1849.csv
2022/12/08,02:14 PM,15.06,6.72,58.0,SW,8.37,11.91,1027.09,0.0,0.0,6.0,619.4,IMELBO1849.csv
2022/12/08,02:19 PM,14.5,6.17,57.0,South,11.42,16.41,1027.43,0.0,0.0,4.0,440.7,IMELBO1849.csv
2022/12/08,02:24 PM,14.56,6.28,58.0,SSW,10.14,14.48,1027.09,0.0,0.0,2.0,286.6,IMELBO1849.csv
2022/12/08,02:29 PM,14.33,6.06,58.0,SW,9.01,12.07,1027.43,0.0,0.0,2.0,279.8,IMELBO1849.csv
2022/12/08,02:34 PM,14.44,5.33,54.0,SW,9.81,13.03,1027.43,0.0,0.0,2.0,281.9,IMELBO1849.csv
2022/12/08,02:39 PM,14.22,5.0,54.0,SW,12.55,16.09,1027.43,0.0,0.0,2.0,296.7,IMELBO1849.csv
2022/12/08,02:44 PM,14.22,5.06,54.0,SW,10.14,14.64,1027.43,0.0,0.0,3.0,379.5,IMELBO1849.csv
2022/12/08,02:49 PM,14.44,5.44,55.0,SW,12.07,15.93,1027.09,0.0,0.0,3.0,399.9,IMELBO1849.csv
2022/12/08,02:54 PM,14.33,5.17,54.0,SW,10.94,14.48,1027.43,0.0,0.0,3.0,334.0,IMELBO1849.csv
2022/12/08,02:59 PM,14.44,5.5,55.0,SW,13.03,17.86,1027.43,0.0,0.0,4.0,509.6,IMELBO1849.csv
2022/12/08,03:04 PM,14.22,5.33,55.0,SW,10.62,15.12,1027.43,0.0,0.0,7.0,764.7,IMELBO1849.csv
2022/12/08,03:09 PM,14.83,5.28,53.0,SSW,8.37,11.91,1027.43,0.0,0.0,9.0,1010.3,IMELBO1849.csv
2022/12/08,03:14 PM,15.56,5.5,51.0,SW,12.87,17.7,1027.09,0.0,0.0,10.0,1057.1,IMELBO1849.csv
2022/12/08,03:19 PM,15.67,5.5,51.0,SW,14.96,21.4,1027.43,0.0,0.0,8.0,911.4,IMELBO1849.csv
2022/12/08,03:24 PM,15.11,5.06,51.0,South,11.26,16.41,1027.09,0.0,0.0,9.0,938.3,IMELBO1849.csv
2022/12/08,03:29 PM,15.5,4.72,49.0,SSW,13.84,19.63,1027.09,0.0,0.0,9.0,956.0,IMELBO1849.csv
2022/12/08,03:34 PM,15.28,4.56,49.0,SW,12.39,16.89,1027.09,0.0,0.0,9.0,936.6,IMELBO1849.csv
2022/12/08,03:39 PM,15.67,4.44,47.0,SSW,12.07,15.77,1027.09,0.0,0.0,8.0,889.3,IMELBO1849.csv
2022/12/08,03:44 PM,16.22,4.5,46.0,SW,12.39,17.22,1027.09,0.0,0.0,8.0,825.5,IMELBO1849.csv
2022/12/08,03:49 PM,16.22,4.94,47.0,SSW,10.94,15.93,1027.09,0.0,0.0,8.0,907.8,IMELBO1849.csv
2022/12/08,03:54 PM,16.0,5.17,49.0,SSW,13.35,18.5,1027.09,0.0,0.0,9.0,1001.2,IMELBO1849.csv
2022/12/08,03:59 PM,15.94,5.11,49.0,SW,11.1,16.89,1027.09,0.0,0.0,10.0,1054.2,IMELBO1849.csv
2022/12/08,04:04 PM,15.78,4.83,48.0,SSW,13.19,17.86,1027.09,0.0,0.0,5.0,560.9,IMELBO1849.csv
2022/12/08,04:09 PM,15.11,4.72,50.0,SSW,14.0,18.18,1027.09,0.0,0.0,9.0,959.1,IMELBO1849.csv
2022/12/08,04:14 PM,15.11,4.67,50.0,SSW,12.71,17.06,1027.09,0.0,0.0,9.0,963.9,IMELBO1849.csv
2022/12/08,04:19 PM,15.56,5.44,51.0,SW,15.45,20.27,1027.09,0.0,0.0,8.0,833.3,IMELBO1849.csv
2022/12/08,04:24 PM,15.11,5.44,52.0,SSW,11.26,16.41,1027.09,0.0,0.0,8.0,922.3,IMELBO1849.csv
2022/12/08,04:29 PM,15.78,5.61,51.0,SSW,12.23,16.89,1027.43,0.0,0.0,8.0,907.5,IMELBO1849.csv
2022/12/08,04:34 PM,15.72,5.67,51.0,SSW,10.78,15.61,1027.09,0.0,0.0,8.0,854.5,IMELBO1849.csv
2022/12/08,04:39 PM,15.67,5.78,52.0,SW,14.16,18.83,1027.43,0.0,0.0,7.0,770.0,IMELBO1849.csv
2022/12/08,04:44 PM,15.33,5.67,53.0,SW,11.26,15.61,1027.09,0.0,0.0,7.0,753.5,IMELBO1849.csv
2022/12/08,04:49 PM,15.72,5.89,52.0,SW,14.96,19.95,1027.43,0.0,0.0,6.0,711.4,IMELBO1849.csv
2022/12/08,04:54 PM,14.94,5.28,53.0,SW,13.68,18.83,1027.43,0.0,0.0,7.0,745.3,IMELBO1849.csv
2022/12/08,04:59 PM,15.22,5.33,52.0,SW,12.55,17.38,1027.09,0.0,0.0,6.0,701.8,IMELBO1849.csv
2022/12/08,05:04 PM,15.56,5.5,51.0,SW,13.03,17.54,1027.09,0.0,0.0,7.0,740.9,IMELBO1849.csv
2022/12/08,05:09 PM,15.61,5.78,52.0,SSW,12.55,17.06,1027.43,0.0,0.0,7.0,789.4,IMELBO1849.csv
2022/12/08,05:14 PM,15.56,6.06,53.0,SW,13.52,17.54,1027.43,0.0,0.0,7.0,794.7,IMELBO1849.csv
2022/12/08,05:19 PM,15.33,6.06,54.0,SW,13.35,18.34,1027.09,0.0,0.0,7.0,737.0,IMELBO1849.csv
2022/12/08,05:24 PM,14.94,6.11,56.0,SSW,13.68,18.5,1027.43,0.0,0.0,3.0,379.1,IMELBO1849.csv
2022/12/08,05:29 PM,14.78,6.0,56.0,SW,13.35,18.02,1027.43,0.0,0.0,6.0,660.6,IMELBO1849.csv
2022/12/08,05:34 PM,14.56,5.89,56.0,SW,13.84,18.99,1027.43,0.0,0.0,5.0,545.3,IMELBO1849.csv
2022/12/08,05:39 PM,14.67,5.67,55.0,SSW,9.81,14.0,1027.43,0.0,0.0,5.0,581.2,IMELBO1849.csv
2022/12/08,05:44 PM,15.0,5.06,51.0,SSW,14.48,20.27,1027.09,0.0,0.0,5.0,527.5,IMELBO1849.csv
2022/12/08,05:49 PM,14.39,4.67,52.0,SW,13.19,17.86,1027.09,0.0,0.0,3.0,326.1,IMELBO1849.csv
2022/12/08,05:54 PM,14.78,4.94,52.0,SSW,12.87,18.02,1027.43,0.0,0.0,4.0,472.3,IMELBO1849.csv
2022/12/08,05:59 PM,14.83,5.06,52.0,SW,11.75,14.96,1027.43,0.0,0.0,4.0,442.5,IMELBO1849.csv
2022/12/08,06:04 PM,14.78,5.11,52.0,SSW,7.24,11.1,1027.43,0.0,0.0,3.0,373.5,IMELBO1849.csv
2022/12/08,06:09 PM,14.61,5.0,53.0,SSW,11.91,16.89,1027.43,0.0,0.0,4.0,413.7,IMELBO1849.csv
2022/12/08,06:14 PM,14.67,4.89,52.0,SW,9.81,14.16,1027.43,0.0,0.0,3.0,401.6,IMELBO1849.csv
2022/12/08,06:19 PM,14.5,4.83,52.0,SSW,14.16,18.5,1027.77,0.0,0.0,3.0,313.2,IMELBO1849.csv
2022/12/08,06:24 PM,14.39,5.33,54.0,SSW,10.94,16.09,1027.77,0.0,0.0,2.0,306.7,IMELBO1849.csv
2022/12/08,06:29 PM,14.28,5.67,56.0,SW,12.07,16.89,1027.77,0.0,0.0,2.0,297.1,IMELBO1849.csv
2022/12/08,06:34 PM,14.22,5.39,55.0,SSW,9.49,14.48,1027.77,0.0,0.0,2.0,294.1,IMELBO1849.csv
2022/12/08,06:39 PM,14.22,5.5,56.0,SSW,10.14,13.68,1027.77,0.0,0.0,2.0,246.4,IMELBO1849.csv
2022/12/08,06:44 PM,14.06,5.39,56.0,SW,11.26,15.93,1027.77,0.0,0.0,2.0,254.2,IMELBO1849.csv
2022/12/08,06:49 PM,14.0,5.44,56.0,SSW,11.1,15.45,1028.11,0.0,0.0,1.0,186.9,IMELBO1849.csv
2022/12/08,06:54 PM,13.67,5.44,58.0,SW,13.52,18.99,1028.11,0.0,0.0,1.0,178.2,IMELBO1849.csv
2022/12/08,06:59 PM,13.67,5.22,57.0,SSW,8.85,12.71,1028.11,0.0,0.0,1.0,121.0,IMELBO1849.csv
2022/12/08,07:04 PM,13.56,4.94,56.0,SW,14.48,19.79,1028.11,0.0,0.0,0.0,73.7,IMELBO1849.csv
2022/12/08,07:09 PM,13.33,4.78,56.0,SW,12.07,16.57,1028.11,0.0,0.0,0.0,75.8,IMELBO1849.csv
2022/12/08,07:14 PM,13.28,5.17,58.0,SW,12.71,17.7,1028.11,0.0,0.0,0.0,71.9,IMELBO1849.csv
2022/12/08,07:19 PM,13.28,5.5,59.0,SSW,11.26,16.09,1028.45,0.0,0.0,0.0,75.5,IMELBO1849.csv
2022/12/08,07:24 PM,13.06,5.56,60.0,SSW,10.94,16.09,1028.45,0.0,0.0,0.0,61.2,IMELBO1849.csv
2022/12/08,07:29 PM,13.11,5.5,60.0,SW,9.33,13.03,1028.45,0.0,0.0,0.0,59.8,IMELBO1849.csv
2022/12/08,07:34 PM,13.28,5.78,60.0,SSW,10.3,15.12,1028.78,0.0,0.0,0.0,81.5,IMELBO1849.csv
2022/12/08,07:39 PM,13.44,5.56,59.0,SSW,11.26,16.25,1028.78,0.0,0.0,0.0,93.2,IMELBO1849.csv
2022/12/08,07:44 PM,13.39,5.11,57.0,SSW,10.3,15.12,1028.78,0.0,0.0,0.0,60.7,IMELBO1849.csv
2022/12/08,07:49 PM,13.22,4.94,57.0,SW,13.35,18.34,1028.78,0.0,0.0,0.0,43.8,IMELBO1849.csv
2022/12/08,07:54 PM,12.94,4.67,57.0,SW,10.62,15.61,1028.78,0.0,0.0,0.0,33.4,IMELBO1849.csv
2022/12/08,07:59 PM,12.83,4.33,56.0,SSW,13.68,18.34,1028.78,0.0,0.0,0.0,27.3,IMELBO1849.csv
2022/12/08,08:04 PM,12.72,4.39,57.0,SW,10.62,14.16,1028.78,0.0,0.0,0.0,25.6,IMELBO1849.csv
2022/12/08,08:09 PM,12.67,4.33,57.0,SW,8.85,12.39,1028.78,0.0,0.0,0.0,19.9,IMELBO1849.csv
2022/12/08,08:14 PM,12.61,4.56,58.0,SSW,9.81,13.35,1028.78,0.0,0.0,0.0,16.0,IMELBO1849.csv
2022/12/08,08:19 PM,12.44,4.72,59.0,SW,10.94,14.64,1028.78,0.0,0.0,0.0,12.1,IMELBO1849.csv
2022/12/08,08:24 PM,12.39,4.89,60.0,SW,7.4,9.81,1028.78,0.0,0.0,0.0,9.5,IMELBO1849.csv
2022/12/08,08:29 PM,12.22,4.94,61.0,SW,8.04,11.1,1029.12,0.0,0.0,0.0,6.5,IMELBO1849.csv
2022/12/08,08:34 PM,12.22,5.06,62.0,SW,8.21,11.58,1029.12,0.0,0.0,0.0,3.4,IMELBO1849.csv
2022/12/08,08:39 PM,12.11,4.78,61.0,SW,9.81,12.87,1028.78,0.0,0.0,0.0,1.7,IMELBO1849.csv
2022/12/08,08:44 PM,12.11,4.78,61.0,SW,9.49,13.35,1028.78,0.0,0.0,0.0,0.0,IMELBO1849.csv
2022/12/08,08:49 PM,12.06,5.0,62.0,SW,9.65,13.52,1029.12,0.0,0.0,0.0,0.0,IMELBO1849.csv
2022/12/08,08:54 PM,11.94,4.94,62.0,SW,9.33,13.35,1028.78,0.0,0.0,0.0,0.0,IMELBO1849.csv
2022/12/08,08:59 PM,11.89,4.89,62.0,SW,9.17,12.23,1028.78,0.0,0.0,0.0,0.0,IMELBO1849.csv
2022/12/08,09:04 PM,11.78,4.78,62.0,SW,8.21,11.42,1028.78,0.0,0.0,0.0,0.0,IMELBO1849.csv
2022/12/08,09:09 PM,11.72,4.89,63.0,SW,7.88,10.62,1028.78,0.0,0.0,0.0,0.0,IMELBO1849.csv
2022/12/08,09:14 PM,11.67,4.83,63.0,SW,8.37,10.78,1028.78,0.0,0.0,0.0,0.0,IMELBO1849.csv
2022/12/08,09:19 PM,11.61,4.89,63.0,SW,5.79,9.01,1028.78,0.0,0.0,0.0,0.0,IMELBO1849.csv
2022/12/08,09:24 PM,11.5,4.89,64.0,SW,6.28,8.37,1029.12,0.0,0.0,0.0,0.0,IMELBO1849.csv
2022/12/08,09:29 PM,11.44,5.17,65.0,SW,5.79,7.88,1029.12,0.0,0.0,0.0,0.0,IMELBO1849.csv
2022/12/08,09:34 PM,11.39,5.28,66.0,SW,7.4,9.49,1029.12,0.0,0.0,0.0,0.0,IMELBO1849.csv
2022/12/08,09:39 PM,11.28,5.33,67.0,SW,4.51,5.79,1029.12,0.0,0.0,0.0,0.0,IMELBO1849.csv
2022/12/08,09:44 PM,11.22,5.39,67.0,SW,8.37,10.94,1029.46,0.0,0.0,0.0,0.0,IMELBO1849.csv
2022/12/08,09:49 PM,11.22,5.28,67.0,SW,8.21,10.46,1029.46,0.0,0.0,0.0,0.0,IMELBO1849.csv
2022/12/08,09:54 PM,11.22,5.28,67.0,SW,7.4,9.81,1029.46,0.0,0.0,0.0,0.0,IMELBO1849.csv
2022/12/08,09:59 PM,11.11,5.11,66.0,SW,6.11,7.88,1029.46,0.0,0.0,0.0,0.0,IMELBO1849.csv
2022/12/08,10:04 PM,11.06,4.94,66.0,SW,6.44,9.01,1029.8,0.0,0.0,0.0,0.0,IMELBO1849.csv
2022/12/08,10:09 PM,11.0,4.89,66.0,SW,6.28,8.37,1029.8,0.0,0.0,0.0,0.0,IMELBO1849.csv
2022/12/08,10:14 PM,11.0,4.89,66.0,SW,6.92,8.69,1029.8,0.0,0.0,0.0,0.0,IMELBO1849.csv
2022/12/08,10:19 PM,10.89,4.78,66.0,SW,4.67,6.28,1029.8,0.0,0.0,0.0,0.0,IMELBO1849.csv
2022/12/08,10:24 PM,10.89,4.78,66.0,SW,5.79,7.24,1029.8,0.0,0.0,0.0,0.0,IMELBO1849.csv
2022/12/08,10:29 PM,10.78,4.83,67.0,SW,4.51,6.11,1029.8,0.0,0.0,0.0,0.0,IMELBO1849.csv
2022/12/08,10:34 PM,10.72,4.78,67.0,SW,4.18,5.31,1029.8,0.0,0.0,0.0,0.0,IMELBO1849.csv
2022/12/08,10:39 PM,10.61,4.94,68.0,SW,3.38,4.83,1030.14,0.0,0.0,0.0,0.0,IMELBO1849.csv
2022/12/08,10:44 PM,10.44,5.17,69.0,WSW,3.54,4.34,1029.8,0.0,0.0,0.0,0.0,IMELBO1849.csv
2022/12/08,10:49 PM,10.28,5.22,71.0,SW,4.34,5.63,1029.8,0.0,0.0,0.0,0.0,IMELBO1849.csv
2022/12/08,10:54 PM,10.28,5.28,71.0,SW,4.02,5.63,1029.8,0.0,0.0,0.0,0.0,IMELBO1849.csv
2022/12/08,10:59 PM,10.22,5.22,71.0,SW,3.22,4.67,1029.8,0.0,0.0,0.0,0.0,IMELBO1849.csv
2022/12/08,11:04 PM,10.17,5.17,71.0,WSW,2.9,4.51,1029.8,0.0,0.0,0.0,0.0,IMELBO1849.csv
2022/12/08,11:09 PM,10.11,5.17,71.0,SW,3.86,5.15,1029.8,0.0,0.0,0.0,0.0,IMELBO1849.csv
2022/12/08,11:14 PM,10.11,5.28,72.0,SW,3.54,4.51,1029.8,0.0,0.0,0.0,0.0,IMELBO1849.csv
2022/12/08,11:19 PM,10.06,5.22,72.0,SW,3.54,4.51,1029.8,0.0,0.0,0.0,0.0,IMELBO1849.csv
2022/12/08,11:24 PM,10.06,5.22,72.0,SW,3.86,4.99,1029.8,0.0,0.0,0.0,0.0,IMELBO1849.csv
2022/12/08,11:29 PM,10.17,5.33,72.0,WSW,3.54,5.15,1029.8,0.0,0.0,0.0,0.0,IMELBO1849.csv
2022/12/08,11:34 PM,10.22,5.39,72.0,SW,3.38,4.51,1029.8,0.0,0.0,0.0,0.0,IMELBO1849.csv
2022/12/08,11:39 PM,10.22,5.61,73.0,SW,3.38,4.67,1029.8,0.0,0.0,0.0,0.0,IMELBO1849.csv
2022/12/08,11:44 PM,10.17,5.56,73.0,SW,2.09,3.06,1029.46,0.0,0.0,0.0,0.0,IMELBO1849.csv
2022/12/08,11:49 PM,10.06,5.44,73.0,SW,1.77,2.9,1029.8,0.0,0.0,0.0,0.0,IMELBO1849.csv
2022/12/08,11:54 PM,9.94,5.33,73.0,SW,0.97,1.93,1029.8,0.0,0.0,0.0,0.0,IMELBO1849.csv
2022/12/08,11:59 PM,9.83,5.33,74.0,WSW,1.29,2.09,1029.8,0.0,0.0,0.0,0.0,IMELBO1849.csv
2022/12/09,12:04 AM,9.72,5.28,74.0,West,1.13,1.77,1029.8,0.0,0.0,0.0,0.0,IMELBO1849.csv
2022/12/09,12:09 AM,9.72,5.39,74.0,WSW,1.61,2.9,1029.8,0.0,0.0,0.0,0.0,IMELBO1849.csv
2022/12/09,12:14 AM,9.78,5.56,75.0,WSW,1.77,2.57,1029.8,0.0,0.0,0.0,0.0,IMELBO1849.csv
2022/12/09,12:19 AM,9.83,5.5,74.0,SW,2.57,4.02,1029.8,0.0,0.0,0.0,0.0,IMELBO1849.csv
2022/12/09,12:24 AM,10.0,5.61,74.0,SW,2.9,4.34,1029.8,0.0,0.0,0.0,0.0,IMELBO1849.csv
2022/12/09,12:29 AM,10.06,5.67,74.0,SW,3.86,5.47,1029.8,0.0,0.0,0.0,0.0,IMELBO1849.csv
2022/12/09,12:34 AM,10.06,5.67,74.0,SW,1.93,3.06,1029.8,0.0,0.0,0.0,0.0,IMELBO1849.csv
2022/12/09,12:39 AM,10.06,5.67,74.0,WSW,3.06,4.67,1030.14,0.0,0.0,0.0,0.0,IMELBO1849.csv
2022/12/09,12:44 AM,10.0,5.61,74.0,SW,4.02,5.95,1030.14,0.0,0.0,0.0,0.0,IMELBO1849.csv
2022/12/09,12:49 AM,10.11,5.72,74.0,WSW,3.06,4.83,1030.14,0.0,0.0,0.0,0.0,IMELBO1849.csv
2022/12/09,12:54 AM,10.11,5.72,74.0,WSW,3.22,4.67,1030.14,0.0,0.0,0.0,0.0,IMELBO1849.csv
2022/12/09,12:59 AM,10.11,5.72,74.0,WSW,2.25,3.54,1030.14,0.0,0.0,0.0,0.0,IMELBO1849.csv
2022/12/09,01:04 AM,10.06,5.67,74.0,WSW,1.45,2.41,1030.14,0.0,0.0,0.0,0.0,IMELBO1849.csv
2022/12/09,01:09 AM,9.94,5.67,74.0,SW,2.25,3.38,1029.8,0.0,0.0,0.0,0.0,IMELBO1849.csv
2022/12/09,01:14 AM,9.89,5.72,75.0,WSW,2.25,3.54,1030.14,0.0,0.0,0.0,0.0,IMELBO1849.csv
2022/12/09,01:19 AM,9.78,5.61,75.0,WSW,1.93,3.06,1029.8,0.0,0.0,0.0,0.0,IMELBO1849.csv
2022/12/09,01:24 AM,9.89,5.72,75.0,WSW,2.25,3.54,1029.8,0.0,0.0,0.0,0.0,IMELBO1849.csv
2022/12/09,01:29 AM,9.89,5.72,75.0,West,2.9,4.51,1029.8,0.0,0.0,0.0,0.0,IMELBO1849.csv
2022/12/09,01:34 AM,9.89,5.72,75.0,WSW,3.22,4.83,1029.8,0.0,0.0,0.0,0.0,IMELBO1849.csv
2022/12/09,01:39 AM,9.89,5.89,76.0,SW,5.31,7.24,1029.8,0.0,0.0,0.0,0.0,IMELBO1849.csv
2022/12/09,01:44 AM,9.72,6.11,78.0,SW,3.38,4.99,1029.8,0.0,0.0,0.0,0.0,IMELBO1849.csv
2022/12/09,01:49 AM,9.56,6.17,79.0,WSW,2.57,3.54,1029.8,0.0,0.0,0.0,0.0,IMELBO1849.csv
2022/12/09,01:54 AM,9.5,6.28,80.0,WSW,3.06,4.51,1029.8,0.0,0.0,0.0,0.0,IMELBO1849.csv
2022/12/09,01:59 AM,9.5,6.39,81.0,WSW,2.57,3.86,1029.8,0.0,0.0,0.0,0.0,IMELBO1849.csv
2022/12/09,02:04 AM,9.39,6.28,81.0,WSW,1.93,2.74,1029.8,0.0,0.0,0.0,0.0,IMELBO1849.csv
2022/12/09,02:09 AM,9.39,6.28,81.0,SW,2.9,4.67,1029.8,0.0,0.0,0.0,0.0,IMELBO1849.csv
2022/12/09,02:14 AM,9.39,6.28,81.0,WSW,3.06,4.34,1029.46,0.0,0.0,0.0,0.0,IMELBO1849.csv
2022/12/09,02:19 AM,9.28,6.17,81.0,WSW,2.25,3.86,1029.46,0.0,0.0,0.0,0.0,IMELBO1849.csv
2022/12/09,02:24 AM,9.17,6.06,81.0,WSW,3.38,4.83,1029.8,0.0,0.0,0.0,0.0,IMELBO1849.csv
2022/12/09,02:29 AM,9.11,6.22,82.0,WSW,2.41,3.86,1029.8,0.0,0.0,0.0,0.0,IMELBO1849.csv
2022/12/09,02:34 AM,9.11,6.22,82.0,WSW,2.57,3.54,1029.8,0.0,0.0,0.0,0.0,IMELBO1849.csv
2022/12/09,02:39 AM,9.0,6.11,82.0,WSW,2.41,3.7,1029.8,0.0,0.0,0.0,0.0,IMELBO1849.csv
2022/12/09,02:44 AM,8.89,6.22,83.0,WSW,3.38,4.67,1029.46,0.0,0.0,0.0,0.0,IMELBO1849.csv
2022/12/09,02:49 AM,8.83,6.17,83.0,WSW,2.25,3.06,1029.46,0.0,0.0,0.0,0.0,IMELBO1849.csv
2022/12/09,02:54 AM,8.78,6.06,83.0,WSW,1.61,2.41,1029.8,0.0,0.0,0.0,0.0,IMELBO1849.csv
2022/12/09,02:59 AM,8.72,6.0,83.0,SW,1.77,2.74,1029.12,0.0,0.0,0.0,0.0,IMELBO1849.csv
2022/12/09,03:04 AM,8.61,6.0,84.0,WSW,3.06,4.51,1029.12,0.0,0.0,0.0,0.0,IMELBO1849.csv
2022/12/09,03:09 AM,8.61,6.0,84.0,WSW,2.09,3.06,1029.12,0.0,0.0,0.0,0.0,IMELBO1849.csv
2022/12/09,03:14 AM,8.56,5.94,84.0,WSW,1.77,2.9,1029.12,0.0,0.0,0.0,0.0,IMELBO1849.csv
2022/12/09,03:19 AM,8.5,5.89,84.0,WSW,1.77,3.22,1029.12,0.0,0.0,0.0,0.0,IMELBO1849.csv
2022/12/09,03:24 AM,8.39,5.89,84.0,WSW,1.77,2.9,1028.78,0.0,0.0,0.0,0.0,IMELBO1849.csv
2022/12/09,03:29 AM,8.33,5.89,85.0,WSW,2.41,3.7,1028.78,0.0,0.0,0.0,0.0,IMELBO1849.csv
2022/12/09,03:34 AM,8.39,5.78,84.0,WSW,2.25,3.22,1028.78,0.0,0.0,0.0,0.0,IMELBO1849.csv
2022/12/09,03:39 AM,8.5,5.89,84.0,SW,2.9,4.18,1028.78,0.0,0.0,0.0,0.0,IMELBO1849.csv
2022/12/09,03:44 AM,8.61,5.89,83.0,WSW,3.22,4.34,1028.78,0.0,0.0,0.0,0.0,IMELBO1849.csv
2022/12/09,03:49 AM,8.67,5.78,82.0,SW,4.02,5.63,1028.78,0.0,0.0,0.0,0.0,IMELBO1849.csv
2022/12/09,03:54 AM,8.72,5.67,81.0,WSW,3.22,4.18,1028.78,0.0,0.0,0.0,0.0,IMELBO1849.csv
2022/12/09,03:59 AM,8.78,5.72,81.0,WSW,2.9,3.86,1028.45,0.0,0.0,0.0,0.0,IMELBO1849.csv
2022/12/09,04:04 AM,8.89,5.94,82.0,WSW,3.06,4.02,1028.45,0.0,0.0,0.0,0.0,IMELBO1849.csv
2022/12/09,04:09 AM,8.89,5.78,81.0,WSW,3.06,4.34,1028.45,0.0,0.0,0.0,0.0,IMELBO1849.csv
2022/12/09,04:14 AM,9.0,5.78,80.0,SW,3.38,4.34,1028.11,0.0,0.0,0.0,0.0,IMELBO1849.csv
2022/12/09,04:19 AM,9.11,5.72,80.0,SW,3.54,4.99,1028.11,0.0,0.0,0.0,0.0,IMELBO1849.csv
2022/12/09,04:24 AM,9.22,5.72,79.0,SW,3.38,4.67,1028.11,0.0,0.0,0.0,0.0,IMELBO1849.csv
2022/12/09,04:29 AM,9.28,5.78,79.0,SW,2.41,3.22,1028.11,0.0,0.0,0.0,0.0,IMELBO1849.csv
2022/12/09,04:34 AM,9.28,5.78,79.0,SW,2.25,2.9,1028.11,0.0,0.0,0.0,0.0,IMELBO1849.csv
2022/12/09,04:39 AM,9.28,5.78,79.0,SW,1.45,2.09,1028.11,0.0,0.0,0.0,0.0,IMELBO1849.csv
2022/12/09,04:44 AM,9.28,5.78,79.0,SW,1.29,1.93,1028.11,0.0,0.0,0.0,0.0,IMELBO1849.csv
2022/12/09,04:49 AM,9.28,5.78,79.0,WSW,1.45,2.57,1028.11,0.0,0.0,0.0,0.0,IMELBO1849.csv
2022/12/09,04:54 AM,9.28,5.78,79.0,SW,1.77,2.9,1028.11,0.0,0.0,0.0,0.0,IMELBO1849.csv
2022/12/09,04:59 AM,9.22,5.72,79.0,WSW,1.77,2.9,1028.11,0.0,0.0,0.0,0.0,IMELBO1849.csv
2022/12/09,05:04 AM,9.22,5.72,79.0,SW,2.09,3.38,1028.11,0.0,0.0,0.0,0.0,IMELBO1849.csv
2022/12/09,05:09 AM,9.22,5.72,78.0,SW,3.22,4.34,1028.11,0.0,0.0,0.0,0.0,IMELBO1849.csv
2022/12/09,05:14 AM,9.33,5.78,78.0,WSW,2.25,3.38,1028.11,0.0,0.0,0.0,0.0,IMELBO1849.csv
2022/12/09,05:19 AM,9.44,5.78,78.0,WSW,3.22,4.34,1028.45,0.0,0.0,0.0,0.0,IMELBO1849.csv
2022/12/09,05:24 AM,9.5,5.72,77.0,WSW,3.06,4.02,1028.78,0.0,0.0,0.0,0.0,IMELBO1849.csv
2022/12/09,05:29 AM,9.5,5.72,77.0,SW,3.54,5.15,1028.45,0.0,0.0,0.0,0.0,IMELBO1849.csv
2022/12/09,05:34 AM,9.5,5.72,77.0,SW,3.22,4.67,1028.78,0.0,0.0,0.0,0.0,IMELBO1849.csv
2022/12/09,05:39 AM,9.5,5.83,78.0,WSW,2.74,3.54,1028.78,0.0,0.0,0.0,0.0,IMELBO1849.csv
2022/12/09,05:44 AM,9.67,5.94,77.0,SW,3.38,4.67,1028.78,0.0,0.0,0.0,0.0,IMELBO1849.csv
2022/12/09,05:49 AM,9.78,6.0,77.0,SW,3.38,4.34,1028.78,0.0,0.0,0.0,0.0,IMELBO1849.csv
2022/12/09,05:54 AM,9.89,6.0,77.0,WSW,3.06,4.51,1028.78,0.0,0.0,0.0,2.6,IMELBO1849.csv
2022/12/09,05:59 AM,10.0,6.11,77.0,WSW,2.25,3.38,1029.12,0.0,0.0,0.0,6.0,IMELBO1849.csv
2022/12/09,06:04 AM,9.94,6.06,77.0,WSW,1.45,2.41,1029.12,0.0,0.0,0.0,8.6,IMELBO1849.csv
2022/12/09,06:09 AM,9.78,5.94,77.0,SW,2.25,3.22,1029.12,0.0,0.0,0.0,13.8,IMELBO1849.csv
2022/12/09,06:14 AM,9.56,5.78,77.0,SW,2.74,4.02,1029.12,0.0,0.0,0.0,17.7,IMELBO1849.csv
2022/12/09,06:19 AM,9.44,5.67,77.0,SW,2.9,4.18,1029.12,0.0,0.0,0.0,19.1,IMELBO1849.csv
2022/12/09,06:24 AM,9.33,5.56,77.0,SW,2.41,3.54,1029.12,0.0,0.0,0.0,19.5,IMELBO1849.csv
2022/12/09,06:29 AM,9.28,5.72,78.0,WSW,2.25,3.22,1029.12,0.0,0.0,0.0,22.9,IMELBO1849.csv
2022/12/09,06:34 AM,9.28,5.72,78.0,WSW,1.45,2.57,1029.12,0.0,0.0,0.0,32.9,IMELBO1849.csv
2022/12/09,06:39 AM,9.28,5.72,78.0,SW,1.29,2.09,1029.12,0.0,0.0,0.0,33.8,IMELBO1849.csv
2022/12/09,06:44 AM,9.28,5.72,78.0,West,0.8,1.93,1029.12,0.0,0.0,0.0,35.5,IMELBO1849.csv
2022/12/09,06:49 AM,9.39,5.72,78.0,WSW,2.09,3.38,1029.12,0.0,0.0,0.0,38.2,IMELBO1849.csv
2022/12/09,06:54 AM,9.5,5.72,77.0,WSW,1.45,2.41,1029.12,0.0,0.0,0.0,36.3,IMELBO1849.csv
2022/12/09,06:59 AM,9.5,5.72,77.0,West,2.09,2.74,1029.46,0.0,0.0,0.0,39.0,IMELBO1849.csv
2022/12/09,07:04 AM,9.56,5.72,77.0,West,1.77,2.74,1029.46,0.0,0.0,0.0,52.0,IMELBO1849.csv
2022/12/09,07:09 AM,9.67,5.72,76.0,WSW,2.41,3.54,1029.46,0.0,0.0,0.0,53.7,IMELBO1849.csv
2022/12/09,07:14 AM,9.78,5.78,76.0,SW,2.25,3.38,1029.46,0.0,0.0,0.0,54.6,IMELBO1849.csv
2022/12/09,07:19 AM,9.78,5.78,76.0,SW,1.61,2.41,1029.46,0.0,0.0,0.0,47.2,IMELBO1849.csv
2022/12/09,07:24 AM,9.78,5.67,75.0,SW,1.61,2.57,1029.46,0.0,0.0,0.0,54.2,IMELBO1849.csv
2022/12/09,07:29 AM,9.78,5.67,75.0,WSW,1.93,3.06,1029.8,0.0,0.0,0.0,72.8,IMELBO1849.csv
2022/12/09,07:34 AM,9.89,5.72,75.0,WSW,1.93,2.9,1029.8,0.0,0.0,0.0,78.4,IMELBO1849.csv
2022/12/09,07:39 AM,10.11,5.78,74.0,WSW,2.41,3.54,1029.8,0.0,0.0,0.0,84.0,IMELBO1849.csv
2022/12/09,07:44 AM,10.33,5.56,72.0,WSW,3.86,4.99,1029.8,0.0,0.0,0.0,83.2,IMELBO1849.csv
2022/12/09,07:49 AM,10.78,5.17,68.0,SW,5.95,8.53,1029.8,0.0,0.0,2.0,245.9,IMELBO1849.csv
2022/12/09,07:54 AM,11.44,5.44,66.0,WSW,4.18,5.47,1029.8,0.0,0.0,2.0,258.0,IMELBO1849.csv
2022/12/09,07:59 AM,11.83,5.44,65.0,SW,5.15,6.92,1029.8,0.0,0.0,1.0,121.0,IMELBO1849.csv
2022/12/09,08:04 AM,11.78,5.39,65.0,SW,3.86,4.99,1029.8,0.0,0.0,1.0,121.4,IMELBO1849.csv
2022/12/09,08:09 AM,11.94,4.89,62.0,SSW,6.28,9.17,1030.14,0.0,0.0,1.0,137.5,IMELBO1849.csv
2022/12/09,08:14 AM,12.22,4.39,59.0,SSW,7.56,10.62,1029.8,0.0,0.0,2.0,204.7,IMELBO1849.csv
2022/12/09,08:19 AM,12.67,4.56,58.0,South,6.28,9.33,1030.14,0.0,0.0,3.0,308.4,IMELBO1849.csv
2022/12/09,08:24 AM,12.72,4.56,58.0,SSW,8.37,11.58,1030.14,0.0,0.0,1.0,190.4,IMELBO1849.csv
2022/12/09,08:29 AM,12.72,4.44,57.0,South,6.6,9.81,1030.14,0.0,0.0,1.0,195.1,IMELBO1849.csv
2022/12/09,08:34 AM,12.67,4.56,58.0,SSE,6.11,8.53,1030.14,0.0,0.0,1.0,154.8,IMELBO1849.csv
2022/12/09,08:39 AM,12.72,4.83,59.0,SSW,6.44,8.53,1030.14,0.0,0.0,1.0,152.2,IMELBO1849.csv
2022/12/09,08:44 AM,12.83,5.28,60.0,South,4.51,7.24,1030.14,0.0,0.0,1.0,130.0,IMELBO1849.csv
2022/12/09,08:49 AM,12.78,5.89,63.0,SSE,6.28,8.69,1030.14,0.0,0.0,1.0,180.8,IMELBO1849.csv
2022/12/09,08:54 AM,12.67,5.89,64.0,SSW,7.4,10.14,1030.48,0.0,0.0,3.0,328.4,IMELBO1849.csv
2022/12/09,08:59 AM,12.78,5.78,63.0,SSW,7.24,9.81,1030.14,0.0,0.0,5.0,589.9,IMELBO1849.csv
2022/12/09,09:04 AM,13.17,5.72,61.0,SSW,8.85,12.55,1030.14,0.0,0.0,4.0,416.4,IMELBO1849.csv
2022/12/09,09:09 AM,13.11,5.61,60.0,SSW,7.56,11.58,1030.48,0.0,0.0,2.0,297.1,IMELBO1849.csv
2022/12/09,09:14 AM,13.22,5.61,60.0,South,6.6,9.65,1030.48,0.0,0.0,5.0,570.8,IMELBO1849.csv
2022/12/09,09:19 AM,13.56,5.78,59.0,South,8.69,12.39,1030.48,0.0,0.0,4.0,409.9,IMELBO1849.csv
2022/12/09,09:24 AM,13.39,5.72,60.0,South,5.47,8.21,1030.48,0.0,0.0,5.0,565.2,IMELBO1849.csv
2022/12/09,09:29 AM,14.0,5.61,57.0,South,6.6,9.81,1030.48,0.0,0.0,6.0,674.9,IMELBO1849.csv
2022/12/09,09:34 AM,14.0,5.39,56.0,SW,6.92,10.3,1030.48,0.0,0.0,5.0,609.0,IMELBO1849.csv
2022/12/09,09:39 AM,13.94,5.39,56.0,SSE,7.24,10.46,1030.48,0.0,0.0,5.0,532.3,IMELBO1849.csv
2022/12/09,09:44 AM,13.94,5.22,56.0,SSW,9.17,13.03,1030.48,0.0,0.0,5.0,591.3,IMELBO1849.csv
2022/12/09,09:49 AM,13.67,5.11,56.0,SSW,9.01,12.87,1030.48,0.0,0.0,6.0,689.7,IMELBO1849.csv
2022/12/09,09:54 AM,14.17,5.22,55.0,SSW,9.17,12.39,1030.48,0.0,0.0,6.0,678.0,IMELBO1849.csv
2022/12/09,09:59 AM,15.06,5.44,53.0,South,8.37,12.07,1030.48,0.0,0.0,7.0,764.4,IMELBO1849.csv
2022/12/09,10:04 AM,15.11,5.78,53.0,South,7.72,11.26,1030.48,0.0,0.0,7.0,751.8,IMELBO1849.csv
2022/12/09,10:09 AM,14.83,5.28,53.0,SW,9.33,13.03,1030.48,0.0,0.0,7.0,803.8,IMELBO1849.csv
2022/12/09,10:14 AM,14.67,5.06,53.0,SSW,8.69,12.39,1030.48,0.0,0.0,7.0,818.1,IMELBO1849.csv
2022/12/09,10:19 AM,14.5,5.06,53.0,SSW,7.4,10.14,1030.48,0.0,0.0,8.0,829.0,IMELBO1849.csv
2022/12/09,10:24 AM,14.94,5.0,51.0,South,7.24,10.3,1030.48,0.0,0.0,7.0,762.6,IMELBO1849.csv
2022/12/09,10:29 AM,15.22,5.06,51.0,SSW,9.33,13.52,1030.48,0.0,0.0,8.0,832.0,IMELBO1849.csv
2022/12/09,10:34 AM,15.72,5.28,50.0,SW,8.04,10.46,1030.48,0.0,0.0,8.0,821.6,IMELBO1849.csv
2022/12/09,10:39 AM,15.56,5.22,50.0,South,10.46,15.45,1030.48,0.0,0.0,8.0,844.1,IMELBO1849.csv
2022/12/09,10:44 AM,14.67,5.61,55.0,SSW,9.65,13.52,1030.48,0.0,0.0,3.0,326.6,IMELBO1849.csv
2022/12/09,10:49 AM,14.28,5.17,54.0,SSW,9.81,13.52,1030.48,0.0,0.0,8.0,900.2,IMELBO1849.csv
2022/12/09,10:54 AM,14.72,4.89,52.0,SSW,10.62,14.64,1030.48,0.0,0.0,7.0,774.8,IMELBO1849.csv
2022/12/09,10:59 AM,15.33,5.11,51.0,SW,6.44,9.65,1030.48,0.0,0.0,8.0,878.0,IMELBO1849.csv
2022/12/09,11:04 AM,16.22,5.39,49.0,SE,7.72,10.62,1030.48,0.0,0.0,8.0,876.7,IMELBO1849.csv
2022/12/09,11:09 AM,15.72,4.61,48.0,SSW,8.37,11.91,1030.48,0.0,0.0,8.0,885.3,IMELBO1849.csv
2022/12/09,11:14 AM,15.39,4.72,49.0,SW,8.85,12.07,1030.48,0.0,0.0,9.0,975.1,IMELBO1849.csv
2022/12/09,11:19 AM,15.0,4.78,50.0,South,6.6,9.81,1030.48,0.0,0.0,8.0,898.3,IMELBO1849.csv
2022/12/09,11:24 AM,15.56,5.44,51.0,SSW,9.81,13.03,1030.48,0.0,0.0,9.0,958.6,IMELBO1849.csv
2022/12/09,11:29 AM,15.17,5.56,53.0,SW,11.26,15.29,1030.48,0.0,0.0,10.0,1076.7,IMELBO1849.csv
2022/12/09,11:34 AM,14.83,5.39,53.0,SW,10.94,15.45,1030.48,0.0,0.0,8.0,906.6,IMELBO1849.csv
2022/12/09,11:39 AM,14.67,5.5,54.0,SW,8.85,13.03,1030.48,0.0,0.0,3.0,363.5,IMELBO1849.csv
2022/12/09,11:44 AM,14.67,5.33,54.0,SSW,10.94,14.64,1030.48,0.0,0.0,3.0,375.2,IMELBO1849.csv
2022/12/09,11:49 AM,14.44,5.33,54.0,SSW,9.98,13.84,1030.82,0.0,0.0,3.0,355.6,IMELBO1849.csv
2022/12/09,11:54 AM,14.83,5.67,54.0,SW,9.65,12.87,1030.82,0.0,0.0,9.0,1019.4,IMELBO1849.csv
2022/12/09,11:59 AM,15.0,5.83,54.0,SSW,9.01,12.71,1030.48,0.0,0.0,6.0,704.4,IMELBO1849.csv
2022/12/09,12:04 PM,14.89,5.89,55.0,SSW,10.62,15.61,1030.48,0.0,0.0,10.0,1094.9,IMELBO1849.csv
2022/12/09,12:09 PM,15.0,5.61,53.0,South,7.24,10.94,1030.48,0.0,0.0,9.0,1001.6,IMELBO1849.csv
2022/12/09,12:14 PM,16.06,5.78,50.0,SSW,8.69,12.55,1030.48,0.0,0.0,9.0,970.0,IMELBO1849.csv
2022/12/09,12:19 PM,16.11,6.22,52.0,SW,8.69,12.23,1030.48,0.0,0.0,10.0,1030.2,IMELBO1849.csv
2022/12/09,12:24 PM,15.78,6.0,52.0,WSW,7.24,11.26,1030.14,0.0,0.0,10.0,1046.3,IMELBO1849.csv
2022/12/09,12:29 PM,15.94,5.72,51.0,SSE,5.31,7.88,1030.48,0.0,0.0,10.0,1080.1,IMELBO1849.csv
2022/12/09,12:34 PM,16.5,5.89,50.0,SSW,9.98,14.0,1030.14,0.0,0.0,10.0,1095.8,IMELBO1849.csv
2022/12/09,12:39 PM,16.33,5.83,50.0,SSW,8.21,11.75,1030.14,0.0,0.0,9.0,968.2,IMELBO1849.csv
2022/12/09,12:44 PM,16.06,6.17,52.0,South,8.53,12.55,1030.14,0.0,0.0,11.0,1164.8,IMELBO1849.csv
2022/12/09,12:49 PM,16.0,6.0,51.0,SW,11.42,15.29,1030.48,0.0,0.0,9.0,1018.1,IMELBO1849.csv
2022/12/09,12:54 PM,16.0,6.0,51.0,SW,6.92,9.81,1030.14,0.0,0.0,9.0,979.9,IMELBO1849.csv
2022/12/09,12:59 PM,16.78,6.33,50.0,South,7.24,9.81,1030.48,0.0,0.0,9.0,981.3,IMELBO1849.csv
2022/12/09,01:04 PM,16.22,6.39,52.0,SSW,10.62,14.0,1030.14,0.0,0.0,10.0,1030.2,IMELBO1849.csv
2022/12/09,01:09 PM,15.83,6.22,53.0,SSW,9.01,13.35,1030.14,0.0,0.0,10.0,1050.6,IMELBO1849.csv
2022/12/09,01:14 PM,16.56,6.39,51.0,SSW,7.72,10.94,1030.14,0.0,0.0,10.0,1117.9,IMELBO1849.csv
2022/12/09,01:19 PM,16.56,6.44,51.0,South,7.56,10.78,1030.14,0.0,0.0,10.0,1068.5,IMELBO1849.csv
2022/12/09,01:24 PM,16.11,6.17,52.0,SSW,9.98,12.87,1030.14,0.0,0.0,9.0,1002.9,IMELBO1849.csv
2022/12/09,01:29 PM,16.06,5.94,51.0,SW,9.33,12.39,1029.8,0.0,0.0,10.0,1039.9,IMELBO1849.csv
2022/12/09,01:34 PM,16.17,6.06,51.0,SSW,9.01,12.39,1029.8,0.0,0.0,8.0,892.3,IMELBO1849.csv
2022/12/09,01:39 PM,16.83,6.11,49.0,SSW,9.01,12.87,1030.14,0.0,0.0,8.0,886.7,IMELBO1849.csv
2022/12/09,01:44 PM,16.78,6.06,49.0,SSW,9.49,13.03,1029.8,0.0,0.0,8.0,877.5,IMELBO1849.csv
2022/12/09,01:49 PM,16.5,6.17,50.0,South,9.65,13.52,1029.8,0.0,0.0,9.0,940.9,IMELBO1849.csv
2022/12/09,01:54 PM,16.22,5.72,50.0,SW,9.98,13.68,1029.8,0.0,0.0,8.0,865.9,IMELBO1849.csv
2022/12/09,01:59 PM,16.39,5.89,50.0,South,8.21,12.39,1030.14,0.0,0.0,9.0,967.0,IMELBO1849.csv
2022/12/09,02:04 PM,16.61,5.94,49.0,South,9.17,13.19,1029.8,0.0,0.0,8.0,925.7,IMELBO1849.csv
2022/12/09,02:09 PM,16.94,6.22,49.0,SSW,8.69,12.55,1029.8,0.0,0.0,8.0,825.5,IMELBO1849.csv
2022/12/09,02:14 PM,16.78,5.89,49.0,SSW,9.81,13.52,1029.8,0.0,0.0,7.0,777.0,IMELBO1849.csv
2022/12/09,02:19 PM,16.78,6.17,50.0,South,8.53,12.87,1029.8,0.0,0.0,8.0,839.3,IMELBO1849.csv
2022/12/09,02:24 PM,16.56,5.72,49.0,South,8.85,12.23,1029.46,0.0,0.0,8.0,835.4,IMELBO1849.csv
2022/12/09,02:29 PM,16.61,5.89,49.0,SSW,9.17,12.55,1029.46,0.0,0.0,7.0,820.3,IMELBO1849.csv
2022/12/09,02:34 PM,17.22,5.94,47.0,South,8.69,12.87,1029.46,0.0,0.0,7.0,794.2,IMELBO1849.csv
2022/12/09,02:39 PM,16.94,5.56,47.0,SW,7.08,9.98,1029.46,0.0,0.0,7.0,796.4,IMELBO1849.csv
2022/12/09,02:44 PM,17.11,5.5,46.0,SW,10.3,13.84,1029.8,0.0,0.0,7.0,796.4,IMELBO1849.csv
2022/12/09,02:49 PM,16.61,5.89,49.0,SW,9.17,13.03,1029.46,0.0,0.0,7.0,809.9,IMELBO1849.csv
2022/12/09,02:54 PM,17.17,5.94,48.0,SSE,4.67,7.4,1029.46,0.0,0.0,8.0,831.5,IMELBO1849.csv
2022/12/09,02:59 PM,17.44,6.22,48.0,SE,5.79,8.04,1029.46,0.0,0.0,7.0,819.0,IMELBO1849.csv
2022/12/09,03:04 PM,18.0,6.11,46.0,South,6.76,9.33,1029.46,0.0,0.0,7.0,810.4,IMELBO1849.csv
2022/12/09,03:09 PM,17.28,5.83,47.0,South,7.08,10.14,1029.46,0.0,0.0,7.0,816.0,IMELBO1849.csv
2022/12/09,03:14 PM,17.56,6.11,47.0,South,6.76,9.49,1029.46,0.0,0.0,7.0,800.8,IMELBO1849.csv
2022/12/09,03:19 PM,17.11,6.06,48.0,SW,10.3,14.0,1029.12,0.0,0.0,7.0,811.6,IMELBO1849.csv
2022/12/09,03:24 PM,17.33,5.89,47.0,SE,5.31,8.37,1029.46,0.0,0.0,7.0,766.1,IMELBO1849.csv
2022/12/09,03:29 PM,17.17,6.06,48.0,SSW,9.01,12.87,1029.12,0.0,0.0,8.0,835.4,IMELBO1849.csv
2022/12/09,03:34 PM,17.22,6.33,49.0,SSW,7.56,11.1,1029.46,0.0,0.0,8.0,840.2,IMELBO1849.csv
2022/12/09,03:39 PM,17.11,6.33,49.0,SSW,8.21,11.26,1029.12,0.0,0.0,7.0,795.2,IMELBO1849.csv
2022/12/09,03:44 PM,17.5,6.72,49.0,SSW,7.08,10.62,1029.12,0.0,0.0,8.0,911.4,IMELBO1849.csv
2022/12/09,03:49 PM,17.5,6.83,49.0,SSE,7.08,10.62,1029.12,0.0,0.0,8.0,911.8,IMELBO1849.csv
2022/12/09,03:54 PM,17.28,6.78,50.0,South,6.92,10.3,1029.12,0.0,0.0,5.0,570.5,IMELBO1849.csv
2022/12/09,03:59 PM,16.83,6.72,51.0,South,8.37,11.75,1029.12,0.0,0.0,7.0,777.3,IMELBO1849.csv
2022/12/09,04:04 PM,16.94,6.83,51.0,SW,11.42,14.96,1029.12,0.0,0.0,7.0,813.8,IMELBO1849.csv
2022/12/09,04:09 PM,16.61,6.78,52.0,SW,12.23,16.25,1029.12,0.0,0.0,8.0,865.9,IMELBO1849.csv
2022/12/09,04:14 PM,16.83,7.06,52.0,SSW,8.69,12.71,1029.46,0.0,0.0,8.0,856.3,IMELBO1849.csv
2022/12/09,04:19 PM,17.0,7.22,52.0,South,9.33,13.03,1029.46,0.0,0.0,7.0,792.5,IMELBO1849.csv
2022/12/09,04:24 PM,16.61,7.11,54.0,SSW,9.01,12.87,1029.12,0.0,0.0,7.0,767.4,IMELBO1849.csv
2022/12/09,04:29 PM,16.78,7.28,53.0,SSW,9.81,13.35,1029.46,0.0,0.0,8.0,847.7,IMELBO1849.csv
2022/12/09,04:34 PM,16.72,7.28,54.0,SSW,10.14,13.52,1029.46,0.0,0.0,8.0,844.6,IMELBO1849.csv
2022/12/09,04:39 PM,16.67,7.33,54.0,SSW,12.07,16.57,1029.12,0.0,0.0,7.0,765.6,IMELBO1849.csv
2022/12/09,04:44 PM,17.06,7.44,53.0,South,6.44,10.46,1029.12,0.0,0.0,7.0,720.6,IMELBO1849.csv
2022/12/09,04:49 PM,17.39,7.67,53.0,South,7.4,10.3,1029.12,0.0,0.0,6.0,716.7,IMELBO1849.csv
2022/12/09,04:54 PM,17.28,7.72,53.0,SSE,8.21,11.58,1029.12,0.0,0.0,6.0,707.5,IMELBO1849.csv
2022/12/09,04:59 PM,16.67,7.56,55.0,SSW,10.94,14.96,1029.12,0.0,0.0,6.0,671.0,IMELBO1849.csv
2022/12/09,05:04 PM,16.17,7.33,56.0,SW,10.94,15.29,1029.12,0.0,0.0,6.0,632.5,IMELBO1849.csv
2022/12/09,05:09 PM,16.22,7.39,56.0,South,10.78,14.64,1029.12,0.0,0.0,6.0,626.0,IMELBO1849.csv
2022/12/09,05:14 PM,16.33,7.39,56.0,SSW,8.04,11.75,1029.12,0.0,0.0,5.0,598.6,IMELBO1849.csv
2022/12/09,05:19 PM,16.83,7.72,55.0,SSW,7.24,12.07,1028.78,0.0,0.0,5.0,582.6,IMELBO1849.csv
2022/12/09,05:24 PM,16.61,7.78,56.0,SSW,9.65,13.68,1028.78,0.0,0.0,5.0,574.4,IMELBO1849.csv
2022/12/09,05:29 PM,16.22,7.5,56.0,SW,10.3,14.48,1028.78,0.0,0.0,5.0,572.5,IMELBO1849.csv
2022/12/09,05:34 PM,16.28,7.67,57.0,SW,13.19,17.38,1028.78,0.0,0.0,5.0,550.0,IMELBO1849.csv
2022/12/09,05:39 PM,16.11,7.61,57.0,SSW,11.58,15.29,1028.78,0.0,0.0,4.0,466.4,IMELBO1849.csv
2022/12/09,05:44 PM,16.44,7.61,56.0,South,7.88,11.42,1028.78,0.0,0.0,4.0,429.9,IMELBO1849.csv
2022/12/09,05:49 PM,16.61,7.83,56.0,SE,6.11,9.01,1028.45,0.0,0.0,4.0,424.6,IMELBO1849.csv
2022/12/09,05:54 PM,16.39,7.78,57.0,SW,9.33,12.87,1028.78,0.0,0.0,3.0,375.6,IMELBO1849.csv
2022/12/09,05:59 PM,16.11,7.72,58.0,SSW,11.26,14.96,1028.78,0.0,0.0,3.0,335.7,IMELBO1849.csv
2022/12/09,06:04 PM,15.94,7.61,58.0,SSW,10.94,15.12,1028.45,0.0,0.0,3.0,318.0,IMELBO1849.csv
2022/12/09,06:09 PM,15.83,7.67,58.0,SSW,10.3,14.48,1028.78,0.0,0.0,2.0,256.8,IMELBO1849.csv
2022/12/09,06:14 PM,15.56,7.61,59.0,SSW,11.42,16.09,1028.78,0.0,0.0,2.0,264.6,IMELBO1849.csv
2022/12/09,06:19 PM,15.33,7.67,60.0,SSW,9.49,12.71,1028.78,0.0,0.0,2.0,205.1,IMELBO1849.csv
2022/12/09,06:24 PM,15.39,7.67,60.0,SSW,10.94,14.8,1028.45,0.0,0.0,2.0,284.1,IMELBO1849.csv
2022/12/09,06:29 PM,15.61,7.61,59.0,SW,9.49,13.35,1028.78,0.0,0.0,3.0,311.0,IMELBO1849.csv
2022/12/09,06:34 PM,15.89,7.5,57.0,South,6.76,9.65,1028.78,0.0,0.0,2.0,301.4,IMELBO1849.csv
2022/12/09,06:39 PM,15.94,7.61,58.0,SSW,9.81,13.52,1028.45,0.0,0.0,2.0,287.6,IMELBO1849.csv
2022/12/09,06:44 PM,15.78,7.56,58.0,SSW,8.37,11.75,1028.78,0.0,0.0,2.0,235.0,IMELBO1849.csv
2022/12/09,06:49 PM,15.78,7.56,58.0,South,9.49,13.03,1028.78,0.0,0.0,2.0,217.3,IMELBO1849.csv
2022/12/09,06:54 PM,15.78,7.61,58.0,SSW,9.01,12.55,1028.78,0.0,0.0,1.0,190.0,IMELBO1849.csv
2022/12/09,06:59 PM,15.61,7.61,59.0,SSW,7.24,9.98,1028.78,0.0,0.0,1.0,180.4,IMELBO1849.csv
2022/12/09,07:04 PM,15.39,7.44,59.0,South,9.01,12.39,1028.78,0.0,0.0,0.0,65.4,IMELBO1849.csv
2022/12/09,07:09 PM,15.44,7.44,59.0,South,8.69,12.07,1028.78,0.0,0.0,0.0,57.6,IMELBO1849.csv
2022/12/09,07:14 PM,15.28,7.44,60.0,SSW,6.44,9.65,1028.78,0.0,0.0,0.0,55.9,IMELBO1849.csv
2022/12/09,07:19 PM,15.28,7.56,60.0,SSW,7.24,10.14,1028.78,0.0,0.0,0.0,55.1,IMELBO1849.csv
2022/12/09,07:24 PM,15.22,7.5,60.0,SSW,7.56,11.26,1028.78,0.0,0.0,0.0,52.0,IMELBO1849.csv
2022/12/09,07:29 PM,15.0,7.28,60.0,SSW,8.04,11.26,1028.78,0.0,0.0,0.0,45.9,IMELBO1849.csv
2022/12/09,07:34 PM,14.78,7.39,61.0,SSW,8.37,11.75,1028.78,0.0,0.0,0.0,36.3,IMELBO1849.csv
2022/12/09,07:39 PM,14.72,7.33,61.0,SW,9.98,13.84,1028.78,0.0,0.0,0.0,35.5,IMELBO1849.csv
2022/12/09,07:44 PM,14.61,7.39,62.0,SSW,8.04,12.07,1029.12,0.0,0.0,0.0,34.6,IMELBO1849.csv
2022/12/09,07:49 PM,14.56,7.33,62.0,SSW,8.21,11.42,1029.12,0.0,0.0,0.0,33.8,IMELBO1849.csv
2022/12/09,07:54 PM,14.44,7.22,62.0,SSW,6.92,9.98,1029.46,0.0,0.0,0.0,33.8,IMELBO1849.csv
2022/12/09,07:59 PM,14.39,7.22,62.0,SW,9.65,13.03,1029.12,0.0,0.0,0.0,32.9,IMELBO1849.csv
2022/12/09,08:04 PM,14.28,7.33,63.0,SSW,8.53,12.23,1029.46,0.0,0.0,0.0,29.5,IMELBO1849.csv
2022/12/09,08:09 PM,14.17,7.28,63.0,SW,10.14,13.35,1029.46,0.0,0.0,0.0,23.4,IMELBO1849.csv
2022/12/09,08:14 PM,14.17,7.22,63.0,SSW,5.15,7.24,1029.46,0.0,0.0,0.0,16.9,IMELBO1849.csv
2022/12/09,08:19 PM,14.11,7.33,64.0,SSW,8.85,11.58,1029.46,0.0,0.0,0.0,13.3,IMELBO1849.csv
2022/12/09,08:24 PM,13.83,7.17,64.0,SSW,7.72,10.62,1029.8,0.0,0.0,0.0,9.9,IMELBO1849.csv
2022/12/09,08:29 PM,13.78,7.11,64.0,SSW,6.76,9.81,1029.8,0.0,0.0,0.0,7.3,IMELBO1849.csv
2022/12/09,08:34 PM,13.78,7.11,64.0,SSW,5.95,8.37,1029.8,0.0,0.0,0.0,4.3,IMELBO1849.csv
2022/12/09,08:39 PM,13.72,7.22,65.0,SSW,6.11,8.53,1029.8,0.0,0.0,0.0,1.7,IMELBO1849.csv
2022/12/09,08:44 PM,13.61,7.22,65.0,SSW,5.47,7.72,1029.8,0.0,0.0,0.0,0.9,IMELBO1849.csv
2022/12/09,08:49 PM,13.5,7.11,65.0,SSW,4.67,6.92,1029.8,0.0,0.0,0.0,0.0,IMELBO1849.csv
2022/12/09,08:54 PM,13.44,7.11,65.0,SSW,5.63,8.21,1029.8,0.0,0.0,0.0,0.0,IMELBO1849.csv
2022/12/09,08:59 PM,13.39,7.22,66.0,SSW,7.56,9.98,1029.8,0.0,0.0,0.0,0.0,IMELBO1849.csv
2022/12/09,09:04 PM,13.28,7.11,66.0,SW,7.4,9.81,1029.8,0.0,0.0,0.0,0.0,IMELBO1849.csv
2022/12/09,09:09 PM,13.28,7.11,66.0,SSW,5.31,7.24,1029.8,0.0,0.0,0.0,0.0,IMELBO1849.csv
2022/12/09,09:14 PM,13.22,7.0,66.0,South,5.63,7.08,1029.8,0.0,0.0,0.0,0.0,IMELBO1849.csv
2022/12/09,09:19 PM,13.22,7.11,66.0,SSW,4.99,6.6,1029.8,0.0,0.0,0.0,0.0,IMELBO1849.csv
2022/12/09,09:24 PM,13.11,7.11,67.0,SW,5.15,6.92,1030.14,0.0,0.0,0.0,0.0,IMELBO1849.csv
2022/12/09,09:29 PM,13.06,7.06,67.0,SW,4.83,6.44,1029.8,0.0,0.0,0.0,0.0,IMELBO1849.csv
2022/12/09,09:34 PM,12.94,6.94,67.0,SSW,2.9,4.18,1029.8,0.0,0.0,0.0,0.0,IMELBO1849.csv
2022/12/09,09:39 PM,12.89,7.0,67.0,SSW,4.02,5.31,1029.8,0.0,0.0,0.0,0.0,IMELBO1849.csv
2022/12/09,09:44 PM,12.89,7.11,68.0,SSW,3.06,4.02,1029.8,0.0,0.0,0.0,0.0,IMELBO1849.csv
2022/12/09,09:49 PM,12.78,7.0,68.0,South,2.74,3.86,1029.8,0.0,0.0,0.0,0.0,IMELBO1849.csv
2022/12/09,09:54 PM,12.78,7.0,68.0,SSW,2.74,3.86,1030.14,0.0,0.0,0.0,0.0,IMELBO1849.csv
2022/12/09,09:59 PM,12.78,7.17,69.0,South,3.54,4.99,1029.8,0.0,0.0,0.0,0.0,IMELBO1849.csv
2022/12/09,10:04 PM,12.78,7.17,69.0,South,4.02,6.11,1030.14,0.0,0.0,0.0,0.0,IMELBO1849.csv
2022/12/09,10:09 PM,12.72,7.22,69.0,SSW,2.25,3.22,1029.8,0.0,0.0,0.0,0.0,IMELBO1849.csv
2022/12/09,10:14 PM,12.72,7.22,69.0,SSW,4.02,5.47,1029.8,0.0,0.0,0.0,0.0,IMELBO1849.csv
2022/12/09,10:19 PM,12.72,7.22,69.0,SSW,3.06,4.18,1030.14,0.0,0.0,0.0,0.0,IMELBO1849.csv
2022/12/09,10:24 PM,12.61,7.11,69.0,South,2.09,2.9,1030.14,0.0,0.0,0.0,0.0,IMELBO1849.csv
2022/12/09,10:29 PM,12.56,7.11,69.0,SSW,2.25,3.22,1030.14,0.0,0.0,0.0,0.0,IMELBO1849.csv
2022/12/09,10:34 PM,12.5,7.17,70.0,South,1.93,3.06,1029.8,0.0,0.0,0.0,0.0,IMELBO1849.csv
2022/12/09,10:39 PM,12.5,7.22,70.0,South,2.74,3.86,1029.8,0.0,0.0,0.0,0.0,IMELBO1849.csv
2022/12/09,10:44 PM,12.44,7.17,70.0,South,1.93,3.06,1030.14,0.0,0.0,0.0,0.0,IMELBO1849.csv
2022/12/09,10:49 PM,12.39,7.11,70.0,South,1.93,2.74,1030.14,0.0,0.0,0.0,0.0,IMELBO1849.csv
2022/12/09,10:54 PM,12.28,7.06,71.0,South,1.77,2.57,1030.14,0.0,0.0,0.0,0.0,IMELBO1849.csv
2022/12/09,10:59 PM,12.22,7.11,71.0,SSE,1.61,2.25,1030.14,0.0,0.0,0.0,0.0,IMELBO1849.csv
2022/12/09,11:04 PM,12.06,6.94,71.0,SSE,0.16,0.32,1030.14,0.0,0.0,0.0,0.0,IMELBO1849.csv
2022/12/09,11:09 PM,11.78,6.83,72.0,SSE,0.0,0.0,1030.14,0.0,0.0,0.0,0.0,IMELBO1849.csv
2022/12/09,11:14 PM,11.67,6.89,73.0,SSE,0.97,1.45,1029.8,0.0,0.0,0.0,0.0,IMELBO1849.csv
2022/12/09,11:19 PM,11.72,6.94,73.0,SSE,0.0,0.0,1029.8,0.0,0.0,0.0,0.0,IMELBO1849.csv
2022/12/09,11:24 PM,11.56,6.83,73.0,SSE,0.64,1.13,1029.8,0.0,0.0,0.0,0.0,IMELBO1849.csv
2022/12/09,11:29 PM,11.61,6.89,73.0,SSE,1.45,1.93,1029.8,0.0,0.0,0.0,0.0,IMELBO1849.csv
2022/12/09,11:34 PM,11.61,6.89,73.0,SSE,0.64,1.13,1030.14,0.0,0.0,0.0,0.0,IMELBO1849.csv
2022/12/09,11:39 PM,11.39,6.78,73.0,SSE,0.32,0.48,1030.14,0.0,0.0,0.0,0.0,IMELBO1849.csv
2022/12/09,11:44 PM,11.44,6.78,73.0,South,1.45,2.09,1029.8,0.0,0.0,0.0,0.0,IMELBO1849.csv
2022/12/09,11:49 PM,11.5,6.83,73.0,South,0.48,1.29,1030.14,0.0,0.0,0.0,0.0,IMELBO1849.csv
2022/12/09,11:54 PM,11.39,7.0,74.0,South,0.8,1.93,1029.8,0.0,0.0,0.0,0.0,IMELBO1849.csv
2022/12/09,11:59 PM,11.33,6.94,74.0,South,0.48,1.29,1029.8,0.0,0.0,0.0,0.0,IMELBO1849.csv
2022/12/10,12:04 AM,11.22,6.78,74.0,South,0.8,1.61,1029.8,0.0,0.0,0.0,0.0,IMELBO1849.csv
2022/12/10,12:09 AM,11.17,6.78,74.0,South,0.97,1.77,1029.8,0.0,0.0,0.0,0.0,IMELBO1849.csv
2022/12/10,12:14 AM,11.0,6.72,75.0,South,1.13,1.77,1029.8,0.0,0.0,0.0,0.0,IMELBO1849.csv
2022/12/10,12:19 AM,10.67,6.61,76.0,South,1.61,2.41,1029.8,0.0,0.0,0.0,0.0,IMELBO1849.csv
2022/12/10,12:24 AM,10.39,6.5,77.0,South,0.8,1.45,1029.8,0.0,0.0,0.0,0.0,IMELBO1849.csv
2022/12/10,12:29 AM,10.17,6.44,78.0,South,0.0,0.0,1029.8,0.0,0.0,0.0,0.0,IMELBO1849.csv
2022/12/10,12:34 AM,9.89,6.33,79.0,South,0.0,0.0,1029.8,0.0,0.0,0.0,0.0,IMELBO1849.csv
2022/12/10,12:39 AM,9.83,6.33,79.0,South,0.32,0.64,1029.8,0.0,0.0,0.0,0.0,IMELBO1849.csv
2022/12/10,12:44 AM,9.72,6.22,79.0,South,0.0,0.0,1029.46,0.0,0.0,0.0,0.0,IMELBO1849.csv
2022/12/10,12:49 AM,9.5,6.22,80.0,South,0.64,1.45,1029.8,0.0,0.0,0.0,0.0,IMELBO1849.csv
2022/12/10,12:54 AM,9.5,6.28,80.0,South,0.64,1.45,1029.46,0.0,0.0,0.0,0.0,IMELBO1849.csv
2022/12/10,12:59 AM,9.39,6.28,81.0,SSW,0.8,1.93,1029.46,0.0,0.0,0.0,0.0,IMELBO1849.csv
2022/12/10,01:04 AM,9.39,6.28,81.0,SSW,2.9,4.02,1029.46,0.0,0.0,0.0,0.0,IMELBO1849.csv
2022/12/10,01:09 AM,9.28,6.22,81.0,SW,1.29,2.09,1029.12,0.0,0.0,0.0,0.0,IMELBO1849.csv
2022/12/10,01:14 AM,9.17,6.06,81.0,SW,0.97,1.77,1029.46,0.0,0.0,0.0,0.0,IMELBO1849.csv
2022/12/10,01:19 AM,9.11,6.22,82.0,SW,1.45,2.57,1029.46,0.0,0.0,0.0,0.0,IMELBO1849.csv
2022/12/10,01:24 AM,9.11,6.22,82.0,SW,3.86,5.15,1029.12,0.0,0.0,0.0,0.0,IMELBO1849.csv
2022/12/10,01:29 AM,9.11,6.22,82.0,WSW,3.86,4.99,1029.12,0.0,0.0,0.0,0.0,IMELBO1849.csv
2022/12/10,01:34 AM,9.0,6.11,82.0,West,4.18,5.31,1029.12,0.0,0.0,0.0,0.0,IMELBO1849.csv
2022/12/10,01:39 AM,8.89,6.0,82.0,WNW,3.7,4.99,1029.12,0.0,0.0,0.0,0.0,IMELBO1849.csv
2022/12/10,01:44 AM,8.78,5.89,82.0,WNW,4.02,4.99,1029.12,0.0,0.0,0.0,0.0,IMELBO1849.csv
2022/12/10,01:49 AM,8.72,6.06,83.0,WNW,4.02,5.15,1029.12,0.0,0.0,0.0,0.0,IMELBO1849.csv
2022/12/10,01:54 AM,8.72,6.0,83.0,WNW,4.34,5.79,1028.78,0.0,0.0,0.0,0.0,IMELBO1849.csv
2022/12/10,01:59 AM,8.72,6.0,83.0,WNW,3.7,5.15,1028.78,0.0,0.0,0.0,0.0,IMELBO1849.csv
2022/12/10,02:04 AM,8.72,6.0,83.0,WNW,4.02,5.15,1028.78,0.0,0.0,0.0,0.0,IMELBO1849.csv
2022/12/10,02:09 AM,8.78,6.11,83.0,WNW,3.38,4.67,1028.78,0.0,0.0,0.0,0.0,IMELBO1849.csv
2022/12/10,02:14 AM,8.72,6.06,83.0,WNW,2.57,3.54,1028.78,0.0,0.0,0.0,0.0,IMELBO1849.csv
2022/12/10,02:19 AM,8.72,6.0,83.0,WNW,1.45,1.93,1028.45,0.0,0.0,0.0,0.0,IMELBO1849.csv
2022/12/10,02:24 AM,8.61,5.89,83.0,WNW,1.77,2.9,1028.45,0.0,0.0,0.0,0.0,IMELBO1849.csv
2022/12/10,02:29 AM,8.56,5.83,83.0,WNW,1.29,1.77,1028.45,0.0,0.0,0.0,0.0,IMELBO1849.csv
2022/12/10,02:34 AM,8.5,5.89,84.0,WNW,2.09,3.06,1028.78,0.0,0.0,0.0,0.0,IMELBO1849.csv
2022/12/10,02:39 AM,8.39,5.78,84.0,WNW,3.06,4.02,1028.78,0.0,0.0,0.0,0.0,IMELBO1849.csv
2022/12/10,02:44 AM,8.39,5.78,84.0,WNW,3.38,4.51,1028.45,0.0,0.0,0.0,0.0,IMELBO1849.csv
2022/12/10,02:49 AM,8.39,5.78,84.0,WNW,4.18,5.63,1028.78,0.0,0.0,0.0,0.0,IMELBO1849.csv
2022/12/10,02:54 AM,8.39,5.78,84.0,WNW,5.15,6.76,1028.78,0.0,0.0,0.0,0.0,IMELBO1849.csv
2022/12/10,02:59 AM,8.39,5.78,84.0,WNW,4.02,4.99,1028.78,0.0,0.0,0.0,0.0,IMELBO1849.csv
2022/12/10,03:04 AM,8.39,5.78,84.0,WNW,3.38,4.34,1028.45,0.0,0.0,0.0,0.0,IMELBO1849.csv
2022/12/10,03:09 AM,8.39,5.78,84.0,WNW,3.22,3.86,1028.45,0.0,0.0,0.0,0.0,IMELBO1849.csv
2022/12/10,03:14 AM,8.33,5.78,84.0,WNW,2.57,3.38,1028.45,0.0,0.0,0.0,0.0,IMELBO1849.csv
2022/12/10,03:19 AM,8.33,5.72,84.0,WNW,4.02,5.31,1028.45,0.0,0.0,0.0,0.0,IMELBO1849.csv
2022/12/10,03:24 AM,8.28,5.72,84.0,WNW,3.06,4.02,1028.45,0.0,0.0,0.0,0.0,IMELBO1849.csv
2022/12/10,03:29 AM,8.28,5.72,84.0,WNW,3.22,4.34,1028.45,0.0,0.0,0.0,0.0,IMELBO1849.csv
2022/12/10,03:34 AM,8.28,5.72,84.0,WNW,3.38,4.51,1028.78,0.0,0.0,0.0,0.0,IMELBO1849.csv
2022/12/10,03:39 AM,8.28,5.72,84.0,WNW,2.41,3.38,1028.45,0.0,0.0,0.0,0.0,IMELBO1849.csv
2022/12/10,03:44 AM,8.28,5.72,84.0,WNW,1.93,3.06,1028.45,0.0,0.0,0.0,0.0,IMELBO1849.csv
2022/12/10,03:49 AM,8.22,5.61,84.0,West,1.13,2.09,1028.45,0.0,0.0,0.0,0.0,IMELBO1849.csv
2022/12/10,03:54 AM,8.22,5.67,84.0,WNW,1.61,2.57,1028.11,0.0,0.0,0.0,0.0,IMELBO1849.csv
2022/12/10,03:59 AM,8.22,5.78,85.0,NW,0.97,1.61,1028.45,0.0,0.0,0.0,0.0,IMELBO1849.csv
2022/12/10,04:04 AM,8.11,5.72,85.0,WNW,0.48,0.64,1028.45,0.0,0.0,0.0,0.0,IMELBO1849.csv
2022/12/10,04:09 AM,8.0,5.61,85.0,WNW,1.93,2.74,1028.11,0.0,0.0,0.0,0.0,IMELBO1849.csv
2022/12/10,04:14 AM,7.89,5.5,85.0,NW,0.97,1.61,1028.11,0.0,0.0,0.0,0.0,IMELBO1849.csv
2022/12/10,04:19 AM,7.78,5.39,85.0,NW,0.48,0.97,1028.11,0.0,0.0,0.0,0.0,IMELBO1849.csv
2022/12/10,04:24 AM,7.67,5.44,86.0,NW,0.0,0.16,1028.11,0.0,0.0,0.0,0.0,IMELBO1849.csv
2022/12/10,04:29 AM,7.44,5.28,86.0,NW,0.8,1.13,1027.77,0.0,0.0,0.0,0.0,IMELBO1849.csv
2022/12/10,04:34 AM,7.39,5.22,86.0,NW,1.61,2.09,1027.77,0.0,0.0,0.0,0.0,IMELBO1849.csv
2022/12/10,04:39 AM,7.39,5.33,87.0,WNW,1.45,2.09,1027.77,0.0,0.0,0.0,0.0,IMELBO1849.csv
2022/12/10,04:44 AM,7.39,5.39,87.0,WNW,2.09,2.74,1028.11,0.0,0.0,0.0,0.0,IMELBO1849.csv
2022/12/10,04:49 AM,7.44,5.44,87.0,WNW,3.06,3.7,1027.77,0.0,0.0,0.0,0.0,IMELBO1849.csv
2022/12/10,04:54 AM,7.5,5.5,87.0,WNW,1.61,2.09,1027.77,0.0,0.0,0.0,0.0,IMELBO1849.csv
2022/12/10,04:59 AM,7.5,5.5,87.0,WNW,1.93,2.74,1027.77,0.0,0.0,0.0,0.0,IMELBO1849.csv
2022/12/10,05:04 AM,7.5,5.5,87.0,WNW,0.64,1.13,1028.11,0.0,0.0,0.0,0.0,IMELBO1849.csv
2022/12/10,05:09 AM,7.39,5.39,87.0,WNW,1.29,1.93,1028.11,0.0,0.0,0.0,0.0,IMELBO1849.csv
2022/12/10,05:14 AM,7.39,5.39,87.0,WNW,0.8,0.8,1028.11,0.0,0.0,0.0,0.0,IMELBO1849.csv
2022/12/10,05:19 AM,7.28,5.28,87.0,WNW,0.64,0.97,1028.11,0.0,0.0,0.0,0.0,IMELBO1849.csv
2022/12/10,05:24 AM,7.28,5.28,87.0,WNW,0.97,1.45,1028.11,0.0,0.0,0.0,0.0,IMELBO1849.csv
2022/12/10,05:29 AM,7.28,5.39,88.0,WNW,2.9,3.86,1028.45,0.0,0.0,0.0,0.0,IMELBO1849.csv
2022/12/10,05:34 AM,7.39,5.39,87.0,WNW,3.38,4.34,1028.45,0.0,0.0,0.0,0.0,IMELBO1849.csv
2022/12/10,05:39 AM,7.39,5.39,87.0,WNW,3.38,4.34,1028.45,0.0,0.0,0.0,0.0,IMELBO1849.csv
2022/12/10,05:44 AM,7.33,5.33,87.0,WNW,2.74,3.7,1028.11,0.0,0.0,0.0,0.0,IMELBO1849.csv
2022/12/10,05:49 AM,7.33,5.33,87.0,WNW,3.54,4.67,1028.11,0.0,0.0,0.0,1.2,IMELBO1849.csv
2022/12/10,05:54 AM,7.28,5.28,87.0,WNW,3.38,4.34,1028.11,0.0,0.0,0.0,2.9,IMELBO1849.csv
2022/12/10,05:59 AM,7.28,5.33,87.0,WNW,2.9,3.86,1028.11,0.0,0.0,0.0,5.1,IMELBO1849.csv
2022/12/10,06:04 AM,7.28,5.39,88.0,WNW,2.74,3.86,1028.45,0.0,0.0,0.0,7.7,IMELBO1849.csv
2022/12/10,06:09 AM,7.28,5.33,88.0,WNW,2.41,3.22,1028.45,0.0,0.0,0.0,9.9,IMELBO1849.csv
2022/12/10,06:14 AM,7.28,5.39,88.0,WNW,2.57,3.54,1028.11,0.0,0.0,0.0,13.0,IMELBO1849.csv
2022/12/10,06:19 AM,7.39,5.44,87.0,WNW,3.22,4.67,1028.45,0.0,0.0,0.0,15.5,IMELBO1849.csv
2022/12/10,06:24 AM,7.44,5.44,87.0,WNW,3.7,4.99,1028.45,0.0,0.0,0.0,18.6,IMELBO1849.csv
2022/12/10,06:29 AM,7.67,5.67,87.0,WNW,1.45,2.25,1028.45,0.0,0.0,0.0,20.8,IMELBO1849.csv
2022/12/10,06:34 AM,7.78,5.78,87.0,WNW,2.41,3.54,1028.45,0.0,0.0,0.0,24.2,IMELBO1849.csv
2022/12/10,06:39 AM,8.11,5.89,86.0,WNW,2.25,3.38,1028.45,0.0,0.0,0.0,27.3,IMELBO1849.csv
2022/12/10,06:44 AM,8.22,6.0,86.0,WNW,1.61,2.74,1028.45,0.0,0.0,0.0,29.0,IMELBO1849.csv
2022/12/10,06:49 AM,8.33,5.94,85.0,WNW,1.77,2.57,1028.45,0.0,0.0,0.0,36.8,IMELBO1849.csv
2022/12/10,06:54 AM,8.5,6.11,85.0,WNW,2.74,4.18,1028.45,0.0,0.0,0.0,48.1,IMELBO1849.csv
2022/12/10,06:59 AM,8.83,6.22,84.0,West,2.09,3.54,1028.45,0.0,0.0,0.0,59.0,IMELBO1849.csv
2022/12/10,07:04 AM,9.06,6.33,83.0,WNW,3.7,5.47,1028.78,0.0,0.0,0.0,83.7,IMELBO1849.csv
2022/12/10,07:09 AM,9.28,6.5,83.0,WNW,1.93,3.06,1028.78,0.0,0.0,0.0,88.8,IMELBO1849.csv
2022/12/10,07:14 AM,9.44,6.56,82.0,West,2.57,3.86,1028.78,0.0,0.0,1.0,103.1,IMELBO1849.csv
2022/12/10,07:19 AM,9.61,6.67,82.0,West,2.57,4.02,1028.78,0.0,0.0,1.0,122.3,IMELBO1849.csv
2022/12/10,07:24 AM,9.78,6.72,81.0,WNW,2.9,4.34,1028.78,0.0,0.0,1.0,129.7,IMELBO1849.csv
2022/12/10,07:29 AM,10.0,6.83,81.0,West,1.77,2.9,1028.78,0.0,0.0,1.0,124.9,IMELBO1849.csv
2022/12/10,07:34 AM,10.28,6.89,80.0,WNW,2.41,3.86,1029.12,0.0,0.0,1.0,160.0,IMELBO1849.csv
2022/12/10,07:39 AM,10.56,7.06,79.0,West,2.41,3.7,1029.12,0.0,0.0,1.0,162.6,IMELBO1849.csv
2022/12/10,07:44 AM,10.78,7.11,78.0,WNW,1.93,2.74,1029.12,0.0,0.0,1.0,193.1,IMELBO1849.csv
2022/12/10,07:49 AM,11.17,7.33,77.0,WNW,2.09,3.06,1029.12,0.0,0.0,2.0,206.4,IMELBO1849.csv
2022/12/10,07:54 AM,11.44,7.39,76.0,West,2.41,3.38,1029.12,0.0,0.0,2.0,228.5,IMELBO1849.csv
2022/12/10,07:59 AM,11.67,7.5,76.0,WSW,2.25,3.38,1028.78,0.0,0.0,2.0,244.7,IMELBO1849.csv
2022/12/10,08:04 AM,11.78,7.5,75.0,West,1.77,2.9,1029.12,0.0,0.0,2.0,256.8,IMELBO1849.csv
2022/12/10,08:09 AM,11.94,7.44,74.0,West,2.09,3.38,1029.12,0.0,0.0,2.0,278.1,IMELBO1849.csv
2022/12/10,08:14 AM,12.28,7.72,74.0,West,1.61,2.41,1029.12,0.0,0.0,2.0,283.2,IMELBO1849.csv
2022/12/10,08:19 AM,12.44,7.78,73.0,WNW,3.22,4.83,1029.12,0.0,0.0,2.0,294.5,IMELBO1849.csv
2022/12/10,08:24 AM,12.5,7.78,73.0,West,2.57,4.34,1029.46,0.0,0.0,3.0,328.7,IMELBO1849.csv
2022/12/10,08:29 AM,12.67,7.67,72.0,SW,3.7,5.15,1029.12,0.0,0.0,3.0,352.6,IMELBO1849.csv
2022/12/10,08:34 AM,13.11,7.83,70.0,West,3.06,4.18,1029.46,0.0,0.0,3.0,352.6,IMELBO1849.csv
2022/12/10,08:39 AM,13.17,7.67,69.0,West,1.93,3.22,1029.12,0.0,0.0,3.0,383.4,IMELBO1849.csv
2022/12/10,08:44 AM,13.28,7.61,69.0,WNW,2.25,3.7,1029.12,0.0,0.0,3.0,382.2,IMELBO1849.csv
2022/12/10,08:49 AM,13.39,7.44,67.0,SW,2.57,3.54,1029.46,0.0,0.0,3.0,374.4,IMELBO1849.csv
2022/12/10,08:54 AM,13.89,7.56,66.0,West,3.06,4.99,1029.46,0.0,0.0,3.0,399.1,IMELBO1849.csv
2022/12/10,08:59 AM,14.06,7.67,65.0,WNW,3.54,4.67,1029.46,0.0,0.0,4.0,419.5,IMELBO1849.csv
2022/12/10,09:04 AM,14.28,7.67,64.0,WNW,3.06,4.51,1029.46,0.0,0.0,4.0,418.5,IMELBO1849.csv
2022/12/10,09:09 AM,14.61,8.0,65.0,West,1.77,2.9,1029.46,0.0,0.0,3.0,407.7,IMELBO1849.csv
2022/12/10,09:14 AM,14.72,7.94,64.0,WSW,1.29,1.93,1029.46,0.0,0.0,4.0,468.9,IMELBO1849.csv
2022/12/10,09:19 AM,14.89,7.94,63.0,SW,2.41,3.38,1029.12,0.0,0.0,4.0,462.8,IMELBO1849.csv
2022/12/10,09:24 AM,15.11,8.0,62.0,West,1.61,2.41,1029.12,0.0,0.0,4.0,461.1,IMELBO1849.csv
2022/12/10,09:29 AM,15.44,7.83,61.0,West,2.57,3.7,1029.12,0.0,0.0,4.0,484.5,IMELBO1849.csv
2022/12/10,09:34 AM,15.5,7.61,59.0,SW,2.74,3.86,1029.12,0.0,0.0,4.0,503.2,IMELBO1849.csv
2022/12/10,09:39 AM,15.89,7.56,58.0,SW,2.09,2.9,1029.12,0.0,0.0,4.0,497.0,IMELBO1849.csv
2022/12/10,09:44 AM,16.33,7.56,56.0,SW,1.29,2.09,1028.78,0.0,0.0,4.0,506.2,IMELBO1849.csv
2022/12/10,09:49 AM,16.33,7.83,57.0,South,3.22,4.18,1028.78,0.0,0.0,5.0,582.6,IMELBO1849.csv
2022/12/10,09:54 AM,16.72,7.83,56.0,ESE,2.9,3.86,1028.78,0.0,0.0,5.0,589.9,IMELBO1849.csv
2022/12/10,09:59 AM,17.0,7.72,54.0,SW,1.77,2.41,1028.45,0.0,0.0,5.0,596.0,IMELBO1849.csv
2022/12/10,10:04 AM,16.78,7.67,55.0,SSW,2.41,3.06,1028.45,0.0,0.0,5.0,612.9,IMELBO1849.csv
2022/12/10,10:09 AM,16.89,7.39,54.0,East,1.29,1.93,1028.45,0.0,0.0,6.0,617.7,IMELBO1849.csv
2022/12/10,10:14 AM,17.89,7.61,51.0,ESE,1.77,2.25,1028.45,0.0,0.0,5.0,614.3,IMELBO1849.csv
2022/12/10,10:19 AM,18.06,7.61,51.0,East,2.74,4.02,1028.45,0.0,0.0,6.0,627.2,IMELBO1849.csv
2022/12/10,10:24 AM,18.17,7.61,50.0,ENE,2.57,3.86,1028.11,0.0,0.0,6.0,619.9,IMELBO1849.csv
2022/12/10,10:29 AM,17.89,7.67,51.0,East,3.22,4.34,1028.11,0.0,0.0,6.0,641.2,IMELBO1849.csv
2022/12/10,10:34 AM,17.83,7.61,51.0,ESE,3.86,5.31,1028.11,0.0,0.0,6.0,668.9,IMELBO1849.csv
2022/12/10,10:39 AM,18.17,7.72,51.0,East,3.22,4.51,1028.11,0.0,0.0,6.0,691.9,IMELBO1849.csv
2022/12/10,10:44 AM,19.0,8.06,49.0,NE,3.54,5.15,1028.11,0.0,0.0,6.0,696.7,IMELBO1849.csv
2022/12/10,10:49 AM,19.22,8.28,49.0,ESE,4.34,5.95,1028.11,0.0,0.0,6.0,702.3,IMELBO1849.csv
2022/12/10,10:54 AM,19.22,8.17,49.0,SE,3.38,4.51,1028.11,0.0,0.0,6.0,701.8,IMELBO1849.csv
2022/12/10,10:59 AM,19.39,8.11,48.0,NE,3.22,4.67,1028.11,0.0,0.0,7.0,729.6,IMELBO1849.csv
2022/12/10,11:04 AM,19.67,8.33,48.0,NW,3.7,5.79,1028.11,0.0,0.0,7.0,740.0,IMELBO1849.csv
2022/12/10,11:09 AM,20.22,8.67,47.0,North,2.57,3.86,1027.77,0.0,0.0,7.0,742.2,IMELBO1849.csv
2022/12/10,11:14 AM,20.89,8.72,46.0,NNW,2.09,3.06,1028.11,0.0,0.0,7.0,758.2,IMELBO1849.csv
2022/12/10,11:19 AM,20.83,8.83,46.0,WNW,1.61,2.57,1027.77,0.0,0.0,7.0,761.7,IMELBO1849.csv
2022/12/10,11:24 AM,20.78,8.94,47.0,NE,3.06,4.02,1028.11,0.0,0.0,7.0,762.2,IMELBO1849.csv
2022/12/10,11:29 AM,20.72,8.83,46.0,ENE,3.22,4.51,1027.77,0.0,0.0,7.0,782.6,IMELBO1849.csv
2022/12/10,11:34 AM,20.72,9.11,47.0,ENE,5.15,7.24,1027.77,0.0,0.0,7.0,778.7,IMELBO1849.csv
2022/12/10,11:39 AM,21.0,9.06,46.0,NNW,3.22,4.02,1027.43,0.0,0.0,7.0,783.4,IMELBO1849.csv
2022/12/10,11:44 AM,21.5,9.44,46.0,ENE,3.38,5.15,1027.43,0.0,0.0,7.0,794.2,IMELBO1849.csv
2022/12/10,11:49 AM,21.67,9.39,46.0,ENE,5.15,7.24,1027.43,0.0,0.0,7.0,779.0,IMELBO1849.csv
2022/12/10,11:54 AM,21.44,9.39,46.0,East,6.28,8.37,1027.09,0.0,0.0,7.0,797.3,IMELBO1849.csv
2022/12/10,11:59 AM,21.39,9.5,47.0,East,3.7,5.15,1027.09,0.0,0.0,7.0,819.9,IMELBO1849.csv
2022/12/10,12:04 PM,22.11,9.61,45.0,ENE,5.63,7.72,1027.09,0.0,0.0,7.0,819.9,IMELBO1849.csv
2022/12/10,12:09 PM,22.33,9.44,44.0,ENE,7.88,10.3,1026.75,0.0,0.0,7.0,805.1,IMELBO1849.csv
2022/12/10,12:14 PM,22.28,9.33,44.0,East,3.7,5.15,1026.75,0.0,0.0,7.0,796.0,IMELBO1849.csv
2022/12/10,12:19 PM,22.78,9.33,42.0,NNE,1.77,3.06,1026.75,0.0,0.0,7.0,816.0,IMELBO1849.csv
2022/12/10,12:24 PM,23.28,9.39,41.0,NNE,4.83,6.6,1026.41,0.0,0.0,7.0,822.0,IMELBO1849.csv
2022/12/10,12:29 PM,23.61,9.72,41.0,NE,6.11,9.01,1026.41,0.0,0.0,8.0,826.4,IMELBO1849.csv
2022/12/10,12:34 PM,23.0,9.56,42.0,NNE,3.7,5.47,1026.41,0.0,0.0,7.0,816.8,IMELBO1849.csv
2022/12/10,12:39 PM,23.17,9.78,43.0,East,7.4,9.65,1026.08,0.0,0.0,7.0,817.7,IMELBO1849.csv
2022/12/10,12:44 PM,22.89,9.67,43.0,East,5.47,6.92,1026.08,0.0,0.0,8.0,828.6,IMELBO1849.csv
2022/12/10,12:49 PM,23.28,9.17,41.0,NE,4.67,6.11,1026.08,0.0,0.0,7.0,814.6,IMELBO1849.csv
2022/12/10,12:54 PM,24.28,9.44,39.0,NNE,4.83,6.6,1026.08,0.0,0.0,7.0,783.4,IMELBO1849.csv
2022/12/10,12:59 PM,24.28,9.39,39.0,ENE,7.88,11.26,1026.08,0.0,0.0,7.0,774.8,IMELBO1849.csv
2022/12/10,01:04 PM,24.28,8.89,37.0,ENE,3.06,4.18,1026.08,0.0,0.0,7.0,801.2,IMELBO1849.csv
2022/12/10,01:09 PM,24.06,9.33,39.0,NE,2.74,3.54,1026.08,0.0,0.0,7.0,809.5,IMELBO1849.csv
2022/12/10,01:14 PM,24.17,9.5,39.0,East,4.51,5.79,1025.74,0.0,0.0,8.0,835.4,IMELBO1849.csv
2022/12/10,01:19 PM,23.89,9.72,41.0,East,4.67,6.76,1025.74,0.0,0.0,8.0,834.6,IMELBO1849.csv
2022/12/10,01:24 PM,24.11,9.44,39.0,NE,1.93,2.57,1025.74,0.0,0.0,8.0,848.5,IMELBO1849.csv
2022/12/10,01:29 PM,24.44,10.06,40.0,NE,3.86,5.31,1025.74,0.0,0.0,8.0,849.4,IMELBO1849.csv
2022/12/10,01:34 PM,24.22,9.94,40.0,ESE,2.9,3.86,1025.74,0.0,0.0,7.0,823.8,IMELBO1849.csv
2022/12/10,01:39 PM,24.56,9.94,40.0,NE,5.47,7.88,1025.4,0.0,0.0,7.0,788.6,IMELBO1849.csv
2022/12/10,01:44 PM,25.56,10.28,38.0,NNE,7.08,10.14,1025.4,0.0,0.0,7.0,820.8,IMELBO1849.csv
2022/12/10,01:49 PM,25.44,10.11,38.0,NNE,6.44,8.85,1025.4,0.0,0.0,8.0,831.5,IMELBO1849.csv
2022/12/10,01:54 PM,25.61,9.94,37.0,NNW,4.99,7.4,1025.4,0.0,0.0,8.0,833.3,IMELBO1849.csv
2022/12/10,01:59 PM,25.33,9.39,36.0,NW,3.86,5.79,1025.4,0.0,0.0,8.0,827.2,IMELBO1849.csv
2022/12/10,02:04 PM,25.67,10.22,38.0,ENE,3.7,5.47,1025.06,0.0,0.0,8.0,831.2,IMELBO1849.csv
2022/12/10,02:09 PM,25.17,10.06,38.0,East,6.44,9.01,1025.06,0.0,0.0,8.0,824.7,IMELBO1849.csv
2022/12/10,02:14 PM,25.11,9.67,38.0,ENE,7.88,11.26,1025.06,0.0,0.0,7.0,774.8,IMELBO1849.csv
2022/12/10,02:19 PM,25.67,9.78,37.0,,6.6,9.17,1025.06,0.0,0.0,7.0,794.2,IMELBO1849.csv
2022/12/10,02:24 PM,25.61,9.83,37.0,,5.15,7.08,1024.72,0.0,0.0,7.0,806.8,IMELBO1849.csv
2022/12/10,02:29 PM,25.56,10.11,38.0,ENE,6.76,10.3,1024.72,0.0,0.0,7.0,801.2,IMELBO1849.csv
2022/12/10,02:34 PM,25.56,9.94,37.0,ENE,6.44,9.65,1024.72,0.0,0.0,7.0,796.9,IMELBO1849.csv
2022/12/10,02:39 PM,25.94,9.83,36.0,North,5.95,8.53,1024.72,0.0,0.0,7.0,796.0,IMELBO1849.csv
2022/12/10,02:44 PM,25.83,9.67,36.0,NNE,6.11,8.85,1024.38,0.0,0.0,7.0,819.0,IMELBO1849.csv
2022/12/10,02:49 PM,25.83,9.44,36.0,NNW,2.74,3.7,1024.38,0.0,0.0,7.0,821.1,IMELBO1849.csv
2022/12/10,02:54 PM,25.56,9.56,36.0,NE,3.54,4.67,1024.38,0.0,0.0,7.0,819.4,IMELBO1849.csv
2022/12/10,02:59 PM,25.67,9.94,37.0,East,5.95,8.04,1024.38,0.0,0.0,7.0,809.9,IMELBO1849.csv
2022/12/10,03:04 PM,25.22,9.78,38.0,ENE,5.31,7.56,1024.38,0.0,0.0,7.0,794.7,IMELBO1849.csv
2022/12/10,03:09 PM,25.22,9.61,37.0,East,4.51,6.44,1024.04,0.0,0.0,7.0,794.2,IMELBO1849.csv
2022/12/10,03:14 PM,26.0,9.83,36.0,NNE,8.21,11.58,1024.04,0.0,0.0,7.0,786.9,IMELBO1849.csv
2022/12/10,03:19 PM,26.17,9.89,36.0,NNW,5.15,7.24,1024.04,0.0,0.0,7.0,766.1,IMELBO1849.csv
2022/12/10,03:24 PM,26.39,10.39,37.0,ENE,7.08,10.3,1024.04,0.0,0.0,7.0,773.9,IMELBO1849.csv
2022/12/10,03:29 PM,25.89,9.94,37.0,NE,4.67,6.11,1023.71,0.0,0.0,7.0,793.8,IMELBO1849.csv
2022/12/10,03:34 PM,26.06,10.06,37.0,East,7.08,9.98,1023.71,0.0,0.0,7.0,791.6,IMELBO1849.csv
2022/12/10,03:39 PM,26.06,10.06,36.0,ENE,7.56,10.3,1023.71,0.0,0.0,7.0,791.6,IMELBO1849.csv
2022/12/10,03:44 PM,25.83,9.94,37.0,ESE,4.67,6.76,1023.71,0.0,0.0,7.0,794.2,IMELBO1849.csv
2022/12/10,03:49 PM,26.33,10.28,36.0,NE,5.31,7.72,1023.71,0.0,0.0,7.0,794.7,IMELBO1849.csv
2022/12/10,03:54 PM,26.61,10.22,36.0,NNE,6.92,9.81,1023.71,0.0,0.0,7.0,805.1,IMELBO1849.csv
2022/12/10,03:59 PM,26.44,9.61,35.0,NE,5.63,7.88,1023.37,0.0,0.0,7.0,802.9,IMELBO1849.csv
2022/12/10,04:04 PM,27.0,9.33,33.0,WNW,3.54,5.15,1023.37,0.0,0.0,7.0,786.9,IMELBO1849.csv
2022/12/10,04:09 PM,26.83,9.61,34.0,NNE,3.7,4.99,1023.37,0.0,0.0,7.0,781.7,IMELBO1849.csv
2022/12/10,04:14 PM,27.61,10.22,34.0,NNW,6.11,8.37,1023.03,0.0,0.0,7.0,788.2,IMELBO1849.csv
2022/12/10,04:19 PM,26.83,10.06,35.0,NW,4.51,6.44,1023.03,0.0,0.0,7.0,787.7,IMELBO1849.csv
2022/12/10,04:24 PM,27.0,10.22,35.0,ENE,5.63,7.72,1023.03,0.0,0.0,7.0,778.7,IMELBO1849.csv
2022/12/10,04:29 PM,26.22,9.78,36.0,East,3.38,5.15,1022.69,0.0,0.0,7.0,777.0,IMELBO1849.csv
2022/12/10,04:34 PM,26.56,10.06,35.0,East,5.31,7.08,1022.69,0.0,0.0,7.0,762.2,IMELBO1849.csv
2022/12/10,04:39 PM,26.89,10.22,35.0,ENE,7.88,10.46,1022.69,0.0,0.0,6.0,712.2,IMELBO1849.csv
2022/12/10,04:44 PM,26.39,9.78,35.0,East,7.56,9.65,1022.69,0.0,0.0,6.0,707.1,IMELBO1849.csv
2022/12/10,04:49 PM,26.72,9.72,34.0,NNE,6.6,8.85,1022.69,0.0,0.0,6.0,702.3,IMELBO1849.csv
2022/12/10,04:54 PM,26.83,10.0,35.0,NE,3.38,4.67,1022.69,0.0,0.0,6.0,699.3,IMELBO1849.csv
2022/12/10,04:59 PM,27.0,10.22,35.0,NE,6.11,8.37,1022.69,0.0,0.0,6.0,671.5,IMELBO1849.csv
2022/12/10,05:04 PM,26.83,9.89,34.0,North,3.06,4.34,1022.69,0.0,0.0,6.0,645.1,IMELBO1849.csv
2022/12/10,05:09 PM,26.94,10.0,35.0,NNE,3.7,5.15,1022.69,0.0,0.0,6.0,637.3,IMELBO1849.csv
2022/12/10,05:14 PM,26.44,9.67,35.0,NE,1.77,2.41,1022.69,0.0,0.0,5.0,610.3,IMELBO1849.csv
2022/12/10,05:19 PM,26.72,9.94,35.0,ENE,2.25,3.38,1022.69,0.0,0.0,5.0,604.2,IMELBO1849.csv
2022/12/10,05:24 PM,27.56,10.33,34.0,NNE,3.86,5.31,1022.69,0.0,0.0,6.0,618.2,IMELBO1849.csv
2022/12/10,05:29 PM,27.28,10.78,36.0,NW,4.51,5.95,1022.69,0.0,0.0,6.0,626.8,IMELBO1849.csv
2022/12/10,05:34 PM,26.44,9.94,35.0,ENE,3.22,4.51,1022.69,0.0,0.0,5.0,611.7,IMELBO1849.csv
2022/12/10,05:39 PM,26.83,10.22,35.0,NE,4.99,6.92,1022.69,0.0,0.0,5.0,527.9,IMELBO1849.csv
2022/12/10,05:44 PM,26.78,10.22,35.0,ENE,4.18,6.44,1022.69,0.0,0.0,4.0,472.0,IMELBO1849.csv
2022/12/10,05:49 PM,27.06,10.33,35.0,NNE,5.31,7.56,1022.69,0.0,0.0,4.0,477.6,IMELBO1849.csv
2022/12/10,05:54 PM,27.11,10.44,35.0,ENE,3.7,5.15,1022.69,0.0,0.0,4.0,429.9,IMELBO1849.csv
2022/12/10,05:59 PM,26.89,10.39,36.0,East,2.74,3.7,1022.69,0.0,0.0,3.0,369.9,IMELBO1849.csv
2022/12/10,06:04 PM,25.94,11.17,40.0,SW,4.34,5.95,1022.69,0.0,0.0,1.0,176.0,IMELBO1849.csv
2022/12/10,06:09 PM,25.28,10.78,40.0,SW,3.38,4.99,1022.69,0.0,0.0,1.0,165.3,IMELBO1849.csv
2022/12/10,06:14 PM,25.17,10.72,40.0,SSE,3.22,4.83,1022.69,0.0,0.0,2.0,222.5,IMELBO1849.csv
2022/12/10,06:19 PM,25.11,10.67,40.0,South,4.02,5.79,1022.69,0.0,0.0,1.0,150.0,IMELBO1849.csv
2022/12/10,06:24 PM,24.89,10.5,40.0,SSE,3.22,4.67,1022.69,0.0,0.0,2.0,245.0,IMELBO1849.csv
2022/12/10,06:29 PM,25.22,10.56,40.0,SE,2.25,3.38,1022.69,0.0,0.0,3.0,343.0,IMELBO1849.csv
2022/12/10,06:34 PM,25.5,10.94,40.0,SE,3.54,4.83,1022.69,0.0,0.0,2.0,207.7,IMELBO1849.csv
2022/12/10,06:39 PM,25.06,10.78,41.0,ESE,3.86,5.47,1022.35,0.0,0.0,1.0,111.0,IMELBO1849.csv
2022/12/10,06:44 PM,24.78,10.67,41.0,SSE,4.51,6.28,1022.69,0.0,0.0,1.0,134.4,IMELBO1849.csv
2022/12/10,06:49 PM,25.0,10.28,39.0,ESE,3.86,4.99,1022.35,0.0,0.0,1.0,131.9,IMELBO1849.csv
2022/12/10,06:54 PM,25.11,10.78,41.0,South,2.74,4.02,1022.69,0.0,0.0,1.0,106.2,IMELBO1849.csv
2022/12/10,06:59 PM,24.56,10.83,42.0,SSW,4.02,5.47,1022.69,0.0,0.0,0.0,84.0,IMELBO1849.csv
2022/12/10,07:04 PM,23.94,10.67,43.0,SW,6.11,8.04,1022.69,0.0,0.0,0.0,79.3,IMELBO1849.csv
2022/12/10,07:09 PM,23.39,10.5,44.0,SW,6.44,9.01,1022.69,0.0,0.0,0.0,78.4,IMELBO1849.csv
2022/12/10,07:14 PM,23.28,10.72,45.0,SSW,5.63,7.56,1022.69,0.0,0.0,0.0,76.3,IMELBO1849.csv
2022/12/10,07:19 PM,23.11,10.61,45.0,South,5.47,7.72,1022.69,0.0,0.0,0.0,76.3,IMELBO1849.csv
2022/12/10,07:24 PM,22.89,10.61,46.0,South,4.99,7.24,1022.69,0.0,0.0,0.0,73.3,IMELBO1849.csv
2022/12/10,07:29 PM,22.61,10.61,47.0,SSW,7.08,9.17,1022.69,0.0,0.0,0.0,61.5,IMELBO1849.csv
2022/12/10,07:34 PM,22.33,10.72,48.0,SSW,6.6,8.53,1022.69,0.0,0.0,0.0,49.4,IMELBO1849.csv
2022/12/10,07:39 PM,22.11,10.67,48.0,SSW,4.67,6.28,1022.69,0.0,0.0,0.0,41.6,IMELBO1849.csv
2022/12/10,07:44 PM,22.11,10.94,49.0,SSW,4.99,7.24,1022.69,0.0,0.0,0.0,39.0,IMELBO1849.csv
2022/12/10,07:49 PM,21.78,11.0,50.0,SSW,4.02,5.31,1023.03,0.0,0.0,0.0,33.8,IMELBO1849.csv
2022/12/10,07:54 PM,21.72,11.17,51.0,SSW,4.83,6.28,1023.03,0.0,0.0,0.0,28.6,IMELBO1849.csv
2022/12/10,07:59 PM,21.28,11.0,52.0,SSW,6.44,8.37,1023.03,0.0,0.0,0.0,25.9,IMELBO1849.csv
2022/12/10,08:04 PM,21.22,11.0,52.0,SW,5.47,7.08,1023.03,0.0,0.0,0.0,21.7,IMELBO1849.csv
2022/12/10,08:09 PM,21.0,11.17,53.0,SW,5.95,7.88,1023.37,0.0,0.0,0.0,18.6,IMELBO1849.csv
2022/12/10,08:14 PM,20.78,11.22,54.0,SW,4.99,6.44,1023.03,0.0,0.0,0.0,16.4,IMELBO1849.csv
2022/12/10,08:19 PM,20.72,11.11,54.0,SW,4.18,5.31,1023.37,0.0,0.0,0.0,14.3,IMELBO1849.csv
2022/12/10,08:24 PM,20.61,10.83,53.0,SW,3.7,4.99,1023.37,0.0,0.0,0.0,9.9,IMELBO1849.csv
2022/12/10,08:29 PM,20.61,10.72,53.0,SW,4.18,5.15,1023.37,0.0,0.0,0.0,6.0,IMELBO1849.csv
2022/12/10,08:34 PM,20.5,10.89,54.0,SW,3.38,4.67,1023.03,0.0,0.0,0.0,3.4,IMELBO1849.csv
2022/12/10,08:39 PM,20.39,11.06,55.0,SW,1.77,2.57,1023.03,0.0,0.0,0.0,2.1,IMELBO1849.csv
2022/12/10,08:44 PM,20.28,11.06,55.0,SW,2.09,3.06,1023.37,0.0,0.0,0.0,0.0,IMELBO1849.csv
2022/12/10,08:49 PM,20.22,11.22,56.0,SW,2.25,2.9,1023.37,0.0,0.0,0.0,0.0,IMELBO1849.csv
2022/12/10,08:54 PM,20.11,11.17,56.0,WSW,1.45,2.25,1023.37,0.0,0.0,0.0,0.0,IMELBO1849.csv
2022/12/10,08:59 PM,20.06,11.11,56.0,WSW,1.29,2.57,1023.37,0.0,0.0,0.0,0.0,IMELBO1849.csv
2022/12/10,09:04 PM,19.94,11.22,57.0,WSW,1.61,2.25,1023.37,0.0,0.0,0.0,0.0,IMELBO1849.csv
2022/12/10,09:09 PM,19.72,11.22,58.0,WSW,0.48,0.97,1023.37,0.0,0.0,0.0,0.0,IMELBO1849.csv
2022/12/10,09:14 PM,19.56,11.33,59.0,SW,0.8,1.61,1023.37,0.0,0.0,0.0,0.0,IMELBO1849.csv
2022/12/10,09:19 PM,19.44,11.56,60.0,SW,0.64,1.29,1023.37,0.0,0.0,0.0,0.0,IMELBO1849.csv
2022/12/10,09:24 PM,19.28,11.56,61.0,SW,0.32,0.64,1023.03,0.0,0.0,0.0,0.0,IMELBO1849.csv
2022/12/10,09:29 PM,19.22,11.5,61.0,SW,0.16,0.32,1023.03,0.0,0.0,0.0,0.0,IMELBO1849.csv
2022/12/10,09:34 PM,19.11,11.39,61.0,SW,0.64,1.13,1023.03,0.0,0.0,0.0,0.0,IMELBO1849.csv
2022/12/10,09:39 PM,19.11,11.28,60.0,SW,1.13,1.61,1023.03,0.0,0.0,0.0,0.0,IMELBO1849.csv
2022/12/10,09:44 PM,19.17,11.06,59.0,West,2.25,2.9,1023.03,0.0,0.0,0.0,0.0,IMELBO1849.csv
2022/12/10,09:49 PM,19.06,11.0,60.0,WNW,2.25,3.06,1023.03,0.0,0.0,0.0,0.0,IMELBO1849.csv
2022/12/10,09:54 PM,18.89,11.0,60.0,WNW,3.38,4.18,1023.03,0.0,0.0,0.0,0.0,IMELBO1849.csv
2022/12/10,09:59 PM,18.83,11.11,61.0,WNW,3.54,4.83,1023.37,0.0,0.0,0.0,0.0,IMELBO1849.csv
2022/12/10,10:04 PM,18.72,10.78,60.0,WNW,4.51,5.95,1023.37,0.0,0.0,0.0,0.0,IMELBO1849.csv
2022/12/10,10:09 PM,18.67,10.5,59.0,WNW,4.18,5.47,1023.37,0.0,0.0,0.0,0.0,IMELBO1849.csv
2022/12/10,10:14 PM,18.61,10.67,60.0,WNW,4.34,5.95,1023.37,0.0,0.0,0.0,0.0,IMELBO1849.csv
2022/12/10,10:19 PM,18.61,10.78,60.0,WNW,2.9,4.18,1023.37,0.0,0.0,0.0,0.0,IMELBO1849.csv
2022/12/10,10:24 PM,18.61,10.89,61.0,WNW,3.54,4.83,1023.03,0.0,0.0,0.0,0.0,IMELBO1849.csv
2022/12/10,10:29 PM,18.56,11.17,62.0,WNW,4.67,5.95,1023.37,0.0,0.0,0.0,0.0,IMELBO1849.csv
2022/12/10,10:34 PM,18.56,11.22,62.0,WNW,1.77,2.9,1023.37,0.0,0.0,0.0,0.0,IMELBO1849.csv
2022/12/10,10:39 PM,18.61,11.39,63.0,West,1.45,2.41,1023.37,0.0,0.0,0.0,0.0,IMELBO1849.csv
2022/12/10,10:44 PM,18.5,11.5,64.0,West,0.48,1.13,1023.03,0.0,0.0,0.0,0.0,IMELBO1849.csv
2022/12/10,10:49 PM,18.5,11.61,64.0,WSW,1.13,1.77,1023.03,0.0,0.0,0.0,0.0,IMELBO1849.csv
2022/12/10,10:54 PM,18.5,11.72,65.0,WSW,0.97,1.93,1023.03,0.0,0.0,0.0,0.0,IMELBO1849.csv
2022/12/10,10:59 PM,18.44,11.72,65.0,SW,1.13,2.09,1023.37,0.0,0.0,0.0,0.0,IMELBO1849.csv
2022/12/10,11:04 PM,18.39,11.72,65.0,WSW,0.97,1.93,1023.37,0.0,0.0,0.0,0.0,IMELBO1849.csv
2022/12/10,11:09 PM,18.28,11.78,66.0,WSW,0.48,1.13,1023.03,0.0,0.0,0.0,0.0,IMELBO1849.csv
2022/12/10,11:14 PM,18.28,11.78,66.0,WNW,0.48,1.13,1023.03,0.0,0.0,0.0,0.0,IMELBO1849.csv
2022/12/10,11:19 PM,18.28,11.72,65.0,NW,1.13,1.93,1023.03,0.0,0.0,0.0,0.0,IMELBO1849.csv
2022/12/10,11:24 PM,18.22,11.78,66.0,NW,0.32,0.8,1022.69,0.0,0.0,0.0,0.0,IMELBO1849.csv
2022/12/10,11:29 PM,18.11,11.72,66.0,NW,0.97,1.61,1022.69,0.0,0.0,0.0,0.0,IMELBO1849.csv
2022/12/10,11:34 PM,18.11,11.72,66.0,NW,0.32,0.48,1022.69,0.0,0.0,0.0,0.0,IMELBO1849.csv
2022/12/10,11:39 PM,17.94,11.61,66.0,NW,0.0,0.0,1022.69,0.0,0.0,0.0,0.0,IMELBO1849.csv
2022/12/10,11:44 PM,17.89,11.56,66.0,NW,0.64,1.13,1022.69,0.0,0.0,0.0,0.0,IMELBO1849.csv
2022/12/10,11:49 PM,18.0,11.61,66.0,NW,2.09,2.9,1022.69,0.0,0.0,0.0,0.0,IMELBO1849.csv
2022/12/10,11:54 PM,17.78,11.61,67.0,NNW,1.77,2.25,1022.35,0.0,0.0,0.0,0.0,IMELBO1849.csv
2022/12/10,11:59 PM,17.56,11.56,68.0,NNW,1.29,1.93,1022.35,0.0,0.0,0.0,0.0,IMELBO1849.csv
2022/12/11,12:04 AM,17.33,11.33,68.0,,0.97,1.61,1022.01,0.0,0.0,0.0,0.0,IMELBO1849.csv
2022/12/11,12:09 AM,17.28,11.5,69.0,NNW,0.64,1.13,1022.01,0.0,0.0,0.0,0.0,IMELBO1849.csv
2022/12/11,12:14 AM,17.22,11.5,69.0,NW,0.48,0.97,1022.01,0.0,0.0,0.0,0.0,IMELBO1849.csv
2022/12/11,12:19 AM,17.22,11.5,69.0,NNW,0.64,0.97,1022.01,0.0,0.0,0.0,0.0,IMELBO1849.csv
2022/12/11,12:24 AM,17.28,11.39,68.0,NW,0.32,0.97,1022.01,0.0,0.0,0.0,0.0,IMELBO1849.csv
2022/12/11,12:29 AM,17.28,11.33,68.0,NNW,0.32,0.64,1021.67,0.0,0.0,0.0,0.0,IMELBO1849.csv
2022/12/11,12:34 AM,17.33,11.33,68.0,,1.29,1.93,1021.67,0.0,0.0,0.0,0.0,IMELBO1849.csv
2022/12/11,12:39 AM,17.33,11.33,68.0,NNE,2.41,3.22,1021.33,0.0,0.0,0.0,0.0,IMELBO1849.csv
2022/12/11,12:44 AM,17.28,11.11,67.0,NNE,3.54,4.99,1021.33,0.0,0.0,0.0,0.0,IMELBO1849.csv
2022/12/11,12:49 AM,17.22,11.06,67.0,NNE,3.54,4.18,1021.33,0.0,0.0,0.0,0.0,IMELBO1849.csv
2022/12/11,12:54 AM,17.11,11.11,68.0,NNE,2.25,3.38,1021.33,0.0,0.0,0.0,0.0,IMELBO1849.csv
2022/12/11,12:59 AM,17.11,10.94,67.0,NNE,4.18,5.31,1021.33,0.0,0.0,0.0,0.0,IMELBO1849.csv
2022/12/11,01:04 AM,17.11,10.89,67.0,NNE,4.34,6.28,1021.0,0.0,0.0,0.0,0.0,IMELBO1849.csv
2022/12/11,01:09 AM,17.06,10.83,67.0,North,2.57,3.7,1021.0,0.0,0.0,0.0,0.0,IMELBO1849.csv
2022/12/11,01:14 AM,16.83,10.89,68.0,NNE,2.41,3.22,1021.0,0.0,0.0,0.0,0.0,IMELBO1849.csv
2022/12/11,01:19 AM,16.61,10.89,69.0,NNE,2.41,3.22,1021.0,0.0,0.0,0.0,0.0,IMELBO1849.csv
2022/12/11,01:24 AM,16.44,10.72,69.0,NNE,2.41,3.22,1021.0,0.0,0.0,0.0,0.0,IMELBO1849.csv
2022/12/11,01:29 AM,16.39,10.72,69.0,NNE,2.09,3.06,1021.0,0.0,0.0,0.0,0.0,IMELBO1849.csv
2022/12/11,01:34 AM,16.44,10.56,68.0,NNE,2.74,3.7,1021.0,0.0,0.0,0.0,0.0,IMELBO1849.csv
2022/12/11,01:39 AM,16.61,10.72,68.0,NNE,3.38,4.34,1021.0,0.0,0.0,0.0,0.0,IMELBO1849.csv
2022/12/11,01:44 AM,16.5,10.67,68.0,NNW,1.45,2.41,1021.0,0.0,0.0,0.0,0.0,IMELBO1849.csv
2022/12/11,01:49 AM,16.44,10.72,69.0,NW,1.77,2.57,1021.0,0.0,0.0,0.0,0.0,IMELBO1849.csv
2022/12/11,01:54 AM,16.39,10.72,69.0,North,2.09,2.9,1021.0,0.0,0.0,0.0,0.0,IMELBO1849.csv
2022/12/11,01:59 AM,16.39,10.78,69.0,North,1.13,1.93,1021.0,0.0,0.0,0.0,0.0,IMELBO1849.csv
2022/12/11,02:04 AM,16.5,10.72,69.0,NNE,1.29,1.93,1020.66,0.0,0.0,0.0,0.0,IMELBO1849.csv
2022/12/11,02:09 AM,16.78,10.56,67.0,NNE,2.25,2.74,1020.66,0.0,0.0,0.0,0.0,IMELBO1849.csv
2022/12/11,02:14 AM,17.06,10.39,65.0,NNE,3.54,4.83,1020.66,0.0,0.0,0.0,0.0,IMELBO1849.csv
2022/12/11,02:19 AM,17.28,10.39,64.0,North,3.86,5.15,1020.66,0.0,0.0,0.0,0.0,IMELBO1849.csv
2022/12/11,02:24 AM,17.28,10.39,64.0,NNE,4.67,6.11,1020.66,0.0,0.0,0.0,0.0,IMELBO1849.csv
2022/12/11,02:29 AM,17.28,10.44,64.0,NNE,4.18,5.63,1020.66,0.0,0.0,0.0,0.0,IMELBO1849.csv
2022/12/11,02:34 AM,17.17,10.56,65.0,NNE,4.83,6.11,1020.32,0.0,0.0,0.0,0.0,IMELBO1849.csv
2022/12/11,02:39 AM,16.94,10.56,66.0,NNE,3.7,5.15,1020.32,0.0,0.0,0.0,0.0,IMELBO1849.csv
2022/12/11,02:44 AM,16.78,10.56,67.0,NNE,4.18,5.47,1020.32,0.0,0.0,0.0,0.0,IMELBO1849.csv
2022/12/11,02:49 AM,16.67,10.44,67.0,NE,3.22,4.18,1020.32,0.0,0.0,0.0,0.0,IMELBO1849.csv
2022/12/11,02:54 AM,16.5,10.5,68.0,NNE,3.06,4.18,1019.98,0.0,0.0,0.0,0.0,IMELBO1849.csv
2022/12/11,02:59 AM,16.39,10.5,68.0,NNE,2.09,3.22,1019.98,0.0,0.0,0.0,0.0,IMELBO1849.csv
2022/12/11,03:04 AM,16.28,10.39,68.0,NNE,2.57,3.22,1019.98,0.0,0.0,0.0,0.0,IMELBO1849.csv
2022/12/11,03:09 AM,16.22,10.5,69.0,NNE,2.09,2.9,1019.98,0.0,0.0,0.0,0.0,IMELBO1849.csv
2022/12/11,03:14 AM,16.22,10.5,69.0,NNE,2.74,3.7,1019.98,0.0,0.0,0.0,0.0,IMELBO1849.csv
2022/12/11,03:19 AM,16.11,10.39,69.0,NE,3.54,4.99,1019.98,0.0,0.0,0.0,0.0,IMELBO1849.csv
2022/12/11,03:24 AM,16.0,10.33,69.0,ENE,2.25,2.9,1019.64,0.0,0.0,0.0,0.0,IMELBO1849.csv
2022/12/11,03:29 AM,15.83,10.44,70.0,ENE,1.61,1.93,1019.64,0.0,0.0,0.0,0.0,IMELBO1849.csv
2022/12/11,03:34 AM,15.78,10.11,69.0,East,1.29,1.93,1019.64,0.0,0.0,0.0,0.0,IMELBO1849.csv
2022/12/11,03:39 AM,15.94,9.89,67.0,NE,1.77,2.41,1019.64,0.0,0.0,0.0,0.0,IMELBO1849.csv
2022/12/11,03:44 AM,16.06,9.94,67.0,ENE,0.64,1.29,1019.3,0.0,0.0,0.0,0.0,IMELBO1849.csv
2022/12/11,03:49 AM,16.0,9.89,67.0,ENE,0.64,1.29,1019.3,0.0,0.0,0.0,0.0,IMELBO1849.csv
2022/12/11,03:54 AM,15.94,9.72,67.0,NE,3.38,4.67,1019.3,0.0,0.0,0.0,0.0,IMELBO1849.csv
2022/12/11,03:59 AM,16.28,9.78,65.0,NNE,4.99,6.6,1019.3,0.0,0.0,0.0,0.0,IMELBO1849.csv
2022/12/11,04:04 AM,16.39,9.89,66.0,NNE,6.11,7.72,1019.3,0.0,0.0,0.0,0.0,IMELBO1849.csv
2022/12/11,04:09 AM,16.17,10.0,67.0,NE,3.06,4.34,1019.3,0.0,0.0,0.0,0.0,IMELBO1849.csv
2022/12/11,04:14 AM,15.94,9.89,67.0,NNE,2.41,3.06,1019.3,0.0,0.0,0.0,0.0,IMELBO1849.csv
2022/12/11,04:19 AM,15.78,9.89,68.0,NNE,2.57,3.54,1018.96,0.0,0.0,0.0,0.0,IMELBO1849.csv
2022/12/11,04:24 AM,15.78,9.83,68.0,NNE,2.57,3.86,1018.96,0.0,0.0,0.0,0.0,IMELBO1849.csv
2022/12/11,04:29 AM,15.72,9.78,68.0,NE,2.57,3.22,1018.96,0.0,0.0,0.0,0.0,IMELBO1849.csv
2022/12/11,04:34 AM,15.72,9.78,68.0,NNE,2.41,3.54,1018.96,0.0,0.0,0.0,0.0,IMELBO1849.csv
2022/12/11,04:39 AM,15.72,9.78,68.0,NNE,2.25,3.06,1018.96,0.0,0.0,0.0,0.0,IMELBO1849.csv
2022/12/11,04:44 AM,15.72,9.78,68.0,NNE,1.77,2.57,1018.96,0.0,0.0,0.0,0.0,IMELBO1849.csv
2022/12/11,04:49 AM,15.72,9.78,68.0,NNE,1.45,2.09,1018.96,0.0,0.0,0.0,0.0,IMELBO1849.csv
2022/12/11,04:54 AM,15.72,9.78,68.0,NE,1.29,1.77,1018.96,0.0,0.0,0.0,0.0,IMELBO1849.csv
2022/12/11,04:59 AM,15.72,9.78,68.0,NE,1.77,2.57,1018.63,0.0,0.0,0.0,0.0,IMELBO1849.csv
2022/12/11,05:04 AM,15.78,9.83,68.0,NE,2.41,3.38,1018.96,0.0,0.0,0.0,0.0,IMELBO1849.csv
2022/12/11,05:09 AM,16.0,9.89,67.0,NNE,1.77,2.09,1018.96,0.0,0.0,0.0,0.0,IMELBO1849.csv
2022/12/11,05:14 AM,16.0,10.06,68.0,NW,2.9,3.54,1018.96,0.0,0.0,0.0,0.0,IMELBO1849.csv
2022/12/11,05:19 AM,15.78,9.94,69.0,WNW,0.97,1.77,1018.96,0.0,0.0,0.0,0.0,IMELBO1849.csv
2022/12/11,05:24 AM,15.67,9.94,69.0,ENE,0.97,1.29,1018.96,0.0,0.0,0.0,0.0,IMELBO1849.csv
2022/12/11,05:29 AM,15.67,9.94,69.0,East,1.61,2.09,1018.63,0.0,0.0,0.0,0.0,IMELBO1849.csv
2022/12/11,05:34 AM,15.83,10.06,68.0,NNW,2.09,2.9,1019.3,0.0,0.0,0.0,0.0,IMELBO1849.csv
2022/12/11,05:39 AM,16.17,10.22,68.0,NNW,0.97,1.77,1019.3,0.0,0.0,0.0,0.0,IMELBO1849.csv
2022/12/11,05:44 AM,16.28,10.22,68.0,North,1.61,2.25,1019.3,0.0,0.0,0.0,0.0,IMELBO1849.csv
2022/12/11,05:49 AM,16.5,10.67,69.0,ENE,1.77,2.25,1018.63,0.0,0.0,0.0,0.0,IMELBO1849.csv
2022/12/11,05:54 AM,16.44,11.0,70.0,NNE,0.32,0.97,1018.96,0.0,0.0,0.0,0.0,IMELBO1849.csv
2022/12/11,05:59 AM,16.33,11.28,72.0,NNW,0.48,1.29,1019.3,0.0,0.0,0.0,0.0,IMELBO1849.csv
2022/12/11,06:04 AM,16.22,11.33,73.0,WNW,3.06,3.7,1019.3,0.0,0.0,0.0,0.0,IMELBO1849.csv
2022/12/11,06:09 AM,16.28,11.61,74.0,WNW,0.97,1.45,1019.64,0.0,0.0,0.0,0.9,IMELBO1849.csv
2022/12/11,06:14 AM,16.22,11.67,74.0,WNW,0.16,0.32,1019.64,0.0,0.0,0.0,2.1,IMELBO1849.csv
2022/12/11,06:19 AM,16.11,11.78,75.0,East,0.97,1.29,1019.64,0.0,0.0,0.0,2.1,IMELBO1849.csv
2022/12/11,06:24 AM,16.17,11.83,75.0,East,2.57,3.54,1019.3,0.0,0.0,0.0,3.8,IMELBO1849.csv
2022/12/11,06:29 AM,16.44,11.61,73.0,ENE,3.06,4.02,1019.3,0.0,0.0,0.0,6.0,IMELBO1849.csv
2022/12/11,06:34 AM,16.78,11.83,73.0,ENE,3.54,4.83,1018.96,0.0,0.0,0.0,7.7,IMELBO1849.csv
2022/12/11,06:39 AM,16.72,11.72,72.0,ENE,4.51,6.6,1018.63,0.0,0.0,0.0,9.1,IMELBO1849.csv
2022/12/11,06:44 AM,16.72,11.56,72.0,NE,5.79,8.04,1018.29,0.0,0.0,0.0,15.2,IMELBO1849.csv
2022/12/11,06:49 AM,16.78,11.61,72.0,ENE,4.83,7.08,1018.63,0.0,0.0,0.0,22.9,IMELBO1849.csv
2022/12/11,06:54 AM,16.83,11.67,71.0,NE,4.51,6.28,1018.63,0.0,0.0,0.0,26.4,IMELBO1849.csv
2022/12/11,06:59 AM,16.78,11.61,72.0,NE,2.74,3.54,1018.63,0.0,0.0,0.0,31.6,IMELBO1849.csv
2022/12/11,07:04 AM,17.06,11.28,69.0,NNE,4.18,5.31,1018.63,0.0,0.0,0.0,56.8,IMELBO1849.csv
2022/12/11,07:09 AM,17.56,11.17,66.0,NNE,4.67,6.28,1018.63,0.0,0.0,0.0,98.4,IMELBO1849.csv
2022/12/11,07:14 AM,17.94,11.22,65.0,NE,4.83,6.76,1018.96,0.0,0.0,0.0,98.0,IMELBO1849.csv
2022/12/11,07:19 AM,18.22,11.06,63.0,NNE,5.63,7.88,1018.63,0.0,0.0,0.0,55.1,IMELBO1849.csv
2022/12/11,07:24 AM,18.39,10.89,62.0,NNE,6.76,9.17,1018.63,0.0,0.0,0.0,62.4,IMELBO1849.csv
2022/12/11,07:29 AM,18.61,10.83,61.0,NNE,7.08,9.65,1018.63,0.0,0.0,0.0,70.7,IMELBO1849.csv
2022/12/11,07:34 AM,18.72,10.78,60.0,NNE,6.6,9.17,1018.63,0.0,0.0,0.0,95.4,IMELBO1849.csv
2022/12/11,07:39 AM,18.83,10.72,59.0,NNE,6.76,8.85,1018.63,0.0,0.0,2.0,212.1,IMELBO1849.csv
2022/12/11,07:44 AM,19.22,10.72,58.0,NE,6.44,9.65,1018.63,0.0,0.0,2.0,216.9,IMELBO1849.csv
2022/12/11,07:49 AM,19.61,11.0,58.0,NE,5.47,7.08,1018.29,0.0,0.0,2.0,248.9,IMELBO1849.csv
2022/12/11,07:54 AM,19.78,10.89,56.0,NE,6.76,9.65,1018.29,0.0,0.0,1.0,161.7,IMELBO1849.csv
2022/12/11,07:59 AM,20.11,10.44,54.0,NE,8.21,12.23,1018.29,0.0,0.0,1.0,151.8,IMELBO1849.csv
2022/12/11,08:04 AM,20.17,10.44,54.0,NE,9.01,12.55,1018.29,0.0,0.0,1.0,155.7,IMELBO1849.csv
2022/12/11,08:09 AM,20.22,10.33,53.0,NE,8.21,11.42,1018.29,0.0,0.0,1.0,139.2,IMELBO1849.csv
2022/12/11,08:14 AM,20.33,10.06,51.0,NNE,8.85,11.91,1018.29,0.0,0.0,1.0,145.2,IMELBO1849.csv
2022/12/11,08:19 AM,20.5,9.83,50.0,NNE,11.91,16.25,1018.29,0.0,0.0,3.0,321.4,IMELBO1849.csv
2022/12/11,08:24 AM,20.67,9.83,50.0,NNE,13.03,17.38,1017.95,0.0,0.0,3.0,316.6,IMELBO1849.csv
2022/12/11,08:29 AM,20.61,9.83,50.0,NE,10.78,14.16,1017.95,0.0,0.0,1.0,119.6,IMELBO1849.csv
2022/12/11,08:34 AM,20.39,10.0,51.0,NNE,9.98,14.16,1017.95,0.0,0.0,1.0,160.9,IMELBO1849.csv
2022/12/11,08:39 AM,20.33,10.17,52.0,NE,9.01,13.52,1017.95,0.0,0.0,1.0,151.8,IMELBO1849.csv
2022/12/11,08:44 AM,20.33,10.17,52.0,NNE,7.4,10.14,1017.95,0.0,0.0,1.0,156.9,IMELBO1849.csv
2022/12/11,08:49 AM,20.44,10.33,52.0,NE,9.17,11.91,1017.95,0.0,0.0,3.0,403.0,IMELBO1849.csv
2022/12/11,08:54 AM,21.28,10.39,50.0,NE,9.33,12.87,1017.61,0.0,0.0,4.0,432.9,IMELBO1849.csv
2022/12/11,08:59 AM,21.78,10.44,49.0,NE,12.23,18.5,1017.95,0.0,0.0,3.0,361.3,IMELBO1849.csv
2022/12/11,09:04 AM,21.67,10.28,48.0,NE,11.1,15.77,1017.95,0.0,0.0,3.0,380.0,IMELBO1849.csv
2022/12/11,09:09 AM,22.5,10.44,46.0,NNE,11.42,16.89,1017.95,0.0,0.0,3.0,399.4,IMELBO1849.csv
2022/12/11,09:14 AM,22.83,10.72,46.0,NE,13.03,17.22,1017.95,0.0,0.0,4.0,461.1,IMELBO1849.csv
2022/12/11,09:19 AM,23.0,10.5,45.0,NNE,12.07,17.06,1017.61,0.0,0.0,4.0,446.8,IMELBO1849.csv
2022/12/11,09:24 AM,23.33,10.44,44.0,NNE,13.35,18.18,1017.61,0.0,0.0,4.0,495.3,IMELBO1849.csv
2022/12/11,09:29 AM,23.61,10.44,43.0,NE,11.42,15.45,1017.61,0.0,0.0,5.0,519.7,IMELBO1849.csv
2022/12/11,09:34 AM,24.11,10.61,43.0,NE,9.17,12.87,1017.27,0.0,0.0,5.0,520.5,IMELBO1849.csv
2022/12/11,09:39 AM,24.11,10.11,41.0,NNE,12.87,18.18,1017.27,0.0,0.0,5.0,522.7,IMELBO1849.csv
2022/12/11,09:44 AM,24.17,9.94,41.0,NE,14.32,20.43,1016.93,0.0,0.0,5.0,583.4,IMELBO1849.csv
2022/12/11,09:49 AM,24.28,9.89,40.0,ENE,14.64,19.95,1016.93,0.0,0.0,6.0,626.4,IMELBO1849.csv
2022/12/11,09:54 AM,24.78,10.17,40.0,NNE,12.55,18.34,1016.93,0.0,0.0,5.0,609.8,IMELBO1849.csv
2022/12/11,09:59 AM,24.72,10.28,40.0,NE,13.52,18.83,1016.59,0.0,0.0,5.0,521.4,IMELBO1849.csv
2022/12/11,10:04 AM,24.17,10.11,41.0,NE,14.16,18.99,1016.59,0.0,0.0,4.0,501.0,IMELBO1849.csv
2022/12/11,10:09 AM,24.5,10.28,41.0,ENE,11.58,16.89,1016.59,0.0,0.0,6.0,691.4,IMELBO1849.csv
2022/12/11,10:14 AM,24.28,10.22,41.0,NE,15.29,21.56,1016.59,0.0,0.0,4.0,435.5,IMELBO1849.csv
2022/12/11,10:19 AM,23.94,10.28,42.0,NE,12.71,17.22,1016.59,0.0,0.0,3.0,339.2,IMELBO1849.csv
2022/12/11,10:24 AM,23.83,10.33,42.0,NE,12.71,17.54,1016.59,0.0,0.0,6.0,714.4,IMELBO1849.csv
2022/12/11,10:29 AM,24.11,10.56,42.0,NNE,13.19,18.02,1016.59,0.0,0.0,6.0,696.2,IMELBO1849.csv
2022/12/11,10:34 AM,24.11,10.5,42.0,NE,13.52,18.5,1016.26,0.0,0.0,4.0,478.0,IMELBO1849.csv
2022/12/11,10:39 AM,24.28,10.22,41.0,NNE,13.68,18.5,1016.26,0.0,0.0,5.0,590.8,IMELBO1849.csv
2022/12/11,10:44 AM,24.89,10.67,41.0,North,11.42,15.45,1015.92,0.0,0.0,6.0,658.0,IMELBO1849.csv
2022/12/11,10:49 AM,25.06,10.89,41.0,NE,11.1,15.77,1015.58,0.0,0.0,5.0,553.5,IMELBO1849.csv
2022/12/11,10:54 AM,25.5,10.83,40.0,NNE,10.62,15.77,1015.58,0.0,0.0,4.0,471.5,IMELBO1849.csv
2022/12/11,10:59 AM,25.61,9.56,36.0,NNE,16.41,22.37,1015.58,0.0,0.0,8.0,835.9,IMELBO1849.csv
2022/12/11,11:04 AM,26.17,10.0,36.0,NNE,16.25,24.3,1015.58,0.0,0.0,8.0,858.9,IMELBO1849.csv
2022/12/11,11:09 AM,26.5,10.67,37.0,NNE,11.1,15.93,1015.58,0.0,0.0,7.0,767.8,IMELBO1849.csv
2022/12/11,11:14 AM,26.78,11.22,38.0,NE,12.55,17.06,1015.58,0.0,0.0,8.0,837.1,IMELBO1849.csv
2022/12/11,11:19 AM,26.56,11.44,39.0,NE,13.84,19.63,1015.24,0.0,0.0,9.0,949.1,IMELBO1849.csv
2022/12/11,11:24 AM,26.17,11.5,40.0,ESE,15.45,22.2,1015.24,0.0,0.0,6.0,629.4,IMELBO1849.csv
2022/12/11,11:29 AM,25.67,11.17,40.0,NNE,15.29,21.88,1015.24,0.0,0.0,6.0,713.1,IMELBO1849.csv
2022/12/11,11:34 AM,25.5,11.17,41.0,NE,15.61,22.37,1014.9,0.0,0.0,3.0,371.8,IMELBO1849.csv
2022/12/11,11:39 AM,25.22,11.06,41.0,NE,17.38,25.26,1014.9,0.0,0.0,7.0,798.6,IMELBO1849.csv
2022/12/11,11:44 AM,25.56,11.06,40.0,NE,16.89,24.3,1014.9,0.0,0.0,9.0,960.5,IMELBO1849.csv
2022/12/11,11:49 AM,26.17,11.17,39.0,NE,16.09,21.88,1014.9,0.0,0.0,8.0,907.0,IMELBO1849.csv
2022/12/11,11:54 AM,26.72,10.78,37.0,NNE,16.89,22.53,1014.9,0.0,0.0,8.0,894.0,IMELBO1849.csv
2022/12/11,11:59 AM,26.94,10.39,35.0,NE,17.38,25.58,1014.9,0.0,0.0,8.0,899.3,IMELBO1849.csv
2022/12/11,12:04 PM,27.28,10.5,35.0,NNE,16.57,22.04,1014.9,0.0,0.0,8.0,856.3,IMELBO1849.csv
2022/12/11,12:09 PM,27.0,10.72,36.0,North,18.34,25.1,1014.9,0.0,0.0,8.0,823.8,IMELBO1849.csv
2022/12/11,12:14 PM,27.28,11.0,36.0,NNE,14.8,20.43,1014.9,0.0,0.0,8.0,855.0,IMELBO1849.csv
2022/12/11,12:19 PM,27.61,11.17,36.0,NE,16.41,21.72,1014.9,0.0,0.0,8.0,828.1,IMELBO1849.csv
2022/12/11,12:24 PM,27.94,11.33,36.0,NNE,17.06,23.17,1014.56,0.0,0.0,8.0,841.9,IMELBO1849.csv
2022/12/11,12:29 PM,28.11,11.33,35.0,NNE,17.06,23.33,1014.56,0.0,0.0,9.0,969.0,IMELBO1849.csv
2022/12/11,12:34 PM,28.06,11.22,35.0,NE,13.52,19.63,1014.56,0.0,0.0,9.0,968.7,IMELBO1849.csv
2022/12/11,12:39 PM,28.44,11.5,35.0,,15.61,21.4,1014.9,0.0,0.0,9.0,963.4,IMELBO1849.csv
2022/12/11,12:44 PM,28.67,11.56,35.0,North,15.61,22.2,1014.56,0.0,0.0,8.0,899.3,IMELBO1849.csv
2022/12/11,12:49 PM,28.56,11.61,35.0,North,16.25,21.88,1014.56,0.0,0.0,8.0,912.3,IMELBO1849.csv
2022/12/11,12:54 PM,29.17,12.06,35.0,NNE,14.48,19.95,1014.56,0.0,0.0,8.0,884.0,IMELBO1849.csv
2022/12/11,12:59 PM,29.06,11.67,34.0,NNE,15.61,21.4,1014.22,0.0,0.0,7.0,811.2,IMELBO1849.csv
2022/12/11,01:04 PM,28.72,11.33,34.0,,13.35,19.15,1014.22,0.0,0.0,10.0,1094.4,IMELBO1849.csv
2022/12/11,01:09 PM,28.67,11.33,34.0,North,14.16,19.95,1013.88,0.0,0.0,7.0,762.6,IMELBO1849.csv
2022/12/11,01:14 PM,28.44,11.5,35.0,North,12.71,17.54,1013.88,0.0,0.0,3.0,372.6,IMELBO1849.csv
2022/12/11,01:19 PM,28.0,11.5,36.0,NNE,12.71,17.38,1013.88,0.0,0.0,4.0,475.4,IMELBO1849.csv
2022/12/11,01:24 PM,27.83,11.17,35.0,NNE,12.71,17.22,1013.88,0.0,0.0,3.0,357.0,IMELBO1849.csv
2022/12/11,01:29 PM,27.67,11.22,36.0,,10.94,15.45,1013.88,0.0,0.0,3.0,319.7,IMELBO1849.csv
2022/12/11,01:34 PM,27.5,11.11,36.0,,12.07,17.7,1013.88,0.0,0.0,3.0,364.0,IMELBO1849.csv
2022/12/11,01:39 PM,27.39,11.11,36.0,North,9.98,14.8,1014.22,0.0,0.0,4.0,484.1,IMELBO1849.csv
2022/12/11,01:44 PM,27.5,11.39,37.0,,9.81,14.0,1013.88,0.0,0.0,3.0,402.1,IMELBO1849.csv
2022/12/11,01:49 PM,27.5,11.56,37.0,NNW,9.81,14.8,1014.22,0.0,0.0,3.0,337.0,IMELBO1849.csv
2022/12/11,01:54 PM,27.22,11.67,38.0,NNW,11.1,16.73,1014.22,0.0,0.0,2.0,277.6,IMELBO1849.csv
2022/12/11,01:59 PM,26.83,11.61,39.0,NW,9.65,14.8,1014.22,0.0,0.0,2.0,278.4,IMELBO1849.csv
2022/12/11,02:04 PM,26.72,11.72,39.0,NNW,9.49,13.35,1014.22,0.0,0.0,2.0,253.2,IMELBO1849.csv
2022/12/11,02:09 PM,26.44,11.72,40.0,NNW,11.75,17.86,1014.56,0.0,0.0,3.0,324.0,IMELBO1849.csv
2022/12/11,02:14 PM,26.39,11.89,40.0,NW,9.98,14.96,1014.9,0.0,0.0,3.0,338.3,IMELBO1849.csv
2022/12/11,02:19 PM,26.5,12.17,41.0,WNW,7.88,12.23,1014.9,0.0,0.0,2.0,229.0,IMELBO1849.csv
2022/12/11,02:24 PM,26.06,11.94,41.0,NW,10.94,15.61,1014.9,0.0,0.0,1.0,191.7,IMELBO1849.csv
2022/12/11,02:29 PM,25.67,11.83,42.0,WNW,10.94,16.41,1014.9,0.0,0.0,1.0,182.5,IMELBO1849.csv
2022/12/11,02:34 PM,25.39,11.72,42.0,NW,11.75,18.34,1014.9,0.0,0.0,1.0,157.4,IMELBO1849.csv
2022/12/11,02:39 PM,25.28,11.72,43.0,NNW,7.08,10.62,1014.9,0.0,0.0,1.0,117.1,IMELBO1849.csv
2022/12/11,02:44 PM,25.17,11.72,43.0,SSE,8.53,13.84,1014.9,0.0,0.0,1.0,121.0,IMELBO1849.csv
2022/12/11,02:49 PM,25.06,11.44,43.0,NNW,10.62,15.12,1014.9,0.0,0.0,1.0,116.6,IMELBO1849.csv
2022/12/11,02:54 PM,24.78,11.28,43.0,NW,11.26,16.25,1015.24,0.0,0.0,1.0,119.3,IMELBO1849.csv
2022/12/11,02:59 PM,24.56,11.22,43.0,NW,11.75,17.7,1015.24,0.0,0.0,1.0,113.2,IMELBO1849.csv
2022/12/11,03:04 PM,24.39,11.39,44.0,NW,9.01,13.52,1015.24,0.0,0.0,1.0,101.4,IMELBO1849.csv
2022/12/11,03:09 PM,24.28,11.28,44.0,WNW,10.62,16.25,1015.58,0.0,0.0,1.0,102.3,IMELBO1849.csv
2022/12/11,03:14 PM,24.06,11.11,44.0,WNW,13.19,18.83,1015.24,0.0,0.0,1.0,138.7,IMELBO1849.csv
2022/12/11,03:19 PM,23.94,11.11,44.0,WNW,10.3,15.61,1015.58,0.0,0.0,1.0,148.3,IMELBO1849.csv
2022/12/11,03:24 PM,23.94,11.39,45.0,WNW,9.98,14.0,1015.58,0.0,0.0,1.0,160.9,IMELBO1849.csv
2022/12/11,03:29 PM,23.72,11.28,46.0,WNW,9.81,14.64,1015.58,0.0,0.0,1.0,158.7,IMELBO1849.csv
2022/12/11,03:34 PM,23.44,11.17,46.0,West,11.1,15.93,1015.58,0.0,0.0,1.0,142.3,IMELBO1849.csv
2022/12/11,03:39 PM,23.17,11.17,47.0,WNW,11.1,15.12,1015.58,0.0,0.0,1.0,99.7,IMELBO1849.csv
2022/12/11,03:44 PM,23.17,11.22,47.0,WNW,6.44,10.46,1015.58,0.0,0.0,0.0,81.5,IMELBO1849.csv
2022/12/11,03:49 PM,23.11,11.22,47.0,WNW,9.65,14.48,1015.58,0.0,0.0,0.0,74.1,IMELBO1849.csv
2022/12/11,03:54 PM,22.83,11.56,49.0,WNW,5.15,8.04,1015.92,0.0,0.0,0.0,52.8,IMELBO1849.csv
2022/12/11,03:59 PM,22.67,12.22,52.0,WSW,3.54,4.99,1016.26,0.0,0.0,0.0,48.6,IMELBO1849.csv
2022/12/11,04:04 PM,22.28,12.72,55.0,WNW,5.15,7.72,1016.26,0.0,0.0,0.0,48.6,IMELBO1849.csv
2022/12/11,04:09 PM,21.83,12.83,57.0,West,5.47,8.21,1016.26,0.0,0.0,0.0,67.2,IMELBO1849.csv
2022/12/11,04:14 PM,21.56,12.67,57.0,WNW,6.6,9.98,1016.26,0.0,0.0,0.0,67.2,IMELBO1849.csv
2022/12/11,04:19 PM,21.44,12.33,56.0,WNW,8.04,10.78,1016.26,0.0,0.0,0.0,36.8,IMELBO1849.csv
2022/12/11,04:24 PM,21.28,12.83,58.0,WNW,3.86,5.47,1016.59,0.0,0.0,0.0,41.1,IMELBO1849.csv
2022/12/11,04:29 PM,20.89,13.72,64.0,SW,5.15,8.21,1016.59,0.0,0.0,0.0,46.4,IMELBO1849.csv
2022/12/11,04:34 PM,20.11,13.83,67.0,West,4.51,6.6,1016.26,0.0,0.0,0.0,51.5,IMELBO1849.csv
2022/12/11,04:39 PM,19.78,13.94,69.0,WSW,2.57,4.18,1016.26,0.0,0.0,0.0,57.6,IMELBO1849.csv
2022/12/11,04:44 PM,19.61,13.56,68.0,WSW,4.02,6.11,1015.92,0.0,0.0,0.0,85.0,IMELBO1849.csv
2022/12/11,04:49 PM,19.61,13.78,69.0,WSW,4.34,6.28,1015.92,0.0,0.0,0.0,84.5,IMELBO1849.csv
2022/12/11,04:54 PM,19.5,13.67,69.0,SW,2.74,4.18,1015.58,0.0,0.0,0.0,52.5,IMELBO1849.csv
2022/12/11,04:59 PM,19.39,13.56,69.0,WSW,2.57,4.18,1015.58,0.0,0.0,0.0,35.1,IMELBO1849.csv
2022/12/11,05:04 PM,19.33,13.56,69.0,West,3.06,4.99,1015.58,0.0,0.0,0.0,29.0,IMELBO1849.csv
2022/12/11,05:09 PM,19.28,13.56,69.0,West,2.25,3.38,1015.58,0.0,0.0,0.0,29.5,IMELBO1849.csv
2022/12/11,05:14 PM,19.28,13.44,69.0,West,2.41,3.38,1015.92,0.0,0.0,0.0,34.6,IMELBO1849.csv
2022/12/11,05:19 PM,19.39,13.56,69.0,West,3.06,4.51,1015.92,0.0,0.0,0.0,43.3,IMELBO1849.csv
2022/12/11,05:24 PM,19.39,13.17,67.0,WNW,6.11,8.69,1016.26,0.0,0.0,0.0,42.9,IMELBO1849.csv
2022/12/11,05:29 PM,19.44,13.06,67.0,WNW,6.44,9.33,1016.26,0.0,0.0,0.0,30.7,IMELBO1849.csv
2022/12/11,05:34 PM,19.5,12.83,65.0,West,4.51,6.6,1016.59,0.0,0.0,0.0,24.2,IMELBO1849.csv
2022/12/11,05:39 PM,19.61,12.5,63.0,WNW,6.11,9.01,1016.59,0.0,0.0,0.0,25.1,IMELBO1849.csv
2022/12/11,05:44 PM,19.56,12.61,64.0,WNW,6.28,8.69,1016.93,1.27,0.25,0.0,33.8,IMELBO1849.csv
2022/12/11,05:49 PM,19.22,13.11,68.0,WNW,3.54,4.83,1016.93,1.27,0.25,0.0,34.3,IMELBO1849.csv
2022/12/11,05:54 PM,18.89,13.0,69.0,WNW,4.34,5.95,1016.93,1.27,0.25,0.0,26.8,IMELBO1849.csv
2022/12/11,05:59 PM,18.72,12.83,69.0,WNW,3.38,5.63,1016.93,0.0,0.25,0.0,23.9,IMELBO1849.csv
2022/12/11,06:04 PM,18.61,12.83,69.0,West,1.13,1.77,1016.59,0.0,0.25,0.0,19.5,IMELBO1849.csv
2022/12/11,06:09 PM,18.56,12.78,69.0,NW,0.97,1.61,1016.93,0.0,0.25,0.0,20.8,IMELBO1849.csv
2022/12/11,06:14 PM,18.56,13.06,70.0,NW,0.97,1.77,1016.59,1.78,0.51,0.0,31.2,IMELBO1849.csv
2022/12/11,06:19 PM,18.5,13.17,71.0,NNW,1.45,2.09,1016.59,1.78,0.51,0.0,26.4,IMELBO1849.csv
2022/12/11,06:24 PM,18.39,13.11,71.0,NNW,1.61,2.41,1016.93,1.78,0.51,0.0,21.2,IMELBO1849.csv
2022/12/11,06:29 PM,18.28,13.17,72.0,,2.09,2.9,1016.93,0.0,0.51,0.0,13.3,IMELBO1849.csv
2022/12/11,06:34 PM,18.17,13.5,74.0,ENE,4.67,6.44,1017.27,0.0,0.51,0.0,11.6,IMELBO1849.csv
2022/12/11,06:39 PM,17.78,13.44,76.0,NE,5.63,7.88,1017.27,0.0,0.51,0.0,18.1,IMELBO1849.csv
2022/12/11,06:44 PM,17.39,13.56,78.0,ENE,5.79,8.21,1017.27,0.0,0.51,0.0,27.7,IMELBO1849.csv
2022/12/11,06:49 PM,17.0,13.72,81.0,East,5.47,7.4,1016.93,1.27,0.76,0.0,27.7,IMELBO1849.csv
2022/12/11,06:54 PM,16.67,13.89,84.0,East,5.79,7.72,1016.59,1.27,0.76,0.0,28.1,IMELBO1849.csv
2022/12/11,06:59 PM,16.44,14.11,86.0,East,6.44,9.01,1016.93,1.27,0.76,0.0,24.7,IMELBO1849.csv
2022/12/11,07:04 PM,16.22,14.11,87.0,East,6.76,9.33,1016.93,0.0,0.76,0.0,27.3,IMELBO1849.csv
2022/12/11,07:09 PM,16.06,13.94,87.0,East,6.11,8.21,1016.93,1.78,1.02,0.0,29.5,IMELBO1849.csv
2022/12/11,07:14 PM,15.94,13.94,88.0,ENE,5.31,7.08,1016.93,1.78,1.02,0.0,22.5,IMELBO1849.csv
2022/12/11,07:19 PM,15.83,13.89,88.0,ENE,4.02,5.79,1016.93,1.78,1.02,0.0,19.5,IMELBO1849.csv
2022/12/11,07:24 PM,15.78,13.78,88.0,ENE,4.83,6.6,1016.93,1.78,1.27,0.0,21.7,IMELBO1849.csv
2022/12/11,07:29 PM,15.78,13.78,88.0,ENE,4.51,6.28,1016.59,1.78,1.27,0.0,22.0,IMELBO1849.csv
2022/12/11,07:34 PM,15.78,13.89,89.0,East,3.54,4.99,1016.59,1.78,1.52,0.0,21.7,IMELBO1849.csv
2022/12/11,07:39 PM,15.78,14.0,89.0,ENE,3.06,4.02,1016.93,1.27,1.52,0.0,7.7,IMELBO1849.csv
2022/12/11,07:44 PM,15.78,14.17,90.0,NE,1.61,2.25,1016.93,1.27,1.52,0.0,8.2,IMELBO1849.csv
2022/12/11,07:49 PM,15.89,14.28,90.0,NE,2.09,2.9,1016.93,1.78,1.78,0.0,8.6,IMELBO1849.csv
2022/12/11,07:54 PM,15.89,14.33,90.0,ENE,2.09,2.9,1016.93,3.05,2.03,0.0,11.3,IMELBO1849.csv
2022/12/11,07:59 PM,15.94,14.56,91.0,NNE,1.45,1.93,1016.93,3.05,2.29,0.0,16.4,IMELBO1849.csv
2022/12/11,08:04 PM,15.94,14.56,91.0,NNE,1.61,2.25,1016.59,3.05,2.29,0.0,15.2,IMELBO1849.csv
2022/12/11,08:09 PM,15.83,14.44,91.0,North,2.41,3.22,1016.59,1.78,2.29,0.0,6.0,IMELBO1849.csv
2022/12/11,08:14 PM,15.83,14.44,91.0,NNE,1.93,2.9,1016.59,0.0,2.29,0.0,3.4,IMELBO1849.csv
2022/12/11,08:19 PM,15.83,14.44,91.0,North,1.77,2.74,1016.59,0.0,2.29,0.0,1.2,IMELBO1849.csv
2022/12/11,08:24 PM,15.78,14.39,91.0,,1.61,2.57,1016.93,0.0,2.29,0.0,1.2,IMELBO1849.csv
2022/12/11,08:29 PM,15.78,14.33,91.0,,0.97,1.45,1016.59,1.27,2.54,0.0,0.4,IMELBO1849.csv
2022/12/11,08:34 PM,15.72,14.28,91.0,NNW,0.64,1.29,1016.59,1.27,2.54,0.0,0.4,IMELBO1849.csv
2022/12/11,08:39 PM,15.72,14.28,91.0,NNW,0.8,1.77,1016.26,3.05,2.79,0.0,0.0,IMELBO1849.csv
2022/12/11,08:44 PM,15.67,14.33,92.0,NW,1.13,1.77,1016.26,1.78,2.79,0.0,0.0,IMELBO1849.csv
2022/12/11,08:49 PM,15.72,14.39,92.0,NW,0.8,1.77,1016.59,1.78,2.79,0.0,0.0,IMELBO1849.csv
2022/12/11,08:54 PM,15.61,14.28,92.0,NNW,0.8,1.45,1016.59,1.27,3.05,0.0,0.0,IMELBO1849.csv
2022/12/11,08:59 PM,15.61,14.28,92.0,NNW,0.16,0.32,1016.26,1.27,3.05,0.0,0.0,IMELBO1849.csv
2022/12/11,09:04 PM,15.5,14.22,92.0,,0.0,0.0,1015.92,3.05,3.3,0.0,0.0,IMELBO1849.csv
2022/12/11,09:09 PM,15.5,14.22,92.0,,0.0,0.0,1015.92,1.78,3.3,0.0,0.0,IMELBO1849.csv
2022/12/11,09:14 PM,15.56,14.22,92.0,,0.32,0.64,1015.92,1.78,3.3,0.0,0.0,IMELBO1849.csv
2022/12/11,09:19 PM,15.56,14.22,92.0,North,0.97,1.61,1015.92,0.0,3.3,0.0,0.0,IMELBO1849.csv
2022/12/11,09:24 PM,15.56,14.22,92.0,North,1.13,1.77,1015.58,0.0,3.3,0.0,0.0,IMELBO1849.csv
2022/12/11,09:29 PM,15.61,14.39,93.0,NW,1.45,2.41,1016.59,1.27,3.56,0.0,0.0,IMELBO1849.csv
2022/12/11,09:34 PM,15.72,14.5,93.0,WNW,4.18,5.15,1017.27,1.27,3.56,0.0,0.0,IMELBO1849.csv
2022/12/11,09:39 PM,15.72,14.5,93.0,WNW,1.77,2.9,1017.27,7.87,4.83,0.0,0.0,IMELBO1849.csv
2022/12/11,09:44 PM,15.61,14.39,93.0,WNW,1.13,1.77,1016.59,13.72,5.84,0.0,0.0,IMELBO1849.csv
2022/12/11,09:49 PM,15.61,14.39,93.0,WNW,0.32,0.64,1016.26,13.72,6.35,0.0,0.0,IMELBO1849.csv
2022/12/11,09:54 PM,15.61,14.61,94.0,WNW,0.97,1.77,1016.26,8.89,6.35,0.0,0.0,IMELBO1849.csv
2022/12/11,09:59 PM,15.61,14.61,94.0,NW,0.97,1.77,1016.26,3.05,6.6,0.0,0.0,IMELBO1849.csv
2022/12/11,10:04 PM,15.61,14.61,94.0,NW,3.06,4.02,1016.59,1.78,6.6,0.0,0.0,IMELBO1849.csv
2022/12/11,10:09 PM,15.5,14.5,94.0,WNW,1.77,2.74,1016.59,1.78,6.6,0.0,0.0,IMELBO1849.csv
2022/12/11,10:14 PM,15.33,14.33,94.0,WNW,2.41,3.7,1016.59,0.0,6.6,0.0,0.0,IMELBO1849.csv
2022/12/11,10:19 PM,15.33,14.33,94.0,WNW,1.45,2.09,1016.59,0.0,6.6,0.0,0.0,IMELBO1849.csv
2022/12/11,10:24 PM,15.28,14.28,94.0,WNW,2.09,3.22,1016.59,0.0,6.6,0.0,0.0,IMELBO1849.csv
2022/12/11,10:29 PM,15.22,14.22,94.0,West,1.29,1.93,1016.59,0.0,6.6,0.0,0.0,IMELBO1849.csv
2022/12/11,10:34 PM,15.06,14.06,94.0,West,2.25,3.06,1016.59,0.0,6.6,0.0,0.0,IMELBO1849.csv
2022/12/11,10:39 PM,14.83,13.94,95.0,WSW,3.86,5.79,1016.59,3.05,7.11,0.0,0.0,IMELBO1849.csv
2022/12/11,10:44 PM,14.72,13.89,95.0,WSW,4.67,6.44,1016.59,4.32,7.37,0.0,0.0,IMELBO1849.csv
2022/12/11,10:49 PM,14.61,13.78,95.0,WSW,2.25,3.22,1016.93,4.83,7.62,0.0,0.0,IMELBO1849.csv
2022/12/11,10:54 PM,14.67,13.83,95.0,SW,2.74,3.54,1016.93,3.56,7.87,0.0,0.0,IMELBO1849.csv
2022/12/11,10:59 PM,14.61,13.78,95.0,West,2.09,3.22,1016.93,3.56,8.13,0.0,0.0,IMELBO1849.csv
2022/12/11,11:04 PM,14.56,13.72,95.0,WSW,3.22,4.34,1016.59,3.05,8.38,0.0,0.0,IMELBO1849.csv
2022/12/11,11:09 PM,14.5,13.72,95.0,SW,3.38,4.67,1015.92,3.05,8.64,0.0,0.0,IMELBO1849.csv
2022/12/11,11:14 PM,14.39,13.61,95.0,SW,3.54,4.67,1015.92,3.05,8.89,0.0,0.0,IMELBO1849.csv
2022/12/11,11:19 PM,14.39,13.61,95.0,WSW,1.93,2.74,1015.92,3.05,8.89,0.0,0.0,IMELBO1849.csv
2022/12/11,11:24 PM,14.39,13.61,95.0,SW,2.09,2.74,1015.58,1.78,8.89,0.0,0.0,IMELBO1849.csv
2022/12/11,11:29 PM,14.28,13.5,95.0,SW,1.13,1.93,1015.24,0.0,8.89,0.0,0.0,IMELBO1849.csv
2022/12/11,11:34 PM,14.28,13.67,96.0,SW,0.97,1.61,1015.58,0.0,8.89,0.0,0.0,IMELBO1849.csv
2022/12/11,11:39 PM,14.22,13.61,96.0,SSW,1.93,2.74,1015.24,0.0,8.89,0.0,0.0,IMELBO1849.csv
2022/12/11,11:44 PM,14.22,13.61,96.0,SSW,1.45,1.93,1014.9,1.27,9.14,0.0,0.0,IMELBO1849.csv
2022/12/11,11:49 PM,14.22,13.67,96.0,WNW,2.57,3.7,1015.92,1.27,9.14,0.0,0.0,IMELBO1849.csv
2022/12/11,11:54 PM,14.22,13.61,96.0,West,0.48,0.97,1015.92,1.78,9.4,0.0,0.0,IMELBO1849.csv
2022/12/11,11:59 PM,14.17,13.56,96.0,WSW,0.16,0.32,1015.58,4.83,9.91,0.0,0.0,IMELBO1849.csv
2022/12/12,12:04 AM,14.06,13.44,96.0,WSW,0.32,0.64,1015.58,6.1,0.51,0.0,0.0,IMELBO1849.csv
2022/12/12,12:09 AM,14.0,13.39,96.0,WSW,0.48,0.97,1015.58,6.1,0.51,0.0,0.0,IMELBO1849.csv
2022/12/12,12:14 AM,13.72,13.17,96.0,WSW,0.0,0.0,1015.24,3.05,0.51,0.0,0.0,IMELBO1849.csv
2022/12/12,12:19 AM,13.39,12.78,96.0,WSW,0.0,0.16,1014.9,1.27,0.76,0.0,0.0,IMELBO1849.csv
2022/12/12,12:24 AM,13.22,12.56,96.0,WSW,0.16,0.64,1014.9,1.27,0.76,0.0,0.0,IMELBO1849.csv
2022/12/12,12:29 AM,13.17,12.33,95.0,West,1.77,2.25,1014.9,1.27,0.76,0.0,0.0,IMELBO1849.csv
2022/12/12,12:34 AM,13.11,12.28,95.0,NNW,1.13,1.77,1014.9,1.78,1.02,0.0,0.0,IMELBO1849.csv
2022/12/12,12:39 AM,13.17,12.33,95.0,ENE,3.06,3.86,1014.22,3.56,1.27,0.0,0.0,IMELBO1849.csv
2022/12/12,12:44 AM,13.22,12.22,94.0,NE,2.25,3.06,1014.22,4.83,1.52,0.0,0.0,IMELBO1849.csv
2022/12/12,12:49 AM,13.11,12.11,94.0,ENE,1.93,2.41,1013.88,3.05,1.52,0.0,0.0,IMELBO1849.csv
2022/12/12,12:54 AM,13.11,12.11,94.0,NE,0.48,1.13,1014.22,3.05,1.78,0.0,0.0,IMELBO1849.csv
2022/12/12,12:59 AM,13.17,12.17,94.0,East,1.45,2.25,1013.88,1.78,1.78,0.0,0.0,IMELBO1849.csv
2022/12/12,01:04 AM,13.22,12.22,94.0,East,1.45,2.09,1013.88,1.78,1.78,0.0,0.0,IMELBO1849.csv
2022/12/12,01:09 AM,13.22,12.22,94.0,ENE,0.64,1.13,1013.55,0.0,1.78,0.0,0.0,IMELBO1849.csv
2022/12/12,01:14 AM,13.22,12.22,94.0,ENE,0.32,0.8,1013.55,0.0,1.78,0.0,0.0,IMELBO1849.csv
2022/12/12,01:19 AM,13.22,12.22,94.0,ENE,0.32,0.64,1013.55,0.0,1.78,0.0,0.0,IMELBO1849.csv
2022/12/12,01:24 AM,13.22,12.22,94.0,NE,0.48,1.29,1013.55,0.0,1.78,0.0,0.0,IMELBO1849.csv
2022/12/12,01:29 AM,13.11,12.11,94.0,NE,0.0,0.0,1013.55,0.0,1.78,0.0,0.0,IMELBO1849.csv
2022/12/12,01:34 AM,13.11,12.11,94.0,ENE,1.45,1.93,1013.21,0.0,1.78,0.0,0.0,IMELBO1849.csv
2022/12/12,01:39 AM,13.17,12.17,94.0,East,1.13,1.61,1013.21,0.0,1.78,0.0,0.0,IMELBO1849.csv
2022/12/12,01:44 AM,13.22,12.22,94.0,ENE,0.32,0.48,1013.21,0.0,1.78,0.0,0.0,IMELBO1849.csv
2022/12/12,01:49 AM,13.17,12.17,94.0,East,2.41,3.38,1012.87,0.0,1.78,0.0,0.0,IMELBO1849.csv
2022/12/12,01:54 AM,13.11,12.11,94.0,East,1.77,2.41,1012.53,0.0,1.78,0.0,0.0,IMELBO1849.csv
2022/12/12,01:59 AM,13.11,12.11,94.0,East,0.64,1.61,1012.19,0.0,1.78,0.0,0.0,IMELBO1849.csv
2022/12/12,02:04 AM,13.11,12.11,94.0,ENE,0.16,0.64,1012.53,0.0,1.78,0.0,0.0,IMELBO1849.csv
2022/12/12,02:09 AM,13.22,12.22,94.0,NE,0.48,0.97,1012.53,0.0,1.78,0.0,0.0,IMELBO1849.csv
2022/12/12,02:14 AM,13.22,12.22,94.0,NE,0.64,1.29,1012.19,0.0,1.78,0.0,0.0,IMELBO1849.csv
2022/12/12,02:19 AM,13.22,12.28,94.0,NNE,0.8,1.45,1012.19,0.0,1.78,0.0,0.0,IMELBO1849.csv
2022/12/12,02:24 AM,13.28,12.5,95.0,NNW,1.29,2.25,1012.53,0.0,1.78,0.0,0.0,IMELBO1849.csv
2022/12/12,02:29 AM,13.28,12.5,95.0,NW,1.29,2.41,1012.53,3.05,2.29,0.0,0.0,IMELBO1849.csv
2022/12/12,02:34 AM,13.22,12.39,95.0,NNW,0.64,1.13,1012.53,6.1,2.79,0.0,0.0,IMELBO1849.csv
2022/12/12,02:39 AM,13.17,12.33,95.0,NNW,1.13,1.45,1012.19,6.1,3.05,0.0,0.0,IMELBO1849.csv
2022/12/12,02:44 AM,13.06,12.22,95.0,NNW,0.8,1.13,1012.19,4.32,3.05,0.0,0.0,IMELBO1849.csv
2022/12/12,02:49 AM,12.89,12.11,95.0,NNW,0.0,0.32,1011.51,3.05,3.3,0.0,0.0,IMELBO1849.csv
2022/12/12,02:54 AM,13.0,12.22,95.0,NNW,0.32,0.48,1011.51,1.78,3.3,0.0,0.0,IMELBO1849.csv
2022/12/12,02:59 AM,13.06,12.44,96.0,NNW,0.64,1.13,1011.85,1.78,3.3,0.0,0.0,IMELBO1849.csv
2022/12/12,03:04 AM,13.0,12.39,96.0,North,1.45,2.09,1011.85,0.0,3.3,0.0,0.0,IMELBO1849.csv
2022/12/12,03:09 AM,13.0,12.39,96.0,NE,1.45,2.09,1011.51,0.0,3.3,0.0,0.0,IMELBO1849.csv
2022/12/12,03:14 AM,12.94,12.33,96.0,North,1.45,2.25,1011.51,1.27,3.56,0.0,0.0,IMELBO1849.csv
2022/12/12,03:19 AM,12.89,12.28,96.0,NNE,0.64,1.45,1011.18,1.27,3.56,0.0,0.0,IMELBO1849.csv
2022/12/12,03:24 AM,12.83,12.28,96.0,North,1.61,2.57,1011.18,1.27,3.56,0.0,0.0,IMELBO1849.csv
2022/12/12,03:29 AM,12.78,12.22,96.0,NNW,0.16,0.32,1011.18,0.0,3.56,0.0,0.0,IMELBO1849.csv
2022/12/12,03:34 AM,12.72,12.11,96.0,,1.29,1.77,1011.18,0.0,3.56,0.0,0.0,IMELBO1849.csv
2022/12/12,03:39 AM,12.61,12.0,96.0,North,1.45,2.25,1011.18,0.0,3.56,0.0,0.0,IMELBO1849.csv
2022/12/12,03:44 AM,12.72,12.11,96.0,North,0.48,0.64,1011.18,0.0,3.56,0.0,0.0,IMELBO1849.csv
2022/12/12,03:49 AM,12.72,12.11,96.0,North,0.16,0.32,1011.18,0.0,3.56,0.0,0.0,IMELBO1849.csv
2022/12/12,03:54 AM,12.72,12.11,96.0,North,1.61,2.09,1011.18,0.0,3.56,0.0,0.0,IMELBO1849.csv
2022/12/12,03:59 AM,12.72,12.11,96.0,North,1.77,2.41,1011.51,0.0,3.56,0.0,0.0,IMELBO1849.csv
2022/12/12,04:04 AM,12.72,12.11,96.0,North,2.57,3.7,1011.51,0.0,3.56,0.0,0.0,IMELBO1849.csv
2022/12/12,04:09 AM,12.78,12.22,96.0,NNE,2.57,3.38,1011.51,0.0,3.56,0.0,0.0,IMELBO1849.csv
2022/12/12,04:14 AM,12.78,12.22,96.0,NE,1.45,1.93,1011.18,0.0,3.56,0.0,0.0,IMELBO1849.csv
2022/12/12,04:19 AM,12.78,12.22,96.0,NE,0.97,1.61,1011.18,0.0,3.56,0.0,0.0,IMELBO1849.csv
2022/12/12,04:24 AM,12.89,12.28,96.0,NW,1.77,2.74,1011.51,0.0,3.56,0.0,0.0,IMELBO1849.csv
2022/12/12,04:29 AM,12.89,12.28,96.0,NW,2.25,3.22,1011.51,1.78,3.81,0.0,0.0,IMELBO1849.csv
2022/12/12,04:34 AM,12.89,12.28,96.0,WNW,1.61,2.09,1011.51,1.78,3.81,0.0,0.0,IMELBO1849.csv
2022/12/12,04:39 AM,12.94,12.33,96.0,WNW,2.57,3.38,1011.18,3.56,4.06,0.0,0.0,IMELBO1849.csv
2022/12/12,04:44 AM,12.67,12.06,96.0,WNW,2.74,3.86,1011.18,3.05,4.32,0.0,0.0,IMELBO1849.csv
2022/12/12,04:49 AM,12.56,11.94,96.0,WNW,3.54,4.34,1011.18,4.32,4.83,0.0,0.0,IMELBO1849.csv
2022/12/12,04:54 AM,12.61,12.0,96.0,WNW,2.9,3.7,1011.18,4.32,4.83,0.0,0.0,IMELBO1849.csv
2022/12/12,04:59 AM,12.61,12.0,96.0,WNW,1.77,2.25,1011.18,3.05,5.33,0.0,0.0,IMELBO1849.csv
2022/12/12,05:04 AM,12.61,12.0,96.0,WNW,2.74,4.02,1011.51,6.1,5.84,0.0,0.0,IMELBO1849.csv
2022/12/12,05:09 AM,12.44,11.83,96.0,WNW,4.83,6.76,1011.85,6.1,6.1,0.0,0.0,IMELBO1849.csv
2022/12/12,05:14 AM,12.39,11.78,96.0,West,7.56,10.46,1011.85,10.92,7.37,0.0,0.0,IMELBO1849.csv
2022/12/12,05:19 AM,11.83,11.22,96.0,West,8.53,13.52,1011.85,10.92,7.62,0.0,0.0,IMELBO1849.csv
2022/12/12,05:24 AM,11.44,10.83,96.0,WNW,7.24,10.46,1011.85,8.89,8.13,0.0,0.0,IMELBO1849.csv
2022/12/12,05:29 AM,11.33,10.72,96.0,West,5.47,8.53,1011.85,4.83,8.38,0.0,0.0,IMELBO1849.csv
2022/12/12,05:34 AM,11.28,10.72,96.0,WSW,5.95,9.49,1011.85,4.83,8.38,0.0,0.0,IMELBO1849.csv
2022/12/12,05:39 AM,11.22,10.61,96.0,West,5.15,7.72,1011.85,3.05,8.64,0.0,0.0,IMELBO1849.csv
2022/12/12,05:44 AM,11.17,10.33,95.0,West,6.11,9.81,1011.85,1.27,8.64,0.0,0.0,IMELBO1849.csv
2022/12/12,05:49 AM,11.0,10.22,95.0,West,4.83,7.72,1011.85,1.27,8.64,0.0,0.0,IMELBO1849.csv
2022/12/12,05:54 AM,10.89,10.11,95.0,WSW,3.38,5.31,1012.19,0.0,8.64,0.0,0.4,IMELBO1849.csv
2022/12/12,05:59 AM,10.78,10.0,95.0,WSW,4.83,7.08,1012.19,0.0,8.64,0.0,0.0,IMELBO1849.csv
2022/12/12,06:04 AM,10.72,9.94,95.0,SW,5.31,8.37,1012.19,0.0,8.64,0.0,1.7,IMELBO1849.csv
2022/12/12,06:09 AM,10.72,9.72,94.0,WSW,4.67,7.08,1012.19,0.0,8.64,0.0,2.1,IMELBO1849.csv
2022/12/12,06:14 AM,10.72,9.72,94.0,WSW,5.15,7.88,1012.19,1.78,8.89,0.0,2.9,IMELBO1849.csv
2022/12/12,06:19 AM,10.72,9.72,94.0,West,3.22,4.99,1012.19,1.78,8.89,0.0,4.8,IMELBO1849.csv
2022/12/12,06:24 AM,10.72,9.72,94.0,West,3.38,5.31,1012.19,1.78,8.89,0.0,5.6,IMELBO1849.csv
2022/12/12,06:29 AM,10.72,9.72,94.0,WSW,2.74,4.02,1012.53,0.0,8.89,0.0,5.6,IMELBO1849.csv
2022/12/12,06:34 AM,10.78,9.78,94.0,WNW,3.06,4.67,1012.53,0.0,8.89,0.0,4.8,IMELBO1849.csv
2022/12/12,06:39 AM,10.78,9.78,94.0,WNW,3.54,4.99,1012.53,0.0,8.89,0.0,6.5,IMELBO1849.csv
2022/12/12,06:44 AM,10.83,9.83,94.0,WNW,3.54,5.63,1012.53,0.0,8.89,0.0,6.9,IMELBO1849.csv
2022/12/12,06:49 AM,10.89,9.89,94.0,WNW,3.38,4.99,1012.53,0.0,8.89,0.0,9.1,IMELBO1849.csv
2022/12/12,06:54 AM,10.89,10.06,95.0,West,2.57,4.34,1012.53,0.0,8.89,0.0,9.9,IMELBO1849.csv
2022/12/12,06:59 AM,10.89,10.06,95.0,West,3.54,5.47,1012.53,0.0,8.89,0.0,17.7,IMELBO1849.csv
2022/12/12,07:04 AM,10.78,9.94,95.0,WSW,2.41,4.02,1012.53,0.0,8.89,0.0,18.6,IMELBO1849.csv
2022/12/12,07:09 AM,10.78,9.83,94.0,WNW,4.34,6.11,1012.87,0.0,8.89,0.0,15.5,IMELBO1849.csv
2022/12/12,07:14 AM,10.78,9.78,94.0,West,3.38,4.83,1012.87,1.27,9.14,0.0,20.3,IMELBO1849.csv
2022/12/12,07:19 AM,10.78,9.78,94.0,WSW,3.38,5.15,1012.87,1.27,9.14,0.0,29.9,IMELBO1849.csv
2022/12/12,07:24 AM,10.78,9.78,94.0,SW,4.83,7.24,1012.87,1.27,9.14,0.0,48.6,IMELBO1849.csv
2022/12/12,07:29 AM,10.78,9.78,94.0,WSW,4.34,6.11,1012.87,0.0,9.14,0.0,62.9,IMELBO1849.csv
2022/12/12,07:34 AM,10.89,9.89,94.0,WSW,2.9,4.67,1012.87,0.0,9.14,0.0,63.7,IMELBO1849.csv
2022/12/12,07:39 AM,10.94,9.94,94.0,WNW,3.06,4.51,1012.87,0.0,9.14,0.0,75.0,IMELBO1849.csv
2022/12/12,07:44 AM,11.0,10.0,94.0,West,3.86,5.63,1012.87,0.0,9.14,0.0,76.3,IMELBO1849.csv
2022/12/12,07:49 AM,10.89,9.89,94.0,WNW,6.76,9.33,1012.87,0.0,9.14,0.0,79.8,IMELBO1849.csv
2022/12/12,07:54 AM,10.94,9.89,94.0,West,4.67,7.08,1013.21,0.0,9.14,0.0,79.8,IMELBO1849.csv
2022/12/12,07:59 AM,10.89,9.78,93.0,WNW,7.24,10.94,1013.21,0.0,9.14,0.0,80.3,IMELBO1849.csv
2022/12/12,08:04 AM,10.89,9.72,92.0,WNW,6.28,9.17,1013.21,0.0,9.14,0.0,68.0,IMELBO1849.csv
2022/12/12,08:09 AM,11.06,9.67,91.0,West,5.63,8.21,1013.21,0.0,9.14,1.0,157.4,IMELBO1849.csv
2022/12/12,08:14 AM,11.17,9.67,91.0,West,5.79,9.65,1013.21,0.0,9.14,1.0,180.8,IMELBO1849.csv
2022/12/12,08:19 AM,11.44,9.83,90.0,West,3.22,4.99,1013.21,0.0,9.14,1.0,173.5,IMELBO1849.csv
2022/12/12,08:24 AM,11.56,9.89,90.0,West,4.02,6.6,1013.21,0.0,9.14,1.0,172.6,IMELBO1849.csv
2022/12/12,08:29 AM,11.5,9.72,89.0,WNW,4.51,6.44,1013.55,0.0,9.14,1.0,136.2,IMELBO1849.csv
2022/12/12,08:34 AM,11.61,9.72,89.0,WNW,5.79,8.53,1013.55,0.0,9.14,1.0,173.5,IMELBO1849.csv
2022/12/12,08:39 AM,11.67,9.61,87.0,West,5.95,9.17,1013.55,0.0,9.14,1.0,202.1,IMELBO1849.csv
2022/12/12,08:44 AM,11.78,9.67,86.0,West,4.83,6.92,1013.55,0.0,9.14,2.0,216.9,IMELBO1849.csv
2022/12/12,08:49 AM,12.17,10.0,87.0,West,4.99,7.24,1013.55,0.0,9.14,2.0,260.2,IMELBO1849.csv
2022/12/12,08:54 AM,12.44,9.94,85.0,West,5.47,8.37,1013.55,0.0,9.14,2.0,292.8,IMELBO1849.csv
2022/12/12,08:59 AM,13.17,10.17,82.0,WSW,4.99,7.24,1013.88,0.0,9.14,3.0,342.2,IMELBO1849.csv
2022/12/12,09:04 AM,13.72,10.17,79.0,West,6.11,9.33,1013.55,0.0,9.14,3.0,334.0,IMELBO1849.csv
2022/12/12,09:09 AM,13.56,9.89,79.0,West,7.88,12.23,1013.55,0.0,9.14,3.0,336.2,IMELBO1849.csv
2022/12/12,09:14 AM,13.67,9.94,78.0,WSW,5.95,9.49,1013.88,0.0,9.14,3.0,321.4,IMELBO1849.csv
2022/12/12,09:19 AM,13.5,9.44,77.0,West,6.92,10.46,1013.88,0.0,9.14,4.0,479.7,IMELBO1849.csv
2022/12/12,09:24 AM,13.67,9.39,76.0,West,6.6,9.98,1013.88,0.0,9.14,4.0,450.7,IMELBO1849.csv
2022/12/12,09:29 AM,14.17,9.67,74.0,West,6.76,9.49,1013.88,0.0,9.14,6.0,646.8,IMELBO1849.csv
2022/12/12,09:34 AM,14.0,9.17,73.0,SW,6.28,9.65,1013.55,0.0,9.14,6.0,644.1,IMELBO1849.csv
2022/12/12,09:39 AM,14.61,9.56,72.0,WSW,5.31,8.85,1013.55,0.0,9.14,7.0,756.9,IMELBO1849.csv
2022/12/12,09:44 AM,14.22,9.44,73.0,West,10.62,14.96,1013.55,0.0,9.14,2.0,246.4,IMELBO1849.csv
2022/12/12,09:49 AM,13.22,9.0,76.0,WSW,7.72,12.07,1013.88,0.0,9.14,2.0,217.8,IMELBO1849.csv
2022/12/12,09:54 AM,13.0,8.5,74.0,WNW,8.21,13.19,1013.88,0.0,9.14,6.0,642.0,IMELBO1849.csv
2022/12/12,09:59 AM,13.67,8.61,72.0,West,11.75,17.7,1013.88,0.0,9.14,6.0,627.7,IMELBO1849.csv
2022/12/12,10:04 AM,14.22,8.78,70.0,WSW,8.21,13.19,1013.88,0.0,9.14,6.0,710.5,IMELBO1849.csv
2022/12/12,10:09 AM,14.78,9.0,68.0,WSW,8.37,13.35,1013.88,0.0,9.14,6.0,712.7,IMELBO1849.csv
2022/12/12,10:14 AM,14.61,8.39,67.0,WSW,9.01,13.84,1013.88,0.0,9.14,7.0,769.5,IMELBO1849.csv
2022/12/12,10:19 AM,15.06,8.44,65.0,WSW,8.37,12.55,1013.88,0.0,9.14,8.0,834.6,IMELBO1849.csv
2022/12/12,10:24 AM,15.39,8.78,65.0,West,11.26,16.89,1013.88,0.0,9.14,6.0,621.2,IMELBO1849.csv
2022/12/12,10:29 AM,15.28,8.5,64.0,West,9.17,13.52,1013.88,0.0,9.14,8.0,872.4,IMELBO1849.csv
2022/12/12,10:34 AM,15.33,8.28,63.0,WSW,7.72,12.39,1013.88,0.0,9.14,7.0,784.3,IMELBO1849.csv
2022/12/12,10:39 AM,15.33,8.11,62.0,WSW,11.1,17.06,1013.88,0.0,9.14,8.0,832.0,IMELBO1849.csv
2022/12/12,10:44 AM,15.11,8.0,62.0,West,12.55,18.99,1013.88,0.0,9.14,8.0,831.2,IMELBO1849.csv
2022/12/12,10:49 AM,15.28,8.0,62.0,WNW,13.35,18.66,1013.88,0.0,9.14,7.0,796.9,IMELBO1849.csv
2022/12/12,10:54 AM,15.44,8.17,62.0,West,7.72,11.42,1013.88,0.0,9.14,8.0,838.5,IMELBO1849.csv
2022/12/12,10:59 AM,16.0,8.22,60.0,WSW,9.17,14.48,1013.88,0.0,9.14,9.0,946.5,IMELBO1849.csv
2022/12/12,11:04 AM,15.56,7.67,59.0,SSW,8.21,12.87,1013.88,0.0,9.14,8.0,897.5,IMELBO1849.csv
2022/12/12,11:09 AM,15.44,7.56,59.0,West,7.4,11.42,1014.22,0.0,9.14,8.0,916.5,IMELBO1849.csv
2022/12/12,11:14 AM,15.28,7.39,59.0,WSW,7.72,13.52,1014.22,0.0,9.14,7.0,778.7,IMELBO1849.csv
2022/12/12,11:19 AM,15.78,7.06,56.0,WSW,9.49,13.68,1013.88,0.0,9.14,8.0,860.6,IMELBO1849.csv
2022/12/12,11:24 AM,16.28,6.94,54.0,WSW,9.01,14.48,1013.88,0.0,9.14,8.0,907.5,IMELBO1849.csv
2022/12/12,11:29 AM,16.33,7.0,54.0,WSW,7.24,12.23,1013.88,0.0,9.14,9.0,933.9,IMELBO1849.csv
2022/12/12,11:34 AM,16.44,7.33,55.0,SW,7.72,11.26,1013.88,0.0,9.14,3.0,327.5,IMELBO1849.csv
2022/12/12,11:39 AM,15.94,7.17,56.0,WSW,9.49,14.64,1013.88,0.0,9.14,3.0,318.0,IMELBO1849.csv
2022/12/12,11:44 AM,15.5,7.56,59.0,SW,9.17,14.32,1013.88,0.0,9.14,3.0,316.2,IMELBO1849.csv
2022/12/12,11:49 AM,15.06,8.72,66.0,WNW,11.1,16.09,1014.22,0.0,9.14,8.0,849.4,IMELBO1849.csv
2022/12/12,11:54 AM,14.78,8.61,67.0,WNW,8.85,13.68,1014.22,0.0,9.14,7.0,812.1,IMELBO1849.csv
2022/12/12,11:59 AM,15.94,7.89,59.0,West,11.75,17.7,1014.22,0.0,9.14,8.0,892.3,IMELBO1849.csv
2022/12/12,12:04 PM,16.61,7.78,56.0,WNW,10.78,15.61,1014.22,0.0,9.14,10.0,1034.6,IMELBO1849.csv
2022/12/12,12:09 PM,16.22,7.72,57.0,WNW,8.04,11.91,1014.22,0.0,9.14,3.0,353.1,IMELBO1849.csv
2022/12/12,12:14 PM,16.39,7.44,56.0,West,8.69,12.71,1014.22,0.0,9.14,3.0,311.8,IMELBO1849.csv
2022/12/12,12:19 PM,15.11,9.39,69.0,West,11.1,16.89,1014.56,0.0,9.14,2.0,255.4,IMELBO1849.csv
2022/12/12,12:24 PM,13.22,9.5,78.0,West,6.6,10.94,1014.56,0.0,9.14,8.0,873.6,IMELBO1849.csv
2022/12/12,12:29 PM,13.61,9.67,77.0,West,5.79,9.01,1014.56,0.0,9.14,10.0,1130.5,IMELBO1849.csv
2022/12/12,12:34 PM,14.28,9.61,73.0,West,8.37,12.71,1014.56,0.0,9.14,13.0,1389.5,IMELBO1849.csv
2022/12/12,12:39 PM,15.22,9.06,67.0,WSW,8.37,12.71,1014.56,0.0,9.14,12.0,1282.7,IMELBO1849.csv
2022/12/12,12:44 PM,15.83,8.89,63.0,West,7.08,10.78,1014.56,0.0,9.14,6.0,691.0,IMELBO1849.csv
2022/12/12,12:49 PM,16.44,8.94,61.0,WSW,11.1,16.57,1014.56,0.0,9.14,10.0,1049.4,IMELBO1849.csv
2022/12/12,12:54 PM,16.56,8.44,59.0,WNW,14.48,20.11,1014.56,1.78,9.4,10.0,1083.7,IMELBO1849.csv
2022/12/12,12:59 PM,16.67,8.17,57.0,West,13.68,18.99,1014.56,1.78,9.4,8.0,907.5,IMELBO1849.csv
2022/12/12,01:04 PM,16.06,8.11,59.0,WNW,15.12,22.04,1014.56,1.78,9.4,10.0,1108.4,IMELBO1849.csv
2022/12/12,01:09 PM,16.56,8.61,59.0,West,11.1,16.73,1014.22,0.0,9.4,10.0,1107.9,IMELBO1849.csv
2022/12/12,01:14 PM,16.5,8.67,60.0,WNW,11.75,18.02,1014.22,0.0,9.4,4.0,432.9,IMELBO1849.csv
2022/12/12,01:19 PM,15.78,9.83,68.0,West,12.55,19.47,1014.9,4.32,10.16,1.0,139.2,IMELBO1849.csv
2022/12/12,01:24 PM,12.33,9.83,85.0,WNW,10.46,15.61,1014.9,7.87,10.67,1.0,126.1,IMELBO1849.csv
2022/12/12,01:29 PM,11.78,9.61,86.0,West,7.88,12.07,1014.9,7.87,10.67,3.0,362.6,IMELBO1849.csv
2022/12/12,01:34 PM,12.44,10.06,86.0,WNW,9.65,13.52,1014.9,3.56,10.67,4.0,508.4,IMELBO1849.csv
2022/12/12,01:39 PM,13.11,10.22,83.0,West,8.69,12.71,1014.9,0.0,10.67,3.0,382.5,IMELBO1849.csv
2022/12/12,01:44 PM,13.28,10.17,81.0,West,11.75,17.54,1015.24,3.05,11.18,1.0,137.0,IMELBO1849.csv
2022/12/12,01:49 PM,12.44,9.67,83.0,West,9.81,14.8,1015.24,6.1,11.68,0.0,47.7,IMELBO1849.csv
2022/12/12,01:54 PM,11.5,9.22,86.0,West,8.04,11.58,1015.24,7.87,12.19,0.0,62.4,IMELBO1849.csv
2022/12/12,01:59 PM,11.17,9.17,88.0,WSW,6.6,10.14,1015.24,6.1,12.45,1.0,126.6,IMELBO1849.csv
2022/12/12,02:04 PM,11.17,9.28,89.0,West,6.76,9.65,1014.9,4.32,12.45,3.0,382.2,IMELBO1849.csv
2022/12/12,02:09 PM,11.39,9.39,88.0,WNW,8.21,12.23,1015.24,1.27,12.45,3.0,335.3,IMELBO1849.csv
2022/12/12,02:14 PM,11.83,9.83,88.0,WNW,5.79,9.17,1015.24,0.0,12.45,2.0,208.2,IMELBO1849.csv
2022/12/12,02:19 PM,11.78,9.78,88.0,West,6.76,9.65,1015.24,1.78,12.7,2.0,221.2,IMELBO1849.csv
2022/12/12,02:24 PM,12.06,10.22,89.0,WNW,8.53,12.23,1015.24,1.78,12.7,5.0,530.1,IMELBO1849.csv
2022/12/12,02:29 PM,12.5,10.67,89.0,WNW,8.85,13.35,1015.24,1.78,12.7,4.0,509.6,IMELBO1849.csv
2022/12/12,02:34 PM,12.78,10.83,88.0,WNW,10.46,15.93,1015.24,1.27,12.95,4.0,483.2,IMELBO1849.csv
2022/12/12,02:39 PM,12.72,10.5,87.0,WNW,11.91,17.38,1015.24,1.27,12.95,6.0,682.8,IMELBO1849.csv
2022/12/12,02:44 PM,13.0,10.44,85.0,WNW,11.58,16.73,1015.24,1.27,12.95,10.0,1039.9,IMELBO1849.csv
2022/12/12,02:49 PM,13.78,10.67,82.0,NW,15.29,21.4,1015.24,0.0,12.95,9.0,1002.0,IMELBO1849.csv
2022/12/12,02:54 PM,13.67,10.11,79.0,West,16.25,24.13,1014.9,0.0,12.95,9.0,936.1,IMELBO1849.csv
2022/12/12,02:59 PM,14.11,10.28,78.0,WNW,13.03,18.83,1014.9,0.0,12.95,9.0,1011.6,IMELBO1849.csv
2022/12/12,03:04 PM,14.94,10.56,75.0,West,9.65,14.48,1014.9,0.0,12.95,9.0,1027.3,IMELBO1849.csv
2022/12/12,03:09 PM,14.78,10.67,76.0,WNW,12.39,18.02,1014.9,0.0,12.95,6.0,672.4,IMELBO1849.csv
2022/12/12,03:14 PM,14.33,10.28,77.0,WNW,10.46,15.77,1014.9,0.0,12.95,7.0,744.4,IMELBO1849.csv
2022/12/12,03:19 PM,14.94,10.39,74.0,WNW,13.19,19.15,1014.9,0.0,12.95,9.0,961.3,IMELBO1849.csv
2022/12/12,03:24 PM,15.33,10.5,73.0,West,11.26,17.7,1014.9,0.0,12.95,8.0,858.9,IMELBO1849.csv
2022/12/12,03:29 PM,15.61,10.33,71.0,West,12.23,18.02,1014.9,0.0,12.95,7.0,789.9,IMELBO1849.csv
2022/12/12,03:34 PM,15.56,10.28,71.0,WSW,10.14,15.45,1014.9,0.0,12.95,3.0,366.0,IMELBO1849.csv
2022/12/12,03:39 PM,15.61,10.33,71.0,West,9.98,15.61,1014.9,0.0,12.95,8.0,871.0,IMELBO1849.csv
2022/12/12,03:44 PM,15.83,10.5,70.0,WSW,9.01,14.16,1014.9,0.0,12.95,9.0,973.8,IMELBO1849.csv
2022/12/12,03:49 PM,16.61,10.94,69.0,WSW,6.6,9.65,1014.9,0.0,12.95,9.0,965.2,IMELBO1849.csv
2022/12/12,03:54 PM,16.39,11.0,71.0,WSW,7.72,11.75,1014.9,0.0,12.95,1.0,178.2,IMELBO1849.csv
2022/12/12,03:59 PM,16.0,11.06,73.0,WSW,6.92,11.42,1014.9,0.0,12.95,0.0,52.5,IMELBO1849.csv
2022/12/12,04:04 PM,15.17,11.33,78.0,WSW,15.12,22.04,1015.24,6.6,13.97,0.0,41.1,IMELBO1849.csv
2022/12/12,04:09 PM,12.5,10.39,87.0,SW,13.35,18.5,1015.24,12.7,14.99,2.0,212.5,IMELBO1849.csv
2022/12/12,04:14 PM,12.11,10.44,90.0,WSW,9.81,14.64,1015.24,13.72,15.24,5.0,512.7,IMELBO1849.csv
2022/12/12,04:19 PM,12.83,11.22,90.0,SW,7.4,11.58,1015.58,7.11,15.24,6.0,678.0,IMELBO1849.csv
2022/12/12,04:24 PM,13.33,11.67,90.0,SW,9.65,14.48,1015.24,1.27,15.24,10.0,1103.6,IMELBO1849.csv
2022/12/12,04:29 PM,13.89,11.56,86.0,WSW,10.78,16.09,1015.58,0.0,15.24,10.0,1068.8,IMELBO1849.csv
2022/12/12,04:34 PM,14.5,11.39,81.0,SW,9.81,13.68,1015.58,0.0,15.24,8.0,851.1,IMELBO1849.csv
2022/12/12,04:39 PM,15.33,11.83,79.0,SW,9.98,14.16,1015.58,0.0,15.24,8.0,865.9,IMELBO1849.csv
2022/12/12,04:44 PM,15.44,11.33,77.0,WSW,10.14,15.12,1015.58,0.0,15.24,8.0,843.8,IMELBO1849.csv
2022/12/12,04:49 PM,15.33,10.83,74.0,SW,10.3,15.45,1015.58,0.0,15.24,6.0,702.3,IMELBO1849.csv
2022/12/12,04:54 PM,15.56,10.89,74.0,WSW,7.72,13.35,1015.92,0.0,15.24,7.0,819.4,IMELBO1849.csv
2022/12/12,04:59 PM,16.0,10.72,71.0,WSW,8.69,13.03,1015.92,0.0,15.24,7.0,749.2,IMELBO1849.csv
2022/12/12,05:04 PM,16.06,10.44,69.0,WSW,10.3,16.41,1015.92,0.0,15.24,8.0,827.6,IMELBO1849.csv
2022/12/12,05:09 PM,16.22,10.06,67.0,WSW,9.81,14.64,1015.92,0.0,15.24,7.0,783.0,IMELBO1849.csv
2022/12/12,05:14 PM,16.28,10.0,67.0,WSW,9.98,15.12,1016.26,0.0,15.24,7.0,747.8,IMELBO1849.csv
2022/12/12,05:19 PM,16.28,10.22,67.0,WSW,7.88,12.39,1015.92,0.0,15.24,7.0,725.3,IMELBO1849.csv
2022/12/12,05:24 PM,16.44,10.11,66.0,West,11.1,16.41,1016.26,0.0,15.24,5.0,571.3,IMELBO1849.csv
2022/12/12,05:29 PM,16.06,10.33,69.0,WSW,8.21,12.71,1016.26,0.0,15.24,1.0,140.1,IMELBO1849.csv
2022/12/12,05:34 PM,14.5,10.78,79.0,SW,14.0,18.83,1016.59,3.05,15.75,1.0,144.9,IMELBO1849.csv
2022/12/12,05:39 PM,13.83,11.06,83.0,WSW,9.01,14.0,1016.59,3.05,15.75,4.0,506.2,IMELBO1849.csv
2022/12/12,05:44 PM,13.72,11.0,84.0,WSW,7.72,12.39,1016.59,3.05,15.75,4.0,509.6,IMELBO1849.csv
2022/12/12,05:49 PM,14.11,11.39,84.0,WSW,7.72,11.75,1016.59,0.0,15.75,4.0,484.9,IMELBO1849.csv
2022/12/12,05:54 PM,14.39,11.5,83.0,WSW,5.63,9.17,1016.59,0.0,15.75,4.0,468.4,IMELBO1849.csv
2022/12/12,05:59 PM,14.56,11.06,79.0,WSW,8.85,13.52,1016.59,0.0,15.75,3.0,377.4,IMELBO1849.csv
2022/12/12,06:04 PM,14.89,10.06,73.0,SW,11.75,17.7,1016.59,0.0,15.75,3.0,380.3,IMELBO1849.csv
2022/12/12,06:09 PM,15.22,9.94,71.0,WSW,7.72,13.52,1016.93,0.0,15.75,3.0,388.7,IMELBO1849.csv
2022/12/12,06:14 PM,15.39,10.22,71.0,WSW,6.92,11.42,1017.27,0.0,15.75,3.0,403.8,IMELBO1849.csv
2022/12/12,06:19 PM,15.61,10.39,71.0,WSW,8.37,12.39,1017.27,0.0,15.75,3.0,323.6,IMELBO1849.csv
2022/12/12,06:24 PM,14.89,10.11,73.0,WSW,9.17,14.32,1017.61,0.0,15.75,0.0,35.1,IMELBO1849.csv
2022/12/12,06:29 PM,14.39,10.44,77.0,West,9.81,14.96,1017.95,0.0,15.75,0.0,45.5,IMELBO1849.csv
2022/12/12,06:34 PM,13.28,10.61,84.0,WSW,6.44,9.81,1017.95,0.0,15.75,0.0,86.2,IMELBO1849.csv
2022/12/12,06:39 PM,13.0,10.56,85.0,WSW,6.76,10.78,1017.95,0.0,15.75,2.0,279.3,IMELBO1849.csv
2022/12/12,06:44 PM,13.17,10.67,85.0,WSW,6.11,9.98,1018.29,0.0,15.75,1.0,152.7,IMELBO1849.csv
2022/12/12,06:49 PM,13.22,10.72,85.0,WSW,6.28,9.65,1018.29,0.0,15.75,0.0,35.1,IMELBO1849.csv
2022/12/12,06:54 PM,13.11,10.44,84.0,SW,9.17,13.84,1018.29,1.78,16.0,0.0,68.9,IMELBO1849.csv
2022/12/12,06:59 PM,12.89,9.94,82.0,SW,8.04,11.58,1018.63,1.78,16.0,1.0,133.9,IMELBO1849.csv
2022/12/12,07:04 PM,12.94,9.61,81.0,WSW,6.11,9.01,1018.63,1.78,16.0,0.0,78.9,IMELBO1849.csv
2022/12/12,07:09 PM,13.0,9.78,81.0,WSW,5.31,7.88,1018.63,0.0,16.0,0.0,66.8,IMELBO1849.csv
2022/12/12,07:14 PM,13.06,9.78,81.0,West,6.11,9.49,1018.63,0.0,16.0,0.0,80.3,IMELBO1849.csv
2022/12/12,07:19 PM,13.22,9.78,80.0,WSW,6.6,10.62,1018.63,0.0,16.0,0.0,94.1,IMELBO1849.csv
2022/12/12,07:24 PM,13.22,9.83,80.0,West,6.28,9.81,1018.96,0.0,16.0,0.0,51.5,IMELBO1849.csv
2022/12/12,07:29 PM,13.22,9.72,80.0,SW,9.33,15.29,1018.96,0.0,16.0,0.0,58.5,IMELBO1849.csv
2022/12/12,07:34 PM,13.28,9.67,78.0,West,8.85,13.84,1018.96,0.0,16.0,0.0,61.2,IMELBO1849.csv
2022/12/12,07:39 PM,13.28,9.72,79.0,SW,6.92,11.1,1019.3,0.0,16.0,0.0,63.7,IMELBO1849.csv
2022/12/12,07:44 PM,13.17,9.28,77.0,WSW,6.76,11.26,1019.3,0.0,16.0,0.0,41.1,IMELBO1849.csv
2022/12/12,07:49 PM,13.17,9.17,77.0,West,7.4,12.23,1019.3,0.0,16.0,0.0,34.3,IMELBO1849.csv
2022/12/12,07:54 PM,12.94,9.06,77.0,WSW,4.51,6.6,1019.3,0.0,16.0,0.0,32.4,IMELBO1849.csv
2022/12/12,07:59 PM,12.78,9.06,78.0,WSW,3.54,5.63,1019.64,0.0,16.0,0.0,35.5,IMELBO1849.csv
2022/12/12,08:04 PM,12.83,9.22,78.0,WSW,4.34,7.24,1019.64,0.0,16.0,0.0,31.6,IMELBO1849.csv
2022/12/12,08:09 PM,12.89,9.39,79.0,WSW,4.51,7.56,1019.64,0.0,16.0,0.0,24.7,IMELBO1849.csv
2022/12/12,08:14 PM,12.89,9.44,79.0,West,3.86,5.31,1019.98,0.0,16.0,0.0,22.0,IMELBO1849.csv
2022/12/12,08:19 PM,12.83,9.44,80.0,West,5.47,8.53,1019.98,0.0,16.0,0.0,18.1,IMELBO1849.csv
2022/12/12,08:24 PM,12.72,9.33,80.0,West,3.86,5.79,1019.98,0.0,16.0,0.0,11.3,IMELBO1849.csv
2022/12/12,08:29 PM,12.72,9.28,80.0,West,3.38,5.31,1019.98,0.0,16.0,0.0,9.5,IMELBO1849.csv
2022/12/12,08:34 PM,12.72,9.11,79.0,WSW,5.15,7.72,1019.98,0.0,16.0,0.0,5.6,IMELBO1849.csv
2022/12/12,08:39 PM,12.72,9.0,78.0,West,5.63,8.53,1019.98,0.0,16.0,0.0,3.4,IMELBO1849.csv
2022/12/12,08:44 PM,12.61,8.94,78.0,WSW,5.31,7.88,1019.98,0.0,16.0,0.0,1.2,IMELBO1849.csv
2022/12/12,08:49 PM,12.5,8.72,78.0,WSW,6.6,9.98,1019.98,0.0,16.0,0.0,0.0,IMELBO1849.csv
2022/12/12,08:54 PM,12.39,8.5,77.0,WSW,4.83,7.4,1020.32,0.0,16.0,0.0,0.0,IMELBO1849.csv
2022/12/12,08:59 PM,12.33,8.44,77.0,West,4.83,7.4,1020.32,0.0,16.0,0.0,0.0,IMELBO1849.csv
2022/12/12,09:04 PM,12.22,8.28,77.0,WSW,3.7,5.31,1020.32,0.0,16.0,0.0,0.0,IMELBO1849.csv
2022/12/12,09:09 PM,12.11,8.22,77.0,West,4.02,6.11,1020.32,0.0,16.0,0.0,0.0,IMELBO1849.csv
2022/12/12,09:14 PM,12.0,8.11,77.0,WSW,3.22,5.15,1020.32,0.0,16.0,0.0,0.0,IMELBO1849.csv
2022/12/12,09:19 PM,11.89,7.78,76.0,West,3.7,5.47,1020.66,0.0,16.0,0.0,0.0,IMELBO1849.csv
2022/12/12,09:24 PM,11.83,7.78,76.0,WNW,4.18,6.28,1020.66,0.0,16.0,0.0,0.0,IMELBO1849.csv
2022/12/12,09:29 PM,11.83,7.72,76.0,WNW,4.02,6.11,1020.66,0.0,16.0,0.0,0.0,IMELBO1849.csv
2022/12/12,09:34 PM,11.72,7.67,76.0,WNW,3.38,5.15,1020.66,0.0,16.0,0.0,0.0,IMELBO1849.csv
2022/12/12,09:39 PM,11.67,7.72,77.0,West,4.67,6.6,1021.0,0.0,16.0,0.0,0.0,IMELBO1849.csv
2022/12/12,09:44 PM,11.61,7.72,77.0,WNW,3.86,5.15,1021.0,0.0,16.0,0.0,0.0,IMELBO1849.csv
2022/12/12,09:49 PM,11.44,7.78,78.0,WNW,5.15,7.24,1021.0,0.0,16.0,0.0,0.0,IMELBO1849.csv
2022/12/12,09:54 PM,11.39,7.72,78.0,WNW,2.9,4.51,1021.0,0.0,16.0,0.0,0.0,IMELBO1849.csv
2022/12/12,09:59 PM,11.28,7.78,79.0,West,2.09,3.22,1021.0,0.0,16.0,0.0,0.0,IMELBO1849.csv
2022/12/12,10:04 PM,11.17,7.78,80.0,West,2.25,2.9,1021.0,0.0,16.0,0.0,0.0,IMELBO1849.csv
2022/12/12,10:09 PM,11.11,7.78,80.0,West,2.9,4.18,1021.0,0.0,16.0,0.0,0.0,IMELBO1849.csv
2022/12/12,10:14 PM,11.11,7.78,80.0,WNW,3.22,4.83,1021.0,0.0,16.0,0.0,0.0,IMELBO1849.csv
2022/12/12,10:19 PM,11.22,7.89,80.0,West,2.74,4.02,1021.0,0.0,16.0,0.0,0.0,IMELBO1849.csv
2022/12/12,10:24 PM,11.33,7.83,79.0,WNW,3.22,4.67,1021.0,0.0,16.0,0.0,0.0,IMELBO1849.csv
2022/12/12,10:29 PM,11.44,7.83,78.0,West,2.57,3.7,1021.33,0.0,16.0,0.0,0.0,IMELBO1849.csv
2022/12/12,10:34 PM,11.61,7.83,78.0,WNW,3.86,5.47,1021.33,0.0,16.0,0.0,0.0,IMELBO1849.csv
2022/12/12,10:39 PM,11.67,7.78,77.0,West,2.9,4.51,1021.33,0.0,16.0,0.0,0.0,IMELBO1849.csv
2022/12/12,10:44 PM,11.78,7.83,77.0,WNW,1.77,2.74,1021.33,0.0,16.0,0.0,0.0,IMELBO1849.csv
2022/12/12,10:49 PM,11.78,8.11,78.0,NW,2.09,2.9,1021.33,0.0,16.0,0.0,0.0,IMELBO1849.csv
2022/12/12,10:54 PM,11.67,8.28,80.0,WNW,1.61,2.74,1021.33,0.0,16.0,0.0,0.0,IMELBO1849.csv
2022/12/12,10:59 PM,11.5,8.22,80.0,West,2.9,4.34,1021.33,0.0,16.0,0.0,0.0,IMELBO1849.csv
2022/12/12,11:04 PM,11.56,8.28,80.0,WNW,5.15,7.72,1021.67,0.0,16.0,0.0,0.0,IMELBO1849.csv
2022/12/12,11:09 PM,11.61,8.28,80.0,West,3.06,4.99,1021.67,0.0,16.0,0.0,0.0,IMELBO1849.csv
2022/12/12,11:14 PM,11.61,8.28,80.0,WNW,4.83,7.08,1021.67,0.0,16.0,0.0,0.0,IMELBO1849.csv
2022/12/12,11:19 PM,11.61,8.28,80.0,WNW,4.18,6.44,1021.67,0.0,16.0,0.0,0.0,IMELBO1849.csv
2022/12/12,11:24 PM,11.56,8.22,80.0,West,3.38,4.51,1021.67,0.0,16.0,0.0,0.0,IMELBO1849.csv
2022/12/12,11:29 PM,11.5,8.22,80.0,WNW,4.83,6.44,1021.67,0.0,16.0,0.0,0.0,IMELBO1849.csv
2022/12/12,11:34 PM,11.5,8.22,80.0,WNW,4.51,6.6,1021.67,0.0,16.0,0.0,0.0,IMELBO1849.csv
2022/12/12,11:39 PM,11.56,8.11,79.0,West,3.86,5.63,1021.67,0.0,16.0,0.0,0.0,IMELBO1849.csv
2022/12/12,11:44 PM,11.61,8.11,79.0,West,3.22,4.51,1021.67,0.0,16.0,0.0,0.0,IMELBO1849.csv
2022/12/12,11:49 PM,11.61,8.11,79.0,WNW,3.22,4.67,1021.67,0.0,16.0,0.0,0.0,IMELBO1849.csv
2022/12/12,11:54 PM,11.61,8.11,79.0,WNW,4.99,6.44,1021.67,0.0,16.0,0.0,0.0,IMELBO1849.csv
2022/12/12,11:59 PM,11.67,8.17,79.0,WNW,4.67,6.28,1021.67,0.0,16.0,0.0,0.0,IMELBO1849.csv
2022/12/13,12:04 AM,11.61,8.22,80.0,West,4.83,6.92,1021.67,0.0,0.0,0.0,0.0,IMELBO1849.csv
2022/12/13,12:09 AM,11.56,8.61,82.0,WNW,7.88,11.26,1021.67,0.0,0.0,0.0,0.0,IMELBO1849.csv
2022/12/13,12:14 AM,11.17,8.78,85.0,West,6.44,9.65,1022.01,0.0,0.0,0.0,0.0,IMELBO1849.csv
2022/12/13,12:19 AM,10.78,8.78,88.0,West,5.31,7.4,1022.01,0.0,0.0,0.0,0.0,IMELBO1849.csv
2022/12/13,12:24 AM,10.56,9.0,90.0,West,4.67,7.4,1022.01,3.05,0.51,0.0,0.0,IMELBO1849.csv
2022/12/13,12:29 AM,10.39,9.06,91.0,West,3.54,5.95,1022.01,4.83,0.76,0.0,0.0,IMELBO1849.csv
2022/12/13,12:34 AM,10.28,9.11,92.0,West,2.74,3.86,1022.01,4.83,0.76,0.0,0.0,IMELBO1849.csv
2022/12/13,12:39 AM,10.28,9.17,93.0,WNW,2.57,3.86,1022.01,1.78,0.76,0.0,0.0,IMELBO1849.csv
2022/12/13,12:44 AM,10.22,9.11,93.0,West,3.06,4.51,1022.01,0.0,0.76,0.0,0.0,IMELBO1849.csv
2022/12/13,12:49 AM,10.22,9.11,93.0,WNW,3.7,4.99,1021.67,0.0,0.76,0.0,0.0,IMELBO1849.csv
2022/12/13,12:54 AM,10.22,9.11,93.0,WNW,3.38,4.51,1021.67,0.0,0.76,0.0,0.0,IMELBO1849.csv
2022/12/13,12:59 AM,10.22,9.11,93.0,WNW,3.38,4.51,1021.67,0.0,0.76,0.0,0.0,IMELBO1849.csv
2022/12/13,01:04 AM,10.22,9.11,93.0,WNW,3.7,4.99,1021.67,0.0,0.76,0.0,0.0,IMELBO1849.csv
2022/12/13,01:09 AM,10.22,9.11,93.0,WNW,3.38,4.99,1021.67,0.0,0.76,0.0,0.0,IMELBO1849.csv
2022/12/13,01:14 AM,10.22,9.17,93.0,WNW,3.7,4.99,1021.67,0.0,0.76,0.0,0.0,IMELBO1849.csv
2022/12/13,01:19 AM,10.22,9.11,93.0,WNW,3.38,4.18,1021.67,0.0,0.76,0.0,0.0,IMELBO1849.csv
2022/12/13,01:24 AM,10.22,9.06,93.0,WNW,3.06,4.51,1021.67,0.0,0.76,0.0,0.0,IMELBO1849.csv
2022/12/13,01:29 AM,10.22,9.0,92.0,WNW,2.09,3.22,1021.67,0.0,0.76,0.0,0.0,IMELBO1849.csv
2022/12/13,01:34 AM,10.22,9.06,92.0,WNW,3.06,4.51,1021.33,0.0,0.76,0.0,0.0,IMELBO1849.csv
2022/12/13,01:39 AM,10.28,9.11,92.0,WNW,2.57,4.02,1021.33,0.0,0.76,0.0,0.0,IMELBO1849.csv
2022/12/13,01:44 AM,10.28,9.11,92.0,WNW,1.13,1.93,1021.33,0.0,0.76,0.0,0.0,IMELBO1849.csv
2022/12/13,01:49 AM,10.28,9.11,92.0,WNW,1.61,2.41,1021.33,0.0,0.76,0.0,0.0,IMELBO1849.csv
2022/12/13,01:54 AM,10.28,9.11,92.0,WNW,1.77,2.57,1021.0,0.0,0.76,0.0,0.0,IMELBO1849.csv
2022/12/13,01:59 AM,10.22,9.0,92.0,NW,2.09,2.9,1021.0,0.0,0.76,0.0,0.0,IMELBO1849.csv
2022/12/13,02:04 AM,10.17,8.83,91.0,NW,2.25,3.38,1021.0,0.0,0.76,0.0,0.0,IMELBO1849.csv
2022/12/13,02:09 AM,10.22,8.78,91.0,NW,2.25,3.38,1021.0,0.0,0.76,0.0,0.0,IMELBO1849.csv
2022/12/13,02:14 AM,10.22,8.67,91.0,NW,2.41,3.7,1021.0,0.0,0.76,0.0,0.0,IMELBO1849.csv
2022/12/13,02:19 AM,10.22,8.61,90.0,NW,1.61,2.74,1021.0,0.0,0.76,0.0,0.0,IMELBO1849.csv
2022/12/13,02:24 AM,10.22,8.61,90.0,NW,1.77,2.74,1021.0,0.0,0.76,0.0,0.0,IMELBO1849.csv
2022/12/13,02:29 AM,10.22,8.44,89.0,NW,3.38,4.51,1021.0,0.0,0.76,0.0,0.0,IMELBO1849.csv
2022/12/13,02:34 AM,10.28,8.33,88.0,WNW,2.41,3.7,1021.0,0.0,0.76,0.0,0.0,IMELBO1849.csv
2022/12/13,02:39 AM,10.28,8.28,88.0,WNW,3.54,4.67,1020.66,0.0,0.76,0.0,0.0,IMELBO1849.csv
2022/12/13,02:44 AM,10.22,8.17,87.0,NW,3.22,4.99,1020.66,0.0,0.76,0.0,0.0,IMELBO1849.csv
2022/12/13,02:49 AM,10.22,8.11,87.0,WNW,3.54,5.15,1020.66,0.0,0.76,0.0,0.0,IMELBO1849.csv
2022/12/13,02:54 AM,10.22,8.0,86.0,WNW,4.67,7.24,1020.66,0.0,0.76,0.0,0.0,IMELBO1849.csv
2022/12/13,02:59 AM,10.17,7.94,86.0,WNW,3.38,4.67,1020.66,0.0,0.76,0.0,0.0,IMELBO1849.csv
2022/12/13,03:04 AM,10.0,7.78,86.0,WNW,4.02,5.47,1020.66,0.0,0.76,0.0,0.0,IMELBO1849.csv
2022/12/13,03:09 AM,9.89,7.72,86.0,WNW,3.22,4.83,1020.66,0.0,0.76,0.0,0.0,IMELBO1849.csv
2022/12/13,03:14 AM,9.78,7.61,86.0,WNW,3.86,5.79,1020.66,0.0,0.76,0.0,0.0,IMELBO1849.csv
2022/12/13,03:19 AM,9.78,7.61,86.0,WNW,4.34,6.11,1020.66,0.0,0.76,0.0,0.0,IMELBO1849.csv
2022/12/13,03:24 AM,9.78,7.5,86.0,WNW,3.22,4.51,1020.66,0.0,0.76,0.0,0.0,IMELBO1849.csv
2022/12/13,03:29 AM,9.78,7.39,85.0,WNW,2.9,4.18,1020.32,0.0,0.76,0.0,0.0,IMELBO1849.csv
2022/12/13,03:34 AM,9.89,7.5,85.0,WNW,2.41,3.54,1020.66,0.0,0.76,0.0,0.0,IMELBO1849.csv
2022/12/13,03:39 AM,9.89,7.5,85.0,NW,3.7,5.15,1020.66,0.0,0.76,0.0,0.0,IMELBO1849.csv
2022/12/13,03:44 AM,9.89,7.39,85.0,WNW,3.22,4.34,1020.32,0.0,0.76,0.0,0.0,IMELBO1849.csv
2022/12/13,03:49 AM,9.89,7.28,84.0,WNW,2.9,3.86,1020.32,0.0,0.76,0.0,0.0,IMELBO1849.csv
2022/12/13,03:54 AM,9.83,7.22,84.0,WNW,2.74,3.7,1020.32,0.0,0.76,0.0,0.0,IMELBO1849.csv
2022/12/13,03:59 AM,9.78,7.22,84.0,WNW,2.41,3.38,1020.32,0.0,0.76,0.0,0.0,IMELBO1849.csv
2022/12/13,04:04 AM,9.67,7.06,84.0,WNW,2.74,3.7,1020.32,0.0,0.76,0.0,0.0,IMELBO1849.csv
2022/12/13,04:09 AM,9.61,7.0,84.0,WNW,2.74,3.86,1020.32,0.0,0.76,0.0,0.0,IMELBO1849.csv
2022/12/13,04:14 AM,9.61,7.0,84.0,WNW,2.9,3.7,1020.32,0.0,0.76,0.0,0.0,IMELBO1849.csv
2022/12/13,04:19 AM,9.72,7.11,84.0,NW,1.45,2.09,1020.32,0.0,0.76,0.0,0.0,IMELBO1849.csv
2022/12/13,04:24 AM,9.72,7.11,84.0,NW,1.77,2.74,1020.32,0.0,0.76,0.0,0.0,IMELBO1849.csv
2022/12/13,04:29 AM,9.72,7.11,84.0,NW,1.61,2.57,1020.32,0.0,0.76,0.0,0.0,IMELBO1849.csv
2022/12/13,04:34 AM,9.72,7.06,84.0,NW,1.93,3.22,1020.32,0.0,0.76,0.0,0.0,IMELBO1849.csv
2022/12/13,04:39 AM,9.78,7.0,83.0,WNW,3.06,4.34,1020.32,0.0,0.76,0.0,0.0,IMELBO1849.csv
2022/12/13,04:44 AM,9.89,7.06,83.0,NW,2.25,3.38,1020.32,0.0,0.76,0.0,0.0,IMELBO1849.csv
2022/12/13,04:49 AM,9.89,7.0,82.0,NW,2.25,3.54,1020.32,0.0,0.76,0.0,0.0,IMELBO1849.csv
2022/12/13,04:54 AM,10.0,7.11,82.0,NW,2.57,3.7,1020.32,0.0,0.76,0.0,0.0,IMELBO1849.csv
2022/12/13,04:59 AM,10.0,7.11,82.0,NW,1.61,2.57,1020.32,0.0,0.76,0.0,0.0,IMELBO1849.csv
2022/12/13,05:04 AM,10.0,7.11,82.0,NW,2.41,3.38,1020.32,0.0,0.76,0.0,0.0,IMELBO1849.csv
2022/12/13,05:09 AM,10.11,7.22,82.0,NW,1.29,2.25,1020.32,0.0,0.76,0.0,0.0,IMELBO1849.csv
2022/12/13,05:14 AM,10.0,7.22,83.0,NNW,1.45,2.25,1020.32,0.0,0.76,0.0,0.0,IMELBO1849.csv
2022/12/13,05:19 AM,10.0,7.28,83.0,NNW,1.29,1.93,1020.32,0.0,0.76,0.0,0.0,IMELBO1849.csv
2022/12/13,05:24 AM,9.94,7.33,84.0,,1.45,2.09,1020.32,0.0,0.76,0.0,0.0,IMELBO1849.csv
2022/12/13,05:29 AM,9.89,7.28,84.0,,1.77,2.57,1020.32,0.0,0.76,0.0,0.0,IMELBO1849.csv
2022/12/13,05:34 AM,9.89,7.28,84.0,North,1.77,2.41,1020.32,0.0,0.76,0.0,0.0,IMELBO1849.csv
2022/12/13,05:39 AM,9.94,7.33,84.0,NNE,2.9,3.54,1020.32,0.0,0.76,0.0,0.0,IMELBO1849.csv
2022/12/13,05:44 AM,10.0,7.33,84.0,NNE,3.06,4.18,1020.32,0.0,0.76,0.0,0.0,IMELBO1849.csv
2022/12/13,05:49 AM,10.11,7.28,83.0,North,2.57,3.54,1020.32,0.0,0.76,0.0,0.9,IMELBO1849.csv
2022/12/13,05:54 AM,10.22,7.39,83.0,North,2.9,4.02,1020.32,0.0,0.76,0.0,2.9,IMELBO1849.csv
2022/12/13,05:59 AM,10.22,7.28,82.0,NNE,3.7,5.15,1020.32,0.0,0.76,0.0,4.8,IMELBO1849.csv
2022/12/13,06:04 AM,10.22,7.28,82.0,NNE,2.09,3.22,1019.98,0.0,0.76,0.0,7.7,IMELBO1849.csv
2022/12/13,06:09 AM,10.11,7.22,82.0,NNE,2.74,3.7,1020.32,0.0,0.76,0.0,10.8,IMELBO1849.csv
2022/12/13,06:14 AM,10.06,7.22,82.0,North,0.8,1.61,1020.32,0.0,0.76,0.0,15.5,IMELBO1849.csv
2022/12/13,06:19 AM,10.0,7.22,83.0,NW,1.45,2.41,1020.32,0.0,0.76,0.0,17.7,IMELBO1849.csv
2022/12/13,06:24 AM,10.06,7.28,83.0,NW,1.77,2.9,1020.66,0.0,0.76,0.0,20.8,IMELBO1849.csv
2022/12/13,06:29 AM,10.11,7.28,83.0,NNW,2.25,3.54,1020.66,0.0,0.76,0.0,25.6,IMELBO1849.csv
2022/12/13,06:34 AM,10.17,7.17,81.0,NNW,2.09,3.38,1020.66,0.0,0.76,0.0,27.3,IMELBO1849.csv
2022/12/13,06:39 AM,10.28,7.22,81.0,NW,2.09,3.38,1020.66,0.0,0.76,0.0,36.3,IMELBO1849.csv
2022/12/13,06:44 AM,10.39,7.28,81.0,NNW,1.93,2.9,1020.66,0.0,0.76,0.0,38.2,IMELBO1849.csv
2022/12/13,06:49 AM,10.44,7.22,80.0,NNE,2.09,3.38,1020.66,0.0,0.76,0.0,36.3,IMELBO1849.csv
2022/12/13,06:54 AM,10.56,7.22,80.0,,2.57,3.86,1020.66,0.0,0.76,0.0,42.0,IMELBO1849.csv
2022/12/13,06:59 AM,10.67,7.33,80.0,NNW,2.41,3.7,1021.0,0.0,0.76,0.0,63.2,IMELBO1849.csv
2022/12/13,07:04 AM,10.78,7.11,78.0,NW,4.34,6.76,1020.66,0.0,0.76,0.0,75.8,IMELBO1849.csv
2022/12/13,07:09 AM,11.17,6.94,76.0,NW,4.02,5.79,1021.0,0.0,0.76,0.0,66.8,IMELBO1849.csv
2022/12/13,07:14 AM,11.33,7.0,75.0,NNW,3.22,4.83,1021.0,0.0,0.76,0.0,97.5,IMELBO1849.csv
2022/12/13,07:19 AM,11.56,7.17,74.0,NNW,3.7,5.95,1021.0,0.0,0.76,1.0,100.6,IMELBO1849.csv
2022/12/13,07:24 AM,11.83,7.17,73.0,NW,5.47,8.04,1021.0,0.0,0.76,1.0,115.4,IMELBO1849.csv
2022/12/13,07:29 AM,12.0,7.17,72.0,NW,4.34,6.28,1021.0,0.0,0.76,1.0,113.7,IMELBO1849.csv
2022/12/13,07:34 AM,12.33,7.33,71.0,NW,5.95,8.85,1021.0,0.0,0.76,1.0,181.7,IMELBO1849.csv
2022/12/13,07:39 AM,12.67,7.39,70.0,NW,5.47,8.85,1021.0,0.0,0.76,2.0,203.8,IMELBO1849.csv
2022/12/13,07:44 AM,13.06,7.44,69.0,NW,6.28,9.65,1021.0,0.0,0.76,2.0,248.5,IMELBO1849.csv
2022/12/13,07:49 AM,13.33,7.44,67.0,NW,6.11,9.49,1021.0,0.0,0.76,2.0,284.9,IMELBO1849.csv
2022/12/13,07:54 AM,13.72,7.61,67.0,NW,5.47,8.21,1021.0,0.0,0.76,2.0,291.4,IMELBO1849.csv
2022/12/13,07:59 AM,13.44,7.56,68.0,NW,5.47,8.21,1021.0,0.0,0.76,2.0,260.7,IMELBO1849.csv
2022/12/13,08:04 AM,13.22,7.39,68.0,NW,6.76,10.94,1021.0,0.0,0.76,2.0,285.8,IMELBO1849.csv
2022/12/13,08:09 AM,13.5,7.33,66.0,NW,7.56,11.1,1021.0,0.0,0.76,3.0,388.7,IMELBO1849.csv
2022/12/13,08:14 AM,13.56,7.33,66.0,NW,8.21,11.91,1021.33,0.0,0.76,2.0,257.6,IMELBO1849.csv
2022/12/13,08:19 AM,13.28,7.28,67.0,WNW,6.92,9.17,1021.0,0.0,0.76,1.0,149.1,IMELBO1849.csv
2022/12/13,08:24 AM,13.22,7.33,68.0,NNW,6.92,10.62,1021.33,0.0,0.76,1.0,170.4,IMELBO1849.csv
2022/12/13,08:29 AM,13.39,7.5,67.0,NNW,5.47,8.21,1021.0,0.0,0.76,1.0,171.3,IMELBO1849.csv
2022/12/13,08:34 AM,13.33,7.33,67.0,NW,7.24,10.46,1021.0,0.0,0.76,1.0,169.6,IMELBO1849.csv
2022/12/13,08:39 AM,13.28,7.33,67.0,NW,5.47,7.88,1021.33,0.0,0.76,1.0,166.5,IMELBO1849.csv
2022/12/13,08:44 AM,13.28,7.33,67.0,NW,7.72,11.58,1021.33,0.0,0.76,1.0,192.6,IMELBO1849.csv
2022/12/13,08:49 AM,13.33,7.33,67.0,NW,6.92,9.98,1021.33,0.0,0.76,2.0,210.8,IMELBO1849.csv
2022/12/13,08:54 AM,13.56,7.56,67.0,NW,5.47,8.37,1021.33,0.0,0.76,1.0,202.9,IMELBO1849.csv
2022/12/13,08:59 AM,13.67,7.56,66.0,NW,5.31,7.88,1021.33,0.0,0.76,2.0,284.5,IMELBO1849.csv
2022/12/13,09:04 AM,14.06,7.78,66.0,NNW,5.47,8.04,1021.0,0.0,0.76,5.0,516.6,IMELBO1849.csv
2022/12/13,09:09 AM,14.33,7.83,65.0,NW,8.04,13.19,1021.33,0.0,0.76,5.0,524.5,IMELBO1849.csv
2022/12/13,09:14 AM,14.33,7.5,64.0,NW,10.46,15.29,1021.0,0.0,0.76,4.0,500.6,IMELBO1849.csv
2022/12/13,09:19 AM,14.89,7.5,61.0,NW,6.6,9.49,1021.0,0.0,0.76,4.0,512.2,IMELBO1849.csv
2022/12/13,09:24 AM,15.39,7.78,60.0,NNW,5.79,8.37,1021.0,0.0,0.76,5.0,532.3,IMELBO1849.csv
2022/12/13,09:29 AM,15.72,7.89,60.0,NNW,7.24,11.26,1021.0,0.0,0.76,5.0,561.8,IMELBO1849.csv
2022/12/13,09:34 AM,15.67,7.61,59.0,NW,10.46,14.8,1021.0,0.0,0.76,5.0,600.3,IMELBO1849.csv
2022/12/13,09:39 AM,15.33,7.56,60.0,NW,7.72,11.42,1021.0,0.0,0.76,5.0,609.5,IMELBO1849.csv
2022/12/13,09:44 AM,15.44,7.78,60.0,NNW,7.24,10.94,1021.0,0.0,0.76,5.0,520.0,IMELBO1849.csv
2022/12/13,09:49 AM,15.78,7.72,59.0,NNW,6.11,9.33,1021.0,0.0,0.76,5.0,563.8,IMELBO1849.csv
2022/12/13,09:54 AM,15.78,7.67,59.0,North,7.4,10.14,1020.66,0.0,0.76,3.0,335.7,IMELBO1849.csv
2022/12/13,09:59 AM,15.5,7.72,60.0,North,6.6,10.14,1021.0,0.0,0.76,3.0,308.4,IMELBO1849.csv
2022/12/13,10:04 AM,15.5,7.67,60.0,NNW,5.79,8.53,1021.0,0.0,0.76,2.0,304.5,IMELBO1849.csv
2022/12/13,10:09 AM,15.39,7.72,60.0,NW,5.63,8.37,1020.66,0.0,0.76,1.0,125.8,IMELBO1849.csv
2022/12/13,10:14 AM,15.06,7.56,61.0,NW,5.63,8.53,1020.66,0.0,0.76,1.0,114.0,IMELBO1849.csv
2022/12/13,10:19 AM,15.17,7.5,60.0,WNW,7.24,10.3,1020.66,0.0,0.76,1.0,152.7,IMELBO1849.csv
2022/12/13,10:24 AM,15.17,7.28,59.0,NW,8.04,11.91,1020.66,0.0,0.76,1.0,182.5,IMELBO1849.csv
2022/12/13,10:29 AM,15.11,7.0,58.0,NW,7.08,10.94,1020.66,0.0,0.76,2.0,232.1,IMELBO1849.csv
2022/12/13,10:34 AM,15.33,7.17,58.0,NW,8.69,13.84,1020.66,0.0,0.76,3.0,335.3,IMELBO1849.csv
2022/12/13,10:39 AM,15.33,7.17,58.0,WNW,10.62,14.8,1020.66,0.0,0.76,2.0,202.9,IMELBO1849.csv
2022/12/13,10:44 AM,15.39,7.33,58.0,WNW,7.24,10.78,1020.32,0.0,0.76,1.0,197.8,IMELBO1849.csv
2022/12/13,10:49 AM,15.5,7.28,58.0,NW,8.53,11.91,1020.32,0.0,0.76,1.0,196.5,IMELBO1849.csv
2022/12/13,10:54 AM,15.61,7.44,58.0,NNW,8.04,11.42,1020.32,0.0,0.76,6.0,656.3,IMELBO1849.csv
2022/12/13,10:59 AM,16.0,7.67,58.0,NNW,7.4,11.26,1019.98,0.0,0.76,5.0,545.6,IMELBO1849.csv
2022/12/13,11:04 AM,16.33,7.78,57.0,NW,10.14,15.29,1020.32,0.0,0.76,8.0,858.1,IMELBO1849.csv
2022/12/13,11:09 AM,16.22,7.72,57.0,WNW,8.85,13.19,1019.98,0.0,0.76,3.0,334.0,IMELBO1849.csv
2022/12/13,11:14 AM,16.06,7.56,57.0,WNW,12.23,16.41,1019.98,0.0,0.76,2.0,301.0,IMELBO1849.csv
2022/12/13,11:19 AM,16.17,7.56,57.0,NW,11.91,17.86,1019.98,0.0,0.76,10.0,1035.9,IMELBO1849.csv
2022/12/13,11:24 AM,16.78,7.78,55.0,NW,10.14,15.12,1019.98,0.0,0.76,8.0,916.2,IMELBO1849.csv
2022/12/13,11:29 AM,17.06,8.0,55.0,NW,10.62,14.8,1019.98,0.0,0.76,10.0,1095.8,IMELBO1849.csv
2022/12/13,11:34 AM,16.94,7.89,55.0,NW,11.42,16.41,1019.98,0.0,0.76,5.0,545.6,IMELBO1849.csv
2022/12/13,11:39 AM,17.0,8.0,55.0,NW,8.53,12.39,1019.98,0.0,0.76,4.0,501.0,IMELBO1849.csv
2022/12/13,11:44 AM,17.11,8.5,57.0,North,7.88,11.58,1019.64,0.0,0.76,2.0,297.5,IMELBO1849.csv
2022/12/13,11:49 AM,17.0,8.28,57.0,NW,5.79,9.01,1019.64,0.0,0.76,10.0,1054.5,IMELBO1849.csv
2022/12/13,11:54 AM,17.39,8.33,55.0,NW,9.01,12.71,1019.64,0.0,0.76,8.0,916.5,IMELBO1849.csv
2022/12/13,11:59 AM,17.11,7.78,54.0,WNW,9.49,13.52,1019.64,0.0,0.76,10.0,1093.2,IMELBO1849.csv
2022/12/13,12:04 PM,17.33,7.56,52.0,NW,11.75,17.22,1019.3,0.0,0.76,2.0,288.8,IMELBO1849.csv
2022/12/13,12:09 PM,17.06,7.17,52.0,WNW,13.35,18.5,1019.3,0.0,0.76,2.0,298.0,IMELBO1849.csv
2022/12/13,12:14 PM,16.94,7.06,52.0,NW,8.53,12.23,1019.3,0.0,0.76,2.0,295.0,IMELBO1849.csv
2022/12/13,12:19 PM,17.17,7.61,53.0,NW,6.92,10.14,1019.3,0.0,0.76,2.0,218.6,IMELBO1849.csv
2022/12/13,12:24 PM,17.11,7.78,54.0,NW,6.11,8.53,1019.3,0.0,0.76,2.0,252.0,IMELBO1849.csv
2022/12/13,12:29 PM,17.17,7.44,53.0,NNW,9.65,14.16,1018.96,0.0,0.76,11.0,1146.1,IMELBO1849.csv
2022/12/13,12:34 PM,17.89,7.61,51.0,NW,12.55,18.83,1018.96,0.0,0.76,4.0,436.4,IMELBO1849.csv
2022/12/13,12:39 PM,17.78,7.61,51.0,WNW,10.3,15.45,1018.63,0.0,0.76,3.0,349.1,IMELBO1849.csv
2022/12/13,12:44 PM,17.5,7.67,52.0,WNW,9.49,13.03,1018.63,0.0,0.76,2.0,294.1,IMELBO1849.csv
2022/12/13,12:49 PM,17.39,7.94,54.0,WNW,9.33,14.48,1018.63,0.0,0.76,3.0,323.6,IMELBO1849.csv
2022/12/13,12:54 PM,17.67,7.78,53.0,West,8.04,12.07,1018.63,0.0,0.76,6.0,704.9,IMELBO1849.csv
2022/12/13,12:59 PM,17.78,7.94,53.0,WNW,9.49,13.68,1018.63,0.0,0.76,2.0,289.3,IMELBO1849.csv
2022/12/13,01:04 PM,17.72,7.83,52.0,NW,9.81,14.96,1018.29,0.0,0.76,3.0,308.4,IMELBO1849.csv
2022/12/13,01:09 PM,17.56,7.89,53.0,WNW,12.07,17.86,1018.63,0.0,0.76,2.0,277.6,IMELBO1849.csv
2022/12/13,01:14 PM,17.5,7.72,53.0,NW,12.39,17.38,1018.63,0.0,0.76,2.0,286.3,IMELBO1849.csv
2022/12/13,01:19 PM,17.56,7.83,53.0,WNW,6.76,10.62,1018.29,0.0,0.76,2.0,236.0,IMELBO1849.csv
2022/12/13,01:24 PM,17.67,8.22,54.0,NW,8.04,12.71,1018.63,0.0,0.76,1.0,141.4,IMELBO1849.csv
2022/12/13,01:29 PM,17.28,8.44,56.0,WNW,9.65,13.19,1018.63,0.0,0.76,1.0,123.2,IMELBO1849.csv
2022/12/13,01:34 PM,16.44,9.89,65.0,WNW,15.29,21.08,1018.96,0.0,0.76,1.0,190.8,IMELBO1849.csv
2022/12/13,01:39 PM,15.67,9.5,67.0,West,10.46,15.77,1018.96,0.0,0.76,1.0,202.9,IMELBO1849.csv
2022/12/13,01:44 PM,14.67,10.89,78.0,SW,9.01,14.32,1019.3,0.0,0.76,2.0,215.9,IMELBO1849.csv
2022/12/13,01:49 PM,13.44,10.78,84.0,WSW,6.11,9.01,1019.3,1.27,1.02,2.0,221.2,IMELBO1849.csv
2022/12/13,01:54 PM,13.0,10.56,85.0,WSW,8.85,13.35,1019.3,3.05,1.27,2.0,222.0,IMELBO1849.csv
2022/12/13,01:59 PM,12.83,10.5,86.0,WSW,5.63,9.01,1019.64,3.05,1.27,2.0,271.5,IMELBO1849.csv
2022/12/13,02:04 PM,13.17,10.83,86.0,SW,7.08,10.14,1019.3,1.78,1.27,2.0,232.1,IMELBO1849.csv
2022/12/13,02:09 PM,13.0,10.67,86.0,WSW,9.17,13.52,1019.64,1.27,1.52,2.0,247.6,IMELBO1849.csv
2022/12/13,02:14 PM,12.33,9.94,86.0,SSW,10.62,15.45,1019.98,3.05,1.78,1.0,192.6,IMELBO1849.csv
2022/12/13,02:19 PM,11.78,9.72,88.0,WSW,7.72,11.42,1020.32,6.1,2.54,2.0,213.8,IMELBO1849.csv
2022/12/13,02:24 PM,11.56,9.83,89.0,WSW,6.92,10.78,1020.32,6.1,2.54,2.0,238.1,IMELBO1849.csv
2022/12/13,02:29 PM,11.44,9.83,90.0,WSW,5.63,9.01,1019.98,4.83,2.79,2.0,203.8,IMELBO1849.csv
2022/12/13,02:34 PM,11.39,9.72,90.0,West,8.85,13.84,1019.98,1.78,2.79,1.0,147.4,IMELBO1849.csv
2022/12/13,02:39 PM,11.28,9.39,89.0,West,8.21,13.84,1019.98,3.05,3.05,3.0,376.9,IMELBO1849.csv
2022/12/13,02:44 PM,11.56,9.67,89.0,West,7.56,12.23,1020.32,3.05,3.3,3.0,366.0,IMELBO1849.csv
2022/12/13,02:49 PM,11.83,9.83,88.0,West,5.79,8.53,1020.32,3.05,3.3,4.0,415.6,IMELBO1849.csv
2022/12/13,02:54 PM,12.22,10.39,89.0,West,5.15,7.56,1019.98,1.78,3.3,3.0,338.3,IMELBO1849.csv
2022/12/13,02:59 PM,12.0,10.0,88.0,SW,5.95,9.17,1019.98,1.27,3.56,3.0,320.1,IMELBO1849.csv
2022/12/13,03:04 PM,12.0,9.94,88.0,West,7.72,11.91,1020.66,1.27,3.56,1.0,118.8,IMELBO1849.csv
2022/12/13,03:09 PM,11.5,9.39,87.0,West,8.53,13.03,1020.66,1.27,3.56,1.0,180.8,IMELBO1849.csv
2022/12/13,03:14 PM,11.33,9.28,88.0,WSW,6.92,10.78,1020.66,1.78,3.81,2.0,235.0,IMELBO1849.csv
2022/12/13,03:19 PM,11.39,9.39,88.0,WSW,4.99,7.24,1020.32,1.78,3.81,2.0,245.5,IMELBO1849.csv
2022/12/13,03:24 PM,11.61,9.5,87.0,WSW,6.6,10.46,1020.66,1.78,3.81,1.0,193.4,IMELBO1849.csv
2022/12/13,03:29 PM,11.67,9.11,84.0,West,6.11,9.65,1020.66,0.0,3.81,2.0,209.1,IMELBO1849.csv
2022/12/13,03:34 PM,12.0,9.28,84.0,West,6.44,9.33,1020.66,0.0,3.81,1.0,185.2,IMELBO1849.csv
2022/12/13,03:39 PM,12.17,9.0,81.0,West,8.04,12.07,1020.66,0.0,3.81,2.0,269.4,IMELBO1849.csv
2022/12/13,03:44 PM,12.17,9.11,82.0,West,7.4,11.91,1020.66,0.0,3.81,2.0,261.1,IMELBO1849.csv
2022/12/13,03:49 PM,11.83,8.83,82.0,West,8.21,11.58,1020.66,0.0,3.81,2.0,243.7,IMELBO1849.csv
2022/12/13,03:54 PM,12.06,9.17,83.0,WNW,5.63,8.53,1020.32,0.0,3.81,4.0,426.3,IMELBO1849.csv
2022/12/13,03:59 PM,12.61,9.11,79.0,West,6.44,9.49,1020.66,0.0,3.81,5.0,599.1,IMELBO1849.csv
2022/12/13,04:04 PM,13.0,8.94,76.0,West,7.88,12.07,1020.66,0.0,3.81,3.0,362.6,IMELBO1849.csv
2022/12/13,04:09 PM,12.83,8.72,76.0,WSW,6.44,10.3,1020.66,0.0,3.81,0.0,72.8,IMELBO1849.csv
2022/12/13,04:14 PM,12.44,8.44,77.0,WSW,11.26,15.61,1020.66,0.0,3.81,1.0,124.9,IMELBO1849.csv
2022/12/13,04:19 PM,12.17,8.28,77.0,WSW,6.92,10.62,1020.66,0.0,3.81,3.0,380.8,IMELBO1849.csv
2022/12/13,04:24 PM,12.72,8.5,75.0,West,5.95,9.49,1020.32,0.0,3.81,3.0,410.8,IMELBO1849.csv
2022/12/13,04:29 PM,13.17,8.33,72.0,WSW,5.95,9.17,1020.32,0.0,3.81,14.0,2154.2,IMELBO1849.csv
2022/12/13,04:34 PM,14.17,8.44,68.0,WSW,9.01,13.03,1020.66,0.0,3.81,14.0,2367.8,IMELBO1849.csv
2022/12/13,04:39 PM,13.94,6.89,62.0,SW,10.94,16.25,1020.32,0.0,3.81,3.0,364.8,IMELBO1849.csv
2022/12/13,04:44 PM,13.72,6.44,62.0,SW,9.65,14.0,1020.32,0.0,3.81,3.0,308.4,IMELBO1849.csv
2022/12/13,04:49 PM,13.61,6.44,62.0,West,9.81,14.16,1020.32,0.0,3.81,2.0,292.8,IMELBO1849.csv
2022/12/13,04:54 PM,13.67,6.67,63.0,WSW,5.15,8.37,1020.32,0.0,3.81,1.0,195.6,IMELBO1849.csv
2022/12/13,04:59 PM,13.83,6.94,63.0,WSW,6.11,9.49,1020.32,0.0,3.81,11.0,1241.5,IMELBO1849.csv
2022/12/13,05:04 PM,14.33,6.94,61.0,WSW,5.63,8.53,1020.32,0.0,3.81,14.0,2367.8,IMELBO1849.csv
2022/12/13,05:09 PM,14.78,6.94,59.0,WSW,5.63,8.04,1020.32,0.0,3.81,12.0,2367.8,IMELBO1849.csv
2022/12/13,05:14 PM,14.67,6.5,58.0,WSW,8.04,11.42,1020.32,0.0,3.81,7.0,2367.8,IMELBO1849.csv
2022/12/13,05:19 PM,14.39,6.22,58.0,WSW,7.08,10.46,1020.32,0.0,3.81,4.0,426.3,IMELBO1849.csv
2022/12/13,05:24 PM,14.5,6.06,57.0,SW,6.92,10.94,1020.32,0.0,3.81,6.0,627.2,IMELBO1849.csv
2022/12/13,05:29 PM,15.22,6.11,55.0,WSW,7.56,11.1,1020.32,0.0,3.81,6.0,642.0,IMELBO1849.csv
2022/12/13,05:34 PM,15.83,6.28,53.0,WSW,7.88,12.07,1020.32,0.0,3.81,5.0,604.7,IMELBO1849.csv
2022/12/13,05:39 PM,15.39,5.22,51.0,WSW,10.62,17.06,1020.32,0.0,3.81,5.0,576.1,IMELBO1849.csv
2022/12/13,05:44 PM,15.56,5.17,50.0,West,10.3,16.09,1020.32,0.0,3.81,4.0,486.3,IMELBO1849.csv
2022/12/13,05:49 PM,15.44,5.28,51.0,WSW,8.04,11.75,1020.66,0.0,3.81,4.0,483.6,IMELBO1849.csv
2022/12/13,05:54 PM,15.56,5.22,50.0,West,6.6,10.3,1020.32,0.0,3.81,4.0,455.0,IMELBO1849.csv
2022/12/13,05:59 PM,15.89,5.11,49.0,WSW,8.04,11.75,1020.32,0.0,3.81,4.0,421.2,IMELBO1849.csv
2022/12/13,06:04 PM,15.5,4.67,49.0,SW,9.01,12.87,1020.32,0.0,3.81,4.0,411.7,IMELBO1849.csv
2022/12/13,06:09 PM,15.5,4.11,47.0,SW,12.39,18.34,1020.32,0.0,3.81,3.0,335.3,IMELBO1849.csv
2022/12/13,06:14 PM,15.22,4.06,47.0,WSW,13.35,18.02,1020.66,0.0,3.81,3.0,326.6,IMELBO1849.csv
2022/12/13,06:19 PM,14.78,4.11,49.0,SW,14.48,22.2,1020.66,0.0,3.81,3.0,309.6,IMELBO1849.csv
2022/12/13,06:24 PM,14.5,4.11,50.0,WSW,12.71,18.18,1020.66,0.0,3.81,2.0,293.6,IMELBO1849.csv
2022/12/13,06:29 PM,14.33,4.28,51.0,WSW,12.23,17.06,1021.0,0.0,3.81,2.0,273.3,IMELBO1849.csv
2022/12/13,06:34 PM,14.22,4.56,52.0,SW,10.46,14.8,1021.0,0.0,3.81,2.0,269.4,IMELBO1849.csv
2022/12/13,06:39 PM,14.33,4.83,53.0,WSW,9.01,13.52,1021.0,0.0,3.81,2.0,255.1,IMELBO1849.csv
2022/12/13,06:44 PM,14.28,4.61,52.0,WSW,9.81,15.12,1021.0,0.0,3.81,2.0,256.8,IMELBO1849.csv
2022/12/13,06:49 PM,14.39,3.94,50.0,SW,7.72,12.23,1021.33,0.0,3.81,2.0,225.1,IMELBO1849.csv
2022/12/13,06:54 PM,14.28,3.06,47.0,WSW,8.53,12.55,1021.33,0.0,3.81,1.0,179.9,IMELBO1849.csv
2022/12/13,06:59 PM,14.06,3.17,48.0,WSW,8.85,13.35,1021.67,0.0,3.81,1.0,170.1,IMELBO1849.csv
2022/12/13,07:04 PM,13.78,3.44,50.0,WSW,9.17,12.55,1021.67,0.0,3.81,1.0,119.6,IMELBO1849.csv
2022/12/13,07:09 PM,13.61,4.72,55.0,SW,10.46,15.29,1021.67,0.0,3.81,0.0,67.2,IMELBO1849.csv
2022/12/13,07:14 PM,13.33,5.11,58.0,WSW,7.72,10.78,1021.67,0.0,3.81,0.0,57.3,IMELBO1849.csv
2022/12/13,07:19 PM,13.06,5.17,59.0,SW,8.85,12.23,1022.01,0.0,3.81,0.0,54.6,IMELBO1849.csv
2022/12/13,07:24 PM,12.83,5.06,59.0,SW,9.17,12.87,1022.01,0.0,3.81,0.0,56.3,IMELBO1849.csv
2022/12/13,07:29 PM,12.78,4.83,59.0,SW,7.72,10.78,1022.01,0.0,3.81,0.0,50.7,IMELBO1849.csv
2022/12/13,07:34 PM,12.78,4.61,58.0,SW,8.53,11.58,1022.01,0.0,3.81,0.0,45.0,IMELBO1849.csv
2022/12/13,07:39 PM,12.78,4.5,57.0,West,4.51,6.28,1022.01,0.0,3.81,0.0,42.0,IMELBO1849.csv
2022/12/13,07:44 PM,12.72,4.5,58.0,WSW,4.83,6.76,1022.35,0.0,3.81,0.0,39.4,IMELBO1849.csv
2022/12/13,07:49 PM,12.61,4.67,58.0,SW,5.31,6.92,1022.35,0.0,3.81,0.0,37.2,IMELBO1849.csv
2022/12/13,07:54 PM,12.33,4.56,59.0,SW,5.63,7.72,1022.35,0.0,3.81,0.0,31.2,IMELBO1849.csv
2022/12/13,07:59 PM,12.22,4.44,59.0,SW,5.47,7.72,1022.35,0.0,3.81,0.0,27.3,IMELBO1849.csv
2022/12/13,08:04 PM,12.28,4.61,60.0,WSW,4.02,5.47,1022.69,0.0,3.81,0.0,23.4,IMELBO1849.csv
2022/12/13,08:09 PM,12.33,4.83,60.0,WSW,2.9,4.34,1022.69,0.0,3.81,0.0,25.9,IMELBO1849.csv
2022/12/13,08:14 PM,12.44,4.67,59.0,WSW,4.83,6.28,1022.69,0.0,3.81,0.0,25.9,IMELBO1849.csv
2022/12/13,08:19 PM,12.39,4.33,58.0,WSW,7.4,11.58,1022.69,0.0,3.81,0.0,19.9,IMELBO1849.csv
2022/12/13,08:24 PM,12.22,3.89,57.0,SW,9.49,14.32,1022.69,0.0,3.81,0.0,14.7,IMELBO1849.csv
2022/12/13,08:29 PM,12.0,4.0,58.0,West,4.83,7.88,1023.03,0.0,3.81,0.0,9.1,IMELBO1849.csv
2022/12/13,08:34 PM,11.83,4.06,59.0,WSW,4.02,6.11,1023.03,0.0,3.81,0.0,6.9,IMELBO1849.csv
2022/12/13,08:39 PM,11.56,4.0,60.0,WSW,4.99,8.04,1023.03,0.0,3.81,0.0,2.6,IMELBO1849.csv
2022/12/13,08:44 PM,11.33,3.89,60.0,WSW,3.54,5.47,1023.03,0.0,3.81,0.0,1.2,IMELBO1849.csv
2022/12/13,08:49 PM,11.22,4.0,61.0,WSW,3.86,5.95,1023.37,0.0,3.81,0.0,0.0,IMELBO1849.csv
2022/12/13,08:54 PM,11.06,3.94,61.0,WSW,3.7,5.79,1023.37,0.0,3.81,0.0,0.0,IMELBO1849.csv
2022/12/13,08:59 PM,10.89,4.0,62.0,West,4.83,7.24,1023.37,0.0,3.81,0.0,0.0,IMELBO1849.csv
2022/12/13,09:04 PM,10.72,3.94,63.0,West,3.38,5.15,1023.37,0.0,3.81,0.0,0.0,IMELBO1849.csv
2022/12/13,09:09 PM,10.67,4.0,64.0,WNW,4.99,7.4,1023.37,0.0,3.81,0.0,0.0,IMELBO1849.csv
2022/12/13,09:14 PM,10.5,4.0,64.0,WNW,4.51,6.6,1023.37,0.0,3.81,0.0,0.0,IMELBO1849.csv
2022/12/13,09:19 PM,10.39,3.89,64.0,West,4.51,7.24,1023.37,0.0,3.81,0.0,0.0,IMELBO1849.csv
2022/12/13,09:24 PM,10.22,3.94,65.0,WSW,2.57,3.86,1023.37,0.0,3.81,0.0,0.0,IMELBO1849.csv
2022/12/13,09:29 PM,10.11,3.89,65.0,WNW,3.54,4.99,1023.71,0.0,3.81,0.0,0.0,IMELBO1849.csv
2022/12/13,09:34 PM,10.06,3.94,66.0,West,3.38,4.99,1023.71,0.0,3.81,0.0,0.0,IMELBO1849.csv
2022/12/13,09:39 PM,9.94,3.89,66.0,WSW,3.06,4.67,1023.71,0.0,3.81,0.0,0.0,IMELBO1849.csv
2022/12/13,09:44 PM,9.83,3.94,67.0,West,2.57,3.86,1023.71,0.0,3.81,0.0,0.0,IMELBO1849.csv
2022/12/13,09:49 PM,9.78,4.0,67.0,West,3.22,4.51,1024.04,0.0,3.81,0.0,0.0,IMELBO1849.csv
2022/12/13,09:54 PM,9.78,3.83,67.0,West,3.22,4.51,1024.04,0.0,3.81,0.0,0.0,IMELBO1849.csv
2022/12/13,09:59 PM,9.78,3.83,67.0,West,4.34,6.76,1024.04,0.0,3.81,0.0,0.0,IMELBO1849.csv
2022/12/13,10:04 PM,9.78,3.78,66.0,WSW,4.18,5.63,1024.04,0.0,3.81,0.0,0.0,IMELBO1849.csv
2022/12/13,10:09 PM,9.78,3.78,66.0,West,4.18,6.44,1024.04,0.0,3.81,0.0,0.0,IMELBO1849.csv
2022/12/13,10:14 PM,9.72,3.72,66.0,WNW,4.83,7.4,1024.04,0.0,3.81,0.0,0.0,IMELBO1849.csv
2022/12/13,10:19 PM,9.61,3.72,67.0,West,5.31,8.69,1024.04,0.0,3.81,0.0,0.0,IMELBO1849.csv
2022/12/13,10:24 PM,9.56,3.72,67.0,WNW,5.47,8.04,1024.04,0.0,3.81,0.0,0.0,IMELBO1849.csv
2022/12/13,10:29 PM,9.5,3.89,68.0,WNW,7.08,10.14,1024.04,0.0,3.81,0.0,0.0,IMELBO1849.csv
2022/12/13,10:34 PM,9.5,3.89,68.0,WNW,6.28,9.33,1024.38,0.0,3.81,0.0,0.0,IMELBO1849.csv
2022/12/13,10:39 PM,9.44,4.0,69.0,West,5.63,7.72,1024.04,0.0,3.81,0.0,0.0,IMELBO1849.csv
2022/12/13,10:44 PM,9.28,3.89,69.0,WNW,6.76,8.85,1024.04,0.0,3.81,0.0,0.0,IMELBO1849.csv
2022/12/13,10:49 PM,9.17,3.89,70.0,West,4.99,7.08,1024.04,0.0,3.81,0.0,0.0,IMELBO1849.csv
2022/12/13,10:54 PM,9.11,3.89,70.0,WNW,5.95,7.72,1024.04,0.0,3.81,0.0,0.0,IMELBO1849.csv
2022/12/13,10:59 PM,8.94,3.83,70.0,WNW,4.83,7.08,1024.04,0.0,3.81,0.0,0.0,IMELBO1849.csv
2022/12/13,11:04 PM,8.83,3.83,71.0,WNW,5.15,6.6,1024.04,0.0,3.81,0.0,0.0,IMELBO1849.csv
2022/12/13,11:09 PM,8.78,3.89,71.0,WNW,4.99,6.92,1023.71,0.0,3.81,0.0,0.0,IMELBO1849.csv
2022/12/13,11:14 PM,8.72,3.89,72.0,WNW,5.31,7.08,1024.04,0.0,3.81,0.0,0.0,IMELBO1849.csv
2022/12/13,11:19 PM,8.72,3.94,72.0,WNW,2.74,4.18,1024.04,0.0,3.81,0.0,0.0,IMELBO1849.csv
2022/12/13,11:24 PM,8.56,4.06,73.0,WNW,2.9,4.18,1023.71,0.0,3.81,0.0,0.0,IMELBO1849.csv
2022/12/13,11:29 PM,8.5,4.0,74.0,WNW,2.9,4.34,1024.04,0.0,3.81,0.0,0.0,IMELBO1849.csv
2022/12/13,11:34 PM,8.39,4.0,74.0,NW,3.86,5.47,1024.04,0.0,3.81,0.0,0.0,IMELBO1849.csv
2022/12/13,11:39 PM,8.28,4.06,75.0,WNW,4.51,6.28,1024.04,0.0,3.81,0.0,0.0,IMELBO1849.csv
2022/12/13,11:44 PM,8.28,4.06,75.0,WNW,4.83,6.44,1023.71,0.0,3.81,0.0,0.0,IMELBO1849.csv
2022/12/13,11:49 PM,8.22,4.06,75.0,WNW,3.22,4.34,1024.04,0.0,3.81,0.0,0.0,IMELBO1849.csv
2022/12/13,11:54 PM,8.22,4.22,76.0,WNW,4.67,6.44,1024.04,0.0,3.81,0.0,0.0,IMELBO1849.csv
2022/12/13,11:59 PM,8.11,4.11,76.0,WNW,4.34,6.28,1023.71,0.0,3.81,0.0,0.0,IMELBO1849.csv
2022/12/14,12:04 AM,8.11,4.11,76.0,WNW,4.83,6.92,1023.71,0.0,0.0,0.0,0.0,IMELBO1849.csv
2022/12/14,12:09 AM,8.11,4.11,76.0,WNW,4.18,6.11,1023.71,0.0,0.0,0.0,0.0,IMELBO1849.csv
2022/12/14,12:14 AM,8.11,4.11,76.0,WNW,3.7,5.63,1023.71,0.0,0.0,0.0,0.0,IMELBO1849.csv
2022/12/14,12:19 AM,8.11,4.11,76.0,NW,4.34,7.08,1023.71,0.0,0.0,0.0,0.0,IMELBO1849.csv
2022/12/14,12:24 AM,8.11,4.11,76.0,NW,4.67,6.76,1023.71,0.0,0.0,0.0,0.0,IMELBO1849.csv
2022/12/14,12:29 AM,8.11,4.11,76.0,WNW,4.18,5.79,1023.37,0.0,0.0,0.0,0.0,IMELBO1849.csv
2022/12/14,12:34 AM,8.11,4.11,76.0,NW,4.18,5.63,1023.37,0.0,0.0,0.0,0.0,IMELBO1849.csv
2022/12/14,12:39 AM,8.11,4.11,76.0,WNW,4.34,6.28,1023.37,0.0,0.0,0.0,0.0,IMELBO1849.csv
2022/12/14,12:44 AM,8.06,4.06,76.0,NW,4.18,5.79,1023.37,0.0,0.0,0.0,0.0,IMELBO1849.csv
2022/12/14,12:49 AM,8.0,4.06,76.0,WNW,5.15,7.56,1023.37,0.0,0.0,0.0,0.0,IMELBO1849.csv
2022/12/14,12:54 AM,7.94,4.11,77.0,WNW,4.02,5.47,1023.37,0.0,0.0,0.0,0.0,IMELBO1849.csv
2022/12/14,12:59 AM,7.83,4.06,77.0,WNW,3.86,6.11,1023.03,0.0,0.0,0.0,0.0,IMELBO1849.csv
2022/12/14,01:04 AM,7.78,4.0,77.0,WNW,3.22,4.83,1023.03,0.0,0.0,0.0,0.0,IMELBO1849.csv
2022/12/14,01:09 AM,7.72,4.11,78.0,WNW,3.38,4.99,1023.03,0.0,0.0,0.0,0.0,IMELBO1849.csv
2022/12/14,01:14 AM,7.72,4.11,78.0,NW,3.06,4.34,1023.03,0.0,0.0,0.0,0.0,IMELBO1849.csv
2022/12/14,01:19 AM,7.61,4.0,78.0,NW,2.9,4.51,1023.03,0.0,0.0,0.0,0.0,IMELBO1849.csv
2022/12/14,01:24 AM,7.61,4.0,78.0,NW,2.09,3.54,1023.03,0.0,0.0,0.0,0.0,IMELBO1849.csv
2022/12/14,01:29 AM,7.5,3.89,78.0,WNW,4.18,5.95,1023.03,0.0,0.0,0.0,0.0,IMELBO1849.csv
2022/12/14,01:34 AM,7.5,3.89,78.0,NW,3.7,6.28,1022.69,0.0,0.0,0.0,0.0,IMELBO1849.csv
2022/12/14,01:39 AM,7.56,3.94,78.0,NW,4.02,5.47,1022.69,0.0,0.0,0.0,0.0,IMELBO1849.csv
2022/12/14,01:44 AM,7.5,3.89,78.0,NW,3.54,5.31,1022.69,0.0,0.0,0.0,0.0,IMELBO1849.csv
2022/12/14,01:49 AM,7.61,4.0,78.0,NW,4.67,6.6,1022.69,0.0,0.0,0.0,0.0,IMELBO1849.csv
2022/12/14,01:54 AM,7.61,4.06,78.0,NW,4.34,6.11,1022.69,0.0,0.0,0.0,0.0,IMELBO1849.csv
2022/12/14,01:59 AM,7.61,4.0,78.0,NW,4.67,6.44,1022.35,0.0,0.0,0.0,0.0,IMELBO1849.csv
2022/12/14,02:04 AM,7.67,4.06,78.0,NW,4.83,7.08,1022.35,0.0,0.0,0.0,0.0,IMELBO1849.csv
2022/12/14,02:09 AM,7.72,4.11,78.0,NW,4.67,6.6,1022.01,0.0,0.0,0.0,0.0,IMELBO1849.csv
2022/12/14,02:14 AM,7.72,4.17,78.0,NW,4.83,7.24,1022.01,0.0,0.0,0.0,0.0,IMELBO1849.csv
2022/12/14,02:19 AM,7.78,4.22,78.0,WNW,5.31,7.72,1022.01,0.0,0.0,0.0,0.0,IMELBO1849.csv
2022/12/14,02:24 AM,7.89,4.28,78.0,WNW,5.95,9.49,1022.01,0.0,0.0,0.0,0.0,IMELBO1849.csv
2022/12/14,02:29 AM,7.94,4.33,78.0,NW,4.83,7.24,1022.01,0.0,0.0,0.0,0.0,IMELBO1849.csv
2022/12/14,02:34 AM,8.06,4.44,78.0,WNW,3.7,5.47,1021.67,0.0,0.0,0.0,0.0,IMELBO1849.csv
2022/12/14,02:39 AM,8.22,4.67,79.0,WNW,4.99,7.24,1022.01,0.0,0.0,0.0,0.0,IMELBO1849.csv
2022/12/14,02:44 AM,8.28,4.89,79.0,WNW,4.99,7.4,1022.01,0.0,0.0,0.0,0.0,IMELBO1849.csv
2022/12/14,02:49 AM,8.39,5.0,79.0,WNW,4.34,6.76,1021.67,0.0,0.0,0.0,0.0,IMELBO1849.csv
2022/12/14,02:54 AM,8.44,5.06,79.0,WNW,5.15,7.4,1021.67,0.0,0.0,0.0,0.0,IMELBO1849.csv
2022/12/14,02:59 AM,8.61,5.22,79.0,WNW,7.24,10.3,1022.01,0.0,0.0,0.0,0.0,IMELBO1849.csv
2022/12/14,03:04 AM,8.78,5.33,79.0,WNW,6.92,9.98,1021.67,0.0,0.0,0.0,0.0,IMELBO1849.csv
2022/12/14,03:09 AM,8.78,5.44,80.0,WNW,5.95,8.53,1022.01,0.0,0.0,0.0,0.0,IMELBO1849.csv
2022/12/14,03:14 AM,8.78,5.5,80.0,WNW,6.92,9.65,1022.01,0.0,0.0,0.0,0.0,IMELBO1849.csv
2022/12/14,03:19 AM,8.78,5.72,81.0,WNW,4.34,6.11,1022.01,0.0,0.0,0.0,0.0,IMELBO1849.csv
2022/12/14,03:24 AM,8.67,6.0,84.0,WNW,4.51,6.44,1022.01,0.0,0.0,0.0,0.0,IMELBO1849.csv
2022/12/14,03:29 AM,8.5,5.89,84.0,WNW,5.95,8.69,1021.67,0.0,0.0,0.0,0.0,IMELBO1849.csv
2022/12/14,03:34 AM,8.5,6.11,85.0,WNW,4.51,6.92,1021.67,0.0,0.0,0.0,0.0,IMELBO1849.csv
2022/12/14,03:39 AM,8.61,6.22,85.0,WNW,5.79,9.01,1022.01,0.0,0.0,0.0,0.0,IMELBO1849.csv
2022/12/14,03:44 AM,8.67,6.28,85.0,WNW,5.63,7.72,1022.01,0.0,0.0,0.0,0.0,IMELBO1849.csv
2022/12/14,03:49 AM,8.72,6.28,85.0,WNW,5.31,8.69,1021.67,0.0,0.0,0.0,0.0,IMELBO1849.csv
2022/12/14,03:54 AM,8.78,6.39,85.0,West,4.99,7.24,1021.67,0.0,0.0,0.0,0.0,IMELBO1849.csv
2022/12/14,03:59 AM,8.89,6.5,85.0,WNW,5.95,8.21,1022.01,0.0,0.0,0.0,0.0,IMELBO1849.csv
2022/12/14,04:04 AM,8.89,6.72,86.0,WNW,4.18,5.95,1022.01,0.0,0.0,0.0,0.0,IMELBO1849.csv
2022/12/14,04:09 AM,8.94,6.67,86.0,WNW,6.6,9.33,1021.67,0.0,0.0,0.0,0.0,IMELBO1849.csv
2022/12/14,04:14 AM,9.06,6.67,85.0,WNW,4.99,7.88,1021.67,0.0,0.0,0.0,0.0,IMELBO1849.csv
2022/12/14,04:19 AM,9.22,6.78,85.0,WNW,6.44,8.85,1021.67,0.0,0.0,0.0,0.0,IMELBO1849.csv
2022/12/14,04:24 AM,9.28,6.78,84.0,West,6.76,9.33,1021.67,0.0,0.0,0.0,0.0,IMELBO1849.csv
2022/12/14,04:29 AM,9.39,6.78,84.0,WNW,5.95,8.69,1022.01,0.0,0.0,0.0,0.0,IMELBO1849.csv
2022/12/14,04:34 AM,9.28,6.89,85.0,West,5.63,8.53,1021.67,0.0,0.0,0.0,0.0,IMELBO1849.csv
2022/12/14,04:39 AM,9.39,7.0,85.0,West,4.83,7.72,1022.01,0.0,0.0,0.0,0.0,IMELBO1849.csv
2022/12/14,04:44 AM,9.5,7.11,85.0,West,3.38,5.31,1022.01,0.0,0.0,0.0,0.0,IMELBO1849.csv
2022/12/14,04:49 AM,9.5,7.11,85.0,West,4.99,7.88,1022.01,0.0,0.0,0.0,0.0,IMELBO1849.csv
2022/12/14,04:54 AM,9.56,7.17,85.0,WSW,3.7,5.63,1022.01,0.0,0.0,0.0,0.0,IMELBO1849.csv
2022/12/14,04:59 AM,9.61,7.28,85.0,WSW,4.51,6.44,1022.01,0.0,0.0,0.0,0.0,IMELBO1849.csv
2022/12/14,05:04 AM,9.67,7.5,86.0,WSW,4.83,7.72,1022.35,1.78,0.25,0.0,0.0,IMELBO1849.csv
2022/12/14,05:09 AM,9.56,7.61,88.0,SW,4.83,7.56,1022.69,4.83,0.76,0.0,0.0,IMELBO1849.csv
2022/12/14,05:14 AM,9.44,7.72,89.0,WSW,5.31,8.53,1022.35,4.83,0.76,0.0,0.0,IMELBO1849.csv
2022/12/14,05:19 AM,9.28,7.72,90.0,West,4.51,6.6,1022.35,3.05,0.76,0.0,0.0,IMELBO1849.csv
2022/12/14,05:24 AM,9.28,7.89,91.0,WSW,4.18,6.28,1022.35,0.0,0.76,0.0,0.0,IMELBO1849.csv
2022/12/14,05:29 AM,9.22,7.89,91.0,West,4.02,5.79,1022.69,0.0,0.76,0.0,0.0,IMELBO1849.csv
2022/12/14,05:34 AM,9.22,7.94,91.0,WSW,3.7,5.47,1022.35,0.0,0.76,0.0,0.0,IMELBO1849.csv
2022/12/14,05:39 AM,9.22,7.94,91.0,West,3.7,5.63,1022.69,0.0,0.76,0.0,0.0,IMELBO1849.csv
2022/12/14,05:44 AM,9.28,8.0,91.0,West,4.02,5.79,1022.69,0.0,0.76,0.0,0.0,IMELBO1849.csv
2022/12/14,05:49 AM,9.28,8.0,91.0,West,4.18,6.44,1022.69,0.0,0.76,0.0,0.4,IMELBO1849.csv
2022/12/14,05:54 AM,9.22,7.89,91.0,West,5.31,7.88,1022.69,0.0,0.76,0.0,1.7,IMELBO1849.csv
2022/12/14,05:59 AM,9.17,7.83,91.0,West,4.99,7.56,1022.69,0.0,0.76,0.0,3.8,IMELBO1849.csv
2022/12/14,06:04 AM,9.11,7.78,91.0,West,5.31,7.72,1022.69,0.0,0.76,0.0,6.5,IMELBO1849.csv
2022/12/14,06:09 AM,9.11,7.78,91.0,West,5.79,8.21,1023.03,0.0,0.76,0.0,7.7,IMELBO1849.csv
2022/12/14,06:14 AM,9.11,7.72,91.0,West,4.67,6.6,1023.03,0.0,0.76,0.0,9.1,IMELBO1849.csv
2022/12/14,06:19 AM,9.11,7.5,90.0,West,3.86,5.95,1023.37,0.0,0.76,0.0,12.1,IMELBO1849.csv
2022/12/14,06:24 AM,9.22,7.61,90.0,WSW,4.51,6.92,1023.37,0.0,0.76,0.0,15.2,IMELBO1849.csv
2022/12/14,06:29 AM,9.22,7.67,90.0,WSW,4.34,7.4,1023.37,0.0,0.76,0.0,15.2,IMELBO1849.csv
2022/12/14,06:34 AM,9.33,7.72,90.0,West,6.28,9.33,1023.37,0.0,0.76,0.0,11.6,IMELBO1849.csv
2022/12/14,06:39 AM,9.44,7.83,90.0,SW,5.15,7.56,1023.71,0.0,0.76,0.0,18.6,IMELBO1849.csv
2022/12/14,06:44 AM,9.5,8.06,91.0,West,4.34,6.6,1023.71,0.0,0.76,0.0,27.7,IMELBO1849.csv
2022/12/14,06:49 AM,9.56,8.22,91.0,WSW,4.02,7.08,1023.71,0.0,0.76,0.0,48.1,IMELBO1849.csv
2022/12/14,06:54 AM,9.61,8.22,91.0,WSW,4.34,6.11,1023.71,0.0,0.76,0.0,40.7,IMELBO1849.csv
2022/12/14,06:59 AM,9.61,8.22,91.0,WSW,3.7,5.95,1023.71,0.0,0.76,0.0,74.1,IMELBO1849.csv
2022/12/14,07:04 AM,9.78,8.33,91.0,WSW,3.54,5.63,1024.04,0.0,0.76,0.0,82.0,IMELBO1849.csv
2022/12/14,07:09 AM,9.89,8.5,91.0,WSW,5.47,8.85,1024.04,1.27,1.02,0.0,89.8,IMELBO1849.csv
2022/12/14,07:14 AM,9.83,8.44,91.0,WSW,5.79,9.33,1024.04,1.27,1.02,0.0,89.3,IMELBO1849.csv
2022/12/14,07:19 AM,9.78,8.39,91.0,WSW,4.99,7.08,1024.04,1.27,1.02,1.0,137.0,IMELBO1849.csv
2022/12/14,07:24 AM,9.83,8.44,91.0,WSW,5.47,8.53,1024.38,0.0,1.02,1.0,119.3,IMELBO1849.csv
2022/12/14,07:29 AM,9.94,8.56,91.0,WSW,8.04,11.75,1024.38,1.78,1.27,0.0,83.7,IMELBO1849.csv
2022/12/14,07:34 AM,9.78,8.56,92.0,WSW,7.4,11.26,1024.72,3.05,1.52,0.0,68.5,IMELBO1849.csv
2022/12/14,07:39 AM,9.72,8.5,92.0,WSW,6.44,9.33,1024.72,4.83,1.78,1.0,156.6,IMELBO1849.csv
2022/12/14,07:44 AM,9.72,8.61,93.0,WSW,5.79,8.53,1024.72,3.05,1.78,1.0,132.2,IMELBO1849.csv
2022/12/14,07:49 AM,9.78,8.72,93.0,WSW,5.47,8.04,1024.72,1.78,1.78,2.0,236.4,IMELBO1849.csv
2022/12/14,07:54 AM,10.17,9.0,93.0,SW,4.99,7.56,1025.06,0.0,1.78,2.0,285.8,IMELBO1849.csv
2022/12/14,07:59 AM,10.22,9.06,92.0,SW,5.47,8.37,1025.06,0.0,1.78,2.0,288.5,IMELBO1849.csv
2022/12/14,08:04 AM,10.22,9.06,92.0,SW,8.21,12.55,1025.06,3.05,2.29,0.0,85.0,IMELBO1849.csv
2022/12/14,08:09 AM,10.17,9.06,93.0,SW,7.88,11.58,1025.4,6.1,2.79,1.0,176.5,IMELBO1849.csv
2022/12/14,08:14 AM,10.06,8.94,93.0,WSW,8.04,11.91,1025.4,6.1,2.79,2.0,206.9,IMELBO1849.csv
2022/12/14,08:19 AM,10.17,9.06,93.0,SW,8.04,11.1,1025.4,3.05,3.05,2.0,203.8,IMELBO1849.csv
2022/12/14,08:24 AM,10.11,9.0,93.0,SW,7.24,10.14,1025.74,1.27,3.05,1.0,126.1,IMELBO1849.csv
2022/12/14,08:29 AM,10.11,9.0,93.0,SW,6.6,9.17,1025.74,1.27,3.05,1.0,149.6,IMELBO1849.csv
2022/12/14,08:34 AM,10.11,9.06,93.0,WSW,6.11,9.01,1025.74,0.0,3.05,3.0,350.5,IMELBO1849.csv
2022/12/14,08:39 AM,10.39,9.28,93.0,WSW,5.79,8.53,1025.74,0.0,3.05,2.0,225.5,IMELBO1849.csv
2022/12/14,08:44 AM,10.28,9.22,93.0,WSW,6.92,9.65,1025.74,1.78,3.3,1.0,105.3,IMELBO1849.csv
2022/12/14,08:49 AM,10.11,9.0,93.0,WSW,7.4,10.94,1026.08,4.83,3.81,1.0,129.2,IMELBO1849.csv
2022/12/14,08:54 AM,10.06,9.0,93.0,SW,7.08,10.14,1026.08,4.83,3.81,1.0,105.0,IMELBO1849.csv
2022/12/14,08:59 AM,10.0,8.94,93.0,SW,8.21,12.07,1026.08,4.83,4.06,0.0,80.6,IMELBO1849.csv
2022/12/14,09:04 AM,10.0,8.89,93.0,SW,7.72,11.26,1026.08,1.78,4.06,1.0,108.9,IMELBO1849.csv
2022/12/14,09:09 AM,10.11,9.0,93.0,SW,8.37,11.42,1026.41,1.78,4.06,2.0,206.0,IMELBO1849.csv
2022/12/14,09:14 AM,10.11,9.0,93.0,WSW,11.1,15.93,1026.41,0.0,4.06,2.0,206.4,IMELBO1849.csv
2022/12/14,09:19 AM,10.17,8.94,92.0,WSW,10.46,14.64,1026.08,1.27,4.32,1.0,186.4,IMELBO1849.csv
2022/12/14,09:24 AM,10.28,9.11,92.0,SW,10.14,14.16,1026.41,1.27,4.32,5.0,570.8,IMELBO1849.csv
2022/12/14,09:29 AM,10.67,9.33,91.0,SW,6.6,9.81,1026.75,1.27,4.32,5.0,574.7,IMELBO1849.csv
2022/12/14,09:34 AM,10.89,9.39,91.0,WSW,8.37,11.58,1026.41,0.0,4.32,5.0,573.9,IMELBO1849.csv
2022/12/14,09:39 AM,11.33,9.56,89.0,WSW,8.69,13.03,1026.41,0.0,4.32,5.0,590.4,IMELBO1849.csv
2022/12/14,09:44 AM,12.06,9.83,86.0,SW,10.3,14.96,1026.41,0.0,4.32,7.0,720.9,IMELBO1849.csv
2022/12/14,09:49 AM,12.33,9.67,84.0,SW,9.49,13.52,1026.08,0.0,4.32,7.0,736.1,IMELBO1849.csv
2022/12/14,09:54 AM,12.78,9.72,82.0,WSW,10.78,15.29,1026.41,0.0,4.32,7.0,755.7,IMELBO1849.csv
2022/12/14,09:59 AM,13.17,9.78,80.0,SW,14.0,18.18,1026.41,0.0,4.32,7.0,733.5,IMELBO1849.csv
2022/12/14,10:04 AM,13.0,9.06,77.0,WSW,14.16,19.63,1026.41,0.0,4.32,6.0,714.0,IMELBO1849.csv
2022/12/14,10:09 AM,12.72,8.67,76.0,WSW,13.84,19.63,1026.75,0.0,4.32,3.0,339.6,IMELBO1849.csv
2022/12/14,10:14 AM,12.5,8.61,77.0,WSW,13.19,17.86,1026.75,0.0,4.32,2.0,258.5,IMELBO1849.csv
2022/12/14,10:19 AM,12.44,7.94,74.0,SSW,16.09,21.4,1026.41,0.0,4.32,8.0,879.7,IMELBO1849.csv
2022/12/14,10:24 AM,13.11,7.89,70.0,SW,14.0,18.18,1026.41,0.0,4.32,8.0,824.2,IMELBO1849.csv
2022/12/14,10:29 AM,13.56,8.39,71.0,WSW,8.85,13.03,1026.41,0.0,4.32,8.0,917.0,IMELBO1849.csv
2022/12/14,10:34 AM,13.39,9.17,76.0,SW,8.21,12.71,1026.75,0.0,4.32,4.0,445.1,IMELBO1849.csv
2022/12/14,10:39 AM,13.0,8.61,74.0,SW,8.69,12.39,1026.75,0.0,4.32,9.0,935.6,IMELBO1849.csv
2022/12/14,10:44 AM,13.28,7.89,70.0,SW,11.26,14.8,1026.75,0.0,4.32,3.0,322.2,IMELBO1849.csv
2022/12/14,10:49 AM,13.17,6.44,64.0,SW,14.96,22.04,1026.75,0.0,4.32,2.0,225.9,IMELBO1849.csv
2022/12/14,10:54 AM,13.17,5.83,61.0,SW,12.55,16.89,1026.41,0.0,4.32,7.0,787.7,IMELBO1849.csv
2022/12/14,10:59 AM,13.5,6.28,62.0,SW,9.81,14.16,1026.41,0.0,4.32,5.0,585.1,IMELBO1849.csv
2022/12/14,11:04 AM,13.56,6.22,61.0,SW,11.58,15.45,1026.75,0.0,4.32,2.0,280.6,IMELBO1849.csv
2022/12/14,11:09 AM,13.61,5.72,59.0,WSW,12.39,18.18,1026.41,0.0,4.32,7.0,752.1,IMELBO1849.csv
2022/12/14,11:14 AM,13.94,5.83,58.0,SW,13.19,18.18,1026.75,0.0,4.32,4.0,461.9,IMELBO1849.csv
2022/12/14,11:19 AM,13.83,6.0,59.0,SW,13.52,18.83,1026.75,0.0,4.32,4.0,475.4,IMELBO1849.csv
2022/12/14,11:24 AM,13.5,6.39,62.0,SW,15.77,20.92,1026.75,0.0,4.32,3.0,323.6,IMELBO1849.csv
2022/12/14,11:29 AM,13.33,6.94,65.0,SW,13.84,18.66,1026.75,0.0,4.32,3.0,383.4,IMELBO1849.csv
2022/12/14,11:34 AM,13.17,6.78,65.0,SW,14.32,18.66,1027.09,0.0,4.32,9.0,943.1,IMELBO1849.csv
2022/12/14,11:39 AM,13.78,6.83,63.0,SW,12.39,17.06,1026.75,0.0,4.32,9.0,999.0,IMELBO1849.csv
2022/12/14,11:44 AM,14.61,7.33,62.0,SW,15.45,21.24,1027.09,0.0,4.32,10.0,1041.9,IMELBO1849.csv
2022/12/14,11:49 AM,13.78,7.5,66.0,SSW,15.45,21.72,1027.09,0.0,4.32,5.0,615.5,IMELBO1849.csv
2022/12/14,11:54 AM,13.39,7.0,65.0,SW,15.61,20.76,1027.09,0.0,4.32,10.0,1113.5,IMELBO1849.csv
2022/12/14,11:59 AM,14.22,7.44,64.0,SSW,11.58,15.45,1027.09,0.0,4.32,10.0,1069.3,IMELBO1849.csv
2022/12/14,12:04 PM,14.56,6.56,59.0,SW,15.61,21.24,1027.09,0.0,4.32,9.0,1010.3,IMELBO1849.csv
2022/12/14,12:09 PM,14.61,6.33,58.0,SSW,13.84,18.34,1027.09,0.0,4.32,9.0,962.5,IMELBO1849.csv
2022/12/14,12:14 PM,14.61,6.56,59.0,SSW,13.03,17.86,1027.09,0.0,4.32,9.0,983.5,IMELBO1849.csv
2022/12/14,12:19 PM,15.22,6.94,58.0,SW,12.07,16.25,1027.09,0.0,4.32,10.0,1123.1,IMELBO1849.csv
2022/12/14,12:24 PM,15.28,6.94,58.0,SW,13.68,18.83,1027.09,0.0,4.32,7.0,721.4,IMELBO1849.csv
2022/12/14,12:29 PM,14.67,6.67,59.0,SW,15.77,22.04,1027.09,0.0,4.32,6.0,709.2,IMELBO1849.csv
2022/12/14,12:34 PM,13.78,7.94,68.0,SW,19.47,26.55,1027.09,0.0,4.32,3.0,338.8,IMELBO1849.csv
2022/12/14,12:39 PM,12.44,8.61,77.0,SW,13.35,17.86,1027.43,0.0,4.32,4.0,480.7,IMELBO1849.csv
2022/12/14,12:44 PM,12.44,8.22,75.0,SW,13.19,17.38,1027.43,0.0,4.32,5.0,536.1,IMELBO1849.csv
2022/12/14,12:49 PM,13.06,7.39,69.0,SW,10.94,14.96,1027.43,0.0,4.32,5.0,576.5,IMELBO1849.csv
2022/12/14,12:54 PM,13.78,7.39,65.0,SW,11.1,15.12,1027.43,0.0,4.32,8.0,891.5,IMELBO1849.csv
2022/12/14,12:59 PM,14.33,7.44,63.0,SW,10.94,14.96,1027.43,0.0,4.32,10.0,1088.4,IMELBO1849.csv
2022/12/14,01:04 PM,15.06,7.28,60.0,SW,10.14,16.09,1027.09,0.0,4.32,6.0,673.2,IMELBO1849.csv
2022/12/14,01:09 PM,14.72,7.22,61.0,SSW,16.57,22.69,1027.43,0.0,4.32,3.0,318.0,IMELBO1849.csv
2022/12/14,01:14 PM,13.28,7.17,67.0,SW,16.73,21.88,1027.43,0.0,4.32,3.0,339.6,IMELBO1849.csv
2022/12/14,01:19 PM,12.83,7.94,72.0,WSW,13.19,18.83,1027.43,0.0,4.32,6.0,648.0,IMELBO1849.csv
2022/12/14,01:24 PM,13.06,8.44,73.0,SW,11.91,15.61,1027.43,0.0,4.32,8.0,900.5,IMELBO1849.csv
2022/12/14,01:29 PM,13.72,8.39,70.0,SW,10.94,14.8,1027.43,0.0,4.32,5.0,556.1,IMELBO1849.csv
2022/12/14,01:34 PM,14.22,7.94,66.0,SSW,11.42,16.09,1027.43,0.0,4.32,9.0,993.4,IMELBO1849.csv
2022/12/14,01:39 PM,14.83,7.39,61.0,SW,14.16,19.47,1027.43,0.0,4.32,9.0,1017.7,IMELBO1849.csv
2022/12/14,01:44 PM,15.56,7.06,57.0,SW,14.48,18.83,1027.43,0.0,4.32,9.0,979.9,IMELBO1849.csv
2022/12/14,01:49 PM,15.33,6.94,57.0,SW,16.57,23.49,1027.43,0.0,4.32,9.0,1015.5,IMELBO1849.csv
2022/12/14,01:54 PM,15.33,7.0,58.0,SW,13.68,19.15,1027.09,0.0,4.32,7.0,757.4,IMELBO1849.csv
2022/12/14,01:59 PM,15.5,7.0,57.0,SW,14.32,19.47,1027.09,0.0,4.32,10.0,1124.9,IMELBO1849.csv
2022/12/14,02:04 PM,15.33,7.28,58.0,SW,13.03,18.18,1027.43,0.0,4.32,8.0,855.4,IMELBO1849.csv
2022/12/14,02:09 PM,14.61,7.89,64.0,SW,14.96,19.95,1027.43,0.0,4.32,6.0,668.0,IMELBO1849.csv
2022/12/14,02:14 PM,14.22,7.44,64.0,SW,13.03,17.86,1027.43,0.0,4.32,10.0,1126.6,IMELBO1849.csv
2022/12/14,02:19 PM,14.94,7.5,61.0,SW,12.55,17.38,1027.43,0.0,4.32,9.0,989.9,IMELBO1849.csv
2022/12/14,02:24 PM,15.39,8.67,64.0,SW,15.29,20.43,1027.43,1.78,4.57,9.0,1011.6,IMELBO1849.csv
2022/12/14,02:29 PM,13.67,9.83,78.0,SW,12.87,17.54,1027.77,1.78,4.57,8.0,890.6,IMELBO1849.csv
2022/12/14,02:34 PM,12.83,9.33,80.0,SW,10.3,14.32,1027.43,1.78,4.57,9.0,961.7,IMELBO1849.csv
2022/12/14,02:39 PM,13.5,8.67,73.0,SW,11.75,16.73,1027.77,0.0,4.57,9.0,985.5,IMELBO1849.csv
2022/12/14,02:44 PM,14.5,7.94,65.0,SW,12.07,16.41,1027.77,0.0,4.57,9.0,1018.1,IMELBO1849.csv
2022/12/14,02:49 PM,14.89,7.61,62.0,SSW,13.68,18.83,1027.43,0.0,4.57,9.0,1014.7,IMELBO1849.csv
2022/12/14,02:54 PM,15.33,7.67,60.0,SSW,13.52,19.79,1027.43,0.0,4.57,10.0,1105.8,IMELBO1849.csv
2022/12/14,02:59 PM,15.11,7.33,60.0,SSW,18.5,25.42,1027.77,0.0,4.57,11.0,1163.9,IMELBO1849.csv
2022/12/14,03:04 PM,14.61,6.61,59.0,SW,13.35,18.34,1027.77,0.0,4.57,3.0,341.3,IMELBO1849.csv
2022/12/14,03:09 PM,14.22,6.22,59.0,SW,16.57,22.53,1027.43,0.0,4.57,4.0,496.2,IMELBO1849.csv
2022/12/14,03:14 PM,14.61,6.22,57.0,SW,14.96,20.27,1027.43,0.0,4.57,9.0,1006.8,IMELBO1849.csv
2022/12/14,03:19 PM,15.17,6.72,57.0,SW,14.32,19.47,1027.43,0.0,4.57,5.0,611.7,IMELBO1849.csv
2022/12/14,03:24 PM,15.28,6.94,58.0,SSW,11.42,15.93,1027.43,0.0,4.57,9.0,968.2,IMELBO1849.csv
2022/12/14,03:29 PM,14.78,6.78,59.0,SSW,20.6,26.07,1027.43,0.0,4.57,6.0,628.9,IMELBO1849.csv
2022/12/14,03:34 PM,14.61,6.78,59.0,SSW,15.12,21.24,1027.77,0.0,4.57,9.0,978.2,IMELBO1849.csv
2022/12/14,03:39 PM,14.78,6.94,60.0,SW,15.77,20.92,1027.43,0.0,4.57,9.0,950.9,IMELBO1849.csv
2022/12/14,03:44 PM,15.17,6.72,57.0,SW,16.41,22.37,1027.77,0.0,4.57,9.0,946.5,IMELBO1849.csv
2022/12/14,03:49 PM,15.17,6.72,57.0,SW,12.71,17.38,1027.77,0.0,4.57,9.0,1002.0,IMELBO1849.csv
2022/12/14,03:54 PM,15.56,6.89,56.0,SW,17.06,21.88,1027.77,0.0,4.57,9.0,1007.3,IMELBO1849.csv
2022/12/14,03:59 PM,15.61,6.56,55.0,SSW,13.19,17.7,1027.43,0.0,4.57,8.0,923.5,IMELBO1849.csv
2022/12/14,04:04 PM,15.72,6.28,53.0,SW,17.86,25.42,1027.43,0.0,4.57,9.0,952.6,IMELBO1849.csv
2022/12/14,04:09 PM,15.06,5.94,55.0,SW,18.18,24.62,1027.77,0.0,4.57,9.0,1018.9,IMELBO1849.csv
2022/12/14,04:14 PM,15.28,6.44,56.0,SW,16.41,22.69,1027.77,0.0,4.57,10.0,1042.4,IMELBO1849.csv
2022/12/14,04:19 PM,15.33,6.17,54.0,SW,18.34,24.78,1027.77,0.0,4.57,9.0,943.5,IMELBO1849.csv
2022/12/14,04:24 PM,14.78,6.28,57.0,SW,16.57,23.01,1027.77,0.0,4.57,9.0,983.8,IMELBO1849.csv
2022/12/14,04:29 PM,15.06,5.94,54.0,SW,14.8,19.15,1027.77,0.0,4.57,8.0,841.5,IMELBO1849.csv
2022/12/14,04:34 PM,15.22,5.78,53.0,SW,15.93,22.37,1027.77,0.0,4.57,8.0,916.5,IMELBO1849.csv
2022/12/14,04:39 PM,15.39,5.94,53.0,SSW,17.06,22.69,1027.77,0.0,4.57,8.0,861.5,IMELBO1849.csv
2022/12/14,04:44 PM,14.89,5.61,54.0,SW,15.93,21.88,1027.77,0.0,4.57,7.0,797.8,IMELBO1849.csv
2022/12/14,04:49 PM,15.06,5.17,52.0,SW,14.96,20.11,1027.77,0.0,4.57,7.0,801.2,IMELBO1849.csv
2022/12/14,04:54 PM,15.44,5.28,51.0,SW,18.66,25.26,1027.77,0.0,4.57,7.0,766.4,IMELBO1849.csv
2022/12/14,04:59 PM,14.78,4.94,52.0,SSW,17.06,22.53,1027.77,0.0,4.57,7.0,809.5,IMELBO1849.csv
2022/12/14,05:04 PM,15.17,5.72,53.0,SW,14.8,20.43,1027.43,0.0,4.57,7.0,779.5,IMELBO1849.csv
2022/12/14,05:09 PM,15.39,5.83,53.0,SSW,13.52,19.63,1027.43,0.0,4.57,6.0,690.6,IMELBO1849.csv
2022/12/14,05:14 PM,15.11,6.17,55.0,SW,17.22,24.78,1027.43,0.0,4.57,6.0,695.4,IMELBO1849.csv
2022/12/14,05:19 PM,14.89,5.78,54.0,SW,17.7,24.94,1027.43,0.0,4.57,6.0,666.2,IMELBO1849.csv
2022/12/14,05:24 PM,15.22,5.72,53.0,SSW,15.93,21.88,1027.43,0.0,4.57,6.0,669.8,IMELBO1849.csv
2022/12/14,05:29 PM,15.33,5.94,54.0,SSW,16.73,22.04,1027.77,0.0,4.57,6.0,676.3,IMELBO1849.csv
2022/12/14,05:34 PM,15.11,6.17,55.0,West,15.45,20.43,1027.43,0.0,4.57,6.0,620.2,IMELBO1849.csv
2022/12/14,05:39 PM,14.67,5.83,55.0,SW,16.89,22.04,1027.77,0.0,4.57,5.0,552.6,IMELBO1849.csv
2022/12/14,05:44 PM,14.89,5.83,55.0,SW,17.38,23.01,1027.77,0.0,4.57,5.0,563.8,IMELBO1849.csv
2022/12/14,05:49 PM,14.94,6.39,57.0,SW,16.09,20.27,1027.77,0.0,4.57,5.0,538.8,IMELBO1849.csv
2022/12/14,05:54 PM,14.61,6.44,58.0,SW,13.68,18.34,1028.11,0.0,4.57,4.0,475.4,IMELBO1849.csv
2022/12/14,05:59 PM,14.56,6.33,58.0,SSW,17.7,23.49,1027.77,0.0,4.57,4.0,412.5,IMELBO1849.csv
2022/12/14,06:04 PM,14.67,6.0,56.0,SSW,15.29,20.6,1028.11,0.0,4.57,3.0,373.0,IMELBO1849.csv
2022/12/14,06:09 PM,14.78,5.89,55.0,SW,13.68,18.66,1028.11,0.0,4.57,3.0,337.9,IMELBO1849.csv
2022/12/14,06:14 PM,14.78,6.11,56.0,SW,13.35,18.18,1028.11,0.0,4.57,3.0,346.6,IMELBO1849.csv
2022/12/14,06:19 PM,14.78,5.72,55.0,SW,14.32,20.43,1028.11,0.0,4.57,3.0,338.8,IMELBO1849.csv
2022/12/14,06:24 PM,14.5,5.78,56.0,SSW,15.45,21.08,1028.11,0.0,4.57,3.0,314.0,IMELBO1849.csv
2022/12/14,06:29 PM,14.06,5.94,58.0,SW,16.73,22.2,1028.11,0.0,4.57,2.0,304.9,IMELBO1849.csv
2022/12/14,06:34 PM,14.17,6.22,59.0,SW,16.09,22.04,1028.11,0.0,4.57,3.0,307.1,IMELBO1849.csv
2022/12/14,06:39 PM,14.06,6.11,59.0,SW,16.57,21.88,1028.11,0.0,4.57,2.0,301.0,IMELBO1849.csv
2022/12/14,06:44 PM,14.33,6.22,58.0,SW,13.19,18.18,1028.11,0.0,4.57,3.0,333.1,IMELBO1849.csv
2022/12/14,06:49 PM,14.06,6.89,62.0,SW,15.93,21.4,1028.45,0.0,4.57,2.0,254.6,IMELBO1849.csv
2022/12/14,06:54 PM,13.83,6.89,63.0,SSW,14.0,19.31,1028.45,0.0,4.57,2.0,233.8,IMELBO1849.csv
2022/12/14,06:59 PM,13.72,6.61,62.0,SSW,18.02,23.01,1028.45,0.0,4.57,2.0,209.4,IMELBO1849.csv
2022/12/14,07:04 PM,13.5,6.44,62.0,SW,14.64,19.95,1028.45,0.0,4.57,1.0,150.0,IMELBO1849.csv
2022/12/14,07:09 PM,13.33,6.56,63.0,SW,14.16,19.79,1028.45,0.0,4.57,0.0,71.9,IMELBO1849.csv
2022/12/14,07:14 PM,13.28,6.17,62.0,SW,13.68,18.02,1028.78,0.0,4.57,0.0,73.7,IMELBO1849.csv
2022/12/14,07:19 PM,13.33,5.5,59.0,SW,15.61,20.6,1028.78,0.0,4.57,0.0,82.0,IMELBO1849.csv
2022/12/14,07:24 PM,13.33,5.56,59.0,SW,14.48,19.79,1028.45,0.0,4.57,0.0,80.3,IMELBO1849.csv
2022/12/14,07:29 PM,13.22,5.78,61.0,SW,14.8,20.27,1028.45,0.0,4.57,0.0,69.4,IMELBO1849.csv
2022/12/14,07:34 PM,13.17,5.89,61.0,SW,13.84,18.83,1028.78,0.0,4.57,0.0,70.7,IMELBO1849.csv
2022/12/14,07:39 PM,13.28,6.28,63.0,SW,13.35,18.18,1028.78,0.0,4.57,0.0,77.2,IMELBO1849.csv
2022/12/14,07:44 PM,13.17,7.39,68.0,SSW,11.1,14.96,1028.78,0.0,4.57,0.0,79.3,IMELBO1849.csv
2022/12/14,07:49 PM,12.78,7.44,70.0,SSW,14.8,19.63,1028.78,0.0,4.57,0.0,53.7,IMELBO1849.csv
2022/12/14,07:54 PM,12.33,8.06,75.0,SSW,10.94,15.45,1028.78,1.27,4.83,0.0,51.1,IMELBO1849.csv
2022/12/14,07:59 PM,11.89,8.56,80.0,SW,9.98,14.48,1028.78,1.27,4.83,0.0,30.3,IMELBO1849.csv
2022/12/14,08:04 PM,11.61,8.39,81.0,SSW,9.33,12.23,1028.78,1.27,4.83,0.0,32.9,IMELBO1849.csv
2022/12/14,08:09 PM,11.61,8.28,80.0,SSW,9.65,13.03,1028.78,0.0,4.83,0.0,24.2,IMELBO1849.csv
2022/12/14,08:14 PM,11.67,7.33,75.0,SW,10.78,14.96,1028.78,0.0,4.83,0.0,22.9,IMELBO1849.csv
2022/12/14,08:19 PM,11.94,6.83,71.0,SW,10.3,14.32,1028.78,0.0,4.83,0.0,15.5,IMELBO1849.csv
2022/12/14,08:24 PM,11.89,6.78,71.0,SW,11.42,14.8,1028.78,0.0,4.83,0.0,12.5,IMELBO1849.csv
2022/12/14,08:29 PM,11.89,6.78,71.0,SW,9.65,13.84,1028.78,0.0,4.83,0.0,8.2,IMELBO1849.csv
2022/12/14,08:34 PM,11.83,6.72,71.0,SW,9.65,13.35,1028.78,0.0,4.83,0.0,5.6,IMELBO1849.csv
2022/12/14,08:39 PM,11.83,6.5,70.0,SW,10.46,13.84,1028.78,0.0,4.83,0.0,2.6,IMELBO1849.csv
2022/12/14,08:44 PM,11.89,6.33,69.0,SW,11.26,14.96,1028.78,0.0,4.83,0.0,1.2,IMELBO1849.csv
2022/12/14,08:49 PM,12.0,6.28,68.0,SW,11.58,15.45,1028.78,0.0,4.83,0.0,0.0,IMELBO1849.csv
2022/12/14,08:54 PM,12.0,6.39,69.0,SW,9.17,12.87,1028.78,0.0,4.83,0.0,0.0,IMELBO1849.csv
2022/12/14,08:59 PM,12.0,6.5,69.0,WSW,10.94,14.64,1028.78,0.0,4.83,0.0,0.0,IMELBO1849.csv
2022/12/14,09:04 PM,12.0,6.5,69.0,SW,10.3,13.68,1028.78,0.0,4.83,0.0,0.0,IMELBO1849.csv
2022/12/14,09:09 PM,11.94,6.78,71.0,SW,9.65,12.87,1028.78,0.0,4.83,0.0,0.0,IMELBO1849.csv
2022/12/14,09:14 PM,11.72,6.78,72.0,WSW,11.26,15.77,1028.78,0.0,4.83,0.0,0.0,IMELBO1849.csv
2022/12/14,09:19 PM,11.72,6.78,72.0,SW,9.98,13.35,1028.78,0.0,4.83,0.0,0.0,IMELBO1849.csv
2022/12/14,09:24 PM,11.72,6.78,72.0,SW,10.46,14.64,1028.78,0.0,4.83,0.0,0.0,IMELBO1849.csv
2022/12/14,09:29 PM,11.61,6.83,73.0,SW,11.75,14.16,1028.78,0.0,4.83,0.0,0.0,IMELBO1849.csv
2022/12/14,09:34 PM,11.61,6.89,73.0,SW,9.49,12.39,1028.78,0.0,4.83,0.0,0.0,IMELBO1849.csv
2022/12/14,09:39 PM,11.56,7.17,75.0,SW,8.85,12.55,1028.78,0.0,4.83,0.0,0.0,IMELBO1849.csv
2022/12/14,09:44 PM,11.5,7.22,75.0,SW,6.92,9.49,1028.78,0.0,4.83,0.0,0.0,IMELBO1849.csv
2022/12/14,09:49 PM,11.39,7.17,75.0,SW,8.37,11.58,1028.78,0.0,4.83,0.0,0.0,IMELBO1849.csv
2022/12/14,09:54 PM,11.5,7.22,75.0,SW,8.37,10.94,1029.12,0.0,4.83,0.0,0.0,IMELBO1849.csv
2022/12/14,09:59 PM,11.5,7.22,75.0,SW,8.85,11.91,1029.12,0.0,4.83,0.0,0.0,IMELBO1849.csv
2022/12/14,10:04 PM,11.44,7.28,76.0,SW,9.65,13.35,1029.12,0.0,4.83,0.0,0.0,IMELBO1849.csv
2022/12/14,10:09 PM,11.33,7.44,77.0,SW,6.44,9.01,1029.46,0.0,4.83,0.0,0.0,IMELBO1849.csv
2022/12/14,10:14 PM,11.28,7.39,77.0,SW,7.4,10.14,1029.12,0.0,4.83,0.0,0.0,IMELBO1849.csv
2022/12/14,10:19 PM,11.28,7.33,77.0,SW,7.56,10.3,1029.12,0.0,4.83,0.0,0.0,IMELBO1849.csv
2022/12/14,10:24 PM,11.28,7.39,77.0,WSW,5.79,7.88,1029.12,0.0,4.83,0.0,0.0,IMELBO1849.csv
2022/12/14,10:29 PM,11.28,7.5,78.0,WSW,4.67,6.76,1029.46,0.0,4.83,0.0,0.0,IMELBO1849.csv
2022/12/14,10:34 PM,11.17,7.56,79.0,SW,5.47,7.4,1029.46,0.0,4.83,0.0,0.0,IMELBO1849.csv
2022/12/14,10:39 PM,11.11,7.61,79.0,SW,5.47,7.56,1029.46,0.0,4.83,0.0,0.0,IMELBO1849.csv
2022/12/14,10:44 PM,11.06,7.72,80.0,SW,4.34,6.11,1029.46,0.0,4.83,0.0,0.0,IMELBO1849.csv
2022/12/14,10:49 PM,10.89,7.78,81.0,SW,4.51,5.95,1029.46,0.0,4.83,0.0,0.0,IMELBO1849.csv
2022/12/14,10:54 PM,10.89,7.94,82.0,SW,3.7,4.99,1029.46,0.0,4.83,0.0,0.0,IMELBO1849.csv
2022/12/14,10:59 PM,10.78,7.94,83.0,SW,5.31,7.56,1029.46,1.78,5.08,0.0,0.0,IMELBO1849.csv
2022/12/14,11:04 PM,10.72,7.72,82.0,SSW,6.44,8.69,1029.46,1.78,5.08,0.0,0.0,IMELBO1849.csv
2022/12/14,11:09 PM,10.67,7.67,82.0,SW,5.95,7.88,1029.46,1.78,5.08,0.0,0.0,IMELBO1849.csv
2022/12/14,11:14 PM,10.72,7.61,81.0,SW,4.83,6.44,1029.12,0.0,5.08,0.0,0.0,IMELBO1849.csv
2022/12/14,11:19 PM,10.78,7.78,82.0,West,2.57,3.86,1029.12,0.0,5.08,0.0,0.0,IMELBO1849.csv
2022/12/14,11:24 PM,10.61,7.78,83.0,SW,3.22,4.34,1029.12,0.0,5.08,0.0,0.0,IMELBO1849.csv
2022/12/14,11:29 PM,10.5,7.67,83.0,SW,3.86,4.99,1029.12,0.0,5.08,0.0,0.0,IMELBO1849.csv
2022/12/14,11:34 PM,10.61,7.72,82.0,SW,4.18,5.63,1029.12,0.0,5.08,0.0,0.0,IMELBO1849.csv
2022/12/14,11:39 PM,10.67,7.39,80.0,WSW,5.79,7.88,1029.12,0.0,5.08,0.0,0.0,IMELBO1849.csv
2022/12/14,11:44 PM,10.89,7.33,79.0,SW,6.44,8.53,1029.46,0.0,5.08,0.0,0.0,IMELBO1849.csv
2022/12/14,11:49 PM,11.0,7.28,78.0,SW,4.34,6.11,1029.46,0.0,5.08,0.0,0.0,IMELBO1849.csv
2022/12/14,11:54 PM,11.0,7.22,78.0,SW,7.24,10.14,1029.12,0.0,5.08,0.0,0.0,IMELBO1849.csv
2022/12/14,11:59 PM,11.28,6.94,75.0,SW,9.01,12.39,1029.12,0.0,5.08,0.0,0.0,IMELBO1849.csv
2022/12/15,12:04 AM,11.44,7.0,74.0,SW,6.76,9.33,1029.12,0.0,0.0,0.0,0.0,IMELBO1849.csv
2022/12/15,12:09 AM,11.44,6.94,74.0,SW,9.01,12.71,1029.12,0.0,0.0,0.0,0.0,IMELBO1849.csv
2022/12/15,12:14 AM,11.5,6.78,73.0,SW,7.08,9.33,1028.78,0.0,0.0,0.0,0.0,IMELBO1849.csv
2022/12/15,12:19 AM,11.56,6.72,72.0,SSW,11.26,15.12,1028.78,0.0,0.0,0.0,0.0,IMELBO1849.csv
2022/12/15,12:24 AM,11.61,6.72,72.0,SW,6.76,9.49,1028.78,0.0,0.0,0.0,0.0,IMELBO1849.csv
2022/12/15,12:29 AM,11.56,6.78,73.0,SW,6.11,7.4,1028.78,0.0,0.0,0.0,0.0,IMELBO1849.csv
2022/12/15,12:34 AM,11.56,6.67,72.0,SW,9.98,14.0,1028.78,0.0,0.0,0.0,0.0,IMELBO1849.csv
2022/12/15,12:39 AM,11.61,6.78,73.0,SW,9.81,13.52,1028.78,0.0,0.0,0.0,0.0,IMELBO1849.csv
2022/12/15,12:44 AM,11.17,7.5,78.0,SSW,9.81,13.19,1029.12,0.0,0.0,0.0,0.0,IMELBO1849.csv
2022/12/15,12:49 AM,10.61,7.83,83.0,SSW,7.56,10.94,1029.12,1.27,0.25,0.0,0.0,IMELBO1849.csv
2022/12/15,12:54 AM,10.28,7.83,85.0,SSW,6.11,8.37,1029.12,3.05,0.51,0.0,0.0,IMELBO1849.csv
2022/12/15,12:59 AM,10.06,7.78,86.0,SW,6.92,9.49,1028.78,3.05,0.51,0.0,0.0,IMELBO1849.csv
2022/12/15,01:04 AM,10.0,7.78,86.0,SW,4.99,6.28,1028.78,1.78,0.51,0.0,0.0,IMELBO1849.csv
2022/12/15,01:09 AM,10.06,7.83,86.0,SW,5.47,7.24,1028.78,0.0,0.51,0.0,0.0,IMELBO1849.csv
2022/12/15,01:14 AM,10.17,7.78,85.0,SW,7.24,9.65,1028.78,0.0,0.51,0.0,0.0,IMELBO1849.csv
2022/12/15,01:19 AM,10.39,7.72,83.0,SW,4.67,6.28,1028.78,0.0,0.51,0.0,0.0,IMELBO1849.csv
2022/12/15,01:24 AM,10.56,7.61,82.0,SSW,7.4,10.3,1028.78,0.0,0.51,0.0,0.0,IMELBO1849.csv
2022/12/15,01:29 AM,10.72,7.28,79.0,SW,10.62,14.48,1028.45,0.0,0.51,0.0,0.0,IMELBO1849.csv
2022/12/15,01:34 AM,10.94,7.11,77.0,SW,7.4,10.14,1028.45,0.0,0.51,0.0,0.0,IMELBO1849.csv
2022/12/15,01:39 AM,10.94,7.11,77.0,SW,9.01,12.23,1028.45,0.0,0.51,0.0,0.0,IMELBO1849.csv
2022/12/15,01:44 AM,11.0,7.22,78.0,SW,7.56,9.98,1028.45,0.0,0.51,0.0,0.0,IMELBO1849.csv
2022/12/15,01:49 AM,11.0,7.28,78.0,SW,8.53,11.75,1028.45,0.0,0.51,0.0,0.0,IMELBO1849.csv
2022/12/15,01:54 AM,11.0,7.39,79.0,SW,8.37,11.1,1028.45,0.0,0.51,0.0,0.0,IMELBO1849.csv
2022/12/15,01:59 AM,10.94,7.5,79.0,SW,6.76,9.81,1028.45,0.0,0.51,0.0,0.0,IMELBO1849.csv
2022/12/15,02:04 AM,10.89,7.44,79.0,SW,9.65,12.39,1028.45,0.0,0.51,0.0,0.0,IMELBO1849.csv
2022/12/15,02:09 AM,11.0,7.5,79.0,SW,8.37,11.1,1028.11,0.0,0.51,0.0,0.0,IMELBO1849.csv
2022/12/15,02:14 AM,10.94,7.67,80.0,SW,10.62,15.61,1028.45,0.0,0.51,0.0,0.0,IMELBO1849.csv
2022/12/15,02:19 AM,10.78,7.5,80.0,SW,8.85,13.19,1028.45,0.0,0.51,0.0,0.0,IMELBO1849.csv
2022/12/15,02:24 AM,10.67,7.56,81.0,SW,7.4,10.94,1028.11,0.0,0.51,0.0,0.0,IMELBO1849.csv
2022/12/15,02:29 AM,10.61,7.72,82.0,WSW,4.18,6.28,1028.11,0.0,0.51,0.0,0.0,IMELBO1849.csv
2022/12/15,02:34 AM,10.39,7.67,83.0,SW,1.45,2.57,1028.11,0.0,0.51,0.0,0.0,IMELBO1849.csv
2022/12/15,02:39 AM,10.22,7.67,85.0,WSW,1.61,2.57,1028.11,0.0,0.51,0.0,0.0,IMELBO1849.csv
2022/12/15,02:44 AM,9.94,7.56,85.0,SW,3.06,4.83,1028.11,0.0,0.51,0.0,0.0,IMELBO1849.csv
2022/12/15,02:49 AM,9.78,7.39,85.0,WSW,3.06,4.51,1028.11,0.0,0.51,0.0,0.0,IMELBO1849.csv
2022/12/15,02:54 AM,9.89,7.5,85.0,West,2.74,4.18,1027.77,0.0,0.51,0.0,0.0,IMELBO1849.csv
2022/12/15,02:59 AM,9.94,7.56,85.0,WSW,3.06,4.99,1027.77,0.0,0.51,0.0,0.0,IMELBO1849.csv
2022/12/15,03:04 AM,10.0,7.61,85.0,West,2.74,4.18,1027.77,0.0,0.51,0.0,0.0,IMELBO1849.csv
2022/12/15,03:09 AM,9.94,7.61,85.0,WSW,3.54,5.47,1027.77,0.0,0.51,0.0,0.0,IMELBO1849.csv
2022/12/15,03:14 AM,9.89,7.72,86.0,SW,4.02,5.31,1027.43,0.0,0.51,0.0,0.0,IMELBO1849.csv
2022/12/15,03:19 AM,9.89,7.72,86.0,WSW,3.54,5.15,1027.43,0.0,0.51,0.0,0.0,IMELBO1849.csv
2022/12/15,03:24 AM,9.89,7.72,86.0,WSW,4.83,6.6,1027.43,0.0,0.51,0.0,0.0,IMELBO1849.csv
2022/12/15,03:29 AM,9.94,7.72,86.0,SW,5.15,6.92,1027.43,0.0,0.51,0.0,0.0,IMELBO1849.csv
2022/12/15,03:34 AM,10.0,7.78,86.0,WSW,3.86,5.47,1027.43,0.0,0.51,0.0,0.0,IMELBO1849.csv
2022/12/15,03:39 AM,10.06,7.78,86.0,SW,5.47,7.56,1027.43,0.0,0.51,0.0,0.0,IMELBO1849.csv
2022/12/15,03:44 AM,10.22,7.78,85.0,SW,5.31,7.4,1027.43,0.0,0.51,0.0,0.0,IMELBO1849.csv
2022/12/15,03:49 AM,10.33,7.83,85.0,SW,7.08,9.98,1027.09,0.0,0.51,0.0,0.0,IMELBO1849.csv
2022/12/15,03:54 AM,10.67,7.78,82.0,SW,8.21,11.58,1027.43,0.0,0.51,0.0,0.0,IMELBO1849.csv
2022/12/15,03:59 AM,10.89,7.72,81.0,SW,8.69,12.23,1027.09,0.0,0.51,0.0,0.0,IMELBO1849.csv
2022/12/15,04:04 AM,11.06,7.72,80.0,SW,8.21,10.46,1027.43,0.0,0.51,0.0,0.0,IMELBO1849.csv
2022/12/15,04:09 AM,11.06,7.78,80.0,WSW,6.44,9.65,1027.43,0.0,0.51,0.0,0.0,IMELBO1849.csv
2022/12/15,04:14 AM,11.0,7.72,80.0,SW,6.28,9.17,1027.43,0.0,0.51,0.0,0.0,IMELBO1849.csv
2022/12/15,04:19 AM,11.11,7.67,79.0,SW,6.76,10.14,1027.43,0.0,0.51,0.0,0.0,IMELBO1849.csv
2022/12/15,04:24 AM,10.94,7.83,81.0,WSW,4.02,5.95,1027.43,0.0,0.51,0.0,0.0,IMELBO1849.csv
2022/12/15,04:29 AM,10.44,7.78,84.0,SW,3.54,4.99,1027.43,0.0,0.51,0.0,0.0,IMELBO1849.csv
2022/12/15,04:34 AM,10.17,7.78,85.0,SW,3.86,5.15,1027.43,0.0,0.51,0.0,0.0,IMELBO1849.csv
2022/12/15,04:39 AM,10.11,7.89,86.0,WSW,3.38,4.67,1027.09,0.0,0.51,0.0,0.0,IMELBO1849.csv
2022/12/15,04:44 AM,10.22,7.83,85.0,SW,4.34,5.63,1027.43,0.0,0.51,0.0,0.0,IMELBO1849.csv
2022/12/15,04:49 AM,10.28,7.78,85.0,SW,4.18,5.47,1027.43,0.0,0.51,0.0,0.0,IMELBO1849.csv
2022/12/15,04:54 AM,10.39,7.78,84.0,SW,2.9,4.34,1027.43,0.0,0.51,0.0,0.0,IMELBO1849.csv
2022/12/15,04:59 AM,10.28,7.72,84.0,SW,3.38,4.34,1027.43,0.0,0.51,0.0,0.0,IMELBO1849.csv
2022/12/15,05:04 AM,10.22,7.78,85.0,WSW,3.54,5.15,1027.43,0.0,0.51,0.0,0.0,IMELBO1849.csv
2022/12/15,05:09 AM,10.11,7.72,85.0,WSW,2.41,3.54,1027.43,0.0,0.51,0.0,0.0,IMELBO1849.csv
2022/12/15,05:14 AM,10.0,7.61,85.0,WSW,2.41,3.38,1027.43,0.0,0.51,0.0,0.0,IMELBO1849.csv
2022/12/15,05:19 AM,10.11,7.72,85.0,WSW,2.9,4.51,1027.43,0.0,0.51,0.0,0.0,IMELBO1849.csv
2022/12/15,05:24 AM,10.22,7.78,85.0,SW,3.7,5.95,1027.43,0.0,0.51,0.0,0.0,IMELBO1849.csv
2022/12/15,05:29 AM,10.56,7.72,83.0,SW,8.21,11.26,1027.43,0.0,0.51,0.0,0.0,IMELBO1849.csv
2022/12/15,05:34 AM,11.17,7.83,80.0,WSW,8.21,11.91,1027.09,0.0,0.51,0.0,0.0,IMELBO1849.csv
2022/12/15,05:39 AM,11.22,7.89,80.0,WSW,6.76,9.17,1027.43,0.0,0.51,0.0,0.0,IMELBO1849.csv
2022/12/15,05:44 AM,11.22,7.89,80.0,SW,6.44,9.17,1027.43,0.0,0.51,0.0,0.0,IMELBO1849.csv
2022/12/15,05:49 AM,11.22,7.89,80.0,SW,8.53,11.1,1027.43,0.0,0.51,0.0,0.0,IMELBO1849.csv
2022/12/15,05:54 AM,11.17,8.11,82.0,SSW,8.21,11.75,1027.77,0.0,0.51,0.0,0.0,IMELBO1849.csv
2022/12/15,05:59 AM,10.83,8.33,85.0,SSW,7.72,10.62,1027.77,1.27,0.76,0.0,0.4,IMELBO1849.csv
2022/12/15,06:04 AM,10.72,8.56,86.0,SW,9.17,11.91,1027.77,1.27,0.76,0.0,0.9,IMELBO1849.csv
2022/12/15,06:09 AM,10.61,8.56,88.0,SW,9.17,12.55,1027.77,1.27,0.76,0.0,2.9,IMELBO1849.csv
2022/12/15,06:14 AM,10.56,8.72,89.0,SW,6.92,9.65,1027.77,1.78,1.02,0.0,2.6,IMELBO1849.csv
2022/12/15,06:19 AM,10.44,8.78,90.0,SW,9.01,11.58,1027.77,3.05,1.27,0.0,5.1,IMELBO1849.csv
2022/12/15,06:24 AM,10.17,8.56,90.0,SW,8.53,11.58,1027.77,4.83,1.52,0.0,7.7,IMELBO1849.csv
2022/12/15,06:29 AM,9.83,8.28,90.0,SW,10.3,13.52,1028.11,3.56,1.78,0.0,6.9,IMELBO1849.csv
2022/12/15,06:34 AM,9.78,8.22,90.0,SW,7.56,10.14,1028.11,3.56,1.78,0.0,11.6,IMELBO1849.csv
2022/12/15,06:39 AM,9.83,8.44,91.0,SW,6.6,8.53,1028.11,3.05,2.29,0.0,22.0,IMELBO1849.csv
2022/12/15,06:44 AM,9.89,8.5,91.0,SW,7.24,9.65,1028.11,3.05,2.29,0.0,22.9,IMELBO1849.csv
2022/12/15,06:49 AM,9.83,8.44,91.0,SW,6.92,9.17,1028.11,3.05,2.54,0.0,14.3,IMELBO1849.csv
2022/12/15,06:54 AM,9.89,8.67,92.0,SW,5.79,8.21,1028.11,4.32,3.05,0.0,15.5,IMELBO1849.csv
2022/12/15,06:59 AM,10.0,8.78,92.0,WSW,5.79,8.69,1028.11,7.87,3.81,0.0,24.2,IMELBO1849.csv
2022/12/15,07:04 AM,10.11,8.94,93.0,WSW,4.34,6.28,1028.11,7.87,3.81,0.0,94.6,IMELBO1849.csv
2022/12/15,07:09 AM,10.17,9.06,93.0,WSW,5.63,8.37,1028.11,4.83,3.81,0.0,94.6,IMELBO1849.csv
2022/12/15,07:14 AM,10.28,9.17,93.0,SW,3.86,5.63,1028.11,0.0,3.81,0.0,81.1,IMELBO1849.csv
2022/12/15,07:19 AM,10.28,9.17,93.0,SW,2.74,4.18,1028.45,0.0,3.81,0.0,75.8,IMELBO1849.csv
2022/12/15,07:24 AM,10.22,9.11,93.0,WSW,2.57,3.86,1028.45,0.0,3.81,0.0,54.6,IMELBO1849.csv
2022/12/15,07:29 AM,9.94,8.83,93.0,SW,3.22,4.83,1028.45,0.0,3.81,0.0,47.7,IMELBO1849.csv
2022/12/15,07:34 AM,10.0,8.89,93.0,WSW,2.09,3.54,1028.78,0.0,3.81,0.0,35.5,IMELBO1849.csv
2022/12/15,07:39 AM,10.0,8.89,93.0,WSW,2.41,3.54,1028.78,0.0,3.81,0.0,43.3,IMELBO1849.csv
2022/12/15,07:44 AM,10.17,9.06,93.0,WSW,3.7,5.63,1028.78,0.0,3.81,0.0,51.1,IMELBO1849.csv
2022/12/15,07:49 AM,10.5,9.39,93.0,SW,7.56,10.78,1028.78,0.0,3.81,0.0,39.4,IMELBO1849.csv
2022/12/15,07:54 AM,10.67,9.44,92.0,SW,6.76,9.17,1028.78,0.0,3.81,0.0,29.9,IMELBO1849.csv
2022/12/15,07:59 AM,10.78,9.56,92.0,SE,4.02,6.11,1029.12,1.27,4.06,0.0,23.9,IMELBO1849.csv
2022/12/15,08:04 AM,10.89,9.72,92.0,SSE,3.86,5.63,1029.12,6.1,4.83,0.0,14.3,IMELBO1849.csv
2022/12/15,08:09 AM,10.78,9.5,91.0,ESE,4.51,6.76,1029.46,21.08,7.37,0.0,32.9,IMELBO1849.csv
2022/12/15,08:14 AM,10.06,8.67,91.0,SE,3.06,4.83,1029.46,21.59,7.87,0.0,78.4,IMELBO1849.csv
2022/12/15,08:19 AM,10.06,8.67,91.0,South,3.38,4.99,1029.46,18.54,7.87,1.0,153.0,IMELBO1849.csv
2022/12/15,08:24 AM,10.17,8.78,91.0,SSE,2.74,4.18,1029.46,3.56,7.87,2.0,223.8,IMELBO1849.csv
2022/12/15,08:29 AM,10.44,8.94,91.0,SSW,2.25,3.22,1029.46,0.0,7.87,2.0,247.2,IMELBO1849.csv
2022/12/15,08:34 AM,10.61,8.94,90.0,South,3.06,4.02,1029.46,0.0,7.87,1.0,164.8,IMELBO1849.csv
2022/12/15,08:39 AM,10.56,8.78,89.0,South,2.57,3.54,1029.12,0.0,7.87,1.0,159.5,IMELBO1849.csv
2022/12/15,08:44 AM,10.61,8.67,88.0,SSW,3.06,4.18,1029.46,0.0,7.87,1.0,171.8,IMELBO1849.csv
2022/12/15,08:49 AM,11.0,9.0,88.0,SW,2.74,3.7,1029.46,0.0,7.87,1.0,169.1,IMELBO1849.csv
2022/12/15,08:54 AM,11.39,9.56,89.0,SW,2.09,2.74,1029.12,0.0,7.87,3.0,374.4,IMELBO1849.csv
2022/12/15,08:59 AM,11.56,9.5,88.0,SSW,4.02,4.83,1029.12,0.0,7.87,4.0,436.7,IMELBO1849.csv
2022/12/15,09:04 AM,11.72,9.72,88.0,SSW,2.74,3.7,1029.46,0.0,7.87,3.0,307.5,IMELBO1849.csv
2022/12/15,09:09 AM,12.0,9.89,87.0,SSW,3.06,4.02,1029.46,0.0,7.87,2.0,273.3,IMELBO1849.csv
2022/12/15,09:14 AM,12.11,9.94,87.0,SW,3.22,4.34,1029.8,0.0,7.87,2.0,250.3,IMELBO1849.csv
2022/12/15,09:19 AM,12.22,10.0,86.0,South,2.9,4.51,1029.8,0.0,7.87,1.0,182.1,IMELBO1849.csv
2022/12/15,09:24 AM,12.22,9.5,83.0,South,3.7,5.31,1029.46,0.0,7.87,1.0,161.7,IMELBO1849.csv
2022/12/15,09:29 AM,12.22,8.83,80.0,South,7.08,10.14,1029.46,0.0,7.87,1.0,142.6,IMELBO1849.csv
2022/12/15,09:34 AM,12.22,8.33,77.0,SSW,6.92,10.14,1029.8,0.0,7.87,1.0,161.7,IMELBO1849.csv
2022/12/15,09:39 AM,12.39,8.5,77.0,South,6.44,9.17,1029.8,0.0,7.87,2.0,216.4,IMELBO1849.csv
2022/12/15,09:44 AM,12.56,8.44,76.0,SSW,8.37,10.94,1029.8,0.0,7.87,2.0,221.2,IMELBO1849.csv
2022/12/15,09:49 AM,12.61,8.11,74.0,SSW,7.24,10.46,1029.8,0.0,7.87,1.0,178.2,IMELBO1849.csv
2022/12/15,09:54 AM,12.61,8.11,74.0,South,5.79,7.88,1029.8,0.0,7.87,1.0,129.7,IMELBO1849.csv
2022/12/15,09:59 AM,12.56,8.22,75.0,South,6.44,8.69,1029.8,0.0,7.87,0.0,90.7,IMELBO1849.csv
2022/12/15,10:04 AM,12.44,8.78,78.0,SW,8.37,11.26,1029.8,0.0,7.87,0.0,53.7,IMELBO1849.csv
2022/12/15,10:09 AM,11.89,9.5,85.0,SSW,9.98,14.16,1029.8,0.0,7.87,0.0,66.3,IMELBO1849.csv
2022/12/15,10:14 AM,11.22,9.22,88.0,SW,8.69,11.58,1029.8,1.27,8.13,0.0,97.1,IMELBO1849.csv
2022/12/15,10:19 AM,11.22,9.22,88.0,SSW,7.88,10.78,1029.8,1.27,8.13,0.0,94.1,IMELBO1849.csv
2022/12/15,10:24 AM,11.17,9.22,88.0,SSW,6.92,9.01,1029.8,1.27,8.13,1.0,153.5,IMELBO1849.csv
2022/12/15,10:29 AM,11.39,9.61,89.0,SSW,5.15,6.92,1029.8,0.0,8.13,1.0,175.7,IMELBO1849.csv
2022/12/15,10:34 AM,11.61,9.61,88.0,SSW,7.24,9.65,1029.8,0.0,8.13,1.0,167.4,IMELBO1849.csv
2022/12/15,10:39 AM,11.83,9.56,86.0,SW,7.88,11.1,1029.46,0.0,8.13,1.0,140.4,IMELBO1849.csv
2022/12/15,10:44 AM,12.06,9.11,82.0,SSW,9.81,13.03,1029.8,0.0,8.13,1.0,167.9,IMELBO1849.csv
2022/12/15,10:49 AM,12.33,8.94,80.0,South,6.92,10.3,1029.8,0.0,8.13,1.0,153.5,IMELBO1849.csv
2022/12/15,10:54 AM,12.5,9.06,80.0,SSW,7.88,11.1,1029.46,0.0,8.13,1.0,103.6,IMELBO1849.csv
2022/12/15,10:59 AM,12.33,8.39,77.0,SSW,12.39,17.22,1029.8,0.0,8.13,1.0,144.0,IMELBO1849.csv
2022/12/15,11:04 AM,12.22,8.22,77.0,SW,10.78,14.64,1029.46,0.0,8.13,1.0,132.2,IMELBO1849.csv
2022/12/15,11:09 AM,12.22,8.17,76.0,SSW,9.01,12.07,1029.8,0.0,8.13,1.0,184.7,IMELBO1849.csv
2022/12/15,11:14 AM,12.44,7.94,74.0,SW,9.49,13.52,1029.8,0.0,8.13,2.0,236.8,IMELBO1849.csv
2022/12/15,11:19 AM,12.83,7.67,71.0,SW,10.62,14.96,1029.8,0.0,8.13,1.0,194.8,IMELBO1849.csv
2022/12/15,11:24 AM,12.94,7.33,69.0,SSW,11.91,16.89,1029.8,0.0,8.13,1.0,196.8,IMELBO1849.csv
2022/12/15,11:29 AM,13.11,7.5,69.0,SSW,9.49,13.35,1029.8,0.0,8.13,2.0,301.0,IMELBO1849.csv
2022/12/15,11:34 AM,13.28,7.61,69.0,South,8.21,11.91,1029.8,0.0,8.13,5.0,546.6,IMELBO1849.csv
2022/12/15,11:39 AM,13.72,7.94,68.0,SW,9.33,13.35,1029.8,0.0,8.13,7.0,788.6,IMELBO1849.csv
2022/12/15,11:44 AM,13.89,8.17,68.0,South,10.94,15.29,1029.8,0.0,8.13,6.0,653.3,IMELBO1849.csv
2022/12/15,11:49 AM,13.5,7.39,66.0,SSW,11.91,15.77,1029.8,0.0,8.13,3.0,321.4,IMELBO1849.csv
2022/12/15,11:54 AM,13.5,6.78,64.0,SW,12.23,16.41,1029.8,0.0,8.13,4.0,481.9,IMELBO1849.csv
2022/12/15,11:59 AM,13.78,6.72,63.0,SSW,11.1,14.8,1029.8,0.0,8.13,10.0,1114.4,IMELBO1849.csv
2022/12/15,12:04 PM,14.44,7.17,62.0,South,9.81,13.84,1029.8,0.0,8.13,10.0,1108.7,IMELBO1849.csv
2022/12/15,12:09 PM,14.28,6.89,61.0,SW,10.94,15.12,1029.8,0.0,8.13,10.0,1125.3,IMELBO1849.csv
2022/12/15,12:14 PM,14.61,7.06,60.0,SSW,10.3,15.61,1029.46,0.0,8.13,10.0,1083.2,IMELBO1849.csv
2022/12/15,12:19 PM,14.83,7.0,59.0,SSW,11.75,16.41,1029.46,0.0,8.13,6.0,669.3,IMELBO1849.csv
2022/12/15,12:24 PM,14.61,6.5,58.0,SW,11.1,14.8,1029.46,0.0,8.13,10.0,1040.2,IMELBO1849.csv
2022/12/15,12:29 PM,14.89,6.83,59.0,SW,11.42,15.29,1029.46,0.0,8.13,8.0,925.2,IMELBO1849.csv
2022/12/15,12:34 PM,15.17,7.0,58.0,SW,12.07,16.57,1029.46,0.0,8.13,8.0,860.6,IMELBO1849.csv
2022/12/15,12:39 PM,15.61,7.0,57.0,SSW,11.1,15.61,1029.46,0.0,8.13,9.0,930.5,IMELBO1849.csv
2022/12/15,12:44 PM,15.44,6.56,55.0,SW,14.0,19.47,1029.46,0.0,8.13,9.0,972.9,IMELBO1849.csv
2022/12/15,12:49 PM,15.11,6.78,57.0,SW,12.39,16.09,1029.46,0.0,8.13,9.0,979.9,IMELBO1849.csv
2022/12/15,12:54 PM,15.0,6.78,58.0,SW,8.85,12.07,1029.46,0.0,8.13,9.0,959.5,IMELBO1849.csv
2022/12/15,12:59 PM,15.5,7.06,57.0,SW,13.35,18.18,1029.46,0.0,8.13,9.0,991.2,IMELBO1849.csv
2022/12/15,01:04 PM,15.56,7.17,58.0,SSW,11.42,16.25,1029.46,0.0,8.13,9.0,947.4,IMELBO1849.csv
2022/12/15,01:09 PM,15.67,7.06,56.0,SW,11.1,14.96,1029.46,0.0,8.13,9.0,951.8,IMELBO1849.csv
2022/12/15,01:14 PM,15.78,7.61,58.0,SW,11.58,15.61,1029.46,0.0,8.13,10.0,1084.5,IMELBO1849.csv
2022/12/15,01:19 PM,15.56,7.22,58.0,SSW,9.49,13.52,1029.46,0.0,8.13,10.0,1106.7,IMELBO1849.csv
2022/12/15,01:24 PM,16.0,7.06,55.0,SW,10.3,14.32,1029.46,0.0,8.13,9.0,975.6,IMELBO1849.csv
2022/12/15,01:29 PM,16.11,7.22,56.0,SW,13.68,17.86,1029.46,0.0,8.13,9.0,993.9,IMELBO1849.csv
2022/12/15,01:34 PM,16.17,7.11,55.0,SW,12.55,16.89,1029.46,0.0,8.13,9.0,1025.9,IMELBO1849.csv
2022/12/15,01:39 PM,16.5,7.22,54.0,SW,9.01,12.23,1029.12,0.0,8.13,9.0,989.9,IMELBO1849.csv
2022/12/15,01:44 PM,16.61,7.44,55.0,SSW,10.46,13.84,1029.12,0.0,8.13,9.0,930.8,IMELBO1849.csv
2022/12/15,01:49 PM,16.5,7.78,56.0,SSW,9.81,13.84,1029.46,0.0,8.13,10.0,1031.5,IMELBO1849.csv
2022/12/15,01:54 PM,16.89,7.83,55.0,SW,11.1,14.48,1029.46,0.0,8.13,10.0,1048.9,IMELBO1849.csv
2022/12/15,01:59 PM,16.22,7.44,56.0,SW,11.75,15.45,1029.12,0.0,8.13,10.0,1048.9,IMELBO1849.csv
2022/12/15,02:04 PM,16.11,7.5,57.0,SSW,10.14,14.96,1029.12,0.0,8.13,10.0,1041.9,IMELBO1849.csv
2022/12/15,02:09 PM,16.0,7.28,56.0,SSW,11.91,15.77,1029.12,0.0,8.13,5.0,576.1,IMELBO1849.csv
2022/12/15,02:14 PM,15.44,6.83,56.0,SW,11.1,14.64,1029.12,0.0,8.13,10.0,1056.3,IMELBO1849.csv
2022/12/15,02:19 PM,15.5,6.67,56.0,SSW,9.49,13.35,1029.12,0.0,8.13,9.0,937.8,IMELBO1849.csv
2022/12/15,02:24 PM,15.44,6.17,54.0,SW,7.72,12.07,1029.12,0.0,8.13,9.0,927.1,IMELBO1849.csv
2022/12/15,02:29 PM,16.22,6.39,52.0,SW,8.85,12.07,1028.78,0.0,8.13,9.0,949.1,IMELBO1849.csv
2022/12/15,02:34 PM,16.39,6.11,50.0,SW,8.85,11.91,1028.78,0.0,8.13,8.0,898.0,IMELBO1849.csv
2022/12/15,02:39 PM,16.67,6.33,50.0,SW,10.46,14.0,1028.78,0.0,8.13,8.0,888.4,IMELBO1849.csv
2022/12/15,02:44 PM,16.67,6.44,51.0,SSW,9.49,12.55,1028.78,0.0,8.13,8.0,869.3,IMELBO1849.csv
2022/12/15,02:49 PM,16.67,6.67,52.0,SW,9.17,13.03,1028.78,0.0,8.13,9.0,985.2,IMELBO1849.csv
2022/12/15,02:54 PM,16.44,6.67,53.0,SW,10.46,14.16,1028.78,0.0,8.13,10.0,1047.6,IMELBO1849.csv
2022/12/15,02:59 PM,16.28,6.72,53.0,SSW,9.98,13.19,1028.78,0.0,8.13,9.0,976.5,IMELBO1849.csv
2022/12/15,03:04 PM,16.28,6.72,53.0,SW,8.37,10.94,1028.45,0.0,8.13,8.0,898.8,IMELBO1849.csv
2022/12/15,03:09 PM,16.72,6.72,52.0,SW,10.14,13.52,1028.45,0.0,8.13,9.0,951.3,IMELBO1849.csv
2022/12/15,03:14 PM,16.94,6.78,51.0,SW,8.53,13.35,1028.45,0.0,8.13,9.0,957.8,IMELBO1849.csv
2022/12/15,03:19 PM,16.78,7.17,53.0,SW,6.76,9.65,1028.45,0.0,8.13,9.0,1021.1,IMELBO1849.csv
2022/12/15,03:24 PM,16.56,7.39,55.0,SW,10.14,12.87,1028.45,0.0,8.13,6.0,628.6,IMELBO1849.csv
2022/12/15,03:29 PM,16.56,7.94,57.0,SW,12.71,16.89,1028.45,0.0,8.13,10.0,1038.9,IMELBO1849.csv
2022/12/15,03:34 PM,15.89,7.89,59.0,SSW,10.3,14.0,1028.45,0.0,8.13,3.0,347.4,IMELBO1849.csv
2022/12/15,03:39 PM,15.89,7.94,59.0,SSW,12.07,16.09,1028.78,0.0,8.13,7.0,779.9,IMELBO1849.csv
2022/12/15,03:44 PM,15.94,7.72,58.0,South,9.17,12.87,1028.45,0.0,8.13,4.0,476.3,IMELBO1849.csv
2022/12/15,03:49 PM,16.17,8.11,59.0,South,8.85,12.55,1028.78,0.0,8.13,6.0,702.3,IMELBO1849.csv
2022/12/15,03:54 PM,15.83,8.11,60.0,SSW,11.26,16.09,1028.78,0.0,8.13,6.0,674.9,IMELBO1849.csv
2022/12/15,03:59 PM,15.39,7.72,60.0,SSW,9.98,14.48,1028.78,0.0,8.13,10.0,1061.5,IMELBO1849.csv
2022/12/15,04:04 PM,15.67,7.94,60.0,South,11.58,16.57,1028.45,0.0,8.13,8.0,840.7,IMELBO1849.csv
2022/12/15,04:09 PM,15.44,7.72,60.0,South,8.04,11.91,1028.78,0.0,8.13,2.0,291.0,IMELBO1849.csv
2022/12/15,04:14 PM,15.33,7.83,61.0,SSW,8.69,12.23,1028.78,0.0,8.13,9.0,982.1,IMELBO1849.csv
2022/12/15,04:19 PM,15.44,8.0,61.0,SSW,8.85,12.39,1028.78,0.0,8.13,2.0,235.0,IMELBO1849.csv
2022/12/15,04:24 PM,15.11,7.56,61.0,SSW,8.53,12.07,1028.45,0.0,8.13,8.0,904.4,IMELBO1849.csv
2022/12/15,04:29 PM,15.11,7.5,60.0,SSW,14.0,18.34,1028.45,0.0,8.13,8.0,843.8,IMELBO1849.csv
2022/12/15,04:34 PM,15.22,7.5,60.0,SSW,10.46,14.32,1028.45,0.0,8.13,8.0,856.3,IMELBO1849.csv
2022/12/15,04:39 PM,15.5,7.33,58.0,SSW,11.42,16.41,1028.45,0.0,8.13,8.0,857.6,IMELBO1849.csv
2022/12/15,04:44 PM,15.22,7.22,59.0,SSW,10.3,14.16,1028.45,0.0,8.13,7.0,735.7,IMELBO1849.csv
2022/12/15,04:49 PM,15.33,6.94,57.0,SW,13.35,17.86,1028.11,0.0,8.13,7.0,731.8,IMELBO1849.csv
2022/12/15,04:54 PM,15.44,6.78,56.0,SW,12.39,15.93,1028.11,0.0,8.13,6.0,710.5,IMELBO1849.csv
2022/12/15,04:59 PM,15.94,7.17,56.0,SSW,9.98,14.64,1028.11,0.0,8.13,7.0,734.9,IMELBO1849.csv
2022/12/15,05:04 PM,16.17,7.44,56.0,South,10.94,14.96,1028.11,0.0,8.13,6.0,685.0,IMELBO1849.csv
2022/12/15,05:09 PM,15.72,7.33,57.0,SSW,7.4,10.14,1028.11,0.0,8.13,6.0,666.2,IMELBO1849.csv
2022/12/15,05:14 PM,16.17,7.33,56.0,South,7.4,11.26,1028.11,0.0,8.13,6.0,645.9,IMELBO1849.csv
2022/12/15,05:19 PM,16.0,6.94,55.0,SSW,11.75,16.09,1028.11,0.0,8.13,5.0,605.9,IMELBO1849.csv
2022/12/15,05:24 PM,15.56,7.0,57.0,SW,13.84,17.86,1028.11,0.0,8.13,6.0,616.5,IMELBO1849.csv
2022/12/15,05:29 PM,15.61,7.17,57.0,SSW,10.14,14.32,1028.11,0.0,8.13,6.0,657.5,IMELBO1849.csv
2022/12/15,05:34 PM,15.67,7.17,57.0,SSW,10.46,14.0,1028.11,0.0,8.13,6.0,641.2,IMELBO1849.csv
2022/12/15,05:39 PM,15.61,7.11,57.0,SSW,10.62,14.8,1028.11,0.0,8.13,5.0,544.8,IMELBO1849.csv
2022/12/15,05:44 PM,15.72,7.56,58.0,SSW,8.85,12.23,1028.11,0.0,8.13,4.0,488.0,IMELBO1849.csv
2022/12/15,05:49 PM,15.44,7.33,58.0,SW,12.71,16.89,1028.11,0.0,8.13,4.0,484.5,IMELBO1849.csv
2022/12/15,05:54 PM,15.17,7.28,59.0,SW,12.39,17.86,1028.11,0.0,8.13,4.0,472.0,IMELBO1849.csv
2022/12/15,05:59 PM,15.22,7.33,59.0,SSW,10.94,15.45,1028.11,0.0,8.13,4.0,424.6,IMELBO1849.csv
2022/12/15,06:04 PM,15.28,7.5,60.0,SW,10.46,14.16,1028.11,0.0,8.13,3.0,396.0,IMELBO1849.csv
2022/12/15,06:09 PM,15.17,7.44,60.0,SSW,8.21,11.75,1028.11,0.0,8.13,3.0,354.8,IMELBO1849.csv
2022/12/15,06:14 PM,15.44,7.67,60.0,SSW,9.33,13.84,1028.11,0.0,8.13,3.0,345.7,IMELBO1849.csv
2022/12/15,06:19 PM,15.33,7.56,60.0,South,9.49,12.71,1028.11,0.0,8.13,3.0,353.1,IMELBO1849.csv
2022/12/15,06:24 PM,15.11,7.5,60.0,South,9.81,14.64,1028.45,0.0,8.13,3.0,321.4,IMELBO1849.csv
2022/12/15,06:29 PM,14.78,7.39,61.0,SSW,9.98,14.8,1028.45,0.0,8.13,2.0,294.1,IMELBO1849.csv
2022/12/15,06:34 PM,14.44,7.17,62.0,SW,14.32,18.34,1028.45,0.0,8.13,2.0,287.1,IMELBO1849.csv
2022/12/15,06:39 PM,14.56,7.17,61.0,SSW,10.14,13.35,1028.11,0.0,8.13,2.0,283.2,IMELBO1849.csv
2022/12/15,06:44 PM,14.67,7.0,60.0,SW,10.14,13.68,1028.11,0.0,8.13,2.0,264.6,IMELBO1849.csv
2022/12/15,06:49 PM,14.67,6.89,60.0,SSW,12.71,17.7,1028.11,0.0,8.13,2.0,234.6,IMELBO1849.csv
2022/12/15,06:54 PM,14.61,6.83,60.0,SSW,10.46,14.0,1028.11,0.0,8.13,2.0,202.9,IMELBO1849.csv
2022/12/15,06:59 PM,14.5,6.72,60.0,SSW,11.26,14.64,1028.11,0.0,8.13,1.0,175.7,IMELBO1849.csv
2022/12/15,07:04 PM,14.28,6.78,61.0,SW,8.85,11.58,1028.11,0.0,8.13,1.0,164.8,IMELBO1849.csv
2022/12/15,07:09 PM,14.33,6.83,61.0,South,8.69,11.91,1028.11,0.0,8.13,0.0,58.5,IMELBO1849.csv
2022/12/15,07:14 PM,14.22,6.83,61.0,SW,9.98,12.71,1028.11,0.0,8.13,0.0,60.2,IMELBO1849.csv
2022/12/15,07:19 PM,14.22,6.94,62.0,SW,9.81,13.52,1028.45,0.0,8.13,0.0,57.6,IMELBO1849.csv
2022/12/15,07:24 PM,14.0,6.94,62.0,SW,9.17,12.23,1028.45,0.0,8.13,0.0,54.6,IMELBO1849.csv
2022/12/15,07:29 PM,14.11,6.72,61.0,South,6.76,10.14,1028.45,0.0,8.13,0.0,57.6,IMELBO1849.csv
2022/12/15,07:34 PM,14.11,6.72,61.0,South,6.92,10.14,1028.45,0.0,8.13,0.0,48.9,IMELBO1849.csv
2022/12/15,07:39 PM,14.0,6.67,62.0,SW,7.72,10.78,1028.45,0.0,8.13,0.0,39.0,IMELBO1849.csv
2022/12/15,07:44 PM,13.72,6.33,61.0,SW,7.56,10.62,1028.45,0.0,8.13,0.0,38.2,IMELBO1849.csv
2022/12/15,07:49 PM,13.78,6.44,61.0,SSW,8.53,11.75,1028.45,0.0,8.13,0.0,35.5,IMELBO1849.csv
2022/12/15,07:54 PM,13.61,6.56,62.0,SSW,7.08,11.26,1028.78,0.0,8.13,0.0,32.1,IMELBO1849.csv
2022/12/15,07:59 PM,13.5,6.44,62.0,SSW,8.53,11.75,1028.78,0.0,8.13,0.0,29.0,IMELBO1849.csv
2022/12/15,08:04 PM,13.39,6.28,62.0,SW,6.44,9.33,1028.78,0.0,8.13,0.0,25.9,IMELBO1849.csv
2022/12/15,08:09 PM,13.39,6.39,63.0,SSW,6.76,9.49,1028.78,0.0,8.13,0.0,22.5,IMELBO1849.csv
2022/12/15,08:14 PM,13.22,6.39,63.0,SSW,10.78,14.0,1028.78,0.0,8.13,0.0,19.9,IMELBO1849.csv
2022/12/15,08:19 PM,13.06,6.33,64.0,SW,6.28,7.88,1028.78,0.0,8.13,0.0,16.0,IMELBO1849.csv
2022/12/15,08:24 PM,12.94,6.33,64.0,SW,5.79,8.04,1028.78,0.0,8.13,0.0,12.5,IMELBO1849.csv
2022/12/15,08:29 PM,12.83,6.33,65.0,SSW,6.28,7.72,1029.12,0.0,8.13,0.0,9.5,IMELBO1849.csv
2022/12/15,08:34 PM,12.78,6.33,65.0,SSW,5.63,7.56,1029.12,0.0,8.13,0.0,6.9,IMELBO1849.csv
2022/12/15,08:39 PM,12.67,6.39,66.0,SW,5.79,7.72,1029.12,0.0,8.13,0.0,3.8,IMELBO1849.csv
2022/12/15,08:44 PM,12.5,6.33,66.0,SSW,6.11,8.53,1028.78,0.0,8.13,0.0,1.7,IMELBO1849.csv
2022/12/15,08:49 PM,12.44,6.39,67.0,SW,5.95,8.37,1028.78,0.0,8.13,0.0,0.4,IMELBO1849.csv
2022/12/15,08:54 PM,12.39,6.28,66.0,SSW,10.62,13.68,1029.12,0.0,8.13,0.0,0.0,IMELBO1849.csv
2022/12/15,08:59 PM,12.39,6.17,66.0,SW,9.65,12.55,1029.12,0.0,8.13,0.0,0.0,IMELBO1849.csv
2022/12/15,09:04 PM,12.33,6.17,66.0,SSW,5.79,7.24,1029.12,0.0,8.13,0.0,0.0,IMELBO1849.csv
2022/12/15,09:09 PM,12.28,6.22,67.0,SW,4.83,6.6,1029.12,0.0,8.13,0.0,0.0,IMELBO1849.csv
2022/12/15,09:14 PM,12.22,6.44,68.0,SW,5.79,7.4,1029.12,0.0,8.13,0.0,0.0,IMELBO1849.csv
2022/12/15,09:19 PM,12.22,6.56,68.0,SW,7.24,9.49,1029.12,0.0,8.13,0.0,0.0,IMELBO1849.csv
2022/12/15,09:24 PM,12.17,6.78,70.0,SSW,5.79,8.21,1029.12,0.0,8.13,0.0,0.0,IMELBO1849.csv
2022/12/15,09:29 PM,12.11,6.83,70.0,SSW,8.21,10.62,1029.12,0.0,8.13,0.0,0.0,IMELBO1849.csv
2022/12/15,09:34 PM,12.22,7.11,71.0,SSW,6.44,8.37,1029.12,0.0,8.13,0.0,0.0,IMELBO1849.csv
2022/12/15,09:39 PM,12.22,7.17,71.0,SSW,5.47,7.4,1029.12,0.0,8.13,0.0,0.0,IMELBO1849.csv
2022/12/15,09:44 PM,12.17,7.22,72.0,SW,5.63,7.56,1029.46,0.0,8.13,0.0,0.0,IMELBO1849.csv
2022/12/15,09:49 PM,12.22,7.28,72.0,SW,4.67,6.76,1029.46,0.0,8.13,0.0,0.0,IMELBO1849.csv
2022/12/15,09:54 PM,12.22,7.33,72.0,SSW,6.92,9.65,1029.46,0.0,8.13,0.0,0.0,IMELBO1849.csv
2022/12/15,09:59 PM,12.28,7.44,72.0,SSW,5.95,7.72,1029.46,0.0,8.13,0.0,0.0,IMELBO1849.csv
2022/12/15,10:04 PM,12.33,7.67,73.0,SSW,7.4,9.81,1029.46,0.0,8.13,0.0,0.0,IMELBO1849.csv
2022/12/15,10:09 PM,12.33,7.67,73.0,SSW,4.51,6.92,1029.8,0.0,8.13,0.0,0.0,IMELBO1849.csv
2022/12/15,10:14 PM,12.28,7.61,73.0,SSW,3.06,4.18,1029.8,0.0,8.13,0.0,0.0,IMELBO1849.csv
2022/12/15,10:19 PM,12.28,7.72,74.0,SSW,4.34,6.11,1029.46,0.0,8.13,0.0,0.0,IMELBO1849.csv
2022/12/15,10:24 PM,12.44,7.94,74.0,SSW,5.31,7.4,1029.46,0.0,8.13,0.0,0.0,IMELBO1849.csv
2022/12/15,10:29 PM,12.61,8.11,74.0,SSW,5.15,7.24,1029.46,0.0,8.13,0.0,0.0,IMELBO1849.csv
2022/12/15,10:34 PM,12.72,8.22,74.0,SSW,7.24,9.33,1029.46,0.0,8.13,0.0,0.0,IMELBO1849.csv
2022/12/15,10:39 PM,12.78,8.28,74.0,SSW,4.83,6.92,1029.46,0.0,8.13,0.0,0.0,IMELBO1849.csv
2022/12/15,10:44 PM,12.72,8.22,74.0,SW,8.69,12.23,1029.46,0.0,8.13,0.0,0.0,IMELBO1849.csv
2022/12/15,10:49 PM,12.72,8.39,75.0,SW,6.44,8.53,1029.46,0.0,8.13,0.0,0.0,IMELBO1849.csv
2022/12/15,10:54 PM,12.61,8.28,75.0,SW,5.79,7.72,1029.46,0.0,8.13,0.0,0.0,IMELBO1849.csv
2022/12/15,10:59 PM,12.61,8.44,76.0,SW,7.88,10.14,1029.46,0.0,8.13,0.0,0.0,IMELBO1849.csv
2022/12/15,11:04 PM,12.61,8.44,76.0,SSW,8.85,12.07,1029.46,0.0,8.13,0.0,0.0,IMELBO1849.csv
2022/12/15,11:09 PM,12.61,8.33,75.0,SW,8.37,10.94,1029.46,0.0,8.13,0.0,0.0,IMELBO1849.csv
2022/12/15,11:14 PM,12.61,8.28,75.0,SW,6.6,8.85,1029.8,0.0,8.13,0.0,0.0,IMELBO1849.csv
2022/12/15,11:19 PM,12.61,8.17,74.0,SW,9.65,12.87,1029.46,0.0,8.13,0.0,0.0,IMELBO1849.csv
2022/12/15,11:24 PM,12.61,8.28,75.0,SSW,9.65,12.87,1029.46,0.0,8.13,0.0,0.0,IMELBO1849.csv
2022/12/15,11:29 PM,12.61,8.28,75.0,SW,11.75,15.93,1029.46,0.0,8.13,0.0,0.0,IMELBO1849.csv
2022/12/15,11:34 PM,12.5,8.22,75.0,SW,7.88,10.62,1029.46,0.0,8.13,0.0,0.0,IMELBO1849.csv
2022/12/15,11:39 PM,12.39,8.11,75.0,SW,7.88,10.78,1029.46,0.0,8.13,0.0,0.0,IMELBO1849.csv
2022/12/15,11:44 PM,12.39,8.22,76.0,SW,6.44,9.01,1029.46,0.0,8.13,0.0,0.0,IMELBO1849.csv
2022/12/15,11:49 PM,12.39,8.22,76.0,SW,6.28,8.21,1029.46,0.0,8.13,0.0,0.0,IMELBO1849.csv
2022/12/15,11:54 PM,12.39,8.28,76.0,SW,7.24,9.81,1029.46,0.0,8.13,0.0,0.0,IMELBO1849.csv
2022/12/15,11:59 PM,12.28,8.28,76.0,SW,7.72,10.46,1029.46,0.0,8.13,0.0,0.0,IMELBO1849.csv
2022/12/16,12:04 AM,12.22,8.28,77.0,SW,7.08,9.01,1029.46,0.0,0.0,0.0,0.0,IMELBO1849.csv
2022/12/16,12:09 AM,12.22,8.28,77.0,SW,6.92,9.01,1029.46,0.0,0.0,0.0,0.0,IMELBO1849.csv
2022/12/16,12:14 AM,12.28,8.33,77.0,SW,5.15,6.44,1029.12,0.0,0.0,0.0,0.0,IMELBO1849.csv
2022/12/16,12:19 AM,12.28,8.33,77.0,SW,6.28,8.37,1029.12,0.0,0.0,0.0,0.0,IMELBO1849.csv
2022/12/16,12:24 AM,12.22,8.28,77.0,SW,4.99,6.76,1029.46,0.0,0.0,0.0,0.0,IMELBO1849.csv
2022/12/16,12:29 AM,12.28,8.33,77.0,SW,5.79,7.88,1029.46,0.0,0.0,0.0,0.0,IMELBO1849.csv
2022/12/16,12:34 AM,12.28,8.39,77.0,SW,3.86,5.15,1029.46,0.0,0.0,0.0,0.0,IMELBO1849.csv
2022/12/16,12:39 AM,12.28,8.44,77.0,SW,4.99,6.11,1029.46,0.0,0.0,0.0,0.0,IMELBO1849.csv
2022/12/16,12:44 AM,12.33,8.67,78.0,SW,5.31,6.76,1029.46,0.0,0.0,0.0,0.0,IMELBO1849.csv
2022/12/16,12:49 AM,12.39,8.56,77.0,SSW,5.47,7.4,1029.12,0.0,0.0,0.0,0.0,IMELBO1849.csv
2022/12/16,12:54 AM,12.5,8.61,77.0,SSW,5.47,7.24,1029.12,0.0,0.0,0.0,0.0,IMELBO1849.csv
2022/12/16,12:59 AM,12.5,8.61,77.0,SW,3.86,5.15,1029.12,0.0,0.0,0.0,0.0,IMELBO1849.csv
2022/12/16,01:04 AM,12.39,8.5,77.0,SW,4.99,6.28,1029.12,0.0,0.0,0.0,0.0,IMELBO1849.csv
2022/12/16,01:09 AM,12.44,8.56,77.0,SW,5.47,7.72,1029.46,0.0,0.0,0.0,0.0,IMELBO1849.csv
2022/12/16,01:14 AM,12.5,8.61,77.0,SW,4.51,5.95,1029.12,0.0,0.0,0.0,0.0,IMELBO1849.csv
2022/12/16,01:19 AM,12.33,8.67,78.0,SW,4.51,6.11,1029.12,0.0,0.0,0.0,0.0,IMELBO1849.csv
2022/12/16,01:24 AM,12.28,8.61,78.0,SW,4.51,5.95,1029.12,0.0,0.0,0.0,0.0,IMELBO1849.csv
2022/12/16,01:29 AM,12.28,8.61,78.0,SW,4.99,6.44,1029.12,0.0,0.0,0.0,0.0,IMELBO1849.csv
2022/12/16,01:34 AM,12.22,8.5,78.0,SW,6.28,8.85,1029.12,0.0,0.0,0.0,0.0,IMELBO1849.csv
2022/12/16,01:39 AM,12.28,8.61,78.0,SW,4.83,6.6,1029.12,0.0,0.0,0.0,0.0,IMELBO1849.csv
2022/12/16,01:44 AM,12.22,8.56,78.0,SW,4.67,5.95,1029.12,0.0,0.0,0.0,0.0,IMELBO1849.csv
2022/12/16,01:49 AM,12.22,8.56,78.0,SW,5.95,7.88,1029.12,0.0,0.0,0.0,0.0,IMELBO1849.csv
2022/12/16,01:54 AM,12.22,8.5,78.0,SW,5.31,7.08,1029.12,0.0,0.0,0.0,0.0,IMELBO1849.csv
2022/12/16,01:59 AM,12.22,8.5,78.0,SW,6.44,8.69,1029.12,0.0,0.0,0.0,0.0,IMELBO1849.csv
2022/12/16,02:04 AM,12.22,8.5,78.0,SW,6.44,8.53,1029.12,0.0,0.0,0.0,0.0,IMELBO1849.csv
2022/12/16,02:09 AM,12.22,8.5,78.0,SW,6.92,8.85,1029.12,0.0,0.0,0.0,0.0,IMELBO1849.csv
2022/12/16,02:14 AM,12.22,8.5,78.0,SW,5.47,7.4,1029.12,0.0,0.0,0.0,0.0,IMELBO1849.csv
2022/12/16,02:19 AM,12.22,8.5,78.0,SW,4.99,6.6,1029.12,0.0,0.0,0.0,0.0,IMELBO1849.csv
2022/12/16,02:24 AM,12.22,8.5,78.0,SW,5.63,7.08,1028.78,0.0,0.0,0.0,0.0,IMELBO1849.csv
2022/12/16,02:29 AM,12.22,8.5,78.0,SW,4.83,6.44,1028.78,0.0,0.0,0.0,0.0,IMELBO1849.csv
2022/12/16,02:34 AM,12.11,8.44,78.0,SW,5.47,7.56,1028.78,0.0,0.0,0.0,0.0,IMELBO1849.csv
2022/12/16,02:39 AM,12.06,8.67,80.0,WSW,3.22,4.18,1028.78,0.0,0.0,0.0,0.0,IMELBO1849.csv
2022/12/16,02:44 AM,11.67,8.61,82.0,WSW,2.25,3.06,1028.78,0.0,0.0,0.0,0.0,IMELBO1849.csv
2022/12/16,02:49 AM,11.5,8.5,82.0,SW,2.25,3.38,1028.78,0.0,0.0,0.0,0.0,IMELBO1849.csv
2022/12/16,02:54 AM,11.5,8.5,82.0,SW,2.09,3.38,1028.78,0.0,0.0,0.0,0.0,IMELBO1849.csv
2022/12/16,02:59 AM,11.5,8.56,82.0,SW,1.61,2.74,1028.78,0.0,0.0,0.0,0.0,IMELBO1849.csv
2022/12/16,03:04 AM,11.39,8.61,83.0,WSW,2.09,3.22,1028.78,0.0,0.0,0.0,0.0,IMELBO1849.csv
2022/12/16,03:09 AM,11.39,8.61,83.0,WSW,2.41,3.86,1028.78,0.0,0.0,0.0,0.0,IMELBO1849.csv
2022/12/16,03:14 AM,11.39,8.61,83.0,SW,3.7,5.31,1028.78,0.0,0.0,0.0,0.0,IMELBO1849.csv
2022/12/16,03:19 AM,11.39,8.61,83.0,SW,3.7,5.63,1028.78,0.0,0.0,0.0,0.0,IMELBO1849.csv
2022/12/16,03:24 AM,11.33,8.56,83.0,SW,4.02,5.15,1028.78,0.0,0.0,0.0,0.0,IMELBO1849.csv
2022/12/16,03:29 AM,11.28,8.5,83.0,SW,3.22,4.51,1028.78,0.0,0.0,0.0,0.0,IMELBO1849.csv
2022/12/16,03:34 AM,11.28,8.5,83.0,SW,3.06,4.18,1028.78,0.0,0.0,0.0,0.0,IMELBO1849.csv
2022/12/16,03:39 AM,11.28,8.5,83.0,WSW,4.67,7.08,1028.78,0.0,0.0,0.0,0.0,IMELBO1849.csv
2022/12/16,03:44 AM,11.28,8.5,83.0,WSW,3.22,4.67,1028.78,0.0,0.0,0.0,0.0,IMELBO1849.csv
2022/12/16,03:49 AM,11.28,8.5,83.0,WSW,3.38,4.67,1028.78,0.0,0.0,0.0,0.0,IMELBO1849.csv
2022/12/16,03:54 AM,11.28,8.5,83.0,West,2.09,2.74,1028.78,0.0,0.0,0.0,0.0,IMELBO1849.csv
2022/12/16,03:59 AM,11.28,8.72,84.0,SW,2.74,3.7,1028.78,0.0,0.0,0.0,0.0,IMELBO1849.csv
2022/12/16,04:04 AM,11.28,8.72,84.0,SW,3.54,4.99,1028.78,0.0,0.0,0.0,0.0,IMELBO1849.csv
2022/12/16,04:09 AM,11.28,8.72,84.0,SW,3.38,4.34,1028.78,0.0,0.0,0.0,0.0,IMELBO1849.csv
2022/12/16,04:14 AM,11.22,8.61,84.0,WSW,2.57,3.7,1028.78,0.0,0.0,0.0,0.0,IMELBO1849.csv
2022/12/16,04:19 AM,11.22,8.72,85.0,SW,2.09,3.06,1028.78,0.0,0.0,0.0,0.0,IMELBO1849.csv
2022/12/16,04:24 AM,11.22,8.78,85.0,SW,1.45,2.09,1028.78,0.0,0.0,0.0,0.0,IMELBO1849.csv
2022/12/16,04:29 AM,11.22,8.78,85.0,WSW,0.48,1.29,1028.78,0.0,0.0,0.0,0.0,IMELBO1849.csv
2022/12/16,04:34 AM,11.22,8.78,85.0,WSW,0.8,1.61,1028.78,0.0,0.0,0.0,0.0,IMELBO1849.csv
2022/12/16,04:39 AM,11.11,8.72,85.0,WSW,2.25,3.22,1029.12,0.0,0.0,0.0,0.0,IMELBO1849.csv
2022/12/16,04:44 AM,11.11,8.89,86.0,WSW,2.09,2.9,1029.12,0.0,0.0,0.0,0.0,IMELBO1849.csv
2022/12/16,04:49 AM,11.06,8.78,86.0,West,2.09,3.06,1029.12,0.0,0.0,0.0,0.0,IMELBO1849.csv
2022/12/16,04:54 AM,11.0,8.61,85.0,WSW,0.64,1.29,1029.12,0.0,0.0,0.0,0.0,IMELBO1849.csv
2022/12/16,04:59 AM,10.89,8.72,86.0,WNW,1.61,2.25,1029.12,0.0,0.0,0.0,0.0,IMELBO1849.csv
2022/12/16,05:04 AM,10.89,8.72,86.0,WNW,0.97,1.61,1029.12,0.0,0.0,0.0,0.0,IMELBO1849.csv
2022/12/16,05:09 AM,10.89,8.72,86.0,WSW,1.45,2.25,1029.46,0.0,0.0,0.0,0.0,IMELBO1849.csv
2022/12/16,05:14 AM,10.89,8.72,86.0,WSW,0.8,1.61,1029.12,0.0,0.0,0.0,0.0,IMELBO1849.csv
2022/12/16,05:19 AM,10.89,8.72,86.0,SW,1.29,2.25,1029.12,0.0,0.0,0.0,0.0,IMELBO1849.csv
2022/12/16,05:24 AM,10.89,8.72,86.0,WSW,1.61,2.41,1029.46,0.0,0.0,0.0,0.0,IMELBO1849.csv
2022/12/16,05:29 AM,10.78,8.61,86.0,WSW,3.38,4.67,1029.46,0.0,0.0,0.0,0.0,IMELBO1849.csv
2022/12/16,05:34 AM,10.78,8.61,86.0,WSW,2.74,3.86,1029.46,0.0,0.0,0.0,0.0,IMELBO1849.csv
2022/12/16,05:39 AM,10.78,8.61,86.0,WSW,2.25,3.22,1029.46,0.0,0.0,0.0,0.0,IMELBO1849.csv
2022/12/16,05:44 AM,10.83,8.67,86.0,WSW,1.45,2.41,1029.46,0.0,0.0,0.0,0.0,IMELBO1849.csv
2022/12/16,05:49 AM,10.83,8.67,86.0,SW,1.77,2.41,1029.46,0.0,0.0,0.0,0.0,IMELBO1849.csv
2022/12/16,05:54 AM,10.89,8.72,86.0,SW,1.77,2.57,1029.46,0.0,0.0,0.0,0.0,IMELBO1849.csv
2022/12/16,05:59 AM,10.89,8.72,86.0,SW,2.41,3.22,1029.8,0.0,0.0,0.0,1.7,IMELBO1849.csv
2022/12/16,06:04 AM,10.89,8.72,86.0,SW,3.54,4.83,1029.8,0.0,0.0,0.0,2.6,IMELBO1849.csv
2022/12/16,06:09 AM,10.89,8.72,86.0,SW,3.54,4.51,1029.8,0.0,0.0,0.0,2.1,IMELBO1849.csv
2022/12/16,06:14 AM,10.83,8.67,86.0,SW,2.9,3.7,1029.8,0.0,0.0,0.0,2.9,IMELBO1849.csv
2022/12/16,06:19 AM,10.78,8.61,86.0,SW,2.74,4.02,1029.8,0.0,0.0,0.0,5.6,IMELBO1849.csv
2022/12/16,06:24 AM,10.89,8.72,86.0,WSW,1.13,1.93,1029.8,0.0,0.0,0.0,6.0,IMELBO1849.csv
2022/12/16,06:29 AM,10.94,8.72,86.0,WSW,1.45,2.25,1029.8,0.0,0.0,0.0,4.8,IMELBO1849.csv
2022/12/16,06:34 AM,11.0,8.78,86.0,WSW,1.61,2.41,1029.8,0.0,0.0,0.0,6.0,IMELBO1849.csv
2022/12/16,06:39 AM,11.11,8.89,86.0,WSW,1.61,2.41,1030.14,0.0,0.0,0.0,4.8,IMELBO1849.csv
2022/12/16,06:44 AM,11.0,8.89,87.0,WSW,1.45,2.25,1029.8,0.0,0.0,0.0,2.6,IMELBO1849.csv
2022/12/16,06:49 AM,11.0,8.89,87.0,WSW,1.13,1.93,1030.14,0.0,0.0,0.0,2.9,IMELBO1849.csv
2022/12/16,06:54 AM,10.89,8.89,88.0,WSW,1.29,2.09,1030.14,1.78,0.25,0.0,3.8,IMELBO1849.csv
2022/12/16,06:59 AM,10.78,8.89,89.0,WSW,1.29,2.09,1030.14,4.83,0.76,0.0,5.1,IMELBO1849.csv
2022/12/16,07:04 AM,10.72,8.89,89.0,SW,0.64,1.13,1030.14,6.1,1.27,0.0,15.5,IMELBO1849.csv
2022/12/16,07:09 AM,10.72,9.06,90.0,WSW,0.32,0.48,1030.48,6.1,1.27,0.0,23.9,IMELBO1849.csv
2022/12/16,07:14 AM,10.72,9.17,90.0,WSW,0.97,1.61,1030.48,3.05,1.27,0.0,23.9,IMELBO1849.csv
2022/12/16,07:19 AM,10.72,9.22,91.0,West,1.13,1.77,1030.48,0.0,1.27,0.0,24.7,IMELBO1849.csv
2022/12/16,07:24 AM,10.67,9.22,91.0,WSW,1.93,2.74,1030.48,1.27,1.52,0.0,31.2,IMELBO1849.csv
2022/12/16,07:29 AM,10.72,9.28,91.0,SW,1.13,1.77,1030.48,1.27,1.52,0.0,43.8,IMELBO1849.csv
2022/12/16,07:34 AM,10.72,9.28,91.0,SW,2.74,3.7,1030.82,1.27,1.52,0.0,43.8,IMELBO1849.csv
2022/12/16,07:39 AM,10.72,9.39,92.0,SW,3.22,4.51,1030.82,0.0,1.52,0.0,52.0,IMELBO1849.csv
2022/12/16,07:44 AM,10.78,9.61,92.0,SW,2.9,4.02,1030.82,0.0,1.52,0.0,73.7,IMELBO1849.csv
2022/12/16,07:49 AM,10.94,9.72,92.0,SW,2.25,2.9,1030.82,0.0,1.52,1.0,113.2,IMELBO1849.csv
2022/12/16,07:54 AM,11.17,9.94,92.0,SW,3.06,3.86,1030.82,0.0,1.52,1.0,197.8,IMELBO1849.csv
2022/12/16,07:59 AM,11.56,10.33,92.0,SW,4.83,6.28,1030.82,0.0,1.52,2.0,217.3,IMELBO1849.csv
2022/12/16,08:04 AM,11.94,10.61,91.0,SW,3.22,4.18,1030.82,0.0,1.52,1.0,136.6,IMELBO1849.csv
2022/12/16,08:09 AM,12.39,10.89,91.0,SW,3.22,4.18,1030.82,0.0,1.52,1.0,114.5,IMELBO1849.csv
2022/12/16,08:14 AM,12.56,10.89,90.0,SW,2.74,4.18,1031.16,0.0,1.52,1.0,140.9,IMELBO1849.csv
2022/12/16,08:19 AM,13.22,11.33,88.0,SW,1.61,2.41,1031.49,0.0,1.52,1.0,199.9,IMELBO1849.csv
2022/12/16,08:24 AM,13.94,11.44,85.0,South,2.57,3.7,1031.16,0.0,1.52,1.0,167.9,IMELBO1849.csv
2022/12/16,08:29 AM,13.56,10.83,84.0,SSE,2.57,3.7,1031.49,0.0,1.52,1.0,144.9,IMELBO1849.csv
2022/12/16,08:34 AM,13.56,10.78,83.0,SSE,3.38,4.99,1031.49,0.0,1.52,1.0,179.9,IMELBO1849.csv
2022/12/16,08:39 AM,14.11,10.89,81.0,ESE,4.02,5.31,1031.49,0.0,1.52,1.0,181.7,IMELBO1849.csv
2022/12/16,08:44 AM,14.56,11.0,79.0,SE,3.86,5.15,1031.49,0.0,1.52,2.0,205.1,IMELBO1849.csv
2022/12/16,08:49 AM,14.5,10.39,76.0,SSW,5.31,7.4,1031.49,0.0,1.52,1.0,198.7,IMELBO1849.csv
2022/12/16,08:54 AM,15.0,10.22,73.0,SSE,3.22,4.83,1031.49,0.0,1.52,2.0,215.6,IMELBO1849.csv
2022/12/16,08:59 AM,15.67,9.89,69.0,SE,3.86,5.31,1031.49,0.0,1.52,2.0,208.2,IMELBO1849.csv
2022/12/16,09:04 AM,15.78,9.83,68.0,South,3.22,5.47,1031.49,0.0,1.52,2.0,217.3,IMELBO1849.csv
2022/12/16,09:09 AM,15.89,9.61,66.0,ESE,5.95,8.85,1031.49,0.0,1.52,2.0,235.5,IMELBO1849.csv
2022/12/16,09:14 AM,15.78,9.22,65.0,SE,5.63,8.37,1031.83,0.0,1.52,4.0,449.3,IMELBO1849.csv
2022/12/16,09:19 AM,15.78,9.11,65.0,SE,5.15,7.88,1031.83,0.0,1.52,4.0,444.2,IMELBO1849.csv
2022/12/16,09:24 AM,15.78,9.0,64.0,East,4.83,7.4,1031.49,0.0,1.52,3.0,383.0,IMELBO1849.csv
2022/12/16,09:29 AM,15.94,8.83,63.0,SSE,4.18,6.28,1031.49,0.0,1.52,3.0,338.8,IMELBO1849.csv
2022/12/16,09:34 AM,16.22,8.83,62.0,SSE,3.86,5.79,1031.49,0.0,1.52,3.0,338.3,IMELBO1849.csv
2022/12/16,09:39 AM,16.67,8.94,60.0,ESE,4.51,6.6,1031.49,0.0,1.52,3.0,377.4,IMELBO1849.csv
2022/12/16,09:44 AM,16.56,8.78,60.0,SE,4.99,6.76,1031.49,0.0,1.52,4.0,511.0,IMELBO1849.csv
2022/12/16,09:49 AM,17.0,8.89,59.0,South,5.15,7.4,1031.49,0.0,1.52,5.0,562.6,IMELBO1849.csv
2022/12/16,09:54 AM,16.78,8.44,58.0,South,6.76,9.17,1031.49,0.0,1.52,5.0,563.8,IMELBO1849.csv
2022/12/16,09:59 AM,16.78,8.28,57.0,SSE,7.08,9.33,1031.49,0.0,1.52,5.0,568.3,IMELBO1849.csv
2022/12/16,10:04 AM,17.06,8.22,56.0,SSE,5.63,9.17,1031.49,0.0,1.52,5.0,589.0,IMELBO1849.csv
2022/12/16,10:09 AM,17.17,8.22,56.0,South,6.28,9.01,1031.49,0.0,1.52,5.0,610.3,IMELBO1849.csv
2022/12/16,10:14 AM,17.33,8.0,54.0,ESE,6.11,8.69,1031.49,0.0,1.52,5.0,610.3,IMELBO1849.csv
2022/12/16,10:19 AM,17.5,8.0,54.0,SE,6.11,9.17,1031.49,0.0,1.52,5.0,609.8,IMELBO1849.csv
2022/12/16,10:24 AM,17.61,7.89,53.0,SSW,7.4,10.3,1031.49,0.0,1.52,6.0,633.7,IMELBO1849.csv
2022/12/16,10:29 AM,17.22,7.56,53.0,SSE,6.76,9.49,1031.49,0.0,1.52,6.0,669.8,IMELBO1849.csv
2022/12/16,10:34 AM,17.22,7.56,53.0,South,9.01,13.03,1031.49,0.0,1.52,6.0,685.0,IMELBO1849.csv
2022/12/16,10:39 AM,17.11,7.44,53.0,South,6.6,9.33,1031.49,0.0,1.52,7.0,737.4,IMELBO1849.csv
2022/12/16,10:44 AM,17.72,7.56,51.0,South,6.92,9.65,1031.49,0.0,1.52,7.0,740.5,IMELBO1849.csv
2022/12/16,10:49 AM,17.61,7.44,51.0,SSE,7.56,10.94,1031.49,0.0,1.52,7.0,756.9,IMELBO1849.csv
2022/12/16,10:54 AM,17.33,8.11,55.0,SW,7.88,11.1,1031.49,0.0,1.52,7.0,784.7,IMELBO1849.csv
2022/12/16,10:59 AM,16.89,7.67,54.0,South,10.62,14.48,1031.49,0.0,1.52,7.0,781.7,IMELBO1849.csv
2022/12/16,11:04 AM,17.28,7.56,53.0,South,9.33,14.0,1031.49,0.0,1.52,8.0,835.9,IMELBO1849.csv
2022/12/16,11:09 AM,16.83,7.33,53.0,South,6.92,9.98,1031.49,0.0,1.52,8.0,853.7,IMELBO1849.csv
2022/12/16,11:14 AM,17.28,7.89,54.0,South,9.17,12.87,1031.49,0.0,1.52,8.0,868.8,IMELBO1849.csv
2022/12/16,11:19 AM,17.33,7.78,53.0,SE,7.56,11.42,1031.83,0.0,1.52,8.0,858.1,IMELBO1849.csv
2022/12/16,11:24 AM,17.5,8.22,54.0,SSW,10.46,14.48,1031.49,0.0,1.52,8.0,879.7,IMELBO1849.csv
2022/12/16,11:29 AM,17.28,8.06,55.0,SW,14.32,19.15,1031.49,0.0,1.52,8.0,871.5,IMELBO1849.csv
2022/12/16,11:34 AM,17.39,8.0,54.0,South,9.65,14.0,1031.83,0.0,1.52,8.0,896.2,IMELBO1849.csv
2022/12/16,11:39 AM,17.67,8.39,54.0,South,7.72,10.94,1031.83,0.0,1.52,9.0,929.6,IMELBO1849.csv
2022/12/16,11:44 AM,17.5,8.61,56.0,SSW,9.49,14.32,1031.83,0.0,1.52,9.0,981.3,IMELBO1849.csv
2022/12/16,11:49 AM,17.44,8.44,56.0,SSW,10.78,15.12,1031.83,0.0,1.52,9.0,971.2,IMELBO1849.csv
2022/12/16,11:54 AM,17.22,8.5,57.0,South,8.85,12.71,1031.49,0.0,1.52,9.0,1018.9,IMELBO1849.csv
2022/12/16,11:59 AM,17.06,8.33,57.0,SSW,12.87,17.06,1031.49,0.0,1.52,9.0,987.3,IMELBO1849.csv
2022/12/16,12:04 PM,16.67,8.0,57.0,SSW,12.87,18.02,1031.83,0.0,1.52,6.0,616.5,IMELBO1849.csv
2022/12/16,12:09 PM,16.5,8.11,57.0,SSW,6.76,9.49,1031.49,0.0,1.52,9.0,970.0,IMELBO1849.csv
2022/12/16,12:14 PM,17.5,8.17,54.0,South,8.69,13.35,1031.83,0.0,1.52,9.0,1018.9,IMELBO1849.csv
2022/12/16,12:19 PM,17.61,8.11,54.0,South,10.62,14.96,1031.83,0.0,1.52,9.0,1016.9,IMELBO1849.csv
2022/12/16,12:24 PM,17.56,8.0,54.0,South,8.85,14.0,1031.83,0.0,1.52,6.0,653.3,IMELBO1849.csv
2022/12/16,12:29 PM,17.22,8.11,55.0,SSE,6.28,9.65,1031.49,0.0,1.52,8.0,837.1,IMELBO1849.csv
2022/12/16,12:34 PM,17.56,8.11,54.0,South,7.4,11.58,1031.83,0.0,1.52,6.0,705.3,IMELBO1849.csv
2022/12/16,12:39 PM,17.89,8.22,53.0,SSW,7.08,10.46,1031.49,0.0,1.52,10.0,1101.4,IMELBO1849.csv
2022/12/16,12:44 PM,18.06,8.5,54.0,South,10.46,16.09,1031.49,0.0,1.52,10.0,1086.2,IMELBO1849.csv
2022/12/16,12:49 PM,18.11,8.22,52.0,SSE,10.78,15.45,1031.49,0.0,1.52,9.0,1007.3,IMELBO1849.csv
2022/12/16,12:54 PM,18.33,8.5,53.0,South,10.94,16.25,1031.49,0.0,1.52,8.0,912.6,IMELBO1849.csv
2022/12/16,12:59 PM,18.22,8.56,53.0,South,10.14,15.61,1031.49,0.0,1.52,8.0,854.5,IMELBO1849.csv
2022/12/16,01:04 PM,18.33,8.56,53.0,WSW,10.14,15.77,1031.49,0.0,1.52,7.0,819.4,IMELBO1849.csv
2022/12/16,01:09 PM,18.17,8.39,53.0,SSW,13.19,18.02,1031.49,0.0,1.52,7.0,819.9,IMELBO1849.csv
2022/12/16,01:14 PM,18.44,8.56,52.0,South,9.33,13.03,1031.49,0.0,1.52,8.0,835.1,IMELBO1849.csv
2022/12/16,01:19 PM,18.72,8.72,52.0,South,10.46,15.29,1031.49,0.0,1.52,9.0,936.6,IMELBO1849.csv
2022/12/16,01:24 PM,19.06,8.83,52.0,SW,7.24,10.94,1031.49,0.0,1.52,9.0,948.7,IMELBO1849.csv
2022/12/16,01:29 PM,19.39,9.11,51.0,SSW,7.56,10.78,1031.49,0.0,1.52,9.0,962.5,IMELBO1849.csv
2022/12/16,01:34 PM,19.28,8.94,51.0,South,10.46,14.8,1031.49,0.0,1.52,8.0,916.2,IMELBO1849.csv
2022/12/16,01:39 PM,18.78,8.67,52.0,SSW,11.58,16.25,1031.49,0.0,1.52,8.0,885.3,IMELBO1849.csv
2022/12/16,01:44 PM,18.72,8.67,52.0,SW,13.84,18.99,1031.49,0.0,1.52,8.0,890.6,IMELBO1849.csv
2022/12/16,01:49 PM,18.67,8.56,52.0,SW,9.65,13.19,1031.49,0.0,1.52,10.0,1052.8,IMELBO1849.csv
2022/12/16,01:54 PM,18.94,8.83,52.0,SSW,8.69,11.75,1031.16,0.0,1.52,9.0,1020.7,IMELBO1849.csv
2022/12/16,01:59 PM,19.06,8.94,52.0,SSW,9.17,13.35,1031.16,0.0,1.52,9.0,936.1,IMELBO1849.csv
2022/12/16,02:04 PM,18.94,8.83,52.0,SSE,8.04,12.07,1031.16,0.0,1.52,10.0,1063.2,IMELBO1849.csv
2022/12/16,02:09 PM,18.78,8.83,53.0,SSW,12.87,17.7,1031.16,0.0,1.52,10.0,1061.5,IMELBO1849.csv
2022/12/16,02:14 PM,18.56,8.72,53.0,SSE,6.28,9.17,1031.16,0.0,1.52,9.0,1011.1,IMELBO1849.csv
2022/12/16,02:19 PM,18.72,9.06,53.0,SW,12.23,17.22,1031.16,0.0,1.52,8.0,869.3,IMELBO1849.csv
2022/12/16,02:24 PM,18.56,8.89,53.0,SSW,9.65,13.35,1031.16,0.0,1.52,9.0,946.2,IMELBO1849.csv
2022/12/16,02:29 PM,18.61,8.89,53.0,South,8.69,12.07,1031.16,0.0,1.52,9.0,1006.0,IMELBO1849.csv
2022/12/16,02:34 PM,18.89,9.28,54.0,SSW,8.69,12.71,1031.16,0.0,1.52,8.0,916.2,IMELBO1849.csv
2022/12/16,02:39 PM,18.61,9.17,54.0,South,9.17,13.35,1031.16,0.0,1.52,8.0,868.0,IMELBO1849.csv
2022/12/16,02:44 PM,18.67,9.11,54.0,SSW,12.39,16.25,1031.16,0.0,1.52,9.0,936.6,IMELBO1849.csv
2022/12/16,02:49 PM,18.61,9.06,54.0,SW,8.04,11.42,1031.16,0.0,1.52,10.0,1086.6,IMELBO1849.csv
2022/12/16,02:54 PM,19.28,9.56,53.0,South,8.04,11.1,1031.16,0.0,1.52,7.0,820.3,IMELBO1849.csv
2022/12/16,02:59 PM,18.78,9.56,55.0,SSW,11.26,14.96,1031.16,0.0,1.52,9.0,962.2,IMELBO1849.csv
2022/12/16,03:04 PM,18.83,9.67,55.0,SSW,9.49,14.8,1031.16,0.0,1.52,9.0,979.5,IMELBO1849.csv
2022/12/16,03:09 PM,18.83,9.67,55.0,SSW,10.3,13.84,1031.16,0.0,1.52,10.0,1034.6,IMELBO1849.csv
2022/12/16,03:14 PM,18.78,9.61,55.0,SSW,13.19,18.02,1031.49,0.0,1.52,9.0,1016.4,IMELBO1849.csv
2022/12/16,03:19 PM,18.89,9.67,55.0,SSW,10.3,15.29,1031.49,0.0,1.52,9.0,981.3,IMELBO1849.csv
2022/12/16,03:24 PM,18.89,9.72,55.0,South,9.01,12.87,1031.49,0.0,1.52,9.0,973.4,IMELBO1849.csv
2022/12/16,03:29 PM,18.67,9.89,56.0,SSW,10.46,14.96,1031.49,0.0,1.52,6.0,647.7,IMELBO1849.csv
2022/12/16,03:34 PM,18.11,9.67,58.0,SW,15.93,22.2,1031.16,0.0,1.52,4.0,427.2,IMELBO1849.csv
2022/12/16,03:39 PM,17.67,9.33,58.0,SSW,13.35,18.18,1031.49,0.0,1.52,9.0,934.8,IMELBO1849.csv
2022/12/16,03:44 PM,18.39,9.5,56.0,SSW,12.07,16.57,1031.49,0.0,1.52,10.0,1041.9,IMELBO1849.csv
2022/12/16,03:49 PM,18.72,9.72,56.0,SSW,11.75,16.89,1031.49,0.0,1.52,9.0,978.7,IMELBO1849.csv
2022/12/16,03:54 PM,18.22,9.61,57.0,SSW,10.46,15.77,1031.16,0.0,1.52,9.0,1012.9,IMELBO1849.csv
2022/12/16,03:59 PM,18.5,9.72,57.0,SSW,9.17,12.55,1031.49,0.0,1.52,6.0,658.9,IMELBO1849.csv
2022/12/16,04:04 PM,18.17,9.44,57.0,SW,10.62,14.48,1031.16,0.0,1.52,3.0,366.0,IMELBO1849.csv
2022/12/16,04:09 PM,17.83,9.17,57.0,SW,13.84,19.15,1031.16,0.0,1.52,9.0,990.8,IMELBO1849.csv
2022/12/16,04:14 PM,18.28,9.17,56.0,SSW,14.64,21.88,1031.16,0.0,1.52,8.0,899.7,IMELBO1849.csv
2022/12/16,04:19 PM,19.11,9.5,54.0,South,10.46,16.73,1031.16,0.0,1.52,9.0,981.3,IMELBO1849.csv
2022/12/16,04:24 PM,18.56,9.22,55.0,SSW,9.65,13.35,1031.16,0.0,1.52,3.0,399.9,IMELBO1849.csv
2022/12/16,04:29 PM,18.39,9.0,55.0,South,10.46,14.96,1031.16,0.0,1.52,8.0,919.6,IMELBO1849.csv
2022/12/16,04:34 PM,18.61,9.11,54.0,SSW,10.46,14.96,1031.16,0.0,1.52,9.0,937.0,IMELBO1849.csv
2022/12/16,04:39 PM,18.61,9.17,54.0,SSW,12.55,17.86,1031.16,0.0,1.52,7.0,822.0,IMELBO1849.csv
2022/12/16,04:44 PM,18.11,8.83,55.0,SSW,14.48,20.11,1031.16,0.0,1.52,8.0,842.9,IMELBO1849.csv
2022/12/16,04:49 PM,18.44,8.83,54.0,SW,11.58,16.25,1031.49,0.0,1.52,9.0,1025.1,IMELBO1849.csv
2022/12/16,04:54 PM,18.5,8.94,54.0,SSW,10.62,16.09,1031.49,0.0,1.52,3.0,383.9,IMELBO1849.csv
2022/12/16,04:59 PM,18.22,8.78,54.0,South,10.14,14.32,1031.49,0.0,1.52,8.0,914.0,IMELBO1849.csv
2022/12/16,05:04 PM,18.28,8.78,54.0,SSW,9.81,14.48,1031.49,0.0,1.52,4.0,464.1,IMELBO1849.csv
2022/12/16,05:09 PM,18.0,8.72,55.0,South,9.65,14.32,1031.49,0.0,1.52,2.0,262.4,IMELBO1849.csv
2022/12/16,05:14 PM,17.78,8.78,56.0,SSW,9.17,13.19,1031.49,0.0,1.52,6.0,711.0,IMELBO1849.csv
2022/12/16,05:19 PM,18.0,8.94,55.0,SSW,9.65,13.03,1031.49,0.0,1.52,7.0,793.3,IMELBO1849.csv
2022/12/16,05:24 PM,18.0,9.06,56.0,SW,12.87,17.38,1031.49,0.0,1.52,8.0,835.4,IMELBO1849.csv
2022/12/16,05:29 PM,17.78,9.33,58.0,SW,12.55,17.54,1031.49,0.0,1.52,3.0,311.8,IMELBO1849.csv
2022/12/16,05:34 PM,17.67,9.22,58.0,South,9.98,13.52,1031.83,0.0,1.52,1.0,192.1,IMELBO1849.csv
2022/12/16,05:39 PM,17.33,9.11,59.0,SSW,11.42,16.89,1031.49,0.0,1.52,1.0,192.6,IMELBO1849.csv
2022/12/16,05:44 PM,17.33,9.17,59.0,South,9.17,12.55,1031.49,0.0,1.52,2.0,237.2,IMELBO1849.csv
2022/12/16,05:49 PM,17.17,9.17,59.0,SSE,9.65,14.32,1031.49,0.0,1.52,5.0,590.8,IMELBO1849.csv
2022/12/16,05:54 PM,17.39,9.22,59.0,SSW,11.58,15.77,1031.83,0.0,1.52,5.0,575.6,IMELBO1849.csv
2022/12/16,05:59 PM,17.11,9.22,60.0,SW,13.52,18.34,1031.49,0.0,1.52,5.0,519.7,IMELBO1849.csv
2022/12/16,06:04 PM,17.28,9.28,59.0,South,8.85,12.71,1031.83,0.0,1.52,1.0,188.3,IMELBO1849.csv
2022/12/16,06:09 PM,17.0,9.22,60.0,SSW,9.49,13.03,1031.83,0.0,1.52,1.0,144.0,IMELBO1849.csv
2022/12/16,06:14 PM,16.72,9.11,61.0,SSW,9.49,13.52,1031.83,0.0,1.52,3.0,408.1,IMELBO1849.csv
2022/12/16,06:19 PM,17.11,9.28,60.0,SSW,10.78,14.64,1031.83,0.0,1.52,4.0,436.4,IMELBO1849.csv
2022/12/16,06:24 PM,16.89,9.22,61.0,SSW,10.46,14.96,1031.83,0.0,1.52,1.0,156.9,IMELBO1849.csv
2022/12/16,06:29 PM,16.5,9.0,61.0,SSW,10.94,14.8,1031.83,0.0,1.52,1.0,189.5,IMELBO1849.csv
2022/12/16,06:34 PM,16.39,8.67,60.0,SSW,10.94,15.12,1031.83,0.0,1.52,2.0,210.3,IMELBO1849.csv
2022/12/16,06:39 PM,16.44,8.56,59.0,SSW,11.91,16.41,1031.83,0.0,1.52,2.0,287.6,IMELBO1849.csv
2022/12/16,06:44 PM,16.78,8.72,59.0,South,8.53,13.03,1031.83,0.0,1.52,2.0,279.8,IMELBO1849.csv
2022/12/16,06:49 PM,16.67,8.67,59.0,SSW,11.1,15.61,1031.83,0.0,1.52,1.0,167.0,IMELBO1849.csv
2022/12/16,06:54 PM,16.5,8.5,59.0,SSW,9.33,13.03,1032.17,0.0,1.52,1.0,131.4,IMELBO1849.csv
2022/12/16,06:59 PM,16.56,8.61,59.0,SSW,9.33,13.35,1032.17,0.0,1.52,1.0,99.3,IMELBO1849.csv
2022/12/16,07:04 PM,16.44,8.61,60.0,SSW,11.91,18.18,1032.17,0.0,1.52,0.0,87.6,IMELBO1849.csv
2022/12/16,07:09 PM,16.11,8.56,61.0,SSW,11.1,16.25,1032.17,0.0,1.52,0.0,95.4,IMELBO1849.csv
2022/12/16,07:14 PM,16.17,8.39,60.0,SSW,7.24,11.1,1032.51,0.0,1.52,0.0,95.4,IMELBO1849.csv
2022/12/16,07:19 PM,16.22,8.67,61.0,SSW,9.33,12.87,1032.51,0.0,1.52,0.0,71.6,IMELBO1849.csv
2022/12/16,07:24 PM,16.17,8.78,61.0,SSW,10.94,15.45,1032.51,0.0,1.52,0.0,72.8,IMELBO1849.csv
2022/12/16,07:29 PM,16.11,8.78,62.0,SSW,10.46,14.8,1032.51,0.0,1.52,0.0,43.8,IMELBO1849.csv
2022/12/16,07:34 PM,15.83,8.72,63.0,SSW,12.71,17.38,1032.51,0.0,1.52,0.0,40.7,IMELBO1849.csv
2022/12/16,07:39 PM,15.83,8.83,63.0,SSW,10.3,14.48,1032.51,0.0,1.52,0.0,39.4,IMELBO1849.csv
2022/12/16,07:44 PM,15.78,9.0,64.0,SSW,9.81,14.16,1032.51,0.0,1.52,0.0,37.7,IMELBO1849.csv
2022/12/16,07:49 PM,15.78,9.06,64.0,SW,8.53,12.07,1032.51,0.0,1.52,0.0,34.6,IMELBO1849.csv
2022/12/16,07:54 PM,15.72,9.22,65.0,SSW,8.21,11.26,1032.51,0.0,1.52,0.0,32.1,IMELBO1849.csv
2022/12/16,07:59 PM,15.61,9.11,65.0,SSW,8.69,12.07,1032.51,0.0,1.52,0.0,28.6,IMELBO1849.csv
2022/12/16,08:04 PM,15.5,9.0,65.0,SSW,8.85,11.91,1032.85,0.0,1.52,0.0,25.1,IMELBO1849.csv
2022/12/16,08:09 PM,15.5,9.0,65.0,SSW,8.04,10.94,1032.85,0.0,1.52,0.0,22.0,IMELBO1849.csv
2022/12/16,08:14 PM,15.39,8.94,65.0,SSW,7.08,10.46,1032.85,0.0,1.52,0.0,19.5,IMELBO1849.csv
2022/12/16,08:19 PM,15.33,9.06,66.0,SSW,8.04,11.42,1032.85,0.0,1.52,0.0,16.0,IMELBO1849.csv
2022/12/16,08:24 PM,15.22,9.06,67.0,SSW,7.08,10.94,1033.19,0.0,1.52,0.0,12.5,IMELBO1849.csv
2022/12/16,08:29 PM,15.11,9.0,67.0,SSW,8.69,12.07,1033.19,0.0,1.52,0.0,9.9,IMELBO1849.csv
2022/12/16,08:34 PM,15.0,8.89,67.0,SSW,10.94,14.64,1033.19,0.0,1.52,0.0,6.9,IMELBO1849.csv
2022/12/16,08:39 PM,15.0,9.0,68.0,SSW,9.65,13.68,1033.19,0.0,1.52,0.0,4.3,IMELBO1849.csv
2022/12/16,08:44 PM,14.89,9.0,68.0,SSW,7.88,11.58,1033.19,0.0,1.52,0.0,2.1,IMELBO1849.csv
2022/12/16,08:49 PM,14.78,9.06,69.0,SSW,7.56,10.94,1033.19,0.0,1.52,0.0,0.4,IMELBO1849.csv
2022/12/16,08:54 PM,14.78,8.94,68.0,SSW,8.04,11.42,1033.19,0.0,1.52,0.0,0.0,IMELBO1849.csv
2022/12/16,08:59 PM,14.72,9.17,69.0,SSW,6.76,9.65,1033.53,0.0,1.52,0.0,0.0,IMELBO1849.csv
2022/12/16,09:04 PM,14.72,9.11,69.0,SSW,6.92,9.49,1033.19,0.0,1.52,0.0,0.0,IMELBO1849.csv
2022/12/16,09:09 PM,14.61,9.06,69.0,SSW,6.76,9.01,1033.19,0.0,1.52,0.0,0.0,IMELBO1849.csv
2022/12/16,09:14 PM,14.5,9.11,70.0,SSW,6.6,9.01,1033.19,0.0,1.52,0.0,0.0,IMELBO1849.csv
2022/12/16,09:19 PM,14.5,9.11,70.0,SSW,5.47,8.37,1033.19,0.0,1.52,0.0,0.0,IMELBO1849.csv
2022/12/16,09:24 PM,14.39,9.0,70.0,SSW,6.6,9.65,1033.53,0.0,1.52,0.0,0.0,IMELBO1849.csv
2022/12/16,09:29 PM,14.39,9.06,70.0,SSW,5.47,7.88,1033.53,0.0,1.52,0.0,0.0,IMELBO1849.csv
2022/12/16,09:34 PM,14.28,9.06,71.0,South,4.51,6.6,1033.53,0.0,1.52,0.0,0.0,IMELBO1849.csv
2022/12/16,09:39 PM,14.28,9.06,71.0,SSW,5.95,8.37,1033.53,0.0,1.52,0.0,0.0,IMELBO1849.csv
2022/12/16,09:44 PM,14.22,9.0,71.0,SSW,7.4,10.62,1033.53,0.0,1.52,0.0,0.0,IMELBO1849.csv
2022/12/16,09:49 PM,14.22,9.0,71.0,South,4.02,5.47,1033.53,0.0,1.52,0.0,0.0,IMELBO1849.csv
2022/12/16,09:54 PM,14.22,9.0,71.0,SSW,6.28,8.85,1033.53,0.0,1.52,0.0,0.0,IMELBO1849.csv
2022/12/16,09:59 PM,14.11,8.94,71.0,South,4.51,7.4,1033.53,0.0,1.52,0.0,0.0,IMELBO1849.csv
2022/12/16,10:04 PM,14.11,8.94,71.0,South,5.15,7.88,1033.53,0.0,1.52,0.0,0.0,IMELBO1849.csv
2022/12/16,10:09 PM,14.0,9.0,72.0,South,6.11,8.37,1033.86,0.0,1.52,0.0,0.0,IMELBO1849.csv
2022/12/16,10:14 PM,14.0,9.0,72.0,South,4.51,6.11,1033.86,0.0,1.52,0.0,0.0,IMELBO1849.csv
2022/12/16,10:19 PM,13.89,9.17,73.0,South,5.15,7.72,1033.86,0.0,1.52,0.0,0.0,IMELBO1849.csv
2022/12/16,10:24 PM,13.89,9.22,73.0,South,6.28,8.53,1033.86,0.0,1.52,0.0,0.0,IMELBO1849.csv
2022/12/16,10:29 PM,13.83,9.17,73.0,SSW,4.51,6.28,1033.86,0.0,1.52,0.0,0.0,IMELBO1849.csv
2022/12/16,10:34 PM,13.78,9.11,73.0,SSW,4.99,6.92,1033.86,0.0,1.52,0.0,0.0,IMELBO1849.csv
2022/12/16,10:39 PM,13.78,9.11,73.0,SSW,6.11,8.04,1033.86,0.0,1.52,0.0,0.0,IMELBO1849.csv
2022/12/16,10:44 PM,13.78,9.11,73.0,South,5.31,7.72,1033.86,0.0,1.52,0.0,0.0,IMELBO1849.csv
2022/12/16,10:49 PM,13.78,9.06,73.0,SSW,5.47,7.72,1033.86,0.0,1.52,0.0,0.0,IMELBO1849.csv
2022/12/16,10:54 PM,13.72,9.22,74.0,South,4.51,6.28,1033.86,0.0,1.52,0.0,0.0,IMELBO1849.csv
2022/12/16,10:59 PM,13.72,9.22,74.0,SW,4.51,6.44,1033.86,0.0,1.52,0.0,0.0,IMELBO1849.csv
2022/12/16,11:04 PM,13.61,9.11,74.0,SSW,6.11,8.37,1033.86,0.0,1.52,0.0,0.0,IMELBO1849.csv
2022/12/16,11:09 PM,13.67,9.28,75.0,SSW,6.28,8.69,1033.86,0.0,1.52,0.0,0.0,IMELBO1849.csv
2022/12/16,11:14 PM,13.61,9.28,75.0,South,4.67,6.44,1033.86,0.0,1.52,0.0,0.0,IMELBO1849.csv
2022/12/16,11:19 PM,13.61,9.28,75.0,SSW,3.7,5.31,1033.86,0.0,1.52,0.0,0.0,IMELBO1849.csv
2022/12/16,11:24 PM,13.5,9.28,76.0,South,4.67,6.28,1033.86,0.0,1.52,0.0,0.0,IMELBO1849.csv
2022/12/16,11:29 PM,13.5,9.28,76.0,South,4.51,5.95,1034.2,0.0,1.52,0.0,0.0,IMELBO1849.csv
2022/12/16,11:34 PM,13.5,9.44,77.0,SSW,5.31,7.88,1033.86,0.0,1.52,0.0,0.0,IMELBO1849.csv
2022/12/16,11:39 PM,13.39,9.39,77.0,SSW,5.31,7.56,1034.2,0.0,1.52,0.0,0.0,IMELBO1849.csv
2022/12/16,11:44 PM,13.44,9.44,77.0,South,2.9,4.18,1033.86,0.0,1.52,0.0,0.0,IMELBO1849.csv
2022/12/16,11:49 PM,13.28,9.28,77.0,South,2.9,4.34,1033.86,0.0,1.52,0.0,0.0,IMELBO1849.csv
2022/12/16,11:54 PM,13.28,9.28,77.0,SSW,4.51,6.11,1033.86,0.0,1.52,0.0,0.0,IMELBO1849.csv
2022/12/16,11:59 PM,13.22,9.39,78.0,South,3.22,4.51,1033.86,0.0,1.52,0.0,0.0,IMELBO1849.csv
2022/12/17,12:04 AM,13.17,9.44,78.0,South,1.93,2.74,1033.86,0.0,0.0,0.0,0.0,IMELBO1849.csv
2022/12/17,12:09 AM,13.0,9.28,78.0,SSW,1.61,2.57,1033.53,0.0,0.0,0.0,0.0,IMELBO1849.csv
2022/12/17,12:14 AM,12.94,9.44,79.0,South,2.57,3.7,1033.53,0.0,0.0,0.0,0.0,IMELBO1849.csv
2022/12/17,12:19 AM,12.89,9.39,79.0,SSW,1.45,2.09,1033.53,0.0,0.0,0.0,0.0,IMELBO1849.csv
2022/12/17,12:24 AM,12.78,9.28,79.0,South,4.34,6.11,1033.53,0.0,0.0,0.0,0.0,IMELBO1849.csv
2022/12/17,12:29 AM,12.89,9.28,78.0,South,3.38,4.67,1033.53,0.0,0.0,0.0,0.0,IMELBO1849.csv
2022/12/17,12:34 AM,12.89,9.22,78.0,South,3.22,4.34,1033.19,0.0,0.0,0.0,0.0,IMELBO1849.csv
2022/12/17,12:39 AM,12.78,9.22,79.0,South,4.51,6.6,1033.53,0.0,0.0,0.0,0.0,IMELBO1849.csv
2022/12/17,12:44 AM,12.89,9.22,78.0,South,4.51,6.11,1033.53,0.0,0.0,0.0,0.0,IMELBO1849.csv
2022/12/17,12:49 AM,12.83,9.22,79.0,SSW,3.38,4.99,1033.53,0.0,0.0,0.0,0.0,IMELBO1849.csv
2022/12/17,12:54 AM,12.78,9.22,79.0,South,3.86,5.31,1033.19,0.0,0.0,0.0,0.0,IMELBO1849.csv
2022/12/17,12:59 AM,12.78,9.28,79.0,South,3.38,4.34,1033.19,0.0,0.0,0.0,0.0,IMELBO1849.csv
2022/12/17,01:04 AM,12.72,9.22,79.0,SSW,2.9,3.86,1033.53,0.0,0.0,0.0,0.0,IMELBO1849.csv
2022/12/17,01:09 AM,12.61,9.17,80.0,South,3.38,4.34,1033.19,0.0,0.0,0.0,0.0,IMELBO1849.csv
2022/12/17,01:14 AM,12.56,9.11,80.0,South,1.45,2.41,1033.53,0.0,0.0,0.0,0.0,IMELBO1849.csv
2022/12/17,01:19 AM,12.56,9.17,80.0,South,1.93,2.74,1033.53,0.0,0.0,0.0,0.0,IMELBO1849.csv
2022/12/17,01:24 AM,12.44,9.06,80.0,SSW,0.64,1.45,1033.53,0.0,0.0,0.0,0.0,IMELBO1849.csv
2022/12/17,01:29 AM,12.28,9.06,81.0,SSW,1.77,2.41,1033.53,0.0,0.0,0.0,0.0,IMELBO1849.csv
2022/12/17,01:34 AM,12.22,9.06,81.0,South,3.22,4.18,1033.53,0.0,0.0,0.0,0.0,IMELBO1849.csv
2022/12/17,01:39 AM,12.39,9.22,81.0,South,2.9,4.02,1033.53,0.0,0.0,0.0,0.0,IMELBO1849.csv
2022/12/17,01:44 AM,12.33,9.17,81.0,South,2.9,4.34,1033.53,0.0,0.0,0.0,0.0,IMELBO1849.csv
2022/12/17,01:49 AM,12.33,9.17,81.0,SSW,2.74,3.7,1033.53,0.0,0.0,0.0,0.0,IMELBO1849.csv
2022/12/17,01:54 AM,12.28,9.11,81.0,South,2.9,4.34,1033.53,0.0,0.0,0.0,0.0,IMELBO1849.csv
2022/12/17,01:59 AM,12.28,9.11,81.0,South,2.9,4.18,1033.53,0.0,0.0,0.0,0.0,IMELBO1849.csv
2022/12/17,02:04 AM,12.28,9.11,81.0,South,2.57,4.02,1033.53,0.0,0.0,0.0,0.0,IMELBO1849.csv
2022/12/17,02:09 AM,12.22,9.0,81.0,South,2.9,4.02,1033.53,0.0,0.0,0.0,0.0,IMELBO1849.csv
2022/12/17,02:14 AM,12.17,8.94,81.0,South,2.25,3.06,1033.53,0.0,0.0,0.0,0.0,IMELBO1849.csv
2022/12/17,02:19 AM,12.11,8.89,81.0,South,3.22,4.83,1033.53,0.0,0.0,0.0,0.0,IMELBO1849.csv
2022/12/17,02:24 AM,12.11,8.89,81.0,South,2.41,3.7,1033.53,0.0,0.0,0.0,0.0,IMELBO1849.csv
2022/12/17,02:29 AM,12.11,8.89,81.0,South,2.9,3.86,1033.53,0.0,0.0,0.0,0.0,IMELBO1849.csv
2022/12/17,02:34 AM,12.0,8.78,81.0,South,2.9,4.18,1033.53,0.0,0.0,0.0,0.0,IMELBO1849.csv
2022/12/17,02:39 AM,12.0,8.78,81.0,SSW,2.41,3.38,1033.19,0.0,0.0,0.0,0.0,IMELBO1849.csv
2022/12/17,02:44 AM,11.89,8.72,81.0,SSW,3.06,4.02,1033.19,0.0,0.0,0.0,0.0,IMELBO1849.csv
2022/12/17,02:49 AM,11.83,8.72,81.0,SSW,2.57,3.22,1033.19,0.0,0.0,0.0,0.0,IMELBO1849.csv
2022/12/17,02:54 AM,11.78,8.78,82.0,SSW,3.22,4.18,1033.19,0.0,0.0,0.0,0.0,IMELBO1849.csv
2022/12/17,02:59 AM,11.67,8.67,82.0,SSW,2.25,3.22,1033.19,0.0,0.0,0.0,0.0,IMELBO1849.csv
2022/12/17,03:04 AM,11.61,8.61,82.0,SSW,1.77,2.9,1033.19,0.0,0.0,0.0,0.0,IMELBO1849.csv
2022/12/17,03:09 AM,11.61,8.61,82.0,SW,1.77,2.41,1033.19,0.0,0.0,0.0,0.0,IMELBO1849.csv
2022/12/17,03:14 AM,11.56,8.56,82.0,SW,1.13,2.09,1033.19,0.0,0.0,0.0,0.0,IMELBO1849.csv
2022/12/17,03:19 AM,11.5,8.61,82.0,SW,2.57,3.38,1033.19,0.0,0.0,0.0,0.0,IMELBO1849.csv
2022/12/17,03:24 AM,11.44,8.67,83.0,SSW,2.25,2.9,1033.19,0.0,0.0,0.0,0.0,IMELBO1849.csv
2022/12/17,03:29 AM,11.39,8.61,83.0,SSW,1.61,2.25,1033.19,0.0,0.0,0.0,0.0,IMELBO1849.csv
2022/12/17,03:34 AM,11.28,8.5,83.0,SSW,2.57,3.06,1033.19,0.0,0.0,0.0,0.0,IMELBO1849.csv
2022/12/17,03:39 AM,11.22,8.5,83.0,SSW,1.93,2.74,1033.19,0.0,0.0,0.0,0.0,IMELBO1849.csv
2022/12/17,03:44 AM,11.22,8.61,84.0,SSW,2.09,2.74,1033.19,0.0,0.0,0.0,0.0,IMELBO1849.csv
2022/12/17,03:49 AM,11.06,8.44,84.0,SSW,1.13,1.77,1033.19,0.0,0.0,0.0,0.0,IMELBO1849.csv
2022/12/17,03:54 AM,10.94,8.44,85.0,SSW,1.45,1.93,1033.19,0.0,0.0,0.0,0.0,IMELBO1849.csv
2022/12/17,03:59 AM,10.89,8.5,85.0,SSW,0.97,1.61,1033.19,0.0,0.0,0.0,0.0,IMELBO1849.csv
2022/12/17,04:04 AM,10.83,8.44,85.0,SSW,1.13,1.61,1033.19,0.0,0.0,0.0,0.0,IMELBO1849.csv
2022/12/17,04:09 AM,10.78,8.39,85.0,SSW,0.16,0.48,1033.19,0.0,0.0,0.0,0.0,IMELBO1849.csv
2022/12/17,04:14 AM,10.67,8.28,85.0,SSW,0.16,0.32,1033.19,0.0,0.0,0.0,0.0,IMELBO1849.csv
2022/12/17,04:19 AM,10.67,8.44,86.0,SSW,1.13,1.77,1033.19,0.0,0.0,0.0,0.0,IMELBO1849.csv
2022/12/17,04:24 AM,10.61,8.39,86.0,SSW,0.48,0.8,1033.53,0.0,0.0,0.0,0.0,IMELBO1849.csv
2022/12/17,04:29 AM,10.44,8.22,86.0,SSW,0.16,0.64,1033.53,0.0,0.0,0.0,0.0,IMELBO1849.csv
2022/12/17,04:34 AM,10.28,8.11,86.0,SSW,0.32,0.8,1033.53,0.0,0.0,0.0,0.0,IMELBO1849.csv
2022/12/17,04:39 AM,10.33,8.22,87.0,SSW,1.77,2.25,1033.53,0.0,0.0,0.0,0.0,IMELBO1849.csv
2022/12/17,04:44 AM,10.5,8.33,87.0,SSW,1.61,1.93,1033.53,0.0,0.0,0.0,0.0,IMELBO1849.csv
2022/12/17,04:49 AM,10.61,8.39,86.0,SSW,1.93,2.74,1033.53,0.0,0.0,0.0,0.0,IMELBO1849.csv
2022/12/17,04:54 AM,10.67,8.44,86.0,SSW,2.9,3.86,1033.86,0.0,0.0,0.0,0.0,IMELBO1849.csv
2022/12/17,04:59 AM,10.72,8.5,86.0,SSW,2.25,2.9,1033.86,0.0,0.0,0.0,0.0,IMELBO1849.csv
2022/12/17,05:04 AM,10.72,8.5,86.0,SW,2.41,3.54,1034.2,0.0,0.0,0.0,0.0,IMELBO1849.csv
2022/12/17,05:09 AM,10.72,8.5,86.0,SW,2.41,3.22,1033.86,0.0,0.0,0.0,0.0,IMELBO1849.csv
2022/12/17,05:14 AM,10.78,8.56,86.0,SW,2.25,2.9,1034.2,0.0,0.0,0.0,0.0,IMELBO1849.csv
2022/12/17,05:19 AM,10.78,8.61,86.0,SW,1.77,2.74,1034.2,0.0,0.0,0.0,0.0,IMELBO1849.csv
2022/12/17,05:24 AM,10.83,8.67,86.0,SSW,2.57,3.86,1034.2,0.0,0.0,0.0,0.0,IMELBO1849.csv
2022/12/17,05:29 AM,10.89,8.72,86.0,SSW,2.25,3.22,1034.2,0.0,0.0,0.0,0.0,IMELBO1849.csv
2022/12/17,05:34 AM,10.89,8.78,87.0,SSW,3.38,4.51,1034.2,0.0,0.0,0.0,0.0,IMELBO1849.csv
2022/12/17,05:39 AM,11.0,8.89,87.0,SW,3.7,4.99,1034.2,0.0,0.0,0.0,0.0,IMELBO1849.csv
2022/12/17,05:44 AM,10.94,8.83,87.0,SW,2.74,3.86,1034.2,0.0,0.0,0.0,0.0,IMELBO1849.csv
2022/12/17,05:49 AM,10.89,8.78,87.0,SW,2.09,2.9,1034.2,0.0,0.0,0.0,0.9,IMELBO1849.csv
2022/12/17,05:54 AM,10.78,8.72,87.0,SSW,2.9,3.54,1034.2,0.0,0.0,0.0,2.9,IMELBO1849.csv
2022/12/17,05:59 AM,10.83,8.78,87.0,SSW,2.41,3.54,1034.2,0.0,0.0,0.0,4.8,IMELBO1849.csv
2022/12/17,06:04 AM,10.83,8.78,87.0,SW,3.22,4.51,1034.2,0.0,0.0,0.0,8.2,IMELBO1849.csv
2022/12/17,06:09 AM,10.89,8.78,87.0,SW,2.9,3.86,1034.2,0.0,0.0,0.0,10.8,IMELBO1849.csv
2022/12/17,06:14 AM,10.89,8.78,87.0,SSW,2.41,3.22,1034.2,0.0,0.0,0.0,13.8,IMELBO1849.csv
2022/12/17,06:19 AM,10.89,8.78,87.0,SW,2.25,3.06,1034.2,0.0,0.0,0.0,16.4,IMELBO1849.csv
2022/12/17,06:24 AM,11.0,8.89,87.0,SW,2.41,3.06,1034.2,0.0,0.0,0.0,19.9,IMELBO1849.csv
2022/12/17,06:29 AM,11.06,8.89,87.0,SSW,2.9,3.38,1034.2,0.0,0.0,0.0,22.9,IMELBO1849.csv
2022/12/17,06:34 AM,11.22,9.0,86.0,SSW,2.74,3.7,1034.2,0.0,0.0,0.0,25.1,IMELBO1849.csv
2022/12/17,06:39 AM,11.33,9.11,86.0,SSW,2.41,3.38,1034.54,0.0,0.0,0.0,27.7,IMELBO1849.csv
2022/12/17,06:44 AM,11.56,9.17,85.0,SSW,2.9,4.02,1034.54,0.0,0.0,0.0,30.7,IMELBO1849.csv
2022/12/17,06:49 AM,11.78,9.17,84.0,SSW,3.86,5.15,1034.54,0.0,0.0,0.0,35.1,IMELBO1849.csv
2022/12/17,06:54 AM,12.0,9.17,83.0,South,2.57,3.7,1034.54,0.0,0.0,0.0,46.4,IMELBO1849.csv
2022/12/17,06:59 AM,12.33,9.28,82.0,SSW,5.95,8.21,1034.54,0.0,0.0,0.0,52.8,IMELBO1849.csv
2022/12/17,07:04 AM,12.78,9.44,80.0,South,4.51,5.95,1034.54,0.0,0.0,0.0,80.3,IMELBO1849.csv
2022/12/17,07:09 AM,13.0,9.56,79.0,South,5.95,7.88,1034.54,0.0,0.0,0.0,87.1,IMELBO1849.csv
2022/12/17,07:14 AM,13.22,9.61,79.0,South,3.54,5.15,1034.54,0.0,0.0,1.0,104.5,IMELBO1849.csv
2022/12/17,07:19 AM,13.28,9.67,78.0,SSW,7.56,10.46,1034.54,0.0,0.0,1.0,114.9,IMELBO1849.csv
2022/12/17,07:24 AM,13.33,9.67,78.0,South,6.28,9.49,1034.54,0.0,0.0,1.0,129.7,IMELBO1849.csv
2022/12/17,07:29 AM,13.67,9.78,78.0,SSE,5.63,8.04,1034.54,0.0,0.0,1.0,137.0,IMELBO1849.csv
2022/12/17,07:34 AM,13.67,9.61,77.0,SSE,4.83,7.88,1034.54,0.0,0.0,1.0,135.7,IMELBO1849.csv
2022/12/17,07:39 AM,13.89,9.72,76.0,SSE,4.34,5.95,1034.54,0.0,0.0,1.0,163.1,IMELBO1849.csv
2022/12/17,07:44 AM,13.94,9.72,76.0,South,6.11,8.85,1034.54,0.0,0.0,1.0,156.6,IMELBO1849.csv
2022/12/17,07:49 AM,13.83,9.67,76.0,South,6.11,8.85,1034.88,0.0,0.0,2.0,208.2,IMELBO1849.csv
2022/12/17,07:54 AM,14.22,9.83,75.0,SSE,5.47,8.37,1034.88,0.0,0.0,2.0,222.9,IMELBO1849.csv
2022/12/17,07:59 AM,14.28,9.83,75.0,South,4.83,6.76,1034.88,0.0,0.0,2.0,238.9,IMELBO1849.csv
2022/12/17,08:04 AM,14.61,9.83,73.0,SSE,4.67,6.76,1034.88,0.0,0.0,2.0,248.1,IMELBO1849.csv
2022/12/17,08:09 AM,14.67,9.72,72.0,SSW,6.6,9.17,1034.88,0.0,0.0,2.0,262.8,IMELBO1849.csv
2022/12/17,08:14 AM,14.67,9.72,73.0,South,6.11,9.81,1034.88,0.0,0.0,2.0,288.0,IMELBO1849.csv
2022/12/17,08:19 AM,14.83,9.78,72.0,South,5.95,9.01,1034.88,0.0,0.0,2.0,284.9,IMELBO1849.csv
2022/12/17,08:24 AM,15.06,9.94,71.0,South,7.4,10.3,1034.88,0.0,0.0,3.0,318.0,IMELBO1849.csv
2022/12/17,08:29 AM,15.0,9.89,71.0,SSE,5.15,7.24,1034.88,0.0,0.0,3.0,341.8,IMELBO1849.csv
2022/12/17,08:34 AM,15.44,10.0,70.0,SSE,5.31,8.53,1035.22,0.0,0.0,3.0,364.3,IMELBO1849.csv
2022/12/17,08:39 AM,16.06,10.06,68.0,SE,4.51,6.28,1034.88,0.0,0.0,3.0,382.5,IMELBO1849.csv
2022/12/17,08:44 AM,16.0,9.94,67.0,SSE,5.15,7.56,1035.22,0.0,0.0,3.0,387.0,IMELBO1849.csv
2022/12/17,08:49 AM,16.17,9.94,66.0,SE,4.83,7.72,1035.22,0.0,0.0,3.0,391.2,IMELBO1849.csv
2022/12/17,08:54 AM,16.39,10.0,66.0,SE,7.08,9.49,1035.22,0.0,0.0,3.0,383.0,IMELBO1849.csv
2022/12/17,08:59 AM,16.5,10.06,66.0,ESE,5.31,7.24,1034.88,0.0,0.0,3.0,402.5,IMELBO1849.csv
2022/12/17,09:04 AM,16.94,10.33,65.0,SSE,6.44,10.62,1034.88,0.0,0.0,4.0,423.8,IMELBO1849.csv
2022/12/17,09:09 AM,16.39,10.11,66.0,South,7.08,10.62,1035.22,0.0,0.0,4.0,451.0,IMELBO1849.csv
2022/12/17,09:14 AM,16.89,10.22,65.0,WSW,4.99,7.88,1035.22,0.0,0.0,4.0,470.1,IMELBO1849.csv
2022/12/17,09:19 AM,17.11,10.0,63.0,SE,6.11,9.49,1034.88,0.0,0.0,4.0,471.1,IMELBO1849.csv
2022/12/17,09:24 AM,17.22,10.06,63.0,ESE,5.63,8.85,1034.88,0.0,0.0,4.0,470.6,IMELBO1849.csv
2022/12/17,09:29 AM,17.56,10.22,62.0,SSE,5.15,7.72,1034.88,0.0,0.0,4.0,476.3,IMELBO1849.csv
2022/12/17,09:34 AM,17.56,10.33,63.0,South,6.76,9.98,1034.88,0.0,0.0,4.0,497.9,IMELBO1849.csv
2022/12/17,09:39 AM,17.83,10.5,62.0,ESE,5.15,7.56,1034.88,0.0,0.0,5.0,552.2,IMELBO1849.csv
2022/12/17,09:44 AM,18.39,10.67,61.0,West,4.67,7.24,1034.88,0.0,0.0,5.0,553.5,IMELBO1849.csv
2022/12/17,09:49 AM,18.5,10.06,58.0,SE,6.76,10.46,1034.88,0.0,0.0,5.0,593.0,IMELBO1849.csv
2022/12/17,09:54 AM,18.33,9.78,57.0,SE,6.92,9.98,1034.88,0.0,0.0,5.0,602.0,IMELBO1849.csv
2022/12/17,09:59 AM,18.61,9.89,57.0,SE,6.11,9.01,1034.88,0.0,0.0,6.0,632.8,IMELBO1849.csv
2022/12/17,10:04 AM,18.44,9.78,57.0,South,5.95,9.33,1034.88,0.0,0.0,6.0,635.0,IMELBO1849.csv
2022/12/17,10:09 AM,18.83,9.94,56.0,SE,5.47,8.21,1034.88,0.0,0.0,6.0,697.6,IMELBO1849.csv
2022/12/17,10:14 AM,19.0,10.06,56.0,SSE,5.95,8.85,1034.88,0.0,0.0,6.0,701.0,IMELBO1849.csv
2022/12/17,10:19 AM,18.72,10.0,57.0,South,7.24,10.78,1034.88,0.0,0.0,6.0,714.4,IMELBO1849.csv
2022/12/17,10:24 AM,18.0,9.56,58.0,SE,6.6,10.14,1034.88,0.0,0.0,7.0,722.3,IMELBO1849.csv
2022/12/17,10:29 AM,18.89,9.83,55.0,SE,5.79,9.33,1034.88,0.0,0.0,6.0,716.2,IMELBO1849.csv
2022/12/17,10:34 AM,18.67,9.83,57.0,SSE,7.24,11.42,1034.88,0.0,0.0,7.0,822.0,IMELBO1849.csv
2022/12/17,10:39 AM,18.78,9.89,56.0,SE,7.08,9.98,1034.88,0.0,0.0,8.0,845.0,IMELBO1849.csv
2022/12/17,10:44 AM,18.56,9.78,57.0,South,6.11,8.69,1034.88,0.0,0.0,8.0,923.2,IMELBO1849.csv
2022/12/17,10:49 AM,18.83,9.94,56.0,SE,5.47,8.37,1034.88,0.0,0.0,8.0,883.1,IMELBO1849.csv
2022/12/17,10:54 AM,18.78,9.78,56.0,SE,7.72,10.94,1034.88,0.0,0.0,8.0,915.7,IMELBO1849.csv
2022/12/17,10:59 AM,18.94,9.78,55.0,SE,6.44,9.17,1034.88,0.0,0.0,3.0,349.6,IMELBO1849.csv
2022/12/17,11:04 AM,18.61,9.39,55.0,SE,6.76,10.14,1034.88,0.0,0.0,9.0,950.9,IMELBO1849.csv
2022/12/17,11:09 AM,18.94,9.44,54.0,South,7.08,10.14,1034.88,0.0,0.0,8.0,921.8,IMELBO1849.csv
2022/12/17,11:14 AM,19.44,9.72,53.0,SSE,6.6,9.81,1034.88,0.0,0.0,8.0,887.1,IMELBO1849.csv
2022/12/17,11:19 AM,20.11,10.06,52.0,SE,6.76,9.81,1034.88,0.0,0.0,8.0,903.1,IMELBO1849.csv
2022/12/17,11:24 AM,19.44,9.89,54.0,South,6.6,10.3,1034.88,0.0,0.0,9.0,982.5,IMELBO1849.csv
2022/12/17,11:29 AM,19.61,9.83,53.0,SSW,9.65,13.68,1034.88,0.0,0.0,9.0,961.7,IMELBO1849.csv
2022/12/17,11:34 AM,19.22,9.78,54.0,SE,6.6,9.81,1034.54,0.0,0.0,9.0,981.6,IMELBO1849.csv
2022/12/17,11:39 AM,20.06,10.0,52.0,SE,5.63,8.04,1034.88,0.0,0.0,9.0,1010.7,IMELBO1849.csv
2022/12/17,11:44 AM,20.28,10.11,52.0,SSE,7.56,10.46,1034.88,0.0,0.0,8.0,834.6,IMELBO1849.csv
2022/12/17,11:49 AM,19.33,9.83,54.0,South,6.92,10.14,1034.88,0.0,0.0,9.0,987.7,IMELBO1849.csv
2022/12/17,11:54 AM,20.28,10.11,52.0,ESE,6.44,9.49,1034.88,0.0,0.0,9.0,978.7,IMELBO1849.csv
2022/12/17,11:59 AM,20.28,10.17,52.0,NE,5.31,7.88,1034.54,0.0,0.0,5.0,613.4,IMELBO1849.csv
2022/12/17,12:04 PM,19.94,9.89,52.0,SSE,5.47,7.88,1034.54,0.0,0.0,10.0,1060.2,IMELBO1849.csv
2022/12/17,12:09 PM,19.89,10.0,53.0,SSE,5.95,9.33,1034.88,0.0,0.0,8.0,832.4,IMELBO1849.csv
2022/12/17,12:14 PM,19.61,9.94,54.0,SSW,7.4,10.94,1034.54,0.0,0.0,10.0,1060.2,IMELBO1849.csv
2022/12/17,12:19 PM,20.11,10.28,53.0,SE,7.24,10.46,1034.54,0.0,0.0,7.0,767.8,IMELBO1849.csv
2022/12/17,12:24 PM,19.78,10.17,54.0,SSE,7.08,9.98,1034.54,0.0,0.0,10.0,1031.5,IMELBO1849.csv
2022/12/17,12:29 PM,20.78,10.44,52.0,SSE,7.72,11.58,1034.54,0.0,0.0,9.0,993.4,IMELBO1849.csv
2022/12/17,12:34 PM,20.67,10.33,52.0,SSW,8.69,12.87,1034.54,0.0,0.0,9.0,992.5,IMELBO1849.csv
2022/12/17,12:39 PM,20.72,10.44,52.0,SSW,6.92,9.81,1034.54,0.0,0.0,9.0,1020.3,IMELBO1849.csv
2022/12/17,12:44 PM,20.44,10.33,52.0,WNW,8.04,11.1,1034.54,0.0,0.0,10.0,1041.1,IMELBO1849.csv
2022/12/17,12:49 PM,20.28,10.33,53.0,South,9.98,14.64,1034.2,0.0,0.0,10.0,1090.5,IMELBO1849.csv
2022/12/17,12:54 PM,20.17,10.39,54.0,South,10.3,14.64,1034.2,0.0,0.0,9.0,1010.7,IMELBO1849.csv
2022/12/17,12:59 PM,20.0,10.33,54.0,SW,7.4,10.94,1034.54,0.0,0.0,9.0,991.7,IMELBO1849.csv
2022/12/17,01:04 PM,20.83,10.78,53.0,SSW,7.88,11.75,1034.2,0.0,0.0,9.0,991.2,IMELBO1849.csv
2022/12/17,01:09 PM,20.67,10.61,53.0,South,6.44,9.33,1034.54,0.0,0.0,9.0,1014.7,IMELBO1849.csv
2022/12/17,01:14 PM,20.67,10.44,52.0,SSW,7.24,10.3,1034.54,0.0,0.0,10.0,1072.8,IMELBO1849.csv
2022/12/17,01:19 PM,20.67,10.22,51.0,SSW,10.14,14.64,1034.2,0.0,0.0,10.0,1069.7,IMELBO1849.csv
2022/12/17,01:24 PM,20.78,10.56,52.0,South,9.65,14.16,1034.2,0.0,0.0,10.0,1034.1,IMELBO1849.csv
2022/12/17,01:29 PM,20.72,10.56,52.0,SSW,10.3,15.45,1034.2,0.0,0.0,10.0,1114.0,IMELBO1849.csv
2022/12/17,01:34 PM,20.56,10.33,52.0,South,11.26,15.12,1034.2,0.0,0.0,10.0,1081.4,IMELBO1849.csv
2022/12/17,01:39 PM,20.83,10.67,52.0,South,8.37,12.39,1034.2,0.0,0.0,8.0,871.5,IMELBO1849.csv
2022/12/17,01:44 PM,21.22,10.83,51.0,SE,9.17,13.03,1034.2,0.0,0.0,8.0,888.4,IMELBO1849.csv
2022/12/17,01:49 PM,21.22,10.89,52.0,SSE,8.37,11.91,1034.2,0.0,0.0,9.0,992.5,IMELBO1849.csv
2022/12/17,01:54 PM,20.67,11.11,54.0,South,11.75,15.77,1034.2,0.0,0.0,9.0,980.8,IMELBO1849.csv
2022/12/17,01:59 PM,21.06,11.28,54.0,SW,12.07,16.09,1034.2,0.0,0.0,8.0,898.8,IMELBO1849.csv
2022/12/17,02:04 PM,20.67,11.06,54.0,South,9.49,14.64,1034.2,0.0,0.0,8.0,879.7,IMELBO1849.csv
2022/12/17,02:09 PM,20.94,11.22,54.0,South,11.91,16.89,1034.2,0.0,0.0,8.0,868.0,IMELBO1849.csv
2022/12/17,02:14 PM,20.83,11.22,54.0,SSW,11.75,17.7,1034.2,0.0,0.0,8.0,899.7,IMELBO1849.csv
2022/12/17,02:19 PM,20.44,10.89,54.0,SSW,14.16,18.83,1033.86,0.0,0.0,8.0,854.5,IMELBO1849.csv
2022/12/17,02:24 PM,20.56,11.0,54.0,SSW,14.0,19.15,1033.86,0.0,0.0,8.0,885.0,IMELBO1849.csv
2022/12/17,02:29 PM,20.5,10.78,54.0,South,11.75,16.89,1033.86,0.0,0.0,8.0,862.8,IMELBO1849.csv
2022/12/17,02:34 PM,20.56,10.83,54.0,SW,12.71,17.54,1033.86,0.0,0.0,8.0,835.4,IMELBO1849.csv
2022/12/17,02:39 PM,21.06,10.94,52.0,SSW,11.58,16.89,1033.86,0.0,0.0,7.0,800.8,IMELBO1849.csv
2022/12/17,02:44 PM,21.39,11.17,52.0,SE,10.14,15.77,1033.86,0.0,0.0,7.0,796.0,IMELBO1849.csv
2022/12/17,02:49 PM,21.06,10.94,52.0,SSW,12.71,17.38,1033.86,0.0,0.0,8.0,827.6,IMELBO1849.csv
2022/12/17,02:54 PM,21.17,10.89,52.0,South,10.62,16.57,1033.86,0.0,0.0,8.0,858.4,IMELBO1849.csv
2022/12/17,02:59 PM,21.06,11.0,53.0,South,11.91,16.89,1033.86,0.0,0.0,8.0,889.8,IMELBO1849.csv
2022/12/17,03:04 PM,21.06,11.0,53.0,SW,15.29,21.24,1033.53,0.0,0.0,7.0,815.1,IMELBO1849.csv
2022/12/17,03:09 PM,21.06,10.72,52.0,South,11.1,16.73,1033.86,0.0,0.0,7.0,811.6,IMELBO1849.csv
2022/12/17,03:14 PM,21.06,10.72,52.0,South,11.91,16.09,1033.86,0.0,0.0,7.0,784.3,IMELBO1849.csv
2022/12/17,03:19 PM,21.06,10.67,51.0,South,13.52,18.5,1033.86,0.0,0.0,7.0,774.3,IMELBO1849.csv
2022/12/17,03:24 PM,21.06,10.72,52.0,South,12.71,18.18,1033.53,0.0,0.0,7.0,747.0,IMELBO1849.csv
2022/12/17,03:29 PM,21.28,10.94,52.0,South,11.58,16.25,1033.53,0.0,0.0,7.0,742.2,IMELBO1849.csv
2022/12/17,03:34 PM,21.28,11.17,52.0,SSW,10.78,15.77,1033.53,0.0,0.0,7.0,771.2,IMELBO1849.csv
2022/12/17,03:39 PM,21.39,11.17,52.0,South,11.1,16.09,1033.53,0.0,0.0,7.0,783.0,IMELBO1849.csv
2022/12/17,03:44 PM,21.89,11.33,51.0,South,9.65,14.64,1033.53,0.0,0.0,7.0,792.1,IMELBO1849.csv
2022/12/17,03:49 PM,21.72,11.33,52.0,SSE,8.69,13.52,1033.53,0.0,0.0,7.0,798.6,IMELBO1849.csv
2022/12/17,03:54 PM,21.67,11.39,52.0,SSW,11.58,15.29,1033.53,0.0,0.0,7.0,793.8,IMELBO1849.csv
2022/12/17,03:59 PM,21.56,10.89,51.0,ESE,9.33,13.84,1033.53,0.0,0.0,7.0,792.5,IMELBO1849.csv
2022/12/17,04:04 PM,21.67,10.78,50.0,South,8.69,12.87,1033.53,0.0,0.0,7.0,793.0,IMELBO1849.csv
2022/12/17,04:09 PM,21.56,10.72,50.0,South,11.75,16.73,1033.53,0.0,0.0,7.0,793.3,IMELBO1849.csv
2022/12/17,04:14 PM,21.11,10.61,51.0,South,13.03,17.86,1033.53,0.0,0.0,7.0,786.5,IMELBO1849.csv
2022/12/17,04:19 PM,21.17,10.94,52.0,SSW,12.07,17.86,1033.53,0.0,0.0,7.0,780.8,IMELBO1849.csv
2022/12/17,04:24 PM,21.22,11.11,52.0,SSW,12.71,18.66,1033.53,0.0,0.0,7.0,770.3,IMELBO1849.csv
2022/12/17,04:29 PM,21.22,11.11,52.0,SSW,10.3,16.25,1033.53,0.0,0.0,7.0,766.9,IMELBO1849.csv
2022/12/17,04:34 PM,21.44,11.22,52.0,SSW,10.78,15.29,1033.53,0.0,0.0,7.0,768.3,IMELBO1849.csv
2022/12/17,04:39 PM,21.11,11.0,52.0,SSW,14.16,19.63,1033.53,0.0,0.0,7.0,747.0,IMELBO1849.csv
2022/12/17,04:44 PM,20.83,10.78,53.0,SSW,11.75,16.57,1033.53,0.0,0.0,7.0,727.9,IMELBO1849.csv
2022/12/17,04:49 PM,21.06,11.5,54.0,South,10.94,16.57,1033.53,0.0,0.0,6.0,714.4,IMELBO1849.csv
2022/12/17,04:54 PM,20.94,11.39,54.0,SSW,13.84,19.95,1033.53,0.0,0.0,6.0,707.5,IMELBO1849.csv
2022/12/17,04:59 PM,20.5,10.89,54.0,SSW,16.25,23.17,1033.53,0.0,0.0,6.0,681.9,IMELBO1849.csv
2022/12/17,05:04 PM,20.33,11.0,55.0,SSW,12.55,18.66,1033.53,0.0,0.0,6.0,665.9,IMELBO1849.csv
2022/12/17,05:09 PM,20.67,11.22,54.0,SSW,11.91,16.57,1033.53,0.0,0.0,6.0,649.8,IMELBO1849.csv
2022/12/17,05:14 PM,20.72,11.17,54.0,SSW,14.48,18.83,1033.53,0.0,0.0,6.0,637.6,IMELBO1849.csv
2022/12/17,05:19 PM,20.56,11.28,55.0,SSW,13.68,19.79,1033.53,0.0,0.0,5.0,606.4,IMELBO1849.csv
2022/12/17,05:24 PM,20.44,11.33,56.0,SSW,13.52,18.99,1033.19,0.0,0.0,5.0,594.3,IMELBO1849.csv
2022/12/17,05:29 PM,20.61,11.44,56.0,SSW,11.1,14.96,1033.19,0.0,0.0,5.0,592.5,IMELBO1849.csv
2022/12/17,05:34 PM,20.89,11.44,55.0,South,10.94,16.89,1033.53,0.0,0.0,5.0,574.4,IMELBO1849.csv
2022/12/17,05:39 PM,20.56,11.17,55.0,SSW,12.71,17.86,1033.53,0.0,0.0,5.0,537.4,IMELBO1849.csv
2022/12/17,05:44 PM,20.5,10.94,54.0,SSW,12.87,18.02,1033.53,0.0,0.0,4.0,474.0,IMELBO1849.csv
2022/12/17,05:49 PM,20.44,10.72,54.0,South,7.4,11.1,1033.53,0.0,0.0,4.0,430.7,IMELBO1849.csv
2022/12/17,05:54 PM,20.78,11.0,53.0,South,9.98,15.12,1033.53,0.0,0.0,4.0,426.8,IMELBO1849.csv
2022/12/17,05:59 PM,20.61,10.83,54.0,SSW,12.23,17.38,1033.53,0.0,0.0,3.0,384.7,IMELBO1849.csv
2022/12/17,06:04 PM,20.44,10.56,53.0,South,10.3,14.96,1033.53,0.0,0.0,3.0,356.1,IMELBO1849.csv
2022/12/17,06:09 PM,20.72,10.5,52.0,South,9.81,14.48,1033.53,0.0,0.0,3.0,322.2,IMELBO1849.csv
2022/12/17,06:14 PM,20.67,10.61,53.0,South,9.65,14.32,1033.53,0.0,0.0,3.0,311.5,IMELBO1849.csv
2022/12/17,06:19 PM,20.61,10.5,52.0,South,9.17,14.16,1033.53,0.0,0.0,3.0,313.2,IMELBO1849.csv
2022/12/17,06:24 PM,20.78,10.39,51.0,SSE,8.37,12.87,1033.53,0.0,0.0,3.0,307.5,IMELBO1849.csv
2022/12/17,06:29 PM,20.56,10.56,53.0,South,9.49,14.0,1033.53,0.0,0.0,2.0,275.0,IMELBO1849.csv
2022/12/17,06:34 PM,20.28,10.72,54.0,SSW,11.91,17.54,1033.53,0.0,0.0,2.0,276.7,IMELBO1849.csv
2022/12/17,06:39 PM,20.17,10.83,55.0,SSW,10.14,15.29,1033.53,0.0,0.0,2.0,272.0,IMELBO1849.csv
2022/12/17,06:44 PM,19.83,10.83,56.0,SSW,12.07,16.57,1033.86,0.0,0.0,2.0,255.1,IMELBO1849.csv
2022/12/17,06:49 PM,19.78,10.78,56.0,SSW,12.23,17.54,1033.53,0.0,0.0,2.0,236.8,IMELBO1849.csv
2022/12/17,06:54 PM,19.83,10.72,56.0,SSW,9.49,13.68,1033.53,0.0,0.0,2.0,206.4,IMELBO1849.csv
2022/12/17,06:59 PM,19.89,10.83,56.0,SSW,11.26,15.61,1033.86,0.0,0.0,1.0,173.0,IMELBO1849.csv
2022/12/17,07:04 PM,19.5,10.72,57.0,SSE,10.94,16.57,1033.86,0.0,0.0,1.0,169.1,IMELBO1849.csv
2022/12/17,07:09 PM,19.5,10.39,56.0,SE,9.33,13.84,1033.86,0.0,0.0,0.0,55.1,IMELBO1849.csv
2022/12/17,07:14 PM,19.39,10.06,55.0,SSE,10.94,15.61,1033.86,0.0,0.0,0.0,53.3,IMELBO1849.csv
2022/12/17,07:19 PM,19.39,9.89,54.0,SE,6.76,10.14,1033.86,0.0,0.0,0.0,51.1,IMELBO1849.csv
2022/12/17,07:24 PM,19.28,9.89,55.0,South,7.56,11.42,1033.86,0.0,0.0,0.0,47.7,IMELBO1849.csv
2022/12/17,07:29 PM,19.17,9.89,55.0,East,6.11,9.17,1033.86,0.0,0.0,0.0,45.0,IMELBO1849.csv
2022/12/17,07:34 PM,19.22,9.89,55.0,South,7.24,10.94,1033.86,0.0,0.0,0.0,42.9,IMELBO1849.csv
2022/12/17,07:39 PM,19.06,9.83,55.0,SW,7.56,11.58,1033.86,0.0,0.0,0.0,41.1,IMELBO1849.csv
2022/12/17,07:44 PM,18.94,9.94,56.0,SW,9.81,14.32,1034.2,0.0,0.0,0.0,38.5,IMELBO1849.csv
2022/12/17,07:49 PM,18.83,9.67,55.0,SSE,6.92,10.3,1034.2,0.0,0.0,0.0,36.0,IMELBO1849.csv
2022/12/17,07:54 PM,18.78,9.72,56.0,SSE,6.44,9.65,1034.2,0.0,0.0,0.0,33.4,IMELBO1849.csv
2022/12/17,07:59 PM,18.72,9.78,56.0,South,7.72,11.42,1034.2,0.0,0.0,0.0,30.3,IMELBO1849.csv
2022/12/17,08:04 PM,18.56,9.78,57.0,South,9.33,13.19,1034.2,0.0,0.0,0.0,27.3,IMELBO1849.csv
2022/12/17,08:09 PM,18.39,9.89,58.0,SSE,9.17,13.84,1034.2,0.0,0.0,0.0,24.2,IMELBO1849.csv
2022/12/17,08:14 PM,18.22,9.78,58.0,South,7.88,12.07,1034.2,0.0,0.0,0.0,20.8,IMELBO1849.csv
2022/12/17,08:19 PM,18.11,9.72,58.0,South,7.08,10.94,1034.2,0.0,0.0,0.0,17.7,IMELBO1849.csv
2022/12/17,08:24 PM,17.94,9.56,58.0,South,6.76,10.3,1034.2,0.0,0.0,0.0,13.8,IMELBO1849.csv
2022/12/17,08:29 PM,17.83,9.44,58.0,South,8.04,11.58,1034.2,0.0,0.0,0.0,11.3,IMELBO1849.csv
2022/12/17,08:34 PM,17.72,9.33,58.0,SSW,7.4,10.78,1034.2,0.0,0.0,0.0,6.9,IMELBO1849.csv
2022/12/17,08:39 PM,17.67,9.61,59.0,SSE,7.08,10.3,1034.54,0.0,0.0,0.0,4.8,IMELBO1849.csv
2022/12/17,08:44 PM,17.56,9.56,59.0,South,5.95,9.17,1034.2,0.0,0.0,0.0,2.1,IMELBO1849.csv
2022/12/17,08:49 PM,17.5,9.72,60.0,SSE,6.6,9.81,1034.54,0.0,0.0,0.0,0.9,IMELBO1849.csv
2022/12/17,08:54 PM,17.39,9.61,60.0,SSE,8.21,12.39,1034.54,0.0,0.0,0.0,0.0,IMELBO1849.csv
2022/12/17,08:59 PM,17.28,9.28,59.0,South,7.56,11.91,1034.54,0.0,0.0,0.0,0.0,IMELBO1849.csv
2022/12/17,09:04 PM,17.28,9.17,59.0,South,6.76,10.78,1034.54,0.0,0.0,0.0,0.0,IMELBO1849.csv
2022/12/17,09:09 PM,17.22,9.11,59.0,SSE,6.76,10.46,1034.54,0.0,0.0,0.0,0.0,IMELBO1849.csv
2022/12/17,09:14 PM,17.17,9.06,59.0,SSE,5.79,8.37,1034.88,0.0,0.0,0.0,0.0,IMELBO1849.csv
2022/12/17,09:19 PM,17.06,9.28,60.0,SSE,4.51,6.6,1034.88,0.0,0.0,0.0,0.0,IMELBO1849.csv
2022/12/17,09:24 PM,16.89,9.22,61.0,SSE,6.44,10.3,1034.88,0.0,0.0,0.0,0.0,IMELBO1849.csv
2022/12/17,09:29 PM,16.83,9.06,60.0,South,6.28,9.98,1034.88,0.0,0.0,0.0,0.0,IMELBO1849.csv
2022/12/17,09:34 PM,16.78,9.0,60.0,South,6.28,9.98,1034.88,0.0,0.0,0.0,0.0,IMELBO1849.csv
2022/12/17,09:39 PM,16.72,9.0,60.0,SSE,5.31,7.72,1034.88,0.0,0.0,0.0,0.0,IMELBO1849.csv
2022/12/17,09:44 PM,16.67,9.11,61.0,SE,4.34,6.76,1034.88,0.0,0.0,0.0,0.0,IMELBO1849.csv
2022/12/17,09:49 PM,16.5,9.11,62.0,South,3.54,5.63,1034.88,0.0,0.0,0.0,0.0,IMELBO1849.csv
2022/12/17,09:54 PM,16.39,9.11,62.0,SSE,3.86,5.47,1034.88,0.0,0.0,0.0,0.0,IMELBO1849.csv
2022/12/17,09:59 PM,16.22,9.0,62.0,SE,3.54,5.15,1034.88,0.0,0.0,0.0,0.0,IMELBO1849.csv
2022/12/17,10:04 PM,16.22,9.17,63.0,South,4.83,7.24,1034.88,0.0,0.0,0.0,0.0,IMELBO1849.csv
2022/12/17,10:09 PM,16.11,9.17,63.0,South,6.28,8.53,1034.88,0.0,0.0,0.0,0.0,IMELBO1849.csv
2022/12/17,10:14 PM,16.11,9.28,64.0,South,6.11,9.33,1034.88,0.0,0.0,0.0,0.0,IMELBO1849.csv
2022/12/17,10:19 PM,15.94,9.17,64.0,South,6.6,9.49,1034.88,0.0,0.0,0.0,0.0,IMELBO1849.csv
2022/12/17,10:24 PM,15.83,9.22,65.0,SSW,7.24,10.14,1034.88,0.0,0.0,0.0,0.0,IMELBO1849.csv
2022/12/17,10:29 PM,15.78,9.39,66.0,South,5.63,8.21,1034.88,0.0,0.0,0.0,0.0,IMELBO1849.csv
2022/12/17,10:34 PM,15.72,9.44,66.0,South,6.92,9.81,1034.88,0.0,0.0,0.0,0.0,IMELBO1849.csv
2022/12/17,10:39 PM,15.56,9.5,67.0,SSW,6.28,9.17,1034.88,0.0,0.0,0.0,0.0,IMELBO1849.csv
2022/12/17,10:44 PM,15.39,9.5,68.0,SSW,6.92,9.65,1034.88,0.0,0.0,0.0,0.0,IMELBO1849.csv
2022/12/17,10:49 PM,15.28,9.67,69.0,South,6.44,9.81,1034.88,0.0,0.0,0.0,0.0,IMELBO1849.csv
2022/12/17,10:54 PM,15.11,9.67,70.0,South,5.79,8.37,1034.88,0.0,0.0,0.0,0.0,IMELBO1849.csv
2022/12/17,10:59 PM,15.0,9.61,70.0,South,6.6,9.33,1034.88,0.0,0.0,0.0,0.0,IMELBO1849.csv
2022/12/17,11:04 PM,14.94,9.56,70.0,SSW,6.44,9.01,1034.88,0.0,0.0,0.0,0.0,IMELBO1849.csv
2022/12/17,11:09 PM,14.83,9.61,71.0,South,6.44,9.17,1034.88,0.0,0.0,0.0,0.0,IMELBO1849.csv
2022/12/17,11:14 PM,14.72,9.61,71.0,SSW,4.34,6.44,1034.88,0.0,0.0,0.0,0.0,IMELBO1849.csv
2022/12/17,11:19 PM,14.61,9.61,72.0,South,4.34,6.11,1034.88,0.0,0.0,0.0,0.0,IMELBO1849.csv
2022/12/17,11:24 PM,14.44,9.56,73.0,SSW,3.54,4.99,1034.88,0.0,0.0,0.0,0.0,IMELBO1849.csv
2022/12/17,11:29 PM,14.39,9.61,73.0,SSW,6.11,8.53,1034.88,0.0,0.0,0.0,0.0,IMELBO1849.csv
2022/12/17,11:34 PM,14.28,9.5,73.0,South,6.11,8.37,1034.88,0.0,0.0,0.0,0.0,IMELBO1849.csv
2022/12/17,11:39 PM,14.28,9.67,74.0,SSW,6.76,9.81,1034.88,0.0,0.0,0.0,0.0,IMELBO1849.csv
2022/12/17,11:44 PM,14.17,9.67,74.0,SSW,6.6,9.17,1034.88,0.0,0.0,0.0,0.0,IMELBO1849.csv
2022/12/17,11:49 PM,14.0,9.56,74.0,SSE,4.99,7.4,1034.88,0.0,0.0,0.0,0.0,IMELBO1849.csv
2022/12/17,11:54 PM,13.94,9.56,75.0,South,4.51,6.6,1034.88,0.0,0.0,0.0,0.0,IMELBO1849.csv
2022/12/17,11:59 PM,13.78,9.56,76.0,South,6.92,10.14,1034.88,0.0,0.0,0.0,0.0,IMELBO1849.csv
2022/12/18,12:04 AM,13.67,9.61,77.0,South,4.18,6.76,1034.88,0.0,0.0,0.0,0.0,IMELBO1849.csv
2022/12/18,12:09 AM,13.5,9.78,78.0,South,5.47,7.4,1034.88,0.0,0.0,0.0,0.0,IMELBO1849.csv
2022/12/18,12:14 AM,13.39,9.72,78.0,South,4.83,7.4,1034.88,0.0,0.0,0.0,0.0,IMELBO1849.csv
2022/12/18,12:19 AM,13.28,9.72,79.0,South,4.67,6.6,1034.88,0.0,0.0,0.0,0.0,IMELBO1849.csv
2022/12/18,12:24 AM,13.17,9.56,79.0,South,4.67,6.44,1034.88,0.0,0.0,0.0,0.0,IMELBO1849.csv
2022/12/18,12:29 AM,13.11,9.56,79.0,South,4.51,6.44,1034.88,0.0,0.0,0.0,0.0,IMELBO1849.csv
2022/12/18,12:34 AM,13.0,9.61,80.0,South,5.31,6.92,1034.88,0.0,0.0,0.0,0.0,IMELBO1849.csv
2022/12/18,12:39 AM,12.94,9.56,80.0,South,4.51,6.11,1034.88,0.0,0.0,0.0,0.0,IMELBO1849.csv
2022/12/18,12:44 AM,12.78,9.39,80.0,South,3.7,5.63,1034.88,0.0,0.0,0.0,0.0,IMELBO1849.csv
2022/12/18,12:49 AM,12.78,9.33,80.0,South,4.18,5.95,1034.88,0.0,0.0,0.0,0.0,IMELBO1849.csv
2022/12/18,12:54 AM,12.72,9.33,80.0,South,4.51,6.6,1034.88,0.0,0.0,0.0,0.0,IMELBO1849.csv
2022/12/18,12:59 AM,12.72,9.44,81.0,South,4.34,6.11,1034.88,0.0,0.0,0.0,0.0,IMELBO1849.csv
2022/12/18,01:04 AM,12.61,9.39,81.0,South,4.51,6.11,1034.54,0.0,0.0,0.0,0.0,IMELBO1849.csv
2022/12/18,01:09 AM,12.56,9.33,81.0,South,2.9,4.51,1034.88,0.0,0.0,0.0,0.0,IMELBO1849.csv
2022/12/18,01:14 AM,12.5,9.28,81.0,SSW,4.51,6.11,1034.88,0.0,0.0,0.0,0.0,IMELBO1849.csv
2022/12/18,01:19 AM,12.44,9.28,81.0,South,2.9,4.18,1034.88,0.0,0.0,0.0,0.0,IMELBO1849.csv
2022/12/18,01:24 AM,12.33,9.33,82.0,SSW,2.74,4.18,1034.88,0.0,0.0,0.0,0.0,IMELBO1849.csv
2022/12/18,01:29 AM,12.33,9.33,82.0,South,3.7,5.15,1034.88,0.0,0.0,0.0,0.0,IMELBO1849.csv
2022/12/18,01:34 AM,12.33,9.33,82.0,SSW,3.38,4.51,1034.88,0.0,0.0,0.0,0.0,IMELBO1849.csv
2022/12/18,01:39 AM,12.28,9.28,82.0,SSW,2.25,2.9,1034.88,0.0,0.0,0.0,0.0,IMELBO1849.csv
2022/12/18,01:44 AM,12.22,9.22,82.0,SSW,2.9,4.02,1034.88,0.0,0.0,0.0,0.0,IMELBO1849.csv
2022/12/18,01:49 AM,12.11,9.28,83.0,South,1.77,2.74,1034.88,0.0,0.0,0.0,0.0,IMELBO1849.csv
2022/12/18,01:54 AM,12.0,9.22,83.0,SSW,2.25,3.06,1034.88,0.0,0.0,0.0,0.0,IMELBO1849.csv
2022/12/18,01:59 AM,12.0,9.22,83.0,SSW,3.38,4.67,1034.88,0.0,0.0,0.0,0.0,IMELBO1849.csv
2022/12/18,02:04 AM,12.0,9.22,83.0,SSW,3.38,4.34,1034.88,0.0,0.0,0.0,0.0,IMELBO1849.csv
2022/12/18,02:09 AM,11.94,9.17,83.0,SSW,2.74,3.54,1034.88,0.0,0.0,0.0,0.0,IMELBO1849.csv
2022/12/18,02:14 AM,11.89,9.22,84.0,South,3.22,4.67,1034.88,0.0,0.0,0.0,0.0,IMELBO1849.csv
2022/12/18,02:19 AM,11.89,9.11,83.0,South,3.22,4.51,1034.88,0.0,0.0,0.0,0.0,IMELBO1849.csv
2022/12/18,02:24 AM,11.89,9.11,83.0,South,2.09,3.06,1034.88,0.0,0.0,0.0,0.0,IMELBO1849.csv
2022/12/18,02:29 AM,11.78,9.22,84.0,SSW,1.61,2.25,1034.88,0.0,0.0,0.0,0.0,IMELBO1849.csv
2022/12/18,02:34 AM,11.72,9.11,84.0,SSW,1.93,2.57,1034.88,0.0,0.0,0.0,0.0,IMELBO1849.csv
2022/12/18,02:39 AM,11.72,9.11,84.0,SSW,2.9,3.7,1034.54,0.0,0.0,0.0,0.0,IMELBO1849.csv
2022/12/18,02:44 AM,11.61,9.0,84.0,South,1.61,2.41,1034.54,0.0,0.0,0.0,0.0,IMELBO1849.csv
2022/12/18,02:49 AM,11.56,8.94,84.0,SSW,2.25,3.06,1034.54,0.0,0.0,0.0,0.0,IMELBO1849.csv
2022/12/18,02:54 AM,11.5,8.89,84.0,SSW,1.61,2.41,1034.54,0.0,0.0,0.0,0.0,IMELBO1849.csv
2022/12/18,02:59 AM,11.39,9.0,85.0,SSW,1.77,2.09,1034.54,0.0,0.0,0.0,0.0,IMELBO1849.csv
2022/12/18,03:04 AM,11.28,8.89,85.0,SSW,0.16,0.32,1034.54,0.0,0.0,0.0,0.0,IMELBO1849.csv
2022/12/18,03:09 AM,11.11,8.72,85.0,SSW,0.8,1.29,1034.88,0.0,0.0,0.0,0.0,IMELBO1849.csv
2022/12/18,03:14 AM,11.06,8.83,86.0,SSW,1.45,1.93,1034.88,0.0,0.0,0.0,0.0,IMELBO1849.csv
2022/12/18,03:19 AM,11.0,8.78,86.0,SSW,1.45,1.93,1034.88,0.0,0.0,0.0,0.0,IMELBO1849.csv
2022/12/18,03:24 AM,11.0,8.78,86.0,SSW,0.32,0.8,1034.88,0.0,0.0,0.0,0.0,IMELBO1849.csv
2022/12/18,03:29 AM,10.83,8.67,86.0,SSW,0.0,0.0,1034.88,0.0,0.0,0.0,0.0,IMELBO1849.csv
2022/12/18,03:34 AM,10.61,8.44,87.0,SSW,0.0,0.0,1034.88,0.0,0.0,0.0,0.0,IMELBO1849.csv
2022/12/18,03:39 AM,10.33,8.28,87.0,SSW,0.0,0.0,1034.88,0.0,0.0,0.0,0.0,IMELBO1849.csv
2022/12/18,03:44 AM,10.33,8.28,88.0,SSW,0.0,0.0,1034.88,0.0,0.0,0.0,0.0,IMELBO1849.csv
2022/12/18,03:49 AM,10.28,8.28,88.0,SSW,0.0,0.16,1034.88,0.0,0.0,0.0,0.0,IMELBO1849.csv
2022/12/18,03:54 AM,10.28,8.22,88.0,SSW,0.32,0.97,1034.88,0.0,0.0,0.0,0.0,IMELBO1849.csv
2022/12/18,03:59 AM,10.28,8.33,88.0,SSW,0.8,1.77,1034.88,0.0,0.0,0.0,0.0,IMELBO1849.csv
2022/12/18,04:04 AM,10.28,8.44,89.0,SSW,1.45,1.77,1034.88,0.0,0.0,0.0,0.0,IMELBO1849.csv
2022/12/18,04:09 AM,10.28,8.28,88.0,SSW,1.13,1.77,1034.88,0.0,0.0,0.0,0.0,IMELBO1849.csv
2022/12/18,04:14 AM,10.28,8.28,88.0,SSW,0.32,1.29,1034.54,0.0,0.0,0.0,0.0,IMELBO1849.csv
2022/12/18,04:19 AM,10.22,8.22,88.0,SSW,0.64,1.29,1034.88,0.0,0.0,0.0,0.0,IMELBO1849.csv
2022/12/18,04:24 AM,10.22,8.22,88.0,SSW,0.8,1.45,1034.88,0.0,0.0,0.0,0.0,IMELBO1849.csv
2022/12/18,04:29 AM,10.17,8.17,88.0,SSW,0.32,0.8,1034.88,0.0,0.0,0.0,0.0,IMELBO1849.csv
2022/12/18,04:34 AM,10.11,8.11,88.0,SSW,0.16,0.32,1034.88,0.0,0.0,0.0,0.0,IMELBO1849.csv
2022/12/18,04:39 AM,10.0,8.0,88.0,SSW,0.16,0.32,1034.54,0.0,0.0,0.0,0.0,IMELBO1849.csv
2022/12/18,04:44 AM,9.94,7.94,88.0,SSW,0.16,0.32,1034.54,0.0,0.0,0.0,0.0,IMELBO1849.csv
2022/12/18,04:49 AM,9.78,7.78,88.0,SSW,0.0,0.0,1034.54,0.0,0.0,0.0,0.0,IMELBO1849.csv
2022/12/18,04:54 AM,9.72,7.83,89.0,SSW,0.0,0.32,1034.88,0.0,0.0,0.0,0.0,IMELBO1849.csv
2022/12/18,04:59 AM,9.72,7.89,89.0,SSW,0.0,0.0,1034.88,0.0,0.0,0.0,0.0,IMELBO1849.csv
2022/12/18,05:04 AM,9.61,7.78,89.0,SSW,0.0,0.32,1034.88,0.0,0.0,0.0,0.0,IMELBO1849.csv
2022/12/18,05:09 AM,9.61,7.78,89.0,SSW,1.77,2.41,1034.88,0.0,0.0,0.0,0.0,IMELBO1849.csv
2022/12/18,05:14 AM,9.5,7.72,89.0,SSW,0.32,1.13,1034.88,0.0,0.0,0.0,0.0,IMELBO1849.csv
2022/12/18,05:19 AM,9.39,7.67,90.0,SSW,0.97,1.77,1034.88,0.0,0.0,0.0,0.0,IMELBO1849.csv
2022/12/18,05:24 AM,9.28,7.67,90.0,SSW,0.64,1.45,1035.22,0.0,0.0,0.0,0.0,IMELBO1849.csv
2022/12/18,05:29 AM,9.22,7.61,90.0,SSW,1.29,1.93,1034.88,0.0,0.0,0.0,0.0,IMELBO1849.csv
2022/12/18,05:34 AM,9.22,7.61,90.0,SSW,0.8,1.45,1035.22,0.0,0.0,0.0,0.0,IMELBO1849.csv
2022/12/18,05:39 AM,9.06,7.44,90.0,SW,0.0,0.0,1035.22,0.0,0.0,0.0,0.0,IMELBO1849.csv
2022/12/18,05:44 AM,8.89,7.28,90.0,SW,0.0,0.0,1035.22,0.0,0.0,0.0,0.0,IMELBO1849.csv
2022/12/18,05:49 AM,8.83,7.28,90.0,SW,0.16,0.64,1035.22,0.0,0.0,0.0,0.4,IMELBO1849.csv
2022/12/18,05:54 AM,8.89,7.56,91.0,SW,0.97,1.77,1035.56,0.0,0.0,0.0,1.2,IMELBO1849.csv
2022/12/18,05:59 AM,8.89,7.61,91.0,SW,1.45,2.25,1035.22,0.0,0.0,0.0,3.8,IMELBO1849.csv
2022/12/18,06:04 AM,8.83,7.56,91.0,SW,0.48,0.48,1035.22,0.0,0.0,0.0,5.1,IMELBO1849.csv
2022/12/18,06:09 AM,8.78,7.5,91.0,SW,0.16,0.48,1035.22,0.0,0.0,0.0,8.2,IMELBO1849.csv
2022/12/18,06:14 AM,8.83,7.56,91.0,SW,0.0,0.16,1035.22,0.0,0.0,0.0,9.9,IMELBO1849.csv
2022/12/18,06:19 AM,8.89,7.61,91.0,SW,0.0,0.0,1035.22,0.0,0.0,0.0,13.3,IMELBO1849.csv
2022/12/18,06:24 AM,9.0,7.72,91.0,SW,0.0,0.32,1035.56,0.0,0.0,0.0,15.2,IMELBO1849.csv
2022/12/18,06:29 AM,9.22,7.94,91.0,SW,0.0,0.0,1035.56,0.0,0.0,0.0,17.7,IMELBO1849.csv
2022/12/18,06:34 AM,9.33,8.06,91.0,SW,0.0,0.0,1035.56,0.0,0.0,0.0,19.5,IMELBO1849.csv
2022/12/18,06:39 AM,9.5,8.22,91.0,SW,0.0,0.0,1035.56,0.0,0.0,0.0,21.2,IMELBO1849.csv
2022/12/18,06:44 AM,9.72,8.11,90.0,SW,0.48,0.97,1035.56,0.0,0.0,0.0,23.4,IMELBO1849.csv
2022/12/18,06:49 AM,9.72,8.17,90.0,SW,0.48,1.29,1035.56,0.0,0.0,0.0,27.7,IMELBO1849.csv
2022/12/18,06:54 AM,9.94,8.22,89.0,SW,0.64,1.13,1035.9,0.0,0.0,0.0,44.7,IMELBO1849.csv
2022/12/18,06:59 AM,10.39,8.56,89.0,SW,0.0,0.0,1035.9,0.0,0.0,0.0,48.9,IMELBO1849.csv
2022/12/18,07:04 AM,10.94,8.94,88.0,SW,0.16,0.48,1035.9,0.0,0.0,0.0,54.2,IMELBO1849.csv
2022/12/18,07:09 AM,11.33,9.17,86.0,SW,0.32,0.8,1035.9,0.0,0.0,0.0,56.3,IMELBO1849.csv
2022/12/18,07:14 AM,11.67,9.06,84.0,SSW,1.13,1.93,1036.24,0.0,0.0,1.0,102.8,IMELBO1849.csv
2022/12/18,07:19 AM,11.94,9.06,82.0,SSW,1.45,1.93,1035.9,0.0,0.0,1.0,109.2,IMELBO1849.csv
2022/12/18,07:24 AM,12.17,9.11,82.0,SW,0.64,1.29,1036.24,0.0,0.0,1.0,121.4,IMELBO1849.csv
2022/12/18,07:29 AM,12.33,9.06,81.0,SW,0.8,1.45,1036.24,0.0,0.0,1.0,134.8,IMELBO1849.csv
2022/12/18,07:34 AM,12.5,9.06,80.0,SW,0.97,1.77,1036.24,0.0,0.0,1.0,130.9,IMELBO1849.csv
2022/12/18,07:39 AM,12.78,9.17,79.0,SW,0.97,1.77,1036.57,0.0,0.0,1.0,162.6,IMELBO1849.csv
2022/12/18,07:44 AM,12.83,9.17,78.0,SW,0.97,2.09,1036.57,0.0,0.0,1.0,160.9,IMELBO1849.csv
2022/12/18,07:49 AM,13.11,9.28,77.0,SW,2.09,2.57,1036.57,0.0,0.0,2.0,209.1,IMELBO1849.csv
2022/12/18,07:54 AM,13.11,9.11,77.0,SW,1.29,1.93,1036.57,0.0,0.0,2.0,218.1,IMELBO1849.csv
2022/12/18,07:59 AM,13.72,9.28,74.0,SSW,2.57,3.38,1036.57,0.0,0.0,2.0,233.3,IMELBO1849.csv
2022/12/18,08:04 AM,13.39,8.89,74.0,SW,2.57,3.22,1036.91,0.0,0.0,2.0,249.4,IMELBO1849.csv
2022/12/18,08:09 AM,13.89,9.0,72.0,South,0.97,1.61,1036.91,0.0,0.0,2.0,266.7,IMELBO1849.csv
2022/12/18,08:14 AM,14.17,8.94,71.0,SSW,2.9,3.7,1036.91,0.0,0.0,2.0,295.8,IMELBO1849.csv
2022/12/18,08:19 AM,14.17,8.83,71.0,South,1.45,2.25,1036.91,0.0,0.0,2.0,291.4,IMELBO1849.csv
2022/12/18,08:24 AM,14.67,9.0,69.0,SSW,1.29,2.09,1036.91,0.0,0.0,3.0,324.4,IMELBO1849.csv
2022/12/18,08:29 AM,14.72,8.72,67.0,SSE,2.25,2.9,1036.91,0.0,0.0,3.0,347.0,IMELBO1849.csv
2022/12/18,08:34 AM,14.78,8.67,67.0,East,1.77,2.25,1036.91,0.0,0.0,3.0,368.7,IMELBO1849.csv
2022/12/18,08:39 AM,14.78,9.0,68.0,SSW,1.93,2.74,1036.91,0.0,0.0,3.0,384.7,IMELBO1849.csv
2022/12/18,08:44 AM,14.83,8.89,68.0,SSW,0.97,1.77,1036.91,0.0,0.0,3.0,389.9,IMELBO1849.csv
2022/12/18,08:49 AM,15.56,9.22,66.0,SE,1.61,2.09,1036.91,0.0,0.0,3.0,394.3,IMELBO1849.csv
2022/12/18,08:54 AM,15.33,9.0,66.0,SSW,1.61,2.41,1036.91,0.0,0.0,3.0,386.1,IMELBO1849.csv
2022/12/18,08:59 AM,15.33,8.94,66.0,SSE,2.41,3.22,1036.91,0.0,0.0,3.0,399.9,IMELBO1849.csv
2022/12/18,09:04 AM,15.78,8.94,64.0,SSE,1.29,2.25,1036.91,0.0,0.0,4.0,410.3,IMELBO1849.csv
2022/12/18,09:09 AM,16.61,9.44,63.0,East,1.61,2.74,1036.91,0.0,0.0,4.0,445.9,IMELBO1849.csv
2022/12/18,09:14 AM,16.72,9.28,61.0,East,0.97,1.45,1036.91,0.0,0.0,4.0,472.3,IMELBO1849.csv
2022/12/18,09:19 AM,17.06,9.33,60.0,East,0.8,1.29,1036.91,0.0,0.0,4.0,474.5,IMELBO1849.csv
2022/12/18,09:24 AM,17.67,9.44,59.0,,1.13,1.77,1036.91,0.0,0.0,4.0,468.9,IMELBO1849.csv
2022/12/18,09:29 AM,17.61,9.61,59.0,SSE,2.25,3.06,1036.91,0.0,0.0,4.0,481.9,IMELBO1849.csv
2022/12/18,09:34 AM,17.33,9.28,59.0,SW,1.61,2.09,1036.91,0.0,0.0,4.0,500.6,IMELBO1849.csv
2022/12/18,09:39 AM,17.39,9.44,60.0,SSE,2.09,3.06,1036.91,0.0,0.0,5.0,530.5,IMELBO1849.csv
2022/12/18,09:44 AM,17.61,9.22,58.0,SE,2.09,3.06,1036.91,0.0,0.0,5.0,547.8,IMELBO1849.csv
2022/12/18,09:49 AM,17.33,9.22,59.0,ESE,4.51,5.63,1036.91,0.0,0.0,5.0,560.4,IMELBO1849.csv
2022/12/18,09:54 AM,16.67,8.89,60.0,East,2.57,3.7,1036.91,0.0,0.0,5.0,574.7,IMELBO1849.csv
2022/12/18,09:59 AM,16.94,9.06,60.0,East,3.86,5.31,1036.91,0.0,0.0,5.0,590.4,IMELBO1849.csv
2022/12/18,10:04 AM,17.06,8.94,59.0,ESE,3.7,4.67,1036.91,0.0,0.0,5.0,598.6,IMELBO1849.csv
2022/12/18,10:09 AM,17.72,8.94,57.0,SE,2.9,3.7,1036.91,0.0,0.0,5.0,610.7,IMELBO1849.csv
2022/12/18,10:14 AM,17.56,8.72,56.0,SSW,2.09,3.22,1036.57,0.0,0.0,5.0,598.2,IMELBO1849.csv
2022/12/18,10:19 AM,18.11,8.78,54.0,ENE,2.57,3.54,1036.91,0.0,0.0,5.0,605.6,IMELBO1849.csv
2022/12/18,10:24 AM,18.39,8.83,54.0,South,2.9,4.02,1036.91,0.0,0.0,6.0,637.3,IMELBO1849.csv
2022/12/18,10:29 AM,18.61,8.83,53.0,SE,4.99,6.6,1036.91,0.0,0.0,6.0,661.5,IMELBO1849.csv
2022/12/18,10:34 AM,18.33,8.61,53.0,SSE,3.54,5.15,1036.57,0.0,0.0,6.0,665.4,IMELBO1849.csv
2022/12/18,10:39 AM,18.39,8.67,53.0,East,3.7,5.31,1036.91,0.0,0.0,6.0,693.7,IMELBO1849.csv
2022/12/18,10:44 AM,18.39,8.72,53.0,SE,3.06,3.86,1036.91,0.0,0.0,6.0,701.5,IMELBO1849.csv
2022/12/18,10:49 AM,18.78,9.0,53.0,East,1.93,2.9,1036.57,0.0,0.0,6.0,698.8,IMELBO1849.csv
2022/12/18,10:54 AM,19.28,8.94,51.0,SE,4.18,5.79,1036.57,0.0,0.0,6.0,701.0,IMELBO1849.csv
2022/12/18,10:59 AM,19.78,9.0,50.0,SE,3.7,5.15,1036.57,0.0,0.0,7.0,724.0,IMELBO1849.csv
2022/12/18,11:04 AM,19.33,8.56,50.0,SSW,1.45,2.25,1036.57,0.0,0.0,7.0,734.4,IMELBO1849.csv
2022/12/18,11:09 AM,19.78,8.78,49.0,SSE,4.51,6.11,1036.24,0.0,0.0,7.0,739.2,IMELBO1849.csv
2022/12/18,11:14 AM,19.61,8.5,49.0,ESE,4.02,6.11,1036.57,0.0,0.0,7.0,737.8,IMELBO1849.csv
2022/12/18,11:19 AM,19.39,8.39,49.0,ENE,2.74,3.86,1036.24,0.0,0.0,7.0,761.3,IMELBO1849.csv
2022/12/18,11:24 AM,19.89,8.56,48.0,SSW,1.77,2.74,1036.24,0.0,0.0,7.0,762.2,IMELBO1849.csv
2022/12/18,11:29 AM,19.94,8.94,49.0,SW,4.34,6.11,1036.24,0.0,0.0,7.0,762.6,IMELBO1849.csv
2022/12/18,11:34 AM,19.94,8.89,49.0,WSW,2.25,3.54,1036.24,0.0,0.0,7.0,773.0,IMELBO1849.csv
2022/12/18,11:39 AM,20.44,8.89,48.0,SSW,1.77,3.06,1036.24,0.0,0.0,7.0,788.2,IMELBO1849.csv
2022/12/18,11:44 AM,20.17,8.78,48.0,ESE,6.44,7.88,1035.9,0.0,0.0,7.0,794.7,IMELBO1849.csv
2022/12/18,11:49 AM,19.67,8.44,48.0,SE,2.57,3.86,1036.24,0.0,0.0,7.0,798.6,IMELBO1849.csv
2022/12/18,11:54 AM,20.5,8.56,46.0,NE,3.22,4.51,1035.9,0.0,0.0,7.0,786.5,IMELBO1849.csv
2022/12/18,11:59 AM,20.17,8.67,47.0,ESE,4.51,5.95,1035.9,0.0,0.0,7.0,800.0,IMELBO1849.csv
2022/12/18,12:04 PM,19.89,8.61,48.0,East,5.63,7.56,1035.9,0.0,0.0,7.0,817.7,IMELBO1849.csv
2022/12/18,12:09 PM,20.33,8.67,47.0,SE,4.51,6.11,1035.9,0.0,0.0,7.0,812.9,IMELBO1849.csv
2022/12/18,12:14 PM,20.56,8.72,47.0,ESE,4.34,5.79,1035.9,0.0,0.0,7.0,808.2,IMELBO1849.csv
2022/12/18,12:19 PM,20.78,8.83,46.0,ESE,4.67,7.08,1035.9,0.0,0.0,7.0,815.5,IMELBO1849.csv
2022/12/18,12:24 PM,21.22,8.67,45.0,SSW,4.51,6.44,1035.56,0.0,0.0,7.0,819.9,IMELBO1849.csv
2022/12/18,12:29 PM,21.17,8.89,45.0,SSE,2.9,4.18,1035.56,0.0,0.0,8.0,824.2,IMELBO1849.csv
2022/12/18,12:34 PM,21.83,9.67,46.0,ESE,3.7,5.31,1035.56,0.0,0.0,8.0,824.2,IMELBO1849.csv
2022/12/18,12:39 PM,21.83,9.33,45.0,East,2.57,3.7,1035.56,0.0,0.0,8.0,827.2,IMELBO1849.csv
2022/12/18,12:44 PM,22.0,9.56,45.0,SE,3.54,4.67,1035.22,0.0,0.0,7.0,822.8,IMELBO1849.csv
2022/12/18,12:49 PM,21.78,9.5,46.0,ESE,4.02,5.47,1035.22,0.0,0.0,8.0,829.8,IMELBO1849.csv
2022/12/18,12:54 PM,21.83,9.72,46.0,ESE,6.11,8.21,1035.22,0.0,0.0,7.0,816.3,IMELBO1849.csv
2022/12/18,12:59 PM,21.56,10.28,49.0,ESE,5.79,8.21,1035.22,0.0,0.0,7.0,794.7,IMELBO1849.csv
2022/12/18,01:04 PM,21.72,10.89,50.0,SSW,9.17,12.39,1034.88,0.0,0.0,7.0,788.6,IMELBO1849.csv
2022/12/18,01:09 PM,22.06,11.0,50.0,SSW,7.88,10.94,1034.88,0.0,0.0,7.0,794.7,IMELBO1849.csv
2022/12/18,01:14 PM,22.56,11.22,49.0,SSW,6.92,9.81,1035.22,0.0,0.0,7.0,818.1,IMELBO1849.csv
2022/12/18,01:19 PM,22.06,11.06,50.0,SW,8.21,11.91,1034.88,0.0,0.0,7.0,816.0,IMELBO1849.csv
2022/12/18,01:24 PM,22.06,10.89,49.0,SSW,7.24,10.78,1034.88,0.0,0.0,7.0,815.5,IMELBO1849.csv
2022/12/18,01:29 PM,22.5,11.28,49.0,SSW,6.76,9.17,1034.88,0.0,0.0,8.0,838.1,IMELBO1849.csv
2022/12/18,01:34 PM,22.83,11.44,49.0,South,7.56,11.42,1034.54,0.0,0.0,8.0,836.8,IMELBO1849.csv
2022/12/18,01:39 PM,22.61,11.33,49.0,SSW,8.69,12.55,1034.88,0.0,0.0,7.0,812.4,IMELBO1849.csv
2022/12/18,01:44 PM,22.0,11.17,50.0,SSW,8.21,11.91,1034.54,0.0,0.0,7.0,776.0,IMELBO1849.csv
2022/12/18,01:49 PM,21.89,11.0,50.0,SSW,10.14,14.0,1034.54,0.0,0.0,7.0,806.4,IMELBO1849.csv
2022/12/18,01:54 PM,21.72,10.94,50.0,SSW,11.91,16.57,1034.54,0.0,0.0,7.0,821.6,IMELBO1849.csv
2022/12/18,01:59 PM,21.56,10.94,51.0,SSW,11.58,14.8,1034.54,0.0,0.0,7.0,819.4,IMELBO1849.csv
2022/12/18,02:04 PM,22.17,11.0,49.0,SSW,8.04,11.1,1034.54,0.0,0.0,7.0,820.3,IMELBO1849.csv
2022/12/18,02:09 PM,22.28,11.0,49.0,South,8.37,11.58,1034.54,0.0,0.0,8.0,825.0,IMELBO1849.csv
2022/12/18,02:14 PM,22.17,10.94,49.0,SSW,8.69,12.71,1034.2,0.0,0.0,7.0,817.2,IMELBO1849.csv
2022/12/18,02:19 PM,22.33,11.06,49.0,SSW,10.46,14.48,1034.2,0.0,0.0,7.0,802.0,IMELBO1849.csv
2022/12/18,02:24 PM,22.11,10.94,49.0,SW,12.87,17.22,1034.2,0.0,0.0,7.0,802.0,IMELBO1849.csv
2022/12/18,02:29 PM,21.78,10.78,50.0,SSW,10.94,14.64,1034.2,0.0,0.0,7.0,803.8,IMELBO1849.csv
2022/12/18,02:34 PM,22.28,11.06,49.0,South,10.46,15.12,1034.2,0.0,0.0,7.0,800.3,IMELBO1849.csv
2022/12/18,02:39 PM,22.11,11.06,50.0,SSW,14.16,18.83,1034.2,0.0,0.0,7.0,792.1,IMELBO1849.csv
2022/12/18,02:44 PM,22.06,10.89,49.0,SSW,9.65,13.35,1034.2,0.0,0.0,7.0,792.5,IMELBO1849.csv
2022/12/18,02:49 PM,22.17,11.0,49.0,SW,12.39,17.06,1033.86,0.0,0.0,7.0,804.2,IMELBO1849.csv
2022/12/18,02:54 PM,21.94,10.89,50.0,SSW,10.78,14.64,1034.2,0.0,0.0,7.0,807.7,IMELBO1849.csv
2022/12/18,02:59 PM,22.17,11.06,49.0,SSW,9.65,13.35,1034.2,0.0,0.0,7.0,803.8,IMELBO1849.csv
2022/12/18,03:04 PM,22.33,11.28,49.0,South,9.65,14.64,1033.86,0.0,0.0,7.0,797.3,IMELBO1849.csv
2022/12/18,03:09 PM,22.56,11.22,49.0,South,9.81,13.68,1033.86,0.0,0.0,7.0,787.7,IMELBO1849.csv
2022/12/18,03:14 PM,22.28,11.22,49.0,South,10.14,14.48,1033.86,0.0,0.0,7.0,795.2,IMELBO1849.csv
2022/12/18,03:19 PM,22.61,11.22,49.0,South,11.1,16.57,1033.86,0.0,0.0,7.0,788.6,IMELBO1849.csv
2022/12/18,03:24 PM,22.28,11.0,49.0,SSW,14.16,19.63,1033.86,0.0,0.0,7.0,726.2,IMELBO1849.csv
2022/12/18,03:29 PM,22.28,10.94,48.0,South,8.69,12.39,1033.86,0.0,0.0,7.0,721.4,IMELBO1849.csv
2022/12/18,03:34 PM,22.78,11.11,48.0,SSE,8.53,12.71,1033.53,0.0,0.0,7.0,763.9,IMELBO1849.csv
2022/12/18,03:39 PM,22.56,10.89,48.0,South,11.26,16.09,1033.53,0.0,0.0,7.0,775.1,IMELBO1849.csv
2022/12/18,03:44 PM,22.33,10.72,48.0,SSW,11.75,15.93,1033.53,0.0,0.0,7.0,789.4,IMELBO1849.csv
2022/12/18,03:49 PM,22.39,10.61,47.0,SSW,11.75,15.93,1033.53,0.0,0.0,7.0,787.7,IMELBO1849.csv
2022/12/18,03:54 PM,22.33,10.61,48.0,SSW,10.78,14.48,1033.53,0.0,0.0,7.0,795.5,IMELBO1849.csv
2022/12/18,03:59 PM,22.44,10.61,47.0,South,10.3,15.77,1033.53,0.0,0.0,7.0,798.1,IMELBO1849.csv
2022/12/18,04:04 PM,22.56,10.56,47.0,South,11.1,14.48,1033.19,0.0,0.0,7.0,796.4,IMELBO1849.csv
2022/12/18,04:09 PM,23.06,11.06,47.0,South,9.98,13.68,1033.19,0.0,0.0,7.0,803.8,IMELBO1849.csv
2022/12/18,04:14 PM,22.89,10.83,47.0,South,8.69,12.07,1033.19,0.0,0.0,7.0,802.9,IMELBO1849.csv
2022/12/18,04:19 PM,23.06,10.94,46.0,SSW,9.65,13.52,1033.19,0.0,0.0,7.0,791.6,IMELBO1849.csv
2022/12/18,04:24 PM,22.89,11.0,47.0,SSW,9.98,13.52,1033.19,0.0,0.0,7.0,780.8,IMELBO1849.csv
2022/12/18,04:29 PM,22.72,10.61,46.0,SSE,7.56,10.94,1033.19,0.0,0.0,7.0,783.0,IMELBO1849.csv
2022/12/18,04:34 PM,22.89,10.72,46.0,SE,6.76,10.14,1033.19,0.0,0.0,7.0,787.4,IMELBO1849.csv
2022/12/18,04:39 PM,23.17,10.94,46.0,SSW,6.6,9.33,1032.85,0.0,0.0,7.0,762.2,IMELBO1849.csv
2022/12/18,04:44 PM,22.89,11.06,47.0,South,10.94,15.77,1033.19,0.0,0.0,7.0,740.9,IMELBO1849.csv
2022/12/18,04:49 PM,22.78,11.17,48.0,SSW,9.17,13.84,1032.85,0.0,0.0,7.0,724.8,IMELBO1849.csv
2022/12/18,04:54 PM,22.72,11.17,48.0,South,10.62,15.12,1032.85,0.0,0.0,7.0,724.0,IMELBO1849.csv
2022/12/18,04:59 PM,22.72,11.06,48.0,South,10.62,14.96,1032.85,0.0,0.0,6.0,702.7,IMELBO1849.csv
2022/12/18,05:04 PM,22.72,11.17,48.0,SSW,9.81,13.19,1032.85,0.0,0.0,6.0,681.9,IMELBO1849.csv
2022/12/18,05:09 PM,22.56,11.11,48.0,SSW,10.46,14.8,1032.85,0.0,0.0,6.0,668.9,IMELBO1849.csv
2022/12/18,05:14 PM,22.5,11.0,48.0,South,9.49,13.52,1032.85,0.0,0.0,6.0,656.7,IMELBO1849.csv
2022/12/18,05:19 PM,22.78,11.22,48.0,South,9.81,14.96,1032.85,0.0,0.0,6.0,628.1,IMELBO1849.csv
2022/12/18,05:24 PM,22.5,11.17,49.0,South,9.98,14.0,1032.85,0.0,0.0,5.0,613.8,IMELBO1849.csv
2022/12/18,05:29 PM,22.44,11.28,49.0,SSW,12.39,17.06,1032.51,0.0,0.0,5.0,613.4,IMELBO1849.csv
2022/12/18,05:34 PM,22.39,11.17,49.0,South,11.75,16.57,1032.51,0.0,0.0,5.0,600.3,IMELBO1849.csv
2022/12/18,05:39 PM,22.39,11.0,48.0,ESE,11.75,17.54,1032.51,0.0,0.0,5.0,562.6,IMELBO1849.csv
2022/12/18,05:44 PM,22.11,10.89,49.0,South,11.26,15.77,1032.51,0.0,0.0,4.0,500.6,IMELBO1849.csv
2022/12/18,05:49 PM,22.17,10.94,49.0,SSW,9.81,14.0,1032.51,0.0,0.0,4.0,445.1,IMELBO1849.csv
2022/12/18,05:54 PM,22.39,11.22,49.0,SSW,10.78,14.32,1032.51,0.0,0.0,4.0,435.9,IMELBO1849.csv
2022/12/18,05:59 PM,22.39,11.0,48.0,SSW,9.81,14.32,1032.51,0.0,0.0,3.0,377.8,IMELBO1849.csv
2022/12/18,06:04 PM,22.33,10.83,48.0,South,9.81,14.16,1032.51,0.0,0.0,3.0,368.2,IMELBO1849.csv
2022/12/18,06:09 PM,22.33,10.78,48.0,SSE,9.17,13.35,1032.51,0.0,0.0,3.0,330.9,IMELBO1849.csv
2022/12/18,06:14 PM,22.33,10.89,48.0,South,8.37,12.23,1032.51,0.0,0.0,3.0,313.5,IMELBO1849.csv
2022/12/18,06:19 PM,22.33,10.78,48.0,South,8.53,13.52,1032.51,0.0,0.0,3.0,315.4,IMELBO1849.csv
2022/12/18,06:24 PM,22.22,10.83,48.0,South,7.08,10.46,1032.51,0.0,0.0,3.0,313.2,IMELBO1849.csv
2022/12/18,06:29 PM,22.17,11.0,49.0,SSW,9.81,14.32,1032.51,0.0,0.0,2.0,274.5,IMELBO1849.csv
2022/12/18,06:34 PM,21.83,10.94,50.0,SSE,7.72,12.23,1032.51,0.0,0.0,2.0,278.4,IMELBO1849.csv
2022/12/18,06:39 PM,21.78,11.0,50.0,South,10.62,15.12,1032.85,0.0,0.0,2.0,279.3,IMELBO1849.csv
2022/12/18,06:44 PM,21.67,10.89,50.0,SSW,9.81,13.84,1032.85,0.0,0.0,2.0,261.9,IMELBO1849.csv
2022/12/18,06:49 PM,21.5,11.0,51.0,South,11.26,16.09,1032.51,0.0,0.0,2.0,246.4,IMELBO1849.csv
2022/12/18,06:54 PM,21.39,11.22,52.0,SSW,10.3,14.48,1032.85,0.0,0.0,2.0,216.4,IMELBO1849.csv
2022/12/18,06:59 PM,21.39,11.22,52.0,South,9.01,13.35,1032.85,0.0,0.0,1.0,177.4,IMELBO1849.csv
2022/12/18,07:04 PM,21.11,11.17,53.0,SSE,9.01,12.71,1033.19,0.0,0.0,1.0,175.2,IMELBO1849.csv
2022/12/18,07:09 PM,20.94,11.06,53.0,NNE,8.69,13.03,1032.85,0.0,0.0,0.0,48.6,IMELBO1849.csv
2022/12/18,07:14 PM,20.83,10.94,53.0,South,7.4,10.62,1032.85,0.0,0.0,0.0,45.9,IMELBO1849.csv
2022/12/18,07:19 PM,20.72,11.06,54.0,SSW,7.08,10.14,1033.19,0.0,0.0,0.0,43.8,IMELBO1849.csv
2022/12/18,07:24 PM,20.61,11.06,54.0,SSW,9.65,14.0,1033.19,0.0,0.0,0.0,42.9,IMELBO1849.csv
2022/12/18,07:29 PM,20.39,11.11,55.0,SW,8.85,12.71,1033.19,0.0,0.0,0.0,40.7,IMELBO1849.csv
2022/12/18,07:34 PM,20.28,11.0,55.0,South,6.76,10.14,1033.53,0.0,0.0,0.0,38.5,IMELBO1849.csv
2022/12/18,07:39 PM,20.22,11.0,55.0,South,5.79,8.69,1033.53,0.0,0.0,0.0,37.2,IMELBO1849.csv
2022/12/18,07:44 PM,20.22,11.22,56.0,SSW,6.44,9.17,1033.53,0.0,0.0,0.0,34.6,IMELBO1849.csv
2022/12/18,07:49 PM,20.17,11.17,56.0,SSE,5.15,7.4,1033.53,0.0,0.0,0.0,32.4,IMELBO1849.csv
2022/12/18,07:54 PM,20.0,11.0,56.0,SSE,4.83,7.24,1033.53,0.0,0.0,0.0,30.7,IMELBO1849.csv
2022/12/18,07:59 PM,19.83,10.83,56.0,SSE,4.51,6.92,1033.53,0.0,0.0,0.0,28.1,IMELBO1849.csv
2022/12/18,08:04 PM,19.67,10.72,56.0,SE,5.15,7.56,1033.53,0.0,0.0,0.0,25.6,IMELBO1849.csv
2022/12/18,08:09 PM,19.5,10.83,57.0,South,5.15,8.21,1033.86,0.0,0.0,0.0,22.9,IMELBO1849.csv
2022/12/18,08:14 PM,19.33,10.67,57.0,South,6.92,10.62,1033.86,0.0,0.0,0.0,19.9,IMELBO1849.csv
2022/12/18,08:19 PM,19.22,10.67,58.0,South,4.02,5.95,1033.53,0.0,0.0,0.0,16.9,IMELBO1849.csv
2022/12/18,08:24 PM,19.11,10.61,58.0,SSE,3.38,4.83,1033.86,0.0,0.0,0.0,14.7,IMELBO1849.csv
2022/12/18,08:29 PM,18.94,10.61,58.0,South,4.99,6.76,1033.86,0.0,0.0,0.0,10.8,IMELBO1849.csv
2022/12/18,08:34 PM,18.83,10.67,59.0,SSE,3.54,5.31,1033.86,0.0,0.0,0.0,7.7,IMELBO1849.csv
2022/12/18,08:39 PM,18.72,10.5,59.0,SSE,3.38,4.34,1033.86,0.0,0.0,0.0,4.8,IMELBO1849.csv
2022/12/18,08:44 PM,18.5,10.39,59.0,SE,3.54,5.31,1033.86,0.0,0.0,0.0,2.9,IMELBO1849.csv
2022/12/18,08:49 PM,18.39,10.28,59.0,South,3.86,5.63,1033.86,0.0,0.0,0.0,0.9,IMELBO1849.csv
2022/12/18,08:54 PM,18.28,10.28,60.0,SSE,2.25,3.54,1033.86,0.0,0.0,0.0,0.4,IMELBO1849.csv
2022/12/18,08:59 PM,18.06,10.17,60.0,SSE,2.25,3.06,1033.86,0.0,0.0,0.0,0.0,IMELBO1849.csv
2022/12/18,09:04 PM,17.89,10.11,60.0,SSE,3.22,4.99,1033.86,0.0,0.0,0.0,0.0,IMELBO1849.csv
2022/12/18,09:09 PM,17.78,10.22,61.0,South,2.57,4.18,1034.2,0.0,0.0,0.0,0.0,IMELBO1849.csv
2022/12/18,09:14 PM,17.72,10.11,61.0,South,2.25,3.54,1033.86,0.0,0.0,0.0,0.0,IMELBO1849.csv
2022/12/18,09:19 PM,17.56,10.17,62.0,South,1.61,2.41,1034.2,0.0,0.0,0.0,0.0,IMELBO1849.csv
2022/12/18,09:24 PM,17.44,10.06,62.0,East,1.77,2.25,1034.2,0.0,0.0,0.0,0.0,IMELBO1849.csv
2022/12/18,09:29 PM,17.28,10.17,63.0,SSE,1.29,2.41,1034.2,0.0,0.0,0.0,0.0,IMELBO1849.csv
2022/12/18,09:34 PM,17.22,10.11,63.0,ESE,2.41,3.38,1034.2,0.0,0.0,0.0,0.0,IMELBO1849.csv
2022/12/18,09:39 PM,17.11,10.06,63.0,SSE,1.93,2.74,1034.2,0.0,0.0,0.0,0.0,IMELBO1849.csv
2022/12/18,09:44 PM,17.06,9.94,63.0,SSE,1.45,2.25,1034.2,0.0,0.0,0.0,0.0,IMELBO1849.csv
2022/12/18,09:49 PM,16.94,9.94,63.0,SSE,1.61,2.57,1034.2,0.0,0.0,0.0,0.0,IMELBO1849.csv
2022/12/18,09:54 PM,17.0,9.89,63.0,South,2.09,2.57,1034.54,0.0,0.0,0.0,0.0,IMELBO1849.csv
2022/12/18,09:59 PM,16.94,10.17,64.0,SSW,2.25,3.38,1034.2,0.0,0.0,0.0,0.0,IMELBO1849.csv
2022/12/18,10:04 PM,16.83,10.06,64.0,South,1.29,1.93,1034.2,0.0,0.0,0.0,0.0,IMELBO1849.csv
2022/12/18,10:09 PM,16.67,10.06,65.0,SSE,0.8,1.77,1034.2,0.0,0.0,0.0,0.0,IMELBO1849.csv
2022/12/18,10:14 PM,16.5,9.94,65.0,SE,0.32,0.64,1034.54,0.0,0.0,0.0,0.0,IMELBO1849.csv
2022/12/18,10:19 PM,16.28,10.0,66.0,SE,0.48,0.64,1034.54,0.0,0.0,0.0,0.0,IMELBO1849.csv
2022/12/18,10:24 PM,16.28,9.94,66.0,SSE,1.13,1.77,1034.54,0.0,0.0,0.0,0.0,IMELBO1849.csv
2022/12/18,10:29 PM,16.28,10.0,66.0,South,1.61,2.09,1034.54,0.0,0.0,0.0,0.0,IMELBO1849.csv
2022/12/18,10:34 PM,16.22,10.06,67.0,South,0.97,1.77,1034.54,0.0,0.0,0.0,0.0,IMELBO1849.csv
2022/12/18,10:39 PM,16.22,10.11,67.0,South,0.8,1.29,1034.54,0.0,0.0,0.0,0.0,IMELBO1849.csv
2022/12/18,10:44 PM,16.0,9.94,67.0,South,0.0,0.16,1034.54,0.0,0.0,0.0,0.0,IMELBO1849.csv
2022/12/18,10:49 PM,15.78,9.89,68.0,South,0.16,0.64,1034.54,0.0,0.0,0.0,0.0,IMELBO1849.csv
2022/12/18,10:54 PM,15.61,9.89,69.0,South,0.16,0.32,1034.54,0.0,0.0,0.0,0.0,IMELBO1849.csv
2022/12/18,10:59 PM,15.5,9.94,70.0,South,0.64,1.61,1034.54,0.0,0.0,0.0,0.0,IMELBO1849.csv
2022/12/18,11:04 PM,15.39,10.0,70.0,South,1.61,2.09,1034.54,0.0,0.0,0.0,0.0,IMELBO1849.csv
2022/12/18,11:09 PM,15.44,10.06,70.0,South,1.29,1.77,1034.88,0.0,0.0,0.0,0.0,IMELBO1849.csv
2022/12/18,11:14 PM,15.33,10.0,70.0,SSE,1.29,1.93,1034.88,0.0,0.0,0.0,0.0,IMELBO1849.csv
2022/12/18,11:19 PM,15.22,10.0,71.0,SSE,0.64,1.45,1034.54,0.0,0.0,0.0,0.0,IMELBO1849.csv
2022/12/18,11:24 PM,15.22,10.0,71.0,South,1.77,2.25,1034.54,0.0,0.0,0.0,0.0,IMELBO1849.csv
2022/12/18,11:29 PM,15.17,10.0,71.0,SSW,1.13,1.29,1034.88,0.0,0.0,0.0,0.0,IMELBO1849.csv
2022/12/18,11:34 PM,15.06,10.06,72.0,SSW,0.32,0.64,1034.54,0.0,0.0,0.0,0.0,IMELBO1849.csv
2022/12/18,11:39 PM,14.89,9.89,72.0,SSW,0.0,0.16,1034.88,0.0,0.0,0.0,0.0,IMELBO1849.csv
2022/12/18,11:44 PM,14.72,9.83,73.0,SSW,0.16,0.32,1034.88,0.0,0.0,0.0,0.0,IMELBO1849.csv
2022/12/18,11:49 PM,14.61,9.78,73.0,SSW,1.45,1.93,1034.88,0.0,0.0,0.0,0.0,IMELBO1849.csv
2022/12/18,11:54 PM,14.61,9.78,73.0,SSW,0.48,0.8,1034.88,0.0,0.0,0.0,0.0,IMELBO1849.csv
2022/12/18,11:59 PM,14.44,9.94,74.0,SSW,0.0,0.0,1034.88,0.0,0.0,0.0,0.0,IMELBO1849.csv
2022/12/19,12:04 AM,14.28,9.78,74.0,SSW,0.0,0.32,1034.88,0.0,0.0,0.0,0.0,IMELBO1849.csv
2022/12/19,12:09 AM,14.17,9.72,75.0,SSW,1.29,1.77,1034.88,0.0,0.0,0.0,0.0,IMELBO1849.csv
2022/12/19,12:14 AM,13.94,9.72,76.0,SSW,0.16,0.48,1034.88,0.0,0.0,0.0,0.0,IMELBO1849.csv
2022/12/19,12:19 AM,13.72,9.56,76.0,SSW,0.0,0.16,1034.88,0.0,0.0,0.0,0.0,IMELBO1849.csv
2022/12/19,12:24 AM,13.72,9.72,77.0,SSW,0.48,0.97,1034.88,0.0,0.0,0.0,0.0,IMELBO1849.csv
2022/12/19,12:29 AM,13.61,9.61,77.0,SSW,0.64,0.97,1034.88,0.0,0.0,0.0,0.0,IMELBO1849.csv
2022/12/19,12:34 AM,13.61,9.61,77.0,SSW,1.77,2.09,1034.88,0.0,0.0,0.0,0.0,IMELBO1849.csv
2022/12/19,12:39 AM,13.72,9.72,77.0,SSW,1.61,2.41,1034.88,0.0,0.0,0.0,0.0,IMELBO1849.csv
2022/12/19,12:44 AM,13.67,9.67,77.0,SSW,0.16,0.32,1034.88,0.0,0.0,0.0,0.0,IMELBO1849.csv
2022/12/19,12:49 AM,13.33,9.67,78.0,SW,1.77,2.25,1034.88,0.0,0.0,0.0,0.0,IMELBO1849.csv
2022/12/19,12:54 AM,13.06,9.56,79.0,SW,1.77,2.57,1034.88,0.0,0.0,0.0,0.0,IMELBO1849.csv
2022/12/19,12:59 AM,12.89,9.5,80.0,SW,0.64,1.29,1034.88,0.0,0.0,0.0,0.0,IMELBO1849.csv
2022/12/19,01:04 AM,12.67,9.44,81.0,SW,1.93,2.9,1034.88,0.0,0.0,0.0,0.0,IMELBO1849.csv
2022/12/19,01:09 AM,12.56,9.33,81.0,SW,1.13,1.77,1034.88,0.0,0.0,0.0,0.0,IMELBO1849.csv
2022/12/19,01:14 AM,12.39,9.33,82.0,WSW,0.32,0.48,1034.88,0.0,0.0,0.0,0.0,IMELBO1849.csv
2022/12/19,01:19 AM,12.22,9.33,83.0,WSW,1.61,2.09,1034.88,0.0,0.0,0.0,0.0,IMELBO1849.csv
2022/12/19,01:24 AM,12.22,9.39,83.0,WSW,0.16,0.16,1034.88,0.0,0.0,0.0,0.0,IMELBO1849.csv
2022/12/19,01:29 AM,12.11,9.28,83.0,WSW,1.61,2.41,1034.88,0.0,0.0,0.0,0.0,IMELBO1849.csv
2022/12/19,01:34 AM,12.11,9.28,83.0,WSW,2.57,3.22,1034.88,0.0,0.0,0.0,0.0,IMELBO1849.csv
2022/12/19,01:39 AM,12.0,9.28,83.0,West,1.29,2.09,1034.88,0.0,0.0,0.0,0.0,IMELBO1849.csv
2022/12/19,01:44 AM,11.83,9.28,84.0,SW,0.32,0.64,1034.88,0.0,0.0,0.0,0.0,IMELBO1849.csv
2022/12/19,01:49 AM,11.72,9.11,84.0,WSW,0.64,1.61,1034.88,0.0,0.0,0.0,0.0,IMELBO1849.csv
2022/12/19,01:54 AM,11.72,9.28,85.0,WSW,1.77,2.57,1034.88,0.0,0.0,0.0,0.0,IMELBO1849.csv
2022/12/19,01:59 AM,11.61,9.22,85.0,West,3.06,4.18,1034.88,0.0,0.0,0.0,0.0,IMELBO1849.csv
2022/12/19,02:04 AM,11.61,9.22,85.0,WNW,3.06,4.34,1034.88,0.0,0.0,0.0,0.0,IMELBO1849.csv
2022/12/19,02:09 AM,11.5,9.11,85.0,WNW,2.25,2.74,1034.88,0.0,0.0,0.0,0.0,IMELBO1849.csv
2022/12/19,02:14 AM,11.39,9.22,86.0,WNW,2.25,3.06,1034.88,0.0,0.0,0.0,0.0,IMELBO1849.csv
2022/12/19,02:19 AM,11.28,9.11,86.0,WNW,2.74,4.02,1034.88,0.0,0.0,0.0,0.0,IMELBO1849.csv
2022/12/19,02:24 AM,11.28,9.17,86.0,WNW,4.02,5.31,1034.54,0.0,0.0,0.0,0.0,IMELBO1849.csv
2022/12/19,02:29 AM,11.22,9.11,87.0,WNW,3.06,3.86,1034.88,0.0,0.0,0.0,0.0,IMELBO1849.csv
2022/12/19,02:34 AM,11.22,9.11,87.0,WNW,2.57,3.54,1034.54,0.0,0.0,0.0,0.0,IMELBO1849.csv
2022/12/19,02:39 AM,11.11,9.0,87.0,WNW,2.57,3.7,1034.54,0.0,0.0,0.0,0.0,IMELBO1849.csv
2022/12/19,02:44 AM,11.11,9.11,88.0,WNW,3.22,4.51,1034.88,0.0,0.0,0.0,0.0,IMELBO1849.csv
2022/12/19,02:49 AM,11.06,9.06,88.0,WNW,3.38,4.51,1034.88,0.0,0.0,0.0,0.0,IMELBO1849.csv
2022/12/19,02:54 AM,11.0,9.0,88.0,WNW,2.9,3.86,1034.54,0.0,0.0,0.0,0.0,IMELBO1849.csv
2022/12/19,02:59 AM,10.94,8.94,88.0,WNW,3.54,4.67,1034.54,0.0,0.0,0.0,0.0,IMELBO1849.csv
2022/12/19,03:04 AM,10.83,8.89,88.0,WNW,3.22,4.18,1034.88,0.0,0.0,0.0,0.0,IMELBO1849.csv
2022/12/19,03:09 AM,10.78,9.0,89.0,WNW,2.74,3.86,1034.88,0.0,0.0,0.0,0.0,IMELBO1849.csv
2022/12/19,03:14 AM,10.72,8.89,89.0,WNW,3.7,4.51,1034.88,0.0,0.0,0.0,0.0,IMELBO1849.csv
2022/12/19,03:19 AM,10.72,8.89,89.0,WNW,3.22,4.51,1034.88,0.0,0.0,0.0,0.0,IMELBO1849.csv
2022/12/19,03:24 AM,10.61,8.78,89.0,WNW,3.22,4.34,1034.88,0.0,0.0,0.0,0.0,IMELBO1849.csv
2022/12/19,03:29 AM,10.61,8.94,90.0,WNW,1.77,2.74,1034.88,0.0,0.0,0.0,0.0,IMELBO1849.csv
2022/12/19,03:34 AM,10.5,8.89,90.0,WNW,3.22,4.34,1034.88,0.0,0.0,0.0,0.0,IMELBO1849.csv
2022/12/19,03:39 AM,10.5,8.89,90.0,WNW,3.54,4.67,1034.88,0.0,0.0,0.0,0.0,IMELBO1849.csv
2022/12/19,03:44 AM,10.44,8.83,90.0,WNW,4.02,5.15,1034.88,0.0,0.0,0.0,0.0,IMELBO1849.csv
2022/12/19,03:49 AM,10.39,8.78,90.0,WNW,4.02,5.63,1034.88,0.0,0.0,0.0,0.0,IMELBO1849.csv
2022/12/19,03:54 AM,10.28,8.72,90.0,WNW,3.7,4.67,1034.88,0.0,0.0,0.0,0.0,IMELBO1849.csv
2022/12/19,03:59 AM,10.28,8.72,90.0,WNW,3.54,4.34,1034.88,0.0,0.0,0.0,0.0,IMELBO1849.csv
2022/12/19,04:04 AM,10.22,8.78,91.0,WNW,2.57,3.06,1034.88,0.0,0.0,0.0,0.0,IMELBO1849.csv
2022/12/19,04:09 AM,10.22,8.78,91.0,WNW,3.7,5.31,1034.88,0.0,0.0,0.0,0.0,IMELBO1849.csv
2022/12/19,04:14 AM,10.22,8.78,91.0,WNW,3.86,5.47,1034.88,0.0,0.0,0.0,0.0,IMELBO1849.csv
2022/12/19,04:19 AM,10.22,8.78,91.0,WNW,3.38,4.67,1034.88,0.0,0.0,0.0,0.0,IMELBO1849.csv
2022/12/19,04:24 AM,10.22,8.78,91.0,WNW,4.18,5.47,1035.22,0.0,0.0,0.0,0.0,IMELBO1849.csv
2022/12/19,04:29 AM,10.17,8.72,91.0,WNW,4.67,6.28,1034.88,0.0,0.0,0.0,0.0,IMELBO1849.csv
2022/12/19,04:34 AM,10.11,8.72,91.0,WNW,4.51,6.44,1034.88,0.0,0.0,0.0,0.0,IMELBO1849.csv
2022/12/19,04:39 AM,10.11,8.72,91.0,WNW,3.54,4.67,1035.22,0.0,0.0,0.0,0.0,IMELBO1849.csv
2022/12/19,04:44 AM,10.11,8.72,91.0,WNW,4.34,5.47,1035.22,0.0,0.0,0.0,0.0,IMELBO1849.csv
2022/12/19,04:49 AM,10.0,8.61,91.0,WNW,3.54,4.51,1035.22,0.0,0.0,0.0,0.0,IMELBO1849.csv
2022/12/19,04:54 AM,10.0,8.78,92.0,WNW,3.06,4.18,1035.22,0.0,0.0,0.0,0.0,IMELBO1849.csv
2022/12/19,04:59 AM,10.0,8.78,92.0,WNW,3.38,4.02,1035.22,0.0,0.0,0.0,0.0,IMELBO1849.csv
2022/12/19,05:04 AM,10.0,8.78,92.0,WNW,4.02,5.31,1035.56,0.0,0.0,0.0,0.0,IMELBO1849.csv
2022/12/19,05:09 AM,10.0,8.78,92.0,WNW,3.7,4.51,1035.56,0.0,0.0,0.0,0.0,IMELBO1849.csv
2022/12/19,05:14 AM,10.0,8.78,92.0,WNW,4.02,5.47,1035.56,0.0,0.0,0.0,0.0,IMELBO1849.csv
2022/12/19,05:19 AM,9.89,8.72,92.0,WNW,3.54,4.83,1035.56,0.0,0.0,0.0,0.0,IMELBO1849.csv
2022/12/19,05:24 AM,9.89,8.72,92.0,WNW,4.02,5.63,1035.56,0.0,0.0,0.0,0.0,IMELBO1849.csv
2022/12/19,05:29 AM,9.89,8.72,92.0,WNW,4.18,5.63,1035.56,0.0,0.0,0.0,0.0,IMELBO1849.csv
2022/12/19,05:34 AM,10.0,8.78,92.0,WNW,3.38,4.67,1035.9,0.0,0.0,0.0,0.0,IMELBO1849.csv
2022/12/19,05:39 AM,10.0,8.78,92.0,WNW,3.22,4.51,1035.9,0.0,0.0,0.0,0.0,IMELBO1849.csv
2022/12/19,05:44 AM,10.0,8.78,92.0,WNW,4.83,6.6,1035.9,0.0,0.0,0.0,0.0,IMELBO1849.csv
2022/12/19,05:49 AM,10.11,8.89,92.0,WNW,4.99,6.6,1035.9,0.0,0.0,0.0,0.4,IMELBO1849.csv
2022/12/19,05:54 AM,10.11,8.89,92.0,WNW,4.34,5.95,1036.24,0.0,0.0,0.0,2.1,IMELBO1849.csv
2022/12/19,05:59 AM,10.11,8.89,92.0,WNW,4.67,6.11,1036.24,0.0,0.0,0.0,3.8,IMELBO1849.csv
2022/12/19,06:04 AM,10.11,8.89,92.0,WNW,3.7,5.15,1035.9,0.0,0.0,0.0,5.6,IMELBO1849.csv
2022/12/19,06:09 AM,10.22,9.0,92.0,WNW,4.83,6.76,1036.24,0.0,0.0,0.0,8.2,IMELBO1849.csv
2022/12/19,06:14 AM,10.22,9.0,92.0,WNW,5.15,6.92,1035.9,0.0,0.0,0.0,10.8,IMELBO1849.csv
2022/12/19,06:19 AM,10.28,9.06,92.0,WNW,4.83,6.92,1036.24,0.0,0.0,0.0,13.0,IMELBO1849.csv
2022/12/19,06:24 AM,10.28,9.11,92.0,WNW,4.02,5.79,1036.24,0.0,0.0,0.0,15.5,IMELBO1849.csv
2022/12/19,06:29 AM,10.33,9.17,92.0,WNW,4.99,6.92,1036.24,0.0,0.0,0.0,17.7,IMELBO1849.csv
2022/12/19,06:34 AM,10.5,9.28,92.0,WNW,4.99,6.76,1036.24,0.0,0.0,0.0,19.9,IMELBO1849.csv
2022/12/19,06:39 AM,10.61,9.39,92.0,WNW,3.38,4.99,1036.24,0.0,0.0,0.0,22.5,IMELBO1849.csv
2022/12/19,06:44 AM,10.72,9.56,92.0,WNW,4.02,5.63,1036.24,0.0,0.0,0.0,24.2,IMELBO1849.csv
2022/12/19,06:49 AM,10.83,9.44,91.0,WNW,3.7,5.47,1036.57,0.0,0.0,0.0,26.4,IMELBO1849.csv
2022/12/19,06:54 AM,10.94,9.56,91.0,WNW,4.02,6.11,1036.57,0.0,0.0,0.0,43.8,IMELBO1849.csv
2022/12/19,06:59 AM,11.11,9.67,91.0,WNW,4.83,7.56,1036.57,0.0,0.0,0.0,49.8,IMELBO1849.csv
2022/12/19,07:04 AM,11.33,9.72,90.0,WNW,4.02,5.63,1036.91,0.0,0.0,0.0,55.4,IMELBO1849.csv
2022/12/19,07:09 AM,11.56,9.83,90.0,WNW,4.67,6.44,1036.91,0.0,0.0,0.0,62.0,IMELBO1849.csv
2022/12/19,07:14 AM,11.78,9.94,89.0,WNW,3.54,5.15,1036.91,0.0,0.0,0.0,66.3,IMELBO1849.csv
2022/12/19,07:19 AM,11.94,9.94,88.0,WNW,3.54,4.67,1036.91,0.0,0.0,1.0,101.9,IMELBO1849.csv
2022/12/19,07:24 AM,12.17,10.17,88.0,WNW,3.06,4.34,1036.91,0.0,0.0,1.0,102.8,IMELBO1849.csv
2022/12/19,07:29 AM,12.39,10.28,87.0,WNW,3.7,5.31,1036.91,0.0,0.0,0.0,88.4,IMELBO1849.csv
2022/12/19,07:34 AM,12.5,10.33,87.0,WNW,4.67,6.44,1037.25,0.0,0.0,1.0,127.1,IMELBO1849.csv
2022/12/19,07:39 AM,12.67,10.39,86.0,WNW,3.86,4.99,1037.25,0.0,0.0,1.0,166.1,IMELBO1849.csv
2022/12/19,07:44 AM,12.83,10.39,85.0,WNW,2.74,3.86,1037.25,0.0,0.0,1.0,160.9,IMELBO1849.csv
2022/12/19,07:49 AM,13.0,10.5,85.0,West,2.41,3.38,1037.25,0.0,0.0,2.0,205.5,IMELBO1849.csv
2022/12/19,07:54 AM,13.22,10.61,84.0,West,2.74,4.02,1037.25,0.0,0.0,2.0,215.9,IMELBO1849.csv
2022/12/19,07:59 AM,13.28,10.56,84.0,WNW,4.99,7.4,1037.25,0.0,0.0,2.0,230.2,IMELBO1849.csv
2022/12/19,08:04 AM,13.39,10.67,84.0,WNW,3.22,4.83,1037.25,0.0,0.0,2.0,240.3,IMELBO1849.csv
2022/12/19,08:09 AM,13.67,10.83,83.0,WNW,2.74,3.7,1037.25,0.0,0.0,2.0,262.8,IMELBO1849.csv
2022/12/19,08:14 AM,13.72,10.89,83.0,WNW,3.06,4.34,1037.25,0.0,0.0,2.0,291.4,IMELBO1849.csv
2022/12/19,08:19 AM,14.06,11.0,82.0,WNW,1.77,3.06,1037.59,0.0,0.0,2.0,290.2,IMELBO1849.csv
2022/12/19,08:24 AM,14.28,11.11,81.0,WNW,2.09,3.22,1037.59,0.0,0.0,3.0,316.2,IMELBO1849.csv
2022/12/19,08:29 AM,14.56,11.17,80.0,West,1.77,2.74,1037.59,0.0,0.0,3.0,341.0,IMELBO1849.csv
2022/12/19,08:34 AM,14.89,11.28,79.0,WNW,2.25,3.54,1037.59,0.0,0.0,3.0,363.1,IMELBO1849.csv
2022/12/19,08:39 AM,15.0,11.33,79.0,West,2.09,2.9,1037.59,0.0,0.0,3.0,381.3,IMELBO1849.csv
2022/12/19,08:44 AM,15.39,11.5,78.0,West,1.93,3.06,1037.59,0.0,0.0,3.0,390.9,IMELBO1849.csv
2022/12/19,08:49 AM,15.44,11.56,77.0,SW,2.9,3.7,1037.59,0.0,0.0,3.0,398.2,IMELBO1849.csv
2022/12/19,08:54 AM,15.5,11.5,77.0,West,3.06,4.02,1037.59,0.0,0.0,3.0,369.9,IMELBO1849.csv
2022/12/19,08:59 AM,15.67,11.44,76.0,WSW,3.86,5.31,1037.59,0.0,0.0,3.0,405.2,IMELBO1849.csv
2022/12/19,09:04 AM,15.56,11.22,75.0,WSW,3.38,4.51,1037.59,0.0,0.0,4.0,421.2,IMELBO1849.csv
2022/12/19,09:09 AM,16.0,11.39,74.0,WNW,1.61,2.41,1037.59,0.0,0.0,4.0,450.2,IMELBO1849.csv
2022/12/19,09:14 AM,16.39,11.28,72.0,WSW,3.7,4.99,1037.59,0.0,0.0,4.0,478.8,IMELBO1849.csv
2022/12/19,09:19 AM,16.39,11.17,71.0,West,1.77,2.41,1037.59,0.0,0.0,4.0,474.5,IMELBO1849.csv
2022/12/19,09:24 AM,16.78,10.89,68.0,WNW,2.09,3.22,1037.59,0.0,0.0,4.0,436.4,IMELBO1849.csv
2022/12/19,09:29 AM,16.94,10.94,68.0,NNW,2.41,2.9,1037.59,0.0,0.0,4.0,476.7,IMELBO1849.csv
2022/12/19,09:34 AM,17.28,11.06,67.0,West,2.25,3.22,1037.59,0.0,0.0,4.0,490.2,IMELBO1849.csv
2022/12/19,09:39 AM,17.44,10.83,65.0,SSW,2.41,3.54,1037.59,0.0,0.0,5.0,524.8,IMELBO1849.csv
2022/12/19,09:44 AM,17.83,11.0,64.0,SSW,1.61,2.09,1037.59,0.0,0.0,5.0,541.8,IMELBO1849.csv
2022/12/19,09:49 AM,18.06,11.11,64.0,South,2.57,3.22,1037.59,0.0,0.0,5.0,546.6,IMELBO1849.csv
2022/12/19,09:54 AM,17.78,10.89,64.0,South,2.09,2.9,1037.25,0.0,0.0,5.0,553.5,IMELBO1849.csv
2022/12/19,09:59 AM,19.0,11.06,60.0,WNW,1.61,2.25,1037.25,0.0,0.0,5.0,594.3,IMELBO1849.csv
2022/12/19,10:04 AM,18.78,11.0,61.0,NW,1.45,1.93,1037.25,0.0,0.0,5.0,598.6,IMELBO1849.csv
2022/12/19,10:09 AM,18.83,10.72,59.0,West,1.13,1.93,1036.91,0.0,0.0,6.0,627.7,IMELBO1849.csv
2022/12/19,10:14 AM,19.5,11.11,58.0,SW,1.61,2.25,1036.91,0.0,0.0,6.0,628.1,IMELBO1849.csv
2022/12/19,10:19 AM,19.94,11.22,57.0,South,2.09,2.57,1037.25,0.0,0.0,6.0,621.2,IMELBO1849.csv
2022/12/19,10:24 AM,19.67,11.28,59.0,East,4.51,5.47,1036.91,0.0,0.0,6.0,633.3,IMELBO1849.csv
2022/12/19,10:29 AM,19.17,10.61,58.0,SE,2.41,3.54,1036.91,0.0,0.0,6.0,658.4,IMELBO1849.csv
2022/12/19,10:34 AM,19.61,10.39,55.0,SE,2.09,2.74,1036.91,0.0,0.0,6.0,667.6,IMELBO1849.csv
2022/12/19,10:39 AM,19.72,10.44,55.0,East,3.38,4.34,1036.91,0.0,0.0,6.0,696.2,IMELBO1849.csv
2022/12/19,10:44 AM,20.11,10.89,55.0,SSE,2.41,3.38,1036.91,0.0,0.0,6.0,699.3,IMELBO1849.csv
2022/12/19,10:49 AM,20.56,11.11,54.0,SSW,2.57,3.54,1036.91,0.0,0.0,6.0,697.6,IMELBO1849.csv
2022/12/19,10:54 AM,20.33,10.72,54.0,SW,4.18,5.63,1036.91,0.0,0.0,6.0,688.0,IMELBO1849.csv
2022/12/19,10:59 AM,20.61,10.39,52.0,SW,2.25,3.38,1036.91,0.0,0.0,7.0,728.8,IMELBO1849.csv
2022/12/19,11:04 AM,21.06,10.72,52.0,SSE,2.9,4.18,1036.57,0.0,0.0,7.0,735.7,IMELBO1849.csv
2022/12/19,11:09 AM,21.06,10.56,51.0,West,2.41,3.22,1036.57,0.0,0.0,7.0,739.2,IMELBO1849.csv
2022/12/19,11:14 AM,21.17,10.72,51.0,South,4.02,5.47,1036.57,0.0,0.0,7.0,743.1,IMELBO1849.csv
2022/12/19,11:19 AM,21.11,10.44,51.0,ESE,3.54,4.67,1036.91,0.0,0.0,7.0,758.7,IMELBO1849.csv
2022/12/19,11:24 AM,21.56,10.17,48.0,SSW,3.38,4.67,1036.57,0.0,0.0,7.0,763.0,IMELBO1849.csv
2022/12/19,11:29 AM,21.56,9.83,47.0,SSE,2.9,4.02,1036.57,0.0,0.0,7.0,766.1,IMELBO1849.csv
2022/12/19,11:34 AM,21.67,9.94,47.0,ESE,4.34,5.79,1036.57,0.0,0.0,7.0,776.0,IMELBO1849.csv
2022/12/19,11:39 AM,21.94,9.78,46.0,East,2.57,3.54,1036.57,0.0,0.0,7.0,790.8,IMELBO1849.csv
2022/12/19,11:44 AM,22.17,9.44,44.0,South,0.8,1.61,1036.57,0.0,0.0,7.0,793.0,IMELBO1849.csv
2022/12/19,11:49 AM,22.61,10.11,45.0,SSE,3.06,4.18,1036.57,0.0,0.0,7.0,799.0,IMELBO1849.csv
2022/12/19,11:54 AM,22.22,10.11,46.0,SSW,4.83,6.44,1036.57,0.0,0.0,7.0,779.0,IMELBO1849.csv
2022/12/19,11:59 AM,22.39,10.0,45.0,South,2.9,4.34,1036.57,0.0,0.0,7.0,788.6,IMELBO1849.csv
2022/12/19,12:04 PM,22.61,9.89,44.0,South,2.9,4.18,1036.57,0.0,0.0,7.0,816.0,IMELBO1849.csv
2022/12/19,12:09 PM,23.0,9.61,43.0,SSW,2.57,3.7,1036.24,0.0,0.0,7.0,815.5,IMELBO1849.csv
2022/12/19,12:14 PM,22.83,9.61,43.0,WSW,3.06,4.34,1036.24,0.0,0.0,7.0,802.0,IMELBO1849.csv
2022/12/19,12:19 PM,23.0,9.5,42.0,SW,3.86,4.83,1036.24,0.0,0.0,7.0,813.3,IMELBO1849.csv
2022/12/19,12:24 PM,22.94,9.39,42.0,SSW,4.51,5.63,1036.24,0.0,0.0,7.0,815.1,IMELBO1849.csv
2022/12/19,12:29 PM,23.11,9.44,42.0,SE,2.9,4.34,1036.24,0.0,0.0,7.0,817.2,IMELBO1849.csv
2022/12/19,12:34 PM,23.33,9.89,42.0,SSE,4.34,6.44,1035.9,0.0,0.0,7.0,817.2,IMELBO1849.csv
2022/12/19,12:39 PM,23.67,10.67,44.0,South,5.63,8.04,1036.24,0.0,0.0,7.0,805.6,IMELBO1849.csv
2022/12/19,12:44 PM,23.39,10.89,45.0,SW,6.92,9.81,1035.9,0.0,0.0,7.0,800.8,IMELBO1849.csv
2022/12/19,12:49 PM,23.39,10.89,45.0,SSW,8.04,11.42,1035.9,0.0,0.0,7.0,808.2,IMELBO1849.csv
2022/12/19,12:54 PM,23.11,11.0,46.0,SSW,7.4,10.14,1036.24,0.0,0.0,7.0,798.1,IMELBO1849.csv
2022/12/19,12:59 PM,23.56,11.17,46.0,SE,5.79,7.88,1035.9,0.0,0.0,7.0,771.2,IMELBO1849.csv
2022/12/19,01:04 PM,23.5,11.06,46.0,SSW,6.28,9.49,1035.9,0.0,0.0,7.0,754.3,IMELBO1849.csv
2022/12/19,01:09 PM,23.67,10.94,45.0,South,5.31,7.24,1035.9,0.0,0.0,7.0,770.8,IMELBO1849.csv
2022/12/19,01:14 PM,23.78,10.89,44.0,South,4.67,6.76,1035.9,0.0,0.0,7.0,797.3,IMELBO1849.csv
2022/12/19,01:19 PM,23.83,11.0,44.0,South,5.63,7.72,1035.9,0.0,0.0,7.0,802.0,IMELBO1849.csv
2022/12/19,01:24 PM,23.89,11.11,45.0,SSW,6.11,8.69,1035.9,0.0,0.0,7.0,803.4,IMELBO1849.csv
2022/12/19,01:29 PM,24.0,11.06,44.0,SSW,7.24,9.65,1035.56,0.0,0.0,8.0,829.8,IMELBO1849.csv
2022/12/19,01:34 PM,24.33,10.78,42.0,SSE,4.51,7.08,1035.56,0.0,0.0,8.0,835.4,IMELBO1849.csv
2022/12/19,01:39 PM,24.61,10.61,41.0,South,4.83,7.08,1035.56,0.0,0.0,7.0,809.9,IMELBO1849.csv
2022/12/19,01:44 PM,24.22,10.22,41.0,South,6.44,8.21,1035.56,0.0,0.0,7.0,781.2,IMELBO1849.csv
2022/12/19,01:49 PM,23.72,9.83,41.0,South,5.47,7.56,1035.56,0.0,0.0,7.0,820.8,IMELBO1849.csv
2022/12/19,01:54 PM,24.0,9.11,39.0,SSE,4.67,6.76,1035.56,0.0,0.0,8.0,828.1,IMELBO1849.csv
2022/12/19,01:59 PM,24.11,9.56,40.0,SSE,5.95,8.04,1035.56,0.0,0.0,8.0,827.2,IMELBO1849.csv
2022/12/19,02:04 PM,24.28,9.06,38.0,South,4.67,6.44,1035.56,0.0,0.0,8.0,825.9,IMELBO1849.csv
2022/12/19,02:09 PM,24.78,9.06,37.0,South,7.24,10.14,1035.22,0.0,0.0,8.0,834.2,IMELBO1849.csv
2022/12/19,02:14 PM,24.78,8.44,35.0,ESE,3.7,5.95,1035.22,0.0,0.0,8.0,827.6,IMELBO1849.csv
2022/12/19,02:19 PM,24.94,7.94,34.0,ESE,4.99,7.08,1034.88,0.0,0.0,7.0,807.3,IMELBO1849.csv
2022/12/19,02:24 PM,24.78,8.89,36.0,SSW,4.34,6.28,1034.88,0.0,0.0,7.0,807.3,IMELBO1849.csv
2022/12/19,02:29 PM,24.61,8.22,35.0,South,6.76,9.49,1034.88,0.0,0.0,7.0,807.3,IMELBO1849.csv
2022/12/19,02:34 PM,24.11,8.61,37.0,SSW,7.88,10.62,1034.88,0.0,0.0,7.0,801.7,IMELBO1849.csv
2022/12/19,02:39 PM,24.56,8.44,36.0,South,5.15,6.76,1034.88,0.0,0.0,7.0,796.4,IMELBO1849.csv
2022/12/19,02:44 PM,24.61,8.17,35.0,South,4.83,6.76,1034.54,0.0,0.0,7.0,796.9,IMELBO1849.csv
2022/12/19,02:49 PM,24.72,8.0,35.0,SSW,6.44,8.85,1034.88,0.0,0.0,7.0,802.5,IMELBO1849.csv
2022/12/19,02:54 PM,25.0,8.17,34.0,SSW,4.83,6.44,1034.54,0.0,0.0,7.0,814.6,IMELBO1849.csv
2022/12/19,02:59 PM,24.94,8.06,34.0,South,4.51,6.6,1034.54,0.0,0.0,7.0,808.5,IMELBO1849.csv
2022/12/19,03:04 PM,25.22,8.06,34.0,ESE,4.83,6.28,1034.54,0.0,0.0,7.0,802.9,IMELBO1849.csv
2022/12/19,03:09 PM,24.83,7.89,34.0,South,4.99,6.76,1034.2,0.0,0.0,7.0,795.5,IMELBO1849.csv
2022/12/19,03:14 PM,25.33,8.28,34.0,SE,6.11,8.85,1034.2,0.0,0.0,7.0,801.2,IMELBO1849.csv
2022/12/19,03:19 PM,25.39,8.56,34.0,SSE,5.63,8.69,1034.2,0.0,0.0,7.0,801.7,IMELBO1849.csv
2022/12/19,03:24 PM,25.44,9.11,36.0,SSE,5.95,8.53,1034.2,0.0,0.0,7.0,743.6,IMELBO1849.csv
2022/12/19,03:29 PM,25.67,9.06,35.0,SSE,5.79,9.33,1034.2,0.0,0.0,7.0,720.9,IMELBO1849.csv
2022/12/19,03:34 PM,25.33,8.67,35.0,South,4.83,7.24,1034.54,0.0,0.0,7.0,772.2,IMELBO1849.csv
2022/12/19,03:39 PM,25.33,8.61,35.0,ESE,4.34,6.28,1034.54,0.0,0.0,7.0,783.8,IMELBO1849.csv
2022/12/19,03:44 PM,25.83,8.61,34.0,SW,6.92,8.69,1034.54,0.0,0.0,7.0,801.7,IMELBO1849.csv
2022/12/19,03:49 PM,25.56,8.11,33.0,SE,5.95,9.33,1034.2,0.0,0.0,7.0,801.2,IMELBO1849.csv
2022/12/19,03:54 PM,25.11,7.44,32.0,SSW,9.17,12.07,1034.2,0.0,0.0,7.0,790.8,IMELBO1849.csv
2022/12/19,03:59 PM,25.11,7.11,32.0,South,6.76,9.65,1034.2,0.0,0.0,7.0,796.0,IMELBO1849.csv
2022/12/19,04:04 PM,24.94,6.5,31.0,SSW,7.08,9.33,1034.2,0.0,0.0,7.0,790.8,IMELBO1849.csv
2022/12/19,04:09 PM,25.44,6.72,30.0,SSW,5.31,7.24,1034.2,0.0,0.0,7.0,802.5,IMELBO1849.csv
2022/12/19,04:14 PM,25.06,7.22,32.0,South,8.21,11.91,1034.2,0.0,0.0,7.0,802.9,IMELBO1849.csv
2022/12/19,04:19 PM,24.78,7.94,34.0,SSW,9.49,12.39,1034.2,0.0,0.0,7.0,793.0,IMELBO1849.csv
2022/12/19,04:24 PM,24.72,8.22,35.0,SSW,9.98,14.16,1034.2,0.0,0.0,7.0,783.4,IMELBO1849.csv
2022/12/19,04:29 PM,24.83,8.17,35.0,SSW,6.76,9.98,1033.86,0.0,0.0,7.0,769.5,IMELBO1849.csv
2022/12/19,04:34 PM,25.22,8.22,34.0,South,7.24,10.14,1033.86,0.0,0.0,7.0,780.8,IMELBO1849.csv
2022/12/19,04:39 PM,25.0,7.89,34.0,SSW,7.72,10.78,1033.86,0.0,0.0,7.0,765.2,IMELBO1849.csv
2022/12/19,04:44 PM,24.72,7.89,34.0,SSW,9.81,13.52,1033.86,0.0,0.0,7.0,748.7,IMELBO1849.csv
2022/12/19,04:49 PM,24.94,7.89,34.0,SSW,7.88,11.26,1033.86,0.0,0.0,7.0,733.5,IMELBO1849.csv
2022/12/19,04:54 PM,25.22,7.89,33.0,South,7.72,10.62,1033.86,0.0,0.0,7.0,724.8,IMELBO1849.csv
2022/12/19,04:59 PM,24.89,7.83,34.0,SSW,8.04,11.91,1033.86,0.0,0.0,6.0,701.8,IMELBO1849.csv
2022/12/19,05:04 PM,24.89,7.39,33.0,SSW,10.94,14.64,1033.86,0.0,0.0,6.0,682.8,IMELBO1849.csv
2022/12/19,05:09 PM,24.56,7.0,33.0,SSW,9.33,12.55,1033.53,0.0,0.0,6.0,671.9,IMELBO1849.csv
2022/12/19,05:14 PM,24.78,6.94,32.0,SSW,9.33,14.0,1033.53,0.0,0.0,6.0,658.9,IMELBO1849.csv
2022/12/19,05:19 PM,24.72,7.06,32.0,SSW,8.69,13.19,1033.53,0.0,0.0,6.0,629.8,IMELBO1849.csv
2022/12/19,05:24 PM,24.89,7.11,32.0,South,8.37,12.07,1033.53,0.0,0.0,5.0,613.4,IMELBO1849.csv
2022/12/19,05:29 PM,24.89,7.39,33.0,SSW,8.21,11.42,1033.53,0.0,0.0,5.0,613.4,IMELBO1849.csv
2022/12/19,05:34 PM,24.83,7.28,32.0,South,9.17,13.03,1033.19,0.0,0.0,5.0,607.3,IMELBO1849.csv
2022/12/19,05:39 PM,24.78,7.33,33.0,South,8.85,13.03,1033.19,0.0,0.0,5.0,570.8,IMELBO1849.csv
2022/12/19,05:44 PM,24.83,7.28,33.0,SSE,7.24,11.1,1033.19,0.0,0.0,4.0,505.7,IMELBO1849.csv
2022/12/19,05:49 PM,24.72,7.17,32.0,SSW,10.62,14.8,1033.19,0.0,0.0,4.0,450.7,IMELBO1849.csv
2022/12/19,05:54 PM,24.89,7.44,33.0,South,6.11,8.04,1033.19,0.0,0.0,4.0,439.8,IMELBO1849.csv
2022/12/19,05:59 PM,24.83,7.72,33.0,South,8.21,11.91,1033.19,0.0,0.0,3.0,377.4,IMELBO1849.csv
2022/12/19,06:04 PM,24.39,7.61,34.0,SSW,9.65,13.35,1033.19,0.0,0.0,3.0,367.0,IMELBO1849.csv
2022/12/19,06:09 PM,24.11,7.33,34.0,SSW,11.42,16.09,1033.19,0.0,0.0,3.0,336.5,IMELBO1849.csv
2022/12/19,06:14 PM,24.56,7.89,35.0,South,7.56,10.3,1033.19,0.0,0.0,3.0,313.2,IMELBO1849.csv
2022/12/19,06:19 PM,24.33,7.83,35.0,SE,5.31,8.04,1033.19,0.0,0.0,3.0,318.3,IMELBO1849.csv
2022/12/19,06:24 PM,24.28,7.78,35.0,SSW,9.98,14.0,1033.19,0.0,0.0,3.0,315.8,IMELBO1849.csv
2022/12/19,06:29 PM,24.17,7.78,35.0,South,7.88,11.91,1033.19,0.0,0.0,2.0,282.8,IMELBO1849.csv
2022/12/19,06:34 PM,24.11,7.06,33.0,SSW,9.01,13.03,1033.19,0.0,0.0,2.0,281.9,IMELBO1849.csv
2022/12/19,06:39 PM,24.0,7.72,35.0,SSW,9.33,13.19,1033.19,0.0,0.0,2.0,283.2,IMELBO1849.csv
2022/12/19,06:44 PM,23.94,7.17,34.0,SSW,8.85,12.39,1033.19,0.0,0.0,2.0,265.8,IMELBO1849.csv
2022/12/19,06:49 PM,24.17,7.06,33.0,South,7.4,10.46,1033.19,0.0,0.0,2.0,250.7,IMELBO1849.csv
2022/12/19,06:54 PM,24.22,7.22,34.0,SE,4.67,6.92,1033.19,0.0,0.0,2.0,224.6,IMELBO1849.csv
2022/12/19,06:59 PM,24.06,8.44,37.0,SSW,7.56,10.3,1033.19,0.0,0.0,1.0,183.5,IMELBO1849.csv
2022/12/19,07:04 PM,23.61,8.0,37.0,South,9.17,13.68,1033.53,0.0,0.0,1.0,178.2,IMELBO1849.csv
2022/12/19,07:09 PM,23.33,8.28,38.0,SSW,7.88,12.39,1033.19,0.0,0.0,0.0,66.8,IMELBO1849.csv
2022/12/19,07:14 PM,23.22,8.33,39.0,SSW,6.6,9.81,1033.53,0.0,0.0,0.0,46.4,IMELBO1849.csv
2022/12/19,07:19 PM,23.28,7.89,37.0,South,8.69,12.39,1033.53,0.0,0.0,0.0,45.0,IMELBO1849.csv
2022/12/19,07:24 PM,23.0,8.17,39.0,South,8.21,11.58,1033.19,0.0,0.0,0.0,43.8,IMELBO1849.csv
2022/12/19,07:29 PM,23.0,8.89,41.0,South,6.28,9.01,1033.19,0.0,0.0,0.0,42.0,IMELBO1849.csv
2022/12/19,07:34 PM,22.72,10.5,46.0,SSW,11.26,14.0,1033.19,0.0,0.0,0.0,40.7,IMELBO1849.csv
2022/12/19,07:39 PM,22.22,11.5,51.0,SW,7.72,10.94,1033.53,0.0,0.0,0.0,38.2,IMELBO1849.csv
2022/12/19,07:44 PM,21.83,12.11,54.0,SW,11.26,14.32,1033.53,0.0,0.0,0.0,36.8,IMELBO1849.csv
2022/12/19,07:49 PM,21.72,12.22,55.0,SSW,8.21,11.26,1033.53,0.0,0.0,0.0,33.8,IMELBO1849.csv
2022/12/19,07:54 PM,21.56,12.83,58.0,SSW,8.37,10.78,1033.53,0.0,0.0,0.0,32.1,IMELBO1849.csv
2022/12/19,07:59 PM,21.33,13.22,60.0,SSW,5.47,7.72,1033.53,0.0,0.0,0.0,29.9,IMELBO1849.csv
2022/12/19,08:04 PM,21.22,13.17,60.0,SSW,6.44,9.33,1033.53,0.0,0.0,0.0,26.8,IMELBO1849.csv
2022/12/19,08:09 PM,21.06,13.72,63.0,SSW,6.6,9.01,1033.86,0.0,0.0,0.0,23.9,IMELBO1849.csv
2022/12/19,08:14 PM,20.78,13.67,64.0,SSW,6.28,8.37,1033.86,0.0,0.0,0.0,21.2,IMELBO1849.csv
2022/12/19,08:19 PM,20.72,13.72,64.0,SSW,7.24,9.81,1033.53,0.0,0.0,0.0,17.7,IMELBO1849.csv
2022/12/19,08:24 PM,20.44,13.94,66.0,SSW,7.24,9.49,1033.86,0.0,0.0,0.0,14.7,IMELBO1849.csv
2022/12/19,08:29 PM,20.17,14.0,68.0,SSW,7.72,9.81,1033.86,0.0,0.0,0.0,11.3,IMELBO1849.csv
2022/12/19,08:34 PM,19.94,13.83,68.0,SW,7.08,9.65,1033.86,0.0,0.0,0.0,8.2,IMELBO1849.csv
2022/12/19,08:39 PM,19.78,13.61,68.0,SSW,7.08,8.85,1033.86,0.0,0.0,0.0,5.1,IMELBO1849.csv
2022/12/19,08:44 PM,19.78,13.28,66.0,SSW,6.28,7.88,1033.86,0.0,0.0,0.0,2.9,IMELBO1849.csv
2022/12/19,08:49 PM,19.72,13.11,65.0,SSW,3.86,5.63,1033.86,0.0,0.0,0.0,1.2,IMELBO1849.csv
2022/12/19,08:54 PM,19.72,12.61,64.0,SSW,4.67,6.44,1033.86,0.0,0.0,0.0,0.0,IMELBO1849.csv
2022/12/19,08:59 PM,19.78,12.17,61.0,South,4.51,5.95,1033.86,0.0,0.0,0.0,0.0,IMELBO1849.csv
2022/12/19,09:04 PM,19.72,11.33,58.0,SSW,4.99,7.24,1033.86,0.0,0.0,0.0,0.0,IMELBO1849.csv
2022/12/19,09:09 PM,19.72,10.89,57.0,South,3.7,5.15,1034.2,0.0,0.0,0.0,0.0,IMELBO1849.csv
2022/12/19,09:14 PM,19.61,10.89,57.0,South,3.54,4.83,1034.2,0.0,0.0,0.0,0.0,IMELBO1849.csv
2022/12/19,09:19 PM,19.5,10.0,54.0,SSW,2.9,4.02,1033.86,0.0,0.0,0.0,0.0,IMELBO1849.csv
2022/12/19,09:24 PM,19.39,8.56,50.0,South,3.06,5.15,1034.2,0.0,0.0,0.0,0.0,IMELBO1849.csv
2022/12/19,09:29 PM,19.33,7.72,47.0,South,3.7,5.47,1034.2,0.0,0.0,0.0,0.0,IMELBO1849.csv
2022/12/19,09:34 PM,19.28,7.33,46.0,South,3.86,5.47,1034.2,0.0,0.0,0.0,0.0,IMELBO1849.csv
2022/12/19,09:39 PM,19.06,7.0,46.0,SSW,4.02,6.28,1034.2,0.0,0.0,0.0,0.0,IMELBO1849.csv
2022/12/19,09:44 PM,18.89,6.06,43.0,SSE,5.15,7.56,1034.2,0.0,0.0,0.0,0.0,IMELBO1849.csv
2022/12/19,09:49 PM,18.78,5.83,42.0,South,5.31,7.72,1034.2,0.0,0.0,0.0,0.0,IMELBO1849.csv
2022/12/19,09:54 PM,18.72,6.22,44.0,South,7.24,10.78,1034.2,0.0,0.0,0.0,0.0,IMELBO1849.csv
2022/12/19,09:59 PM,18.5,6.56,46.0,SSW,4.34,5.95,1034.2,0.0,0.0,0.0,0.0,IMELBO1849.csv
2022/12/19,10:04 PM,18.22,6.72,47.0,SW,4.02,5.15,1034.2,0.0,0.0,0.0,0.0,IMELBO1849.csv
2022/12/19,10:09 PM,18.0,6.83,48.0,SW,4.34,5.79,1034.2,0.0,0.0,0.0,0.0,IMELBO1849.csv
2022/12/19,10:14 PM,17.83,6.83,48.0,SW,5.79,7.08,1034.2,0.0,0.0,0.0,0.0,IMELBO1849.csv
2022/12/19,10:19 PM,17.78,7.0,49.0,SW,5.15,7.08,1034.2,0.0,0.0,0.0,0.0,IMELBO1849.csv
2022/12/19,10:24 PM,17.56,7.28,51.0,SW,6.76,8.69,1034.54,0.0,0.0,0.0,0.0,IMELBO1849.csv
2022/12/19,10:29 PM,17.33,7.44,52.0,SSW,5.79,7.72,1034.2,0.0,0.0,0.0,0.0,IMELBO1849.csv
2022/12/19,10:34 PM,17.22,7.56,53.0,SSW,4.18,6.11,1034.2,0.0,0.0,0.0,0.0,IMELBO1849.csv
2022/12/19,10:39 PM,17.0,7.56,54.0,SSW,4.02,5.47,1034.54,0.0,0.0,0.0,0.0,IMELBO1849.csv
2022/12/19,10:44 PM,16.83,7.56,54.0,SSW,3.38,4.34,1034.2,0.0,0.0,0.0,0.0,IMELBO1849.csv
2022/12/19,10:49 PM,16.72,7.78,56.0,SSW,3.06,4.02,1034.2,0.0,0.0,0.0,0.0,IMELBO1849.csv
2022/12/19,10:54 PM,16.5,8.0,57.0,SSW,4.51,5.79,1034.54,0.0,0.0,0.0,0.0,IMELBO1849.csv
2022/12/19,10:59 PM,16.28,8.06,58.0,SW,4.67,6.44,1034.2,0.0,0.0,0.0,0.0,IMELBO1849.csv
2022/12/19,11:04 PM,16.28,8.17,59.0,SW,3.86,5.31,1034.2,0.0,0.0,0.0,0.0,IMELBO1849.csv
2022/12/19,11:09 PM,16.22,8.22,59.0,SSW,5.15,6.76,1034.2,0.0,0.0,0.0,0.0,IMELBO1849.csv
2022/12/19,11:14 PM,16.06,8.28,60.0,SW,3.86,5.47,1034.2,0.0,0.0,0.0,0.0,IMELBO1849.csv
2022/12/19,11:19 PM,15.89,8.22,60.0,SSW,4.67,6.28,1034.2,0.0,0.0,0.0,0.0,IMELBO1849.csv
2022/12/19,11:24 PM,15.78,8.28,61.0,SSW,4.18,5.47,1034.2,0.0,0.0,0.0,0.0,IMELBO1849.csv
2022/12/19,11:29 PM,15.72,8.22,61.0,SW,4.51,5.79,1034.2,0.0,0.0,0.0,0.0,IMELBO1849.csv
2022/12/19,11:34 PM,15.56,8.17,61.0,SW,5.15,6.44,1034.2,0.0,0.0,0.0,0.0,IMELBO1849.csv
2022/12/19,11:39 PM,15.44,8.22,62.0,SSW,4.18,5.95,1034.2,0.0,0.0,0.0,0.0,IMELBO1849.csv
2022/12/19,11:44 PM,15.28,8.28,63.0,SW,3.7,4.83,1034.2,0.0,0.0,0.0,0.0,IMELBO1849.csv
2022/12/19,11:49 PM,15.17,8.28,64.0,SW,4.02,4.99,1034.2,0.0,0.0,0.0,0.0,IMELBO1849.csv
2022/12/19,11:54 PM,15.0,8.39,65.0,SW,4.18,5.15,1033.86,0.0,0.0,0.0,0.0,IMELBO1849.csv
2022/12/19,11:59 PM,14.94,8.56,65.0,SSW,2.57,3.7,1033.86,0.0,0.0,0.0,0.0,IMELBO1849.csv
2022/12/20,12:04 AM,14.72,8.56,67.0,SSW,2.74,3.7,1034.2,0.0,0.0,0.0,0.0,IMELBO1849.csv
2022/12/20,12:09 AM,14.67,8.61,67.0,SW,2.57,3.54,1033.86,0.0,0.0,0.0,0.0,IMELBO1849.csv
2022/12/20,12:14 AM,14.5,8.78,68.0,SW,1.77,2.41,1033.86,0.0,0.0,0.0,0.0,IMELBO1849.csv
2022/12/20,12:19 AM,14.39,8.78,69.0,SW,2.25,2.9,1033.86,0.0,0.0,0.0,0.0,IMELBO1849.csv
2022/12/20,12:24 AM,14.28,8.83,70.0,SSW,1.93,2.57,1033.53,0.0,0.0,0.0,0.0,IMELBO1849.csv
2022/12/20,12:29 AM,14.22,8.89,71.0,SW,1.45,1.77,1033.86,0.0,0.0,0.0,0.0,IMELBO1849.csv
2022/12/20,12:34 AM,14.06,8.83,71.0,SW,1.61,1.93,1033.53,0.0,0.0,0.0,0.0,IMELBO1849.csv
2022/12/20,12:39 AM,13.83,8.83,72.0,SW,0.64,0.97,1033.53,0.0,0.0,0.0,0.0,IMELBO1849.csv
2022/12/20,12:44 AM,13.61,8.89,73.0,SW,0.8,1.61,1033.53,0.0,0.0,0.0,0.0,IMELBO1849.csv
2022/12/20,12:49 AM,13.72,9.22,74.0,SW,0.64,1.13,1033.53,0.0,0.0,0.0,0.0,IMELBO1849.csv
2022/12/20,12:54 AM,13.56,9.17,74.0,SW,0.16,0.32,1033.53,0.0,0.0,0.0,0.0,IMELBO1849.csv
2022/12/20,12:59 AM,13.39,9.22,76.0,SW,0.32,0.8,1033.53,0.0,0.0,0.0,0.0,IMELBO1849.csv
2022/12/20,01:04 AM,13.17,9.33,78.0,SW,1.29,1.93,1033.53,0.0,0.0,0.0,0.0,IMELBO1849.csv
2022/12/20,01:09 AM,13.0,9.33,78.0,SW,2.41,3.22,1033.53,0.0,0.0,0.0,0.0,IMELBO1849.csv
2022/12/20,01:14 AM,12.83,9.33,79.0,WSW,1.61,2.25,1033.19,0.0,0.0,0.0,0.0,IMELBO1849.csv
2022/12/20,01:19 AM,12.72,9.33,80.0,WSW,0.64,1.29,1033.19,0.0,0.0,0.0,0.0,IMELBO1849.csv
2022/12/20,01:24 AM,12.61,9.33,81.0,WSW,0.64,0.97,1033.19,0.0,0.0,0.0,0.0,IMELBO1849.csv
2022/12/20,01:29 AM,12.44,9.33,82.0,WSW,1.13,1.77,1033.19,0.0,0.0,0.0,0.0,IMELBO1849.csv
2022/12/20,01:34 AM,12.33,9.33,82.0,WSW,0.64,0.97,1032.85,0.0,0.0,0.0,0.0,IMELBO1849.csv
2022/12/20,01:39 AM,12.22,9.28,82.0,West,2.25,3.06,1032.85,0.0,0.0,0.0,0.0,IMELBO1849.csv
2022/12/20,01:44 AM,12.17,9.33,83.0,WNW,2.41,3.22,1033.19,0.0,0.0,0.0,0.0,IMELBO1849.csv
2022/12/20,01:49 AM,12.0,9.22,83.0,WNW,3.54,4.51,1033.19,0.0,0.0,0.0,0.0,IMELBO1849.csv
2022/12/20,01:54 AM,11.89,9.11,83.0,WNW,4.18,5.47,1032.85,0.0,0.0,0.0,0.0,IMELBO1849.csv
2022/12/20,01:59 AM,11.83,9.22,84.0,WNW,5.15,6.92,1032.85,0.0,0.0,0.0,0.0,IMELBO1849.csv
2022/12/20,02:04 AM,11.78,9.17,84.0,WNW,4.99,6.28,1032.85,0.0,0.0,0.0,0.0,IMELBO1849.csv
2022/12/20,02:09 AM,11.72,9.17,84.0,WNW,3.86,4.83,1032.85,0.0,0.0,0.0,0.0,IMELBO1849.csv
2022/12/20,02:14 AM,11.61,9.22,85.0,WNW,4.67,5.95,1032.85,0.0,0.0,0.0,0.0,IMELBO1849.csv
2022/12/20,02:19 AM,11.67,9.28,85.0,WNW,4.34,6.28,1032.85,0.0,0.0,0.0,0.0,IMELBO1849.csv
2022/12/20,02:24 AM,11.61,9.22,85.0,WNW,4.34,5.95,1032.85,0.0,0.0,0.0,0.0,IMELBO1849.csv
2022/12/20,02:29 AM,11.56,9.17,85.0,WNW,4.83,6.28,1032.85,0.0,0.0,0.0,0.0,IMELBO1849.csv
2022/12/20,02:34 AM,11.5,9.11,85.0,WNW,4.34,5.63,1032.51,0.0,0.0,0.0,0.0,IMELBO1849.csv
2022/12/20,02:39 AM,11.39,9.0,85.0,WNW,3.38,4.34,1032.85,0.0,0.0,0.0,0.0,IMELBO1849.csv
2022/12/20,02:44 AM,11.33,8.94,85.0,WNW,4.51,5.79,1032.51,0.0,0.0,0.0,0.0,IMELBO1849.csv
2022/12/20,02:49 AM,11.28,9.06,86.0,WNW,3.7,4.83,1032.51,0.0,0.0,0.0,0.0,IMELBO1849.csv
2022/12/20,02:54 AM,11.22,9.0,86.0,WNW,4.34,5.47,1032.51,0.0,0.0,0.0,0.0,IMELBO1849.csv
2022/12/20,02:59 AM,11.11,8.89,86.0,WNW,3.86,5.47,1032.51,0.0,0.0,0.0,0.0,IMELBO1849.csv
2022/12/20,03:04 AM,11.06,8.83,86.0,WNW,4.34,5.47,1032.51,0.0,0.0,0.0,0.0,IMELBO1849.csv
2022/12/20,03:09 AM,11.0,8.89,87.0,WNW,4.18,5.47,1032.51,0.0,0.0,0.0,0.0,IMELBO1849.csv
2022/12/20,03:14 AM,10.94,8.83,87.0,WNW,4.02,5.47,1032.51,0.0,0.0,0.0,0.0,IMELBO1849.csv
2022/12/20,03:19 AM,10.89,8.78,87.0,WNW,3.86,5.47,1032.51,0.0,0.0,0.0,0.0,IMELBO1849.csv
2022/12/20,03:24 AM,10.83,8.72,87.0,WNW,4.67,6.28,1032.51,0.0,0.0,0.0,0.0,IMELBO1849.csv
2022/12/20,03:29 AM,10.67,8.56,87.0,WNW,4.18,5.31,1032.51,0.0,0.0,0.0,0.0,IMELBO1849.csv
2022/12/20,03:34 AM,10.56,8.5,87.0,WNW,4.34,5.47,1032.51,0.0,0.0,0.0,0.0,IMELBO1849.csv
2022/12/20,03:39 AM,10.5,8.5,88.0,WNW,4.02,5.15,1032.51,0.0,0.0,0.0,0.0,IMELBO1849.csv
2022/12/20,03:44 AM,10.44,8.44,88.0,WNW,4.67,6.28,1032.51,0.0,0.0,0.0,0.0,IMELBO1849.csv
2022/12/20,03:49 AM,10.39,8.39,88.0,WNW,3.86,5.15,1032.51,0.0,0.0,0.0,0.0,IMELBO1849.csv
2022/12/20,03:54 AM,10.39,8.39,88.0,WNW,3.06,4.18,1032.51,0.0,0.0,0.0,0.0,IMELBO1849.csv
2022/12/20,03:59 AM,10.28,8.28,88.0,WNW,2.9,3.86,1032.51,0.0,0.0,0.0,0.0,IMELBO1849.csv
2022/12/20,04:04 AM,10.28,8.28,88.0,West,3.86,4.99,1032.51,0.0,0.0,0.0,0.0,IMELBO1849.csv
2022/12/20,04:09 AM,10.28,8.28,88.0,WNW,3.54,4.67,1032.51,0.0,0.0,0.0,0.0,IMELBO1849.csv
2022/12/20,04:14 AM,10.28,8.28,88.0,WNW,2.74,3.7,1032.51,0.0,0.0,0.0,0.0,IMELBO1849.csv
2022/12/20,04:19 AM,10.28,8.28,88.0,WNW,4.02,4.99,1032.51,0.0,0.0,0.0,0.0,IMELBO1849.csv
2022/12/20,04:24 AM,10.22,8.33,89.0,WNW,3.22,4.18,1032.51,0.0,0.0,0.0,0.0,IMELBO1849.csv
2022/12/20,04:29 AM,10.22,8.39,89.0,WNW,3.06,4.34,1032.51,0.0,0.0,0.0,0.0,IMELBO1849.csv
2022/12/20,04:34 AM,10.22,8.39,89.0,WNW,1.77,2.9,1032.51,0.0,0.0,0.0,0.0,IMELBO1849.csv
2022/12/20,04:39 AM,10.11,8.28,89.0,WNW,1.93,2.9,1032.51,0.0,0.0,0.0,0.0,IMELBO1849.csv
2022/12/20,04:44 AM,10.11,8.28,89.0,WNW,3.54,4.83,1032.51,0.0,0.0,0.0,0.0,IMELBO1849.csv
2022/12/20,04:49 AM,10.11,8.28,89.0,WNW,2.57,3.7,1032.51,0.0,0.0,0.0,0.0,IMELBO1849.csv
2022/12/20,04:54 AM,10.11,8.28,89.0,WNW,3.7,4.99,1032.85,0.0,0.0,0.0,0.0,IMELBO1849.csv
2022/12/20,04:59 AM,10.11,8.28,89.0,WNW,3.86,4.83,1032.51,0.0,0.0,0.0,0.0,IMELBO1849.csv
2022/12/20,05:04 AM,10.06,8.28,89.0,WNW,3.38,5.31,1032.85,0.0,0.0,0.0,0.0,IMELBO1849.csv
2022/12/20,05:09 AM,10.06,8.22,89.0,WNW,3.38,4.83,1032.85,0.0,0.0,0.0,0.0,IMELBO1849.csv
2022/12/20,05:14 AM,10.06,8.28,89.0,WNW,3.22,4.51,1032.51,0.0,0.0,0.0,0.0,IMELBO1849.csv
2022/12/20,05:19 AM,10.11,8.28,89.0,WNW,3.06,4.18,1032.51,0.0,0.0,0.0,0.0,IMELBO1849.csv
2022/12/20,05:24 AM,10.11,8.28,89.0,West,3.54,5.15,1032.85,0.0,0.0,0.0,0.0,IMELBO1849.csv
2022/12/20,05:29 AM,10.11,8.28,89.0,WNW,2.74,3.7,1032.85,0.0,0.0,0.0,0.0,IMELBO1849.csv
2022/12/20,05:34 AM,10.11,8.28,89.0,WNW,2.9,4.51,1032.85,0.0,0.0,0.0,0.0,IMELBO1849.csv
2022/12/20,05:39 AM,10.11,8.28,89.0,WNW,2.09,3.22,1032.85,0.0,0.0,0.0,0.0,IMELBO1849.csv
2022/12/20,05:44 AM,10.11,8.28,89.0,WNW,2.25,3.22,1032.85,0.0,0.0,0.0,0.0,IMELBO1849.csv
2022/12/20,05:49 AM,10.11,8.28,89.0,WNW,2.25,3.38,1032.85,0.0,0.0,0.0,0.9,IMELBO1849.csv
2022/12/20,05:54 AM,10.06,8.28,89.0,WNW,0.16,0.64,1033.19,0.0,0.0,0.0,2.1,IMELBO1849.csv
2022/12/20,05:59 AM,9.94,8.28,89.0,WNW,0.48,0.8,1032.85,0.0,0.0,0.0,3.4,IMELBO1849.csv
2022/12/20,06:04 AM,9.83,8.22,90.0,WNW,0.8,1.13,1033.19,0.0,0.0,0.0,6.0,IMELBO1849.csv
2022/12/20,06:09 AM,9.89,8.28,90.0,WNW,0.32,0.8,1033.19,0.0,0.0,0.0,7.7,IMELBO1849.csv
2022/12/20,06:14 AM,9.78,8.22,90.0,WNW,0.16,0.64,1033.19,0.0,0.0,0.0,10.8,IMELBO1849.csv
2022/12/20,06:19 AM,9.78,8.22,90.0,WNW,0.48,0.64,1033.19,0.0,0.0,0.0,12.5,IMELBO1849.csv
2022/12/20,06:24 AM,9.78,8.17,90.0,WNW,0.97,1.61,1033.53,0.0,0.0,0.0,15.2,IMELBO1849.csv
2022/12/20,06:29 AM,9.78,8.22,90.0,WNW,0.16,0.64,1033.53,0.0,0.0,0.0,17.7,IMELBO1849.csv
2022/12/20,06:34 AM,9.89,8.33,90.0,WNW,1.29,1.93,1033.53,0.0,0.0,0.0,20.3,IMELBO1849.csv
2022/12/20,06:39 AM,10.11,8.5,90.0,WNW,0.8,1.29,1033.19,0.0,0.0,0.0,22.5,IMELBO1849.csv
2022/12/20,06:44 AM,10.22,8.61,90.0,WNW,1.13,1.61,1033.53,0.0,0.0,0.0,24.7,IMELBO1849.csv
2022/12/20,06:49 AM,10.33,8.72,90.0,NW,0.8,1.29,1033.53,0.0,0.0,0.0,27.3,IMELBO1849.csv
2022/12/20,06:54 AM,10.5,8.72,89.0,NW,3.54,4.99,1033.53,0.0,0.0,0.0,44.2,IMELBO1849.csv
2022/12/20,06:59 AM,10.72,8.72,88.0,WNW,1.61,2.74,1033.86,0.0,0.0,0.0,48.1,IMELBO1849.csv
2022/12/20,07:04 AM,11.0,8.89,87.0,WNW,3.54,4.83,1033.53,0.0,0.0,0.0,57.3,IMELBO1849.csv
2022/12/20,07:09 AM,11.33,9.06,86.0,WNW,2.41,3.54,1033.19,0.0,0.0,0.0,81.1,IMELBO1849.csv
2022/12/20,07:14 AM,11.61,9.17,85.0,WNW,1.93,2.57,1033.53,0.0,0.0,1.0,100.2,IMELBO1849.csv
2022/12/20,07:19 AM,11.83,9.28,84.0,WNW,2.41,3.38,1033.53,0.0,0.0,1.0,111.0,IMELBO1849.csv
2022/12/20,07:24 AM,12.0,9.28,83.0,WNW,4.51,5.95,1033.86,0.0,0.0,1.0,119.3,IMELBO1849.csv
2022/12/20,07:29 AM,12.17,9.39,83.0,NW,2.9,3.86,1033.86,0.0,0.0,1.0,135.7,IMELBO1849.csv
2022/12/20,07:34 AM,12.28,9.44,83.0,WNW,2.9,3.86,1033.86,0.0,0.0,1.0,133.1,IMELBO1849.csv
2022/12/20,07:39 AM,12.56,9.61,82.0,WNW,1.93,2.9,1033.86,0.0,0.0,1.0,161.4,IMELBO1849.csv
2022/12/20,07:44 AM,12.72,9.67,82.0,WNW,2.25,3.22,1033.86,0.0,0.0,1.0,160.9,IMELBO1849.csv
2022/12/20,07:49 AM,12.89,9.72,81.0,WNW,2.74,3.7,1033.86,0.0,0.0,2.0,203.4,IMELBO1849.csv
2022/12/20,07:54 AM,13.33,9.94,80.0,NW,1.61,2.74,1033.86,0.0,0.0,2.0,214.2,IMELBO1849.csv
2022/12/20,07:59 AM,13.5,10.0,80.0,WNW,2.74,4.02,1033.86,0.0,0.0,2.0,230.2,IMELBO1849.csv
2022/12/20,08:04 AM,13.67,10.06,79.0,WNW,1.29,2.25,1033.86,0.0,0.0,2.0,235.5,IMELBO1849.csv
2022/12/20,08:09 AM,14.0,10.17,78.0,WNW,1.29,1.93,1033.86,0.0,0.0,2.0,260.2,IMELBO1849.csv
2022/12/20,08:14 AM,14.11,10.22,77.0,WNW,0.48,0.97,1033.86,0.0,0.0,2.0,288.0,IMELBO1849.csv
2022/12/20,08:19 AM,14.5,10.28,76.0,NW,2.09,2.9,1034.2,0.0,0.0,2.0,288.5,IMELBO1849.csv
2022/12/20,08:24 AM,15.17,10.56,74.0,NNW,0.48,1.13,1033.86,0.0,0.0,3.0,313.2,IMELBO1849.csv
2022/12/20,08:29 AM,15.33,10.5,73.0,NNW,0.8,1.29,1034.2,0.0,0.0,3.0,337.0,IMELBO1849.csv
2022/12/20,08:34 AM,15.39,10.44,72.0,NW,1.45,1.93,1034.2,0.0,0.0,3.0,364.0,IMELBO1849.csv
2022/12/20,08:39 AM,15.44,10.5,72.0,NW,1.13,1.93,1033.86,0.0,0.0,3.0,378.3,IMELBO1849.csv
2022/12/20,08:44 AM,15.67,10.67,72.0,NW,0.97,1.77,1033.86,0.0,0.0,3.0,387.3,IMELBO1849.csv
2022/12/20,08:49 AM,15.67,10.67,72.0,WNW,1.45,1.93,1034.2,0.0,0.0,3.0,395.6,IMELBO1849.csv
2022/12/20,08:54 AM,15.78,10.56,71.0,WNW,2.41,2.9,1033.86,0.0,0.0,3.0,380.0,IMELBO1849.csv
2022/12/20,08:59 AM,16.0,10.61,70.0,SW,1.77,2.41,1034.2,0.0,0.0,3.0,407.3,IMELBO1849.csv
2022/12/20,09:04 AM,16.72,10.83,68.0,East,2.25,3.22,1034.2,0.0,0.0,4.0,418.1,IMELBO1849.csv
2022/12/20,09:09 AM,16.89,10.72,67.0,East,2.09,2.9,1034.2,0.0,0.0,4.0,443.7,IMELBO1849.csv
2022/12/20,09:14 AM,17.17,10.89,67.0,East,2.09,3.38,1033.86,0.0,0.0,4.0,467.2,IMELBO1849.csv
2022/12/20,09:19 AM,17.39,11.11,67.0,East,4.67,6.44,1033.86,0.0,0.0,4.0,469.8,IMELBO1849.csv
2022/12/20,09:24 AM,17.11,10.89,67.0,East,1.77,2.57,1034.2,0.0,0.0,4.0,435.0,IMELBO1849.csv
2022/12/20,09:29 AM,17.56,11.22,66.0,East,3.54,4.51,1033.86,0.0,0.0,4.0,471.1,IMELBO1849.csv
2022/12/20,09:34 AM,17.33,11.06,66.0,SE,1.77,2.57,1033.86,0.0,0.0,4.0,488.4,IMELBO1849.csv
2022/12/20,09:39 AM,17.72,11.06,65.0,ESE,3.22,4.02,1033.86,0.0,0.0,5.0,520.5,IMELBO1849.csv
2022/12/20,09:44 AM,18.22,11.0,63.0,ENE,2.9,4.02,1033.86,0.0,0.0,5.0,538.3,IMELBO1849.csv
2022/12/20,09:49 AM,18.67,11.06,61.0,East,2.57,3.54,1033.86,0.0,0.0,5.0,563.5,IMELBO1849.csv
2022/12/20,09:54 AM,19.06,11.17,60.0,NW,1.77,2.9,1033.53,0.0,0.0,5.0,570.5,IMELBO1849.csv
2022/12/20,09:59 AM,19.44,11.28,59.0,North,1.45,2.41,1033.53,0.0,0.0,5.0,595.2,IMELBO1849.csv
2022/12/20,10:04 AM,19.89,11.28,58.0,ESE,1.93,2.74,1033.53,0.0,0.0,5.0,585.1,IMELBO1849.csv
2022/12/20,10:09 AM,19.67,11.5,59.0,ESE,4.18,5.79,1033.53,0.0,0.0,6.0,617.3,IMELBO1849.csv
2022/12/20,10:14 AM,19.67,11.39,59.0,ENE,2.74,3.86,1033.53,0.0,0.0,6.0,619.0,IMELBO1849.csv
2022/12/20,10:19 AM,19.89,11.28,57.0,WNW,1.29,1.77,1033.53,0.0,0.0,5.0,610.7,IMELBO1849.csv
2022/12/20,10:24 AM,20.67,11.5,56.0,SSW,2.25,3.38,1033.19,0.0,0.0,6.0,631.1,IMELBO1849.csv
2022/12/20,10:29 AM,21.17,11.72,55.0,SE,2.09,2.9,1033.19,0.0,0.0,6.0,654.6,IMELBO1849.csv
2022/12/20,10:34 AM,21.44,11.83,54.0,ESE,1.29,1.93,1033.19,0.0,0.0,6.0,660.6,IMELBO1849.csv
2022/12/20,10:39 AM,21.72,12.0,54.0,SE,3.38,4.67,1033.19,0.0,0.0,6.0,685.0,IMELBO1849.csv
2022/12/20,10:44 AM,21.28,11.61,54.0,ENE,3.38,4.34,1032.85,0.0,0.0,6.0,694.0,IMELBO1849.csv
2022/12/20,10:49 AM,21.44,11.67,54.0,ESE,3.86,5.63,1032.85,0.0,0.0,6.0,695.7,IMELBO1849.csv
2022/12/20,10:54 AM,21.5,11.56,53.0,SE,3.22,4.34,1032.85,0.0,0.0,6.0,688.0,IMELBO1849.csv
2022/12/20,10:59 AM,21.78,11.72,53.0,SSE,3.38,4.67,1032.85,0.0,0.0,7.0,718.7,IMELBO1849.csv
2022/12/20,11:04 AM,21.94,11.72,52.0,South,4.34,5.63,1032.85,0.0,0.0,7.0,727.9,IMELBO1849.csv
2022/12/20,11:09 AM,22.39,11.72,51.0,SE,4.02,5.47,1032.51,0.0,0.0,7.0,732.2,IMELBO1849.csv
2022/12/20,11:14 AM,22.56,12.0,51.0,SE,4.67,7.08,1032.51,0.0,0.0,7.0,735.7,IMELBO1849.csv
2022/12/20,11:19 AM,22.72,11.94,50.0,SSE,4.34,5.95,1032.51,0.0,0.0,7.0,746.5,IMELBO1849.csv
2022/12/20,11:24 AM,22.61,12.0,51.0,SSW,5.47,7.56,1032.51,0.0,0.0,7.0,756.5,IMELBO1849.csv
2022/12/20,11:29 AM,23.06,11.89,49.0,SSW,5.15,7.08,1032.51,0.0,0.0,7.0,767.8,IMELBO1849.csv
2022/12/20,11:34 AM,23.17,12.11,50.0,SSE,4.51,6.92,1032.51,0.0,0.0,7.0,777.0,IMELBO1849.csv
2022/12/20,11:39 AM,23.28,12.06,49.0,South,4.02,5.79,1032.51,0.0,0.0,7.0,774.3,IMELBO1849.csv
2022/12/20,11:44 AM,23.56,12.22,49.0,East,3.86,5.15,1032.51,0.0,0.0,7.0,790.3,IMELBO1849.csv
2022/12/20,11:49 AM,23.67,12.06,48.0,SSE,3.86,5.47,1032.51,0.0,0.0,7.0,793.8,IMELBO1849.csv
2022/12/20,11:54 AM,23.72,12.11,48.0,South,5.63,7.4,1032.17,0.0,0.0,7.0,784.3,IMELBO1849.csv
2022/12/20,11:59 AM,23.89,12.22,48.0,SSE,4.34,6.28,1032.17,0.0,0.0,7.0,786.9,IMELBO1849.csv
2022/12/20,12:04 PM,24.0,12.06,47.0,ESE,4.34,6.11,1032.17,0.0,0.0,7.0,809.9,IMELBO1849.csv
2022/12/20,12:09 PM,24.0,12.0,47.0,SSW,5.47,7.56,1032.17,0.0,0.0,7.0,809.5,IMELBO1849.csv
2022/12/20,12:14 PM,23.94,12.0,47.0,SSW,6.28,8.21,1032.17,0.0,0.0,7.0,796.0,IMELBO1849.csv
2022/12/20,12:19 PM,24.44,12.22,46.0,SSE,4.51,6.44,1032.17,0.0,0.0,7.0,801.7,IMELBO1849.csv
2022/12/20,12:24 PM,24.78,12.22,46.0,SE,4.18,5.63,1032.17,0.0,0.0,7.0,804.2,IMELBO1849.csv
2022/12/20,12:29 PM,24.83,12.11,45.0,South,4.83,6.92,1031.83,0.0,0.0,7.0,815.5,IMELBO1849.csv
2022/12/20,12:34 PM,24.83,12.0,45.0,South,4.18,5.79,1032.17,0.0,0.0,7.0,817.2,IMELBO1849.csv
2022/12/20,12:39 PM,24.89,12.06,45.0,South,3.38,4.99,1031.83,0.0,0.0,7.0,812.9,IMELBO1849.csv
2022/12/20,12:44 PM,25.22,12.5,45.0,South,4.18,5.79,1031.83,0.0,0.0,7.0,798.6,IMELBO1849.csv
2022/12/20,12:49 PM,24.83,12.22,45.0,SSW,5.79,8.04,1031.83,0.0,0.0,7.0,816.8,IMELBO1849.csv
2022/12/20,12:54 PM,25.11,12.5,46.0,SSW,5.63,7.72,1031.83,0.0,0.0,7.0,810.7,IMELBO1849.csv
2022/12/20,12:59 PM,25.5,12.94,46.0,South,3.86,5.63,1031.49,0.0,0.0,7.0,779.0,IMELBO1849.csv
2022/12/20,01:04 PM,25.78,12.72,44.0,SE,4.18,5.47,1031.49,0.0,0.0,7.0,761.7,IMELBO1849.csv
2022/12/20,01:09 PM,25.44,12.39,44.0,South,4.67,6.92,1031.49,0.0,0.0,7.0,762.6,IMELBO1849.csv
2022/12/20,01:14 PM,25.56,12.44,44.0,SSW,5.47,7.88,1031.49,0.0,0.0,7.0,791.3,IMELBO1849.csv
2022/12/20,01:19 PM,26.06,12.61,43.0,SSE,6.11,8.21,1031.49,0.0,0.0,7.0,804.7,IMELBO1849.csv
2022/12/20,01:24 PM,26.11,12.56,43.0,SSE,4.67,6.44,1031.49,0.0,0.0,7.0,816.0,IMELBO1849.csv
2022/12/20,01:29 PM,26.06,12.67,43.0,South,6.28,9.01,1031.49,0.0,0.0,8.0,824.7,IMELBO1849.csv
2022/12/20,01:34 PM,25.83,12.44,43.0,SSW,5.63,7.72,1031.49,0.0,0.0,8.0,833.7,IMELBO1849.csv
2022/12/20,01:39 PM,25.94,12.61,44.0,SSW,6.6,8.53,1031.16,0.0,0.0,7.0,813.3,IMELBO1849.csv
2022/12/20,01:44 PM,26.11,12.56,43.0,SSW,7.4,9.98,1031.16,0.0,0.0,7.0,788.6,IMELBO1849.csv
2022/12/20,01:49 PM,26.0,12.33,43.0,SSE,5.31,8.04,1031.16,0.0,0.0,7.0,816.3,IMELBO1849.csv
2022/12/20,01:54 PM,26.28,12.28,42.0,SSW,7.56,10.14,1030.82,0.0,0.0,8.0,825.9,IMELBO1849.csv
2022/12/20,01:59 PM,25.89,12.11,42.0,SSE,6.44,9.81,1030.82,0.0,0.0,8.0,825.0,IMELBO1849.csv
2022/12/20,02:04 PM,25.83,12.06,42.0,SW,8.21,10.94,1030.48,0.0,0.0,8.0,825.9,IMELBO1849.csv
2022/12/20,02:09 PM,26.11,11.83,41.0,SSE,5.15,7.72,1030.82,0.0,0.0,8.0,833.7,IMELBO1849.csv
2022/12/20,02:14 PM,26.22,11.78,41.0,SSW,9.33,12.87,1030.48,0.0,0.0,8.0,830.7,IMELBO1849.csv
2022/12/20,02:19 PM,25.83,11.72,41.0,South,8.04,11.26,1030.48,0.0,0.0,7.0,810.7,IMELBO1849.csv
2022/12/20,02:24 PM,26.5,11.83,40.0,South,7.56,11.26,1030.48,0.0,0.0,7.0,807.7,IMELBO1849.csv
2022/12/20,02:29 PM,26.5,11.67,40.0,South,6.6,9.49,1030.48,0.0,0.0,7.0,810.4,IMELBO1849.csv
2022/12/20,02:34 PM,26.5,11.61,39.0,South,7.08,10.46,1030.48,0.0,0.0,7.0,802.5,IMELBO1849.csv
2022/12/20,02:39 PM,26.89,11.72,39.0,SW,6.44,9.65,1030.48,0.0,0.0,7.0,794.2,IMELBO1849.csv
2022/12/20,02:44 PM,26.78,11.56,39.0,SSW,4.83,7.4,1030.14,0.0,0.0,7.0,795.2,IMELBO1849.csv
2022/12/20,02:49 PM,26.94,11.33,38.0,SSW,8.37,11.1,1030.14,0.0,0.0,7.0,806.4,IMELBO1849.csv
2022/12/20,02:54 PM,27.06,11.28,37.0,SSE,5.95,8.37,1030.14,0.0,0.0,7.0,810.7,IMELBO1849.csv
2022/12/20,02:59 PM,27.06,11.39,38.0,South,7.4,10.62,1030.14,0.0,0.0,7.0,809.0,IMELBO1849.csv
2022/12/20,03:04 PM,27.28,11.61,38.0,SSE,4.67,6.92,1030.14,0.0,0.0,7.0,802.5,IMELBO1849.csv
2022/12/20,03:09 PM,27.22,11.39,37.0,SSW,6.6,10.3,1030.14,0.0,0.0,7.0,793.3,IMELBO1849.csv
2022/12/20,03:14 PM,27.56,11.28,36.0,SSE,6.28,8.53,1030.14,0.0,0.0,7.0,797.8,IMELBO1849.csv
2022/12/20,03:19 PM,27.11,11.22,37.0,South,9.65,13.35,1029.8,0.0,0.0,7.0,797.8,IMELBO1849.csv
2022/12/20,03:24 PM,26.78,11.39,38.0,SSE,6.44,9.81,1029.8,0.0,0.0,7.0,757.4,IMELBO1849.csv
2022/12/20,03:29 PM,27.22,11.56,38.0,SSE,6.6,10.14,1029.8,0.0,0.0,7.0,722.6,IMELBO1849.csv
2022/12/20,03:34 PM,27.56,11.44,37.0,SSW,7.72,10.62,1029.8,0.0,0.0,7.0,763.0,IMELBO1849.csv
2022/12/20,03:39 PM,27.06,11.28,37.0,South,9.65,13.84,1029.8,0.0,0.0,7.0,782.6,IMELBO1849.csv
2022/12/20,03:44 PM,26.89,11.56,38.0,South,7.56,10.3,1029.8,0.0,0.0,7.0,792.5,IMELBO1849.csv
2022/12/20,03:49 PM,27.06,11.67,38.0,SSW,8.85,12.55,1029.8,0.0,0.0,7.0,789.4,IMELBO1849.csv
2022/12/20,03:54 PM,26.78,11.39,38.0,South,8.69,12.87,1029.46,0.0,0.0,7.0,778.2,IMELBO1849.csv
2022/12/20,03:59 PM,26.94,11.28,38.0,South,8.37,11.75,1029.46,0.0,0.0,7.0,790.8,IMELBO1849.csv
2022/12/20,04:04 PM,26.94,10.89,37.0,SSE,5.79,8.69,1029.46,0.0,0.0,7.0,793.0,IMELBO1849.csv
2022/12/20,04:09 PM,27.0,11.39,38.0,SW,9.17,12.71,1029.46,0.0,0.0,7.0,789.4,IMELBO1849.csv
2022/12/20,04:14 PM,26.94,10.78,36.0,SSE,6.11,8.04,1029.46,0.0,0.0,7.0,791.6,IMELBO1849.csv
2022/12/20,04:19 PM,27.22,10.94,36.0,South,7.24,10.3,1029.46,0.0,0.0,7.0,787.7,IMELBO1849.csv
2022/12/20,04:24 PM,27.17,11.33,37.0,South,7.24,9.98,1029.46,0.0,0.0,7.0,779.9,IMELBO1849.csv
2022/12/20,04:29 PM,26.83,10.56,36.0,SW,9.01,12.39,1029.12,0.0,0.0,7.0,766.4,IMELBO1849.csv
2022/12/20,04:34 PM,26.5,10.83,37.0,SSW,9.17,12.55,1029.46,0.0,0.0,7.0,774.8,IMELBO1849.csv
2022/12/20,04:39 PM,26.72,10.72,37.0,SSW,8.69,12.55,1029.46,0.0,0.0,7.0,756.0,IMELBO1849.csv
2022/12/20,04:44 PM,27.0,11.11,37.0,SSE,5.95,8.69,1029.12,0.0,0.0,7.0,743.9,IMELBO1849.csv
2022/12/20,04:49 PM,27.22,11.17,37.0,SSW,6.92,9.65,1029.12,0.0,0.0,7.0,727.4,IMELBO1849.csv
2022/12/20,04:54 PM,27.06,11.11,37.0,South,7.08,10.78,1029.12,0.0,0.0,7.0,720.9,IMELBO1849.csv
2022/12/20,04:59 PM,26.94,11.06,37.0,SSE,7.4,10.94,1029.12,0.0,0.0,6.0,689.2,IMELBO1849.csv
2022/12/20,05:04 PM,26.56,10.94,38.0,South,7.88,10.78,1029.12,0.0,0.0,6.0,676.6,IMELBO1849.csv
2022/12/20,05:09 PM,26.72,10.94,37.0,South,7.72,11.26,1028.78,0.0,0.0,6.0,669.3,IMELBO1849.csv
2022/12/20,05:14 PM,26.67,11.17,38.0,SSW,7.88,11.26,1028.78,0.0,0.0,6.0,651.6,IMELBO1849.csv
2022/12/20,05:19 PM,26.39,10.89,38.0,SSW,8.85,11.91,1028.78,0.0,0.0,6.0,623.3,IMELBO1849.csv
2022/12/20,05:24 PM,26.61,10.61,37.0,SSW,5.79,8.37,1028.78,0.0,0.0,5.0,607.3,IMELBO1849.csv
2022/12/20,05:29 PM,26.78,10.89,37.0,ESE,6.6,9.65,1028.78,0.0,0.0,5.0,607.8,IMELBO1849.csv
2022/12/20,05:34 PM,26.56,11.06,38.0,South,9.01,13.19,1028.45,0.0,0.0,5.0,599.1,IMELBO1849.csv
2022/12/20,05:39 PM,26.28,10.78,38.0,SSW,8.21,10.94,1028.45,0.0,0.0,5.0,568.6,IMELBO1849.csv
2022/12/20,05:44 PM,26.39,10.89,38.0,SSW,5.15,7.88,1028.45,0.0,0.0,4.0,507.9,IMELBO1849.csv
2022/12/20,05:49 PM,26.67,11.0,38.0,SSE,6.6,10.3,1028.45,0.0,0.0,4.0,440.3,IMELBO1849.csv
2022/12/20,05:54 PM,26.39,11.0,38.0,SE,6.92,9.81,1028.45,0.0,0.0,3.0,327.0,IMELBO1849.csv
2022/12/20,05:59 PM,25.89,10.5,38.0,South,8.21,11.91,1028.45,0.0,0.0,2.0,275.0,IMELBO1849.csv
2022/12/20,06:04 PM,25.5,10.44,39.0,SSW,8.85,12.23,1028.45,0.0,0.0,2.0,230.2,IMELBO1849.csv
2022/12/20,06:09 PM,25.22,10.39,39.0,SSW,7.4,10.94,1028.11,0.0,0.0,2.0,214.2,IMELBO1849.csv
2022/12/20,06:14 PM,25.06,10.28,39.0,South,9.01,11.58,1028.11,0.0,0.0,2.0,205.1,IMELBO1849.csv
2022/12/20,06:19 PM,25.0,10.33,40.0,SSW,8.21,11.91,1028.45,0.0,0.0,1.0,201.2,IMELBO1849.csv
2022/12/20,06:24 PM,24.83,10.28,40.0,SSW,8.69,12.23,1028.45,0.0,0.0,1.0,175.2,IMELBO1849.csv
2022/12/20,06:29 PM,24.83,10.28,40.0,SSW,6.28,8.85,1028.11,0.0,0.0,2.0,217.3,IMELBO1849.csv
2022/12/20,06:34 PM,24.89,10.39,40.0,SSW,8.69,12.39,1028.11,0.0,0.0,2.0,220.3,IMELBO1849.csv
2022/12/20,06:39 PM,24.67,10.28,40.0,South,7.56,10.94,1028.11,0.0,0.0,1.0,159.2,IMELBO1849.csv
2022/12/20,06:44 PM,24.44,10.11,40.0,South,5.79,8.37,1028.45,0.0,0.0,1.0,157.8,IMELBO1849.csv
2022/12/20,06:49 PM,24.33,10.22,41.0,South,9.17,12.71,1028.45,0.0,0.0,1.0,131.9,IMELBO1849.csv
2022/12/20,06:54 PM,24.11,10.17,41.0,SSW,9.49,13.19,1028.45,0.0,0.0,1.0,126.1,IMELBO1849.csv
2022/12/20,06:59 PM,24.06,10.28,42.0,SSW,7.56,9.81,1028.11,0.0,0.0,1.0,137.9,IMELBO1849.csv
2022/12/20,07:04 PM,24.11,10.39,42.0,SSW,7.24,9.81,1028.11,0.0,0.0,1.0,185.2,IMELBO1849.csv
2022/12/20,07:09 PM,24.22,10.67,42.0,SSW,6.6,10.14,1028.11,0.0,0.0,1.0,155.7,IMELBO1849.csv
2022/12/20,07:14 PM,24.28,10.67,42.0,SSW,6.76,9.81,1028.45,0.0,0.0,1.0,119.6,IMELBO1849.csv
2022/12/20,07:19 PM,24.22,10.67,42.0,SSW,6.11,8.37,1028.45,0.0,0.0,1.0,109.7,IMELBO1849.csv
2022/12/20,07:24 PM,24.33,10.72,42.0,South,5.63,7.88,1028.45,0.0,0.0,1.0,102.8,IMELBO1849.csv
2022/12/20,07:29 PM,24.44,10.5,41.0,South,5.79,8.37,1028.45,0.0,0.0,0.0,98.0,IMELBO1849.csv
2022/12/20,07:34 PM,24.33,10.56,42.0,SSE,4.34,6.44,1028.45,0.0,0.0,0.0,88.0,IMELBO1849.csv
2022/12/20,07:39 PM,24.17,10.61,42.0,South,5.79,7.88,1028.45,0.0,0.0,0.0,73.3,IMELBO1849.csv
2022/12/20,07:44 PM,24.11,10.78,43.0,SSW,6.6,9.65,1028.45,0.0,0.0,0.0,60.7,IMELBO1849.csv
2022/12/20,07:49 PM,23.78,10.78,44.0,SSE,5.31,7.72,1028.78,0.0,0.0,0.0,52.8,IMELBO1849.csv
2022/12/20,07:54 PM,23.61,10.72,44.0,South,6.6,9.33,1028.45,0.0,0.0,0.0,46.4,IMELBO1849.csv
2022/12/20,07:59 PM,23.5,10.61,44.0,SSW,6.44,9.01,1028.78,0.0,0.0,0.0,39.4,IMELBO1849.csv
2022/12/20,08:04 PM,23.39,10.67,45.0,South,5.31,7.08,1028.45,0.0,0.0,0.0,34.3,IMELBO1849.csv
2022/12/20,08:09 PM,23.28,11.06,46.0,SSW,6.11,8.37,1028.78,0.0,0.0,0.0,32.4,IMELBO1849.csv
2022/12/20,08:14 PM,23.22,11.22,47.0,South,4.02,5.79,1028.78,0.0,0.0,0.0,30.7,IMELBO1849.csv
2022/12/20,08:19 PM,23.06,11.22,47.0,SSE,5.95,8.53,1028.78,0.0,0.0,0.0,27.3,IMELBO1849.csv
2022/12/20,08:24 PM,22.83,11.5,49.0,South,4.34,6.44,1028.78,0.0,0.0,0.0,21.2,IMELBO1849.csv
2022/12/20,08:29 PM,22.61,11.61,50.0,South,5.15,7.56,1028.78,0.0,0.0,0.0,15.5,IMELBO1849.csv
2022/12/20,08:34 PM,22.33,11.72,51.0,South,4.51,6.44,1028.78,0.0,0.0,0.0,9.9,IMELBO1849.csv
2022/12/20,08:39 PM,22.17,11.83,52.0,South,5.31,7.24,1028.78,0.0,0.0,0.0,5.1,IMELBO1849.csv
2022/12/20,08:44 PM,22.0,11.89,53.0,SSW,5.15,7.4,1028.78,0.0,0.0,0.0,2.9,IMELBO1849.csv
2022/12/20,08:49 PM,21.78,11.78,53.0,SSW,4.67,6.44,1028.78,0.0,0.0,0.0,1.2,IMELBO1849.csv
2022/12/20,08:54 PM,21.67,11.83,54.0,South,4.83,6.92,1028.78,0.0,0.0,0.0,0.0,IMELBO1849.csv
2022/12/20,08:59 PM,21.44,11.89,55.0,South,4.02,5.15,1028.78,0.0,0.0,0.0,0.0,IMELBO1849.csv
2022/12/20,09:04 PM,21.33,11.94,55.0,South,4.51,5.95,1028.78,0.0,0.0,0.0,0.0,IMELBO1849.csv
2022/12/20,09:09 PM,21.22,12.0,56.0,South,3.7,5.31,1028.78,0.0,0.0,0.0,0.0,IMELBO1849.csv
2022/12/20,09:14 PM,21.0,11.94,56.0,South,4.34,5.95,1028.78,0.0,0.0,0.0,0.0,IMELBO1849.csv
2022/12/20,09:19 PM,20.89,12.11,57.0,South,3.06,4.67,1028.78,0.0,0.0,0.0,0.0,IMELBO1849.csv
2022/12/20,09:24 PM,20.83,12.17,58.0,SSW,3.38,4.67,1029.12,0.0,0.0,0.0,0.0,IMELBO1849.csv
2022/12/20,09:29 PM,20.72,12.22,58.0,SSW,4.02,5.31,1029.12,0.0,0.0,0.0,0.0,IMELBO1849.csv
2022/12/20,09:34 PM,20.61,12.28,59.0,South,3.22,4.67,1029.12,0.0,0.0,0.0,0.0,IMELBO1849.csv
2022/12/20,09:39 PM,20.39,12.33,60.0,South,3.38,4.51,1029.12,0.0,0.0,0.0,0.0,IMELBO1849.csv
2022/12/20,09:44 PM,20.28,12.39,60.0,SSW,2.9,4.34,1029.12,0.0,0.0,0.0,0.0,IMELBO1849.csv
2022/12/20,09:49 PM,19.94,12.28,61.0,South,2.41,3.38,1029.12,0.0,0.0,0.0,0.0,IMELBO1849.csv
2022/12/20,09:54 PM,19.72,12.22,62.0,SSW,3.22,4.67,1029.12,0.0,0.0,0.0,0.0,IMELBO1849.csv
2022/12/20,09:59 PM,19.61,12.11,62.0,SSW,3.86,4.83,1029.12,0.0,0.0,0.0,0.0,IMELBO1849.csv
2022/12/20,10:04 PM,19.44,11.94,62.0,SW,4.34,5.79,1029.12,0.0,0.0,0.0,0.0,IMELBO1849.csv
2022/12/20,10:09 PM,19.28,12.0,63.0,SSW,3.7,4.99,1029.12,0.0,0.0,0.0,0.0,IMELBO1849.csv
2022/12/20,10:14 PM,19.17,11.94,63.0,SSW,3.22,4.34,1029.12,0.0,0.0,0.0,0.0,IMELBO1849.csv
2022/12/20,10:19 PM,19.06,11.89,63.0,SSW,3.38,4.34,1029.12,0.0,0.0,0.0,0.0,IMELBO1849.csv
2022/12/20,10:24 PM,18.89,12.0,64.0,SSW,2.74,3.7,1029.12,0.0,0.0,0.0,0.0,IMELBO1849.csv
2022/12/20,10:29 PM,18.72,12.0,65.0,SSW,4.51,5.95,1028.78,0.0,0.0,0.0,0.0,IMELBO1849.csv
2022/12/20,10:34 PM,18.56,11.83,65.0,SSW,4.02,5.63,1029.12,0.0,0.0,0.0,0.0,IMELBO1849.csv
2022/12/20,10:39 PM,18.44,11.72,65.0,SSW,3.38,4.67,1028.78,0.0,0.0,0.0,0.0,IMELBO1849.csv
2022/12/20,10:44 PM,18.28,11.61,65.0,SSW,2.74,3.38,1028.78,0.0,0.0,0.0,0.0,IMELBO1849.csv
2022/12/20,10:49 PM,18.17,11.72,66.0,South,2.9,4.18,1028.78,0.0,0.0,0.0,0.0,IMELBO1849.csv
2022/12/20,10:54 PM,18.06,11.67,66.0,SSW,2.41,3.38,1028.78,0.0,0.0,0.0,0.0,IMELBO1849.csv
2022/12/20,10:59 PM,17.94,11.72,67.0,SSW,1.93,2.9,1028.78,0.0,0.0,0.0,0.0,IMELBO1849.csv
2022/12/20,11:04 PM,17.78,11.61,67.0,SSW,2.57,3.38,1028.45,0.0,0.0,0.0,0.0,IMELBO1849.csv
2022/12/20,11:09 PM,17.67,11.61,68.0,SW,2.41,3.54,1028.45,0.0,0.0,0.0,0.0,IMELBO1849.csv
2022/12/20,11:14 PM,17.5,11.5,68.0,SSW,3.54,4.67,1028.45,0.0,0.0,0.0,0.0,IMELBO1849.csv
2022/12/20,11:19 PM,17.39,11.39,68.0,SSW,2.9,3.7,1028.45,0.0,0.0,0.0,0.0,IMELBO1849.csv
2022/12/20,11:24 PM,17.28,11.56,69.0,South,2.41,3.54,1028.11,0.0,0.0,0.0,0.0,IMELBO1849.csv
2022/12/20,11:29 PM,17.17,11.44,69.0,South,2.25,3.06,1028.11,0.0,0.0,0.0,0.0,IMELBO1849.csv
2022/12/20,11:34 PM,17.06,11.44,69.0,South,2.57,3.38,1028.11,0.0,0.0,0.0,0.0,IMELBO1849.csv
2022/12/20,11:39 PM,16.89,11.39,70.0,South,2.41,3.7,1028.11,0.0,0.0,0.0,0.0,IMELBO1849.csv
2022/12/20,11:44 PM,16.78,11.28,70.0,SSW,2.41,3.06,1028.11,0.0,0.0,0.0,0.0,IMELBO1849.csv
2022/12/20,11:49 PM,16.67,11.33,71.0,SSW,1.77,2.41,1028.11,0.0,0.0,0.0,0.0,IMELBO1849.csv
2022/12/20,11:54 PM,16.56,11.22,71.0,SSW,2.74,3.86,1027.77,0.0,0.0,0.0,0.0,IMELBO1849.csv
2022/12/20,11:59 PM,16.44,11.22,71.0,SW,1.77,2.25,1028.11,0.0,0.0,0.0,0.0,IMELBO1849.csv
2022/12/21,12:04 AM,16.33,11.22,72.0,SW,1.93,2.41,1028.11,0.0,0.0,0.0,0.0,IMELBO1849.csv
2022/12/21,12:09 AM,16.28,11.17,72.0,SW,1.45,2.09,1028.11,0.0,0.0,0.0,0.0,IMELBO1849.csv
2022/12/21,12:14 AM,16.17,11.06,72.0,SSW,0.97,1.29,1028.11,0.0,0.0,0.0,0.0,IMELBO1849.csv
2022/12/21,12:19 AM,16.0,11.22,73.0,SW,0.16,0.64,1028.11,0.0,0.0,0.0,0.0,IMELBO1849.csv
2022/12/21,12:24 AM,15.89,11.11,73.0,SW,0.16,0.8,1028.11,0.0,0.0,0.0,0.0,IMELBO1849.csv
2022/12/21,12:29 AM,15.89,11.11,73.0,SW,0.64,1.45,1028.11,0.0,0.0,0.0,0.0,IMELBO1849.csv
2022/12/21,12:34 AM,15.83,11.22,74.0,SW,0.16,0.48,1027.77,0.0,0.0,0.0,0.0,IMELBO1849.csv
2022/12/21,12:39 AM,15.78,11.22,74.0,SW,0.64,1.45,1028.11,0.0,0.0,0.0,0.0,IMELBO1849.csv
2022/12/21,12:44 AM,15.72,11.11,74.0,SSW,0.97,1.77,1028.11,0.0,0.0,0.0,0.0,IMELBO1849.csv
2022/12/21,12:49 AM,15.5,11.11,75.0,SSW,1.77,2.57,1028.11,0.0,0.0,0.0,0.0,IMELBO1849.csv
2022/12/21,12:54 AM,15.33,11.06,76.0,SW,0.8,1.29,1027.77,0.0,0.0,0.0,0.0,IMELBO1849.csv
2022/12/21,12:59 AM,15.17,11.11,77.0,West,2.9,4.02,1027.77,0.0,0.0,0.0,0.0,IMELBO1849.csv
2022/12/21,01:04 AM,14.94,11.22,78.0,WNW,2.57,3.54,1027.77,0.0,0.0,0.0,0.0,IMELBO1849.csv
2022/12/21,01:09 AM,14.78,11.17,79.0,WNW,3.22,4.83,1028.11,0.0,0.0,0.0,0.0,IMELBO1849.csv
2022/12/21,01:14 AM,14.61,11.22,80.0,West,1.77,3.06,1027.77,0.0,0.0,0.0,0.0,IMELBO1849.csv
2022/12/21,01:19 AM,14.5,11.11,80.0,WNW,1.93,3.06,1027.77,0.0,0.0,0.0,0.0,IMELBO1849.csv
2022/12/21,01:24 AM,14.39,11.0,80.0,WNW,2.25,3.38,1027.77,0.0,0.0,0.0,0.0,IMELBO1849.csv
2022/12/21,01:29 AM,14.33,11.17,81.0,West,1.29,2.25,1027.77,0.0,0.0,0.0,0.0,IMELBO1849.csv
2022/12/21,01:34 AM,14.22,11.0,81.0,West,1.61,2.25,1027.77,0.0,0.0,0.0,0.0,IMELBO1849.csv
2022/12/21,01:39 AM,14.17,10.94,81.0,WNW,3.38,4.51,1027.77,0.0,0.0,0.0,0.0,IMELBO1849.csv
2022/12/21,01:44 AM,14.11,10.94,81.0,WNW,1.77,2.74,1027.77,0.0,0.0,0.0,0.0,IMELBO1849.csv
2022/12/21,01:49 AM,14.06,11.06,82.0,WNW,2.74,3.7,1027.77,0.0,0.0,0.0,0.0,IMELBO1849.csv
2022/12/21,01:54 AM,13.94,10.94,82.0,WNW,5.31,6.76,1027.77,0.0,0.0,0.0,0.0,IMELBO1849.csv
2022/12/21,01:59 AM,13.78,10.83,82.0,WNW,2.9,4.18,1027.43,0.0,0.0,0.0,0.0,IMELBO1849.csv
2022/12/21,02:04 AM,13.72,10.89,83.0,WNW,3.54,4.83,1027.43,0.0,0.0,0.0,0.0,IMELBO1849.csv
2022/12/21,02:09 AM,13.61,10.78,83.0,WNW,3.54,4.99,1027.43,0.0,0.0,0.0,0.0,IMELBO1849.csv
2022/12/21,02:14 AM,13.5,10.72,83.0,WNW,4.67,6.11,1027.43,0.0,0.0,0.0,0.0,IMELBO1849.csv
2022/12/21,02:19 AM,13.33,10.67,84.0,WNW,3.06,4.18,1027.43,0.0,0.0,0.0,0.0,IMELBO1849.csv
2022/12/21,02:24 AM,13.28,10.56,84.0,WNW,2.57,3.38,1027.43,0.0,0.0,0.0,0.0,IMELBO1849.csv
2022/12/21,02:29 AM,13.22,10.5,84.0,WNW,3.22,4.18,1027.09,0.0,0.0,0.0,0.0,IMELBO1849.csv
2022/12/21,02:34 AM,13.11,10.61,85.0,WNW,4.99,7.08,1027.09,0.0,0.0,0.0,0.0,IMELBO1849.csv
2022/12/21,02:39 AM,13.0,10.5,85.0,WNW,4.34,5.47,1027.09,0.0,0.0,0.0,0.0,IMELBO1849.csv
2022/12/21,02:44 AM,12.94,10.44,85.0,WNW,4.83,6.44,1027.43,0.0,0.0,0.0,0.0,IMELBO1849.csv
2022/12/21,02:49 AM,12.89,10.39,85.0,WNW,4.02,5.95,1027.09,0.0,0.0,0.0,0.0,IMELBO1849.csv
2022/12/21,02:54 AM,12.89,10.39,85.0,WNW,3.22,4.67,1027.09,0.0,0.0,0.0,0.0,IMELBO1849.csv
2022/12/21,02:59 AM,12.78,10.44,86.0,WNW,1.77,3.06,1027.09,0.0,0.0,0.0,0.0,IMELBO1849.csv
2022/12/21,03:04 AM,12.78,10.44,86.0,WNW,2.74,3.86,1027.09,0.0,0.0,0.0,0.0,IMELBO1849.csv
2022/12/21,03:09 AM,12.72,10.39,86.0,WNW,3.7,5.31,1027.09,0.0,0.0,0.0,0.0,IMELBO1849.csv
2022/12/21,03:14 AM,12.67,10.33,86.0,WNW,2.9,4.34,1026.75,0.0,0.0,0.0,0.0,IMELBO1849.csv
2022/12/21,03:19 AM,12.61,10.28,86.0,WNW,1.93,2.74,1027.09,0.0,0.0,0.0,0.0,IMELBO1849.csv
2022/12/21,03:24 AM,12.61,10.28,86.0,WNW,2.74,4.02,1027.09,0.0,0.0,0.0,0.0,IMELBO1849.csv
2022/12/21,03:29 AM,12.5,10.22,86.0,NW,1.45,2.25,1027.09,0.0,0.0,0.0,0.0,IMELBO1849.csv
2022/12/21,03:34 AM,12.39,10.28,87.0,WNW,1.29,1.93,1027.09,0.0,0.0,0.0,0.0,IMELBO1849.csv
2022/12/21,03:39 AM,12.39,10.28,87.0,WNW,2.09,3.06,1027.09,0.0,0.0,0.0,0.0,IMELBO1849.csv
2022/12/21,03:44 AM,12.33,10.22,87.0,WNW,2.9,3.86,1027.09,0.0,0.0,0.0,0.0,IMELBO1849.csv
2022/12/21,03:49 AM,12.28,10.22,87.0,WNW,2.41,3.7,1027.09,0.0,0.0,0.0,0.0,IMELBO1849.csv
2022/12/21,03:54 AM,12.28,10.22,87.0,WNW,1.45,2.09,1027.09,0.0,0.0,0.0,0.0,IMELBO1849.csv
2022/12/21,03:59 AM,12.22,10.17,87.0,NW,2.09,3.54,1027.09,0.0,0.0,0.0,0.0,IMELBO1849.csv
2022/12/21,04:04 AM,12.22,10.17,88.0,WNW,2.9,3.7,1027.09,0.0,0.0,0.0,0.0,IMELBO1849.csv
2022/12/21,04:09 AM,12.17,10.17,88.0,WNW,1.61,2.25,1027.09,0.0,0.0,0.0,0.0,IMELBO1849.csv
2022/12/21,04:14 AM,12.11,10.11,88.0,WNW,2.09,2.74,1027.09,0.0,0.0,0.0,0.0,IMELBO1849.csv
2022/12/21,04:19 AM,12.0,10.0,88.0,WNW,2.74,3.7,1027.09,0.0,0.0,0.0,0.0,IMELBO1849.csv
2022/12/21,04:24 AM,12.0,10.0,88.0,WNW,1.45,2.41,1027.09,0.0,0.0,0.0,0.0,IMELBO1849.csv
2022/12/21,04:29 AM,12.0,10.0,88.0,WNW,2.41,3.38,1027.43,0.0,0.0,0.0,0.0,IMELBO1849.csv
2022/12/21,04:34 AM,11.94,9.94,88.0,WNW,1.61,2.25,1027.43,0.0,0.0,0.0,0.0,IMELBO1849.csv
2022/12/21,04:39 AM,12.0,10.0,88.0,NW,1.29,2.09,1027.43,0.0,0.0,0.0,0.0,IMELBO1849.csv
2022/12/21,04:44 AM,12.0,10.0,88.0,WNW,0.8,1.77,1027.43,0.0,0.0,0.0,0.0,IMELBO1849.csv
2022/12/21,04:49 AM,12.0,10.0,88.0,WNW,1.29,2.09,1027.09,0.0,0.0,0.0,0.0,IMELBO1849.csv
2022/12/21,04:54 AM,11.94,9.94,88.0,WNW,1.13,1.77,1027.43,0.0,0.0,0.0,0.0,IMELBO1849.csv
2022/12/21,04:59 AM,12.0,10.0,88.0,WNW,1.61,2.57,1027.43,0.0,0.0,0.0,0.0,IMELBO1849.csv
2022/12/21,05:04 AM,11.89,9.89,88.0,WNW,0.64,1.29,1027.43,0.0,0.0,0.0,0.0,IMELBO1849.csv
2022/12/21,05:09 AM,11.89,9.89,88.0,WNW,1.77,2.41,1027.77,0.0,0.0,0.0,0.0,IMELBO1849.csv
2022/12/21,05:14 AM,11.89,9.89,88.0,NW,2.41,3.86,1027.77,0.0,0.0,0.0,0.0,IMELBO1849.csv
2022/12/21,05:19 AM,11.78,9.89,89.0,WNW,0.32,0.97,1027.77,0.0,0.0,0.0,0.0,IMELBO1849.csv
2022/12/21,05:24 AM,11.78,9.94,89.0,NW,0.64,1.13,1027.77,0.0,0.0,0.0,0.0,IMELBO1849.csv
2022/12/21,05:29 AM,11.72,9.89,89.0,NNW,0.16,0.48,1027.43,0.0,0.0,0.0,0.0,IMELBO1849.csv
2022/12/21,05:34 AM,11.67,9.83,89.0,NNW,0.48,0.97,1027.43,0.0,0.0,0.0,0.0,IMELBO1849.csv
2022/12/21,05:39 AM,11.72,9.89,89.0,NNW,0.32,0.8,1027.43,0.0,0.0,0.0,0.0,IMELBO1849.csv
2022/12/21,05:44 AM,11.72,9.94,89.0,NNW,1.29,1.93,1027.43,0.0,0.0,0.0,0.0,IMELBO1849.csv
2022/12/21,05:49 AM,11.78,10.0,89.0,,1.45,2.09,1027.43,0.0,0.0,0.0,1.2,IMELBO1849.csv
2022/12/21,05:54 AM,11.78,10.0,89.0,,0.8,1.29,1027.43,0.0,0.0,0.0,1.7,IMELBO1849.csv
2022/12/21,05:59 AM,11.78,10.0,89.0,NNW,0.8,1.29,1027.43,0.0,0.0,0.0,3.4,IMELBO1849.csv
2022/12/21,06:04 AM,11.83,10.06,89.0,NW,0.8,1.61,1027.43,0.0,0.0,0.0,6.5,IMELBO1849.csv
2022/12/21,06:09 AM,11.89,10.11,89.0,WNW,0.8,1.77,1027.43,0.0,0.0,0.0,9.5,IMELBO1849.csv
2022/12/21,06:14 AM,11.94,10.17,89.0,NW,1.61,2.57,1027.77,0.0,0.0,0.0,13.3,IMELBO1849.csv
2022/12/21,06:19 AM,12.11,10.11,88.0,NW,1.93,2.74,1027.77,0.0,0.0,0.0,17.7,IMELBO1849.csv
2022/12/21,06:24 AM,12.17,10.17,88.0,NW,1.77,2.57,1027.77,0.0,0.0,0.0,25.6,IMELBO1849.csv
2022/12/21,06:29 AM,12.22,10.22,88.0,NW,0.97,1.61,1027.43,0.0,0.0,0.0,30.7,IMELBO1849.csv
2022/12/21,06:34 AM,12.28,10.28,88.0,NW,0.97,1.77,1027.77,0.0,0.0,0.0,35.5,IMELBO1849.csv
2022/12/21,06:39 AM,12.39,10.39,88.0,NW,1.61,2.57,1027.77,0.0,0.0,0.0,40.7,IMELBO1849.csv
2022/12/21,06:44 AM,12.56,10.44,87.0,WNW,1.29,1.77,1027.77,0.0,0.0,0.0,50.7,IMELBO1849.csv
2022/12/21,06:49 AM,12.67,10.56,87.0,WNW,0.48,0.97,1027.77,0.0,0.0,0.0,57.6,IMELBO1849.csv
2022/12/21,06:54 AM,12.89,10.67,86.0,NW,1.45,2.41,1027.77,0.0,0.0,0.0,66.8,IMELBO1849.csv
2022/12/21,06:59 AM,13.11,10.72,85.0,WNW,2.25,3.22,1027.77,0.0,0.0,0.0,69.7,IMELBO1849.csv
2022/12/21,07:04 AM,13.44,10.83,84.0,NNW,1.93,2.74,1028.11,0.0,0.0,0.0,87.6,IMELBO1849.csv
2022/12/21,07:09 AM,13.83,11.0,83.0,NNE,4.02,5.47,1028.11,0.0,0.0,0.0,99.7,IMELBO1849.csv
2022/12/21,07:14 AM,13.89,11.06,83.0,North,2.25,3.38,1028.11,0.0,0.0,0.0,94.9,IMELBO1849.csv
2022/12/21,07:19 AM,14.0,11.17,83.0,NNE,1.61,2.74,1028.11,0.0,0.0,1.0,110.6,IMELBO1849.csv
2022/12/21,07:24 AM,14.11,11.17,82.0,North,0.8,1.77,1027.77,0.0,0.0,1.0,110.1,IMELBO1849.csv
2022/12/21,07:29 AM,14.17,11.17,82.0,NNE,1.45,2.09,1028.11,0.0,0.0,0.0,98.4,IMELBO1849.csv
2022/12/21,07:34 AM,14.22,11.22,82.0,NNE,1.29,1.93,1027.77,0.0,0.0,1.0,131.9,IMELBO1849.csv
2022/12/21,07:39 AM,14.28,11.22,82.0,NNE,1.13,1.77,1028.11,0.0,0.0,1.0,157.8,IMELBO1849.csv
2022/12/21,07:44 AM,14.5,11.28,81.0,,0.8,1.61,1027.77,0.0,0.0,1.0,178.6,IMELBO1849.csv
2022/12/21,07:49 AM,15.17,11.5,79.0,NE,1.61,2.09,1027.77,0.0,0.0,1.0,201.2,IMELBO1849.csv
2022/12/21,07:54 AM,15.39,11.56,78.0,,1.93,2.9,1027.77,0.0,0.0,1.0,200.8,IMELBO1849.csv
2022/12/21,07:59 AM,15.28,11.61,79.0,NNW,1.29,1.93,1028.11,0.0,0.0,2.0,214.2,IMELBO1849.csv
2022/12/21,08:04 AM,15.5,11.67,78.0,NW,2.09,2.57,1027.77,0.0,0.0,2.0,248.5,IMELBO1849.csv
2022/12/21,08:09 AM,15.94,11.78,76.0,,1.93,2.74,1027.77,0.0,0.0,2.0,296.7,IMELBO1849.csv
2022/12/21,08:14 AM,16.56,12.0,74.0,NNE,2.57,4.02,1027.77,0.0,0.0,2.0,301.0,IMELBO1849.csv
2022/12/21,08:19 AM,16.83,12.06,73.0,NE,2.25,3.22,1027.77,0.0,0.0,3.0,311.0,IMELBO1849.csv
2022/12/21,08:24 AM,16.83,12.28,74.0,East,3.54,4.99,1027.77,0.0,0.0,2.0,282.4,IMELBO1849.csv
2022/12/21,08:29 AM,16.94,12.44,75.0,ENE,3.22,4.67,1027.77,0.0,0.0,3.0,313.2,IMELBO1849.csv
2022/12/21,08:34 AM,17.22,12.56,74.0,East,3.86,5.15,1027.77,0.0,0.0,3.0,335.7,IMELBO1849.csv
2022/12/21,08:39 AM,17.28,12.44,73.0,East,4.67,6.11,1027.77,0.0,0.0,3.0,383.0,IMELBO1849.csv
2022/12/21,08:44 AM,17.67,12.61,72.0,East,4.99,6.6,1027.43,0.0,0.0,3.0,408.1,IMELBO1849.csv
2022/12/21,08:49 AM,18.17,12.94,71.0,ENE,3.38,4.51,1027.43,0.0,0.0,3.0,373.5,IMELBO1849.csv
2022/12/21,08:54 AM,18.89,13.11,69.0,ENE,4.34,5.79,1027.43,0.0,0.0,4.0,419.9,IMELBO1849.csv
2022/12/21,08:59 AM,19.5,13.28,67.0,ENE,5.63,7.88,1027.43,0.0,0.0,4.0,476.7,IMELBO1849.csv
2022/12/21,09:04 AM,20.0,12.94,64.0,NE,6.6,9.01,1027.43,0.0,0.0,4.0,478.8,IMELBO1849.csv
2022/12/21,09:09 AM,20.28,12.5,61.0,ENE,9.65,13.52,1027.09,0.0,0.0,2.0,301.4,IMELBO1849.csv
2022/12/21,09:14 AM,20.39,12.06,59.0,NE,8.21,11.91,1027.43,0.0,0.0,3.0,327.0,IMELBO1849.csv
2022/12/21,09:19 AM,20.61,11.67,57.0,NE,9.65,14.64,1027.43,0.0,0.0,2.0,290.5,IMELBO1849.csv
2022/12/21,09:24 AM,20.56,11.22,55.0,NNE,9.01,12.55,1027.43,0.0,0.0,3.0,371.8,IMELBO1849.csv
2022/12/21,09:29 AM,21.0,11.22,54.0,NE,8.37,11.75,1027.09,0.0,0.0,3.0,396.5,IMELBO1849.csv
2022/12/21,09:34 AM,21.11,11.0,52.0,NE,10.62,15.93,1027.43,0.0,0.0,3.0,361.3,IMELBO1849.csv
2022/12/21,09:39 AM,20.94,11.0,53.0,NE,9.81,14.48,1027.09,0.0,0.0,4.0,419.9,IMELBO1849.csv
2022/12/21,09:44 AM,21.44,11.11,52.0,NNE,9.49,13.84,1027.09,0.0,0.0,5.0,567.4,IMELBO1849.csv
2022/12/21,09:49 AM,22.22,11.28,50.0,NNE,9.49,14.16,1027.09,0.0,0.0,5.0,592.5,IMELBO1849.csv
2022/12/21,09:54 AM,22.67,11.44,49.0,NNE,9.01,12.87,1026.75,0.0,0.0,5.0,596.9,IMELBO1849.csv
2022/12/21,09:59 AM,23.28,11.67,48.0,NE,9.98,13.52,1026.75,0.0,0.0,6.0,628.9,IMELBO1849.csv
2022/12/21,10:04 AM,23.33,11.61,48.0,NE,9.49,13.19,1026.75,0.0,0.0,6.0,621.2,IMELBO1849.csv
2022/12/21,10:09 AM,23.61,11.72,47.0,NE,9.33,13.52,1026.75,0.0,0.0,6.0,662.8,IMELBO1849.csv
2022/12/21,10:14 AM,23.83,11.83,47.0,NE,8.53,11.58,1026.75,0.0,0.0,6.0,639.0,IMELBO1849.csv
2022/12/21,10:19 AM,24.22,12.22,47.0,ENE,8.21,11.42,1026.41,0.0,0.0,6.0,678.5,IMELBO1849.csv
2022/12/21,10:24 AM,24.28,12.28,47.0,ENE,7.88,11.42,1026.41,0.0,0.0,6.0,693.7,IMELBO1849.csv
2022/12/21,10:29 AM,24.89,12.67,47.0,ENE,9.33,12.39,1026.41,0.0,0.0,6.0,619.9,IMELBO1849.csv
2022/12/21,10:34 AM,24.67,12.33,46.0,NE,6.92,9.81,1026.41,0.0,0.0,4.0,432.5,IMELBO1849.csv
2022/12/21,10:39 AM,24.33,12.44,48.0,NE,5.95,7.88,1026.41,0.0,0.0,5.0,529.6,IMELBO1849.csv
2022/12/21,10:44 AM,24.61,12.5,47.0,NE,7.4,10.62,1026.41,0.0,0.0,5.0,596.4,IMELBO1849.csv
2022/12/21,10:49 AM,25.06,12.56,46.0,NE,6.28,8.37,1026.41,0.0,0.0,6.0,646.3,IMELBO1849.csv
2022/12/21,10:54 AM,25.33,13.17,47.0,ENE,5.63,8.04,1026.41,0.0,0.0,6.0,665.0,IMELBO1849.csv
2022/12/21,10:59 AM,25.11,13.22,48.0,East,7.56,10.14,1026.41,0.0,0.0,7.0,744.4,IMELBO1849.csv
2022/12/21,11:04 AM,25.11,13.11,47.0,East,7.08,9.33,1026.41,0.0,0.0,7.0,763.9,IMELBO1849.csv
2022/12/21,11:09 AM,25.56,13.33,47.0,ENE,6.44,8.37,1026.41,0.0,0.0,6.0,682.8,IMELBO1849.csv
2022/12/21,11:14 AM,25.67,13.22,46.0,NE,5.47,7.72,1026.41,0.0,0.0,6.0,674.6,IMELBO1849.csv
2022/12/21,11:19 AM,26.17,12.94,44.0,NNE,7.56,10.78,1026.08,0.0,0.0,7.0,738.8,IMELBO1849.csv
2022/12/21,11:24 AM,26.44,13.39,44.0,NE,6.11,8.37,1026.08,0.0,0.0,7.0,760.0,IMELBO1849.csv
2022/12/21,11:29 AM,26.5,12.89,43.0,ENE,7.56,10.94,1026.08,0.0,0.0,7.0,793.0,IMELBO1849.csv
2022/12/21,11:34 AM,26.83,12.28,40.0,NE,8.04,10.62,1026.08,0.0,0.0,8.0,829.4,IMELBO1849.csv
2022/12/21,11:39 AM,27.06,12.22,40.0,East,8.04,10.62,1026.08,0.0,0.0,8.0,838.5,IMELBO1849.csv
2022/12/21,11:44 AM,27.39,12.39,39.0,NE,6.44,9.17,1025.74,0.0,0.0,7.0,789.4,IMELBO1849.csv
2022/12/21,11:49 AM,27.39,12.44,39.0,NE,7.24,10.3,1025.74,0.0,0.0,6.0,679.3,IMELBO1849.csv
2022/12/21,11:54 AM,27.28,12.39,40.0,ENE,7.72,10.78,1025.74,0.0,0.0,6.0,655.5,IMELBO1849.csv
2022/12/21,11:59 AM,27.28,12.33,39.0,ENE,8.53,12.71,1025.74,0.0,0.0,5.0,561.3,IMELBO1849.csv
2022/12/21,12:04 PM,27.33,12.44,40.0,NE,7.08,10.3,1025.74,0.0,0.0,6.0,670.2,IMELBO1849.csv
2022/12/21,12:09 PM,27.33,12.39,40.0,ENE,8.37,11.26,1025.4,0.0,0.0,7.0,771.2,IMELBO1849.csv
2022/12/21,12:14 PM,27.67,12.67,40.0,NE,7.72,11.58,1025.4,0.0,0.0,8.0,882.3,IMELBO1849.csv
2022/12/21,12:19 PM,28.11,12.61,38.0,NNE,7.08,9.49,1025.4,0.0,0.0,8.0,832.4,IMELBO1849.csv
2022/12/21,12:24 PM,28.11,12.33,38.0,NNE,5.63,7.88,1025.4,0.0,0.0,8.0,853.7,IMELBO1849.csv
2022/12/21,12:29 PM,28.83,12.11,36.0,NNE,6.28,9.33,1025.4,0.0,0.0,8.0,873.2,IMELBO1849.csv
2022/12/21,12:34 PM,28.61,11.89,36.0,NNW,4.02,5.95,1025.4,0.0,0.0,6.0,661.5,IMELBO1849.csv
2022/12/21,12:39 PM,28.39,11.89,36.0,NNE,6.92,9.65,1025.4,0.0,0.0,8.0,826.4,IMELBO1849.csv
2022/12/21,12:44 PM,28.83,11.78,35.0,NNE,5.95,8.04,1025.4,0.0,0.0,8.0,897.1,IMELBO1849.csv
2022/12/21,12:49 PM,29.39,12.06,34.0,North,5.95,8.04,1025.4,0.0,0.0,7.0,741.4,IMELBO1849.csv
2022/12/21,12:54 PM,28.94,12.06,35.0,NNE,6.76,9.81,1025.06,0.0,0.0,7.0,723.1,IMELBO1849.csv
2022/12/21,12:59 PM,29.0,11.89,35.0,NE,6.92,9.81,1025.06,0.0,0.0,7.0,779.0,IMELBO1849.csv
2022/12/21,01:04 PM,29.06,12.0,35.0,NE,6.92,9.81,1025.06,0.0,0.0,4.0,500.1,IMELBO1849.csv
2022/12/21,01:09 PM,28.33,11.83,36.0,NE,7.88,11.26,1025.4,0.0,0.0,4.0,502.7,IMELBO1849.csv
2022/12/21,01:14 PM,28.39,11.83,36.0,NNE,8.04,11.75,1025.06,0.0,0.0,5.0,525.3,IMELBO1849.csv
2022/12/21,01:19 PM,28.28,11.83,36.0,NNE,7.56,10.94,1025.06,0.0,0.0,5.0,609.0,IMELBO1849.csv
2022/12/21,01:24 PM,28.5,11.72,35.0,North,6.28,8.21,1025.06,0.0,0.0,6.0,658.4,IMELBO1849.csv
2022/12/21,01:29 PM,28.94,11.28,34.0,North,6.6,9.98,1025.06,0.0,0.0,6.0,646.3,IMELBO1849.csv
2022/12/21,01:34 PM,29.11,9.22,29.0,WNW,7.24,10.3,1025.06,0.0,0.0,6.0,642.4,IMELBO1849.csv
2022/12/21,01:39 PM,29.0,9.67,30.0,NW,7.24,10.46,1025.06,0.0,0.0,5.0,603.4,IMELBO1849.csv
2022/12/21,01:44 PM,28.78,9.5,30.0,NNE,4.67,6.92,1025.06,0.0,0.0,5.0,576.1,IMELBO1849.csv
2022/12/21,01:49 PM,29.0,8.83,28.0,NW,5.15,7.88,1024.72,0.0,0.0,4.0,505.4,IMELBO1849.csv
2022/12/21,01:54 PM,29.0,8.83,28.0,WNW,4.83,6.76,1024.72,0.0,0.0,5.0,533.1,IMELBO1849.csv
2022/12/21,01:59 PM,29.06,9.22,29.0,WNW,4.02,5.63,1024.38,0.0,0.0,6.0,619.4,IMELBO1849.csv
2022/12/21,02:04 PM,28.89,8.94,29.0,NW,4.02,5.95,1024.38,0.0,0.0,5.0,534.8,IMELBO1849.csv
2022/12/21,02:09 PM,29.06,8.72,28.0,NW,3.06,4.67,1024.38,0.0,0.0,4.0,472.0,IMELBO1849.csv
2022/12/21,02:14 PM,29.17,9.0,28.0,NW,3.86,5.31,1024.38,0.0,0.0,5.0,608.6,IMELBO1849.csv
2022/12/21,02:19 PM,29.39,9.44,29.0,NW,4.02,5.31,1024.38,0.0,0.0,6.0,629.4,IMELBO1849.csv
2022/12/21,02:24 PM,29.06,9.5,30.0,WNW,3.86,6.28,1024.38,0.0,0.0,5.0,524.0,IMELBO1849.csv
2022/12/21,02:29 PM,28.83,9.17,29.0,WNW,6.28,8.21,1024.38,0.0,0.0,5.0,609.0,IMELBO1849.csv
2022/12/21,02:34 PM,29.11,9.61,30.0,WSW,2.25,3.54,1024.38,0.0,0.0,6.0,638.1,IMELBO1849.csv
2022/12/21,02:39 PM,29.61,9.44,29.0,West,4.34,6.11,1024.38,0.0,0.0,6.0,703.2,IMELBO1849.csv
2022/12/21,02:44 PM,29.11,8.89,28.0,NW,5.63,8.04,1024.04,0.0,0.0,7.0,744.4,IMELBO1849.csv
2022/12/21,02:49 PM,29.44,9.17,28.0,WNW,4.34,6.11,1024.04,0.0,0.0,6.0,684.5,IMELBO1849.csv
2022/12/21,02:54 PM,29.72,9.44,28.0,NNW,4.34,5.79,1024.04,0.0,0.0,5.0,573.9,IMELBO1849.csv
2022/12/21,02:59 PM,29.33,9.94,30.0,ENE,3.7,4.83,1024.04,0.0,0.0,5.0,604.2,IMELBO1849.csv
2022/12/21,03:04 PM,28.83,9.39,30.0,NE,4.99,6.92,1024.04,0.0,0.0,5.0,596.0,IMELBO1849.csv
2022/12/21,03:09 PM,28.89,8.94,29.0,NE,2.74,4.02,1024.04,0.0,0.0,4.0,447.6,IMELBO1849.csv
2022/12/21,03:14 PM,28.89,8.89,29.0,North,3.06,4.34,1024.04,0.0,0.0,5.0,535.7,IMELBO1849.csv
2022/12/21,03:19 PM,29.11,9.0,28.0,,3.22,4.83,1023.71,0.0,0.0,5.0,551.4,IMELBO1849.csv
2022/12/21,03:24 PM,29.67,9.72,29.0,NNE,4.67,6.6,1023.71,0.0,0.0,4.0,505.4,IMELBO1849.csv
2022/12/21,03:29 PM,29.0,11.61,34.0,ENE,5.47,7.72,1023.71,0.0,0.0,5.0,522.7,IMELBO1849.csv
2022/12/21,03:34 PM,28.39,11.72,36.0,East,8.37,10.94,1023.71,0.0,0.0,4.0,489.3,IMELBO1849.csv
2022/12/21,03:39 PM,28.28,11.78,36.0,ENE,7.88,10.78,1023.71,0.0,0.0,4.0,484.5,IMELBO1849.csv
2022/12/21,03:44 PM,28.72,11.33,34.0,NE,4.83,6.76,1023.71,0.0,0.0,4.0,497.9,IMELBO1849.csv
2022/12/21,03:49 PM,29.33,9.56,29.0,North,4.67,6.92,1023.71,0.0,0.0,6.0,697.6,IMELBO1849.csv
2022/12/21,03:54 PM,30.06,9.89,29.0,North,2.25,3.22,1023.71,0.0,0.0,7.0,718.7,IMELBO1849.csv
2022/12/21,03:59 PM,30.11,10.0,29.0,,4.34,6.92,1023.71,0.0,0.0,7.0,735.2,IMELBO1849.csv
2022/12/21,04:04 PM,29.89,9.83,29.0,NW,6.44,8.69,1023.37,0.0,0.0,8.0,831.2,IMELBO1849.csv
2022/12/21,04:09 PM,29.17,9.39,29.0,West,2.9,4.67,1023.37,0.0,0.0,7.0,822.0,IMELBO1849.csv
2022/12/21,04:14 PM,29.28,9.72,30.0,NNW,3.22,4.34,1023.37,0.0,0.0,7.0,721.8,IMELBO1849.csv
2022/12/21,04:19 PM,29.72,10.0,29.0,NNE,5.95,8.21,1023.37,0.0,0.0,6.0,694.5,IMELBO1849.csv
2022/12/21,04:24 PM,29.72,9.94,29.0,NNW,4.67,7.08,1023.37,0.0,0.0,6.0,638.1,IMELBO1849.csv
2022/12/21,04:29 PM,29.83,10.06,29.0,North,5.31,7.24,1023.37,0.0,0.0,5.0,559.1,IMELBO1849.csv
2022/12/21,04:34 PM,29.72,9.94,29.0,NW,3.22,4.51,1023.37,0.0,0.0,5.0,526.2,IMELBO1849.csv
2022/12/21,04:39 PM,29.67,10.06,30.0,,2.74,3.7,1023.37,0.0,0.0,5.0,550.0,IMELBO1849.csv
2022/12/21,04:44 PM,29.89,10.11,29.0,,3.7,4.83,1023.03,0.0,0.0,5.0,591.6,IMELBO1849.csv
2022/12/21,04:49 PM,30.0,10.11,29.0,NNE,3.54,4.99,1023.03,0.0,0.0,6.0,619.9,IMELBO1849.csv
2022/12/21,04:54 PM,29.78,9.67,29.0,NE,2.57,3.86,1023.03,0.0,0.0,6.0,624.7,IMELBO1849.csv
2022/12/21,04:59 PM,29.78,9.72,29.0,NW,3.22,4.67,1022.69,0.0,0.0,4.0,479.3,IMELBO1849.csv
2022/12/21,05:04 PM,29.22,9.5,29.0,West,4.18,5.63,1022.69,0.0,0.0,3.0,351.4,IMELBO1849.csv
2022/12/21,05:09 PM,28.89,9.33,29.0,NNW,1.77,2.74,1022.69,0.0,0.0,2.0,302.3,IMELBO1849.csv
2022/12/21,05:14 PM,29.06,9.22,29.0,NNE,1.45,2.25,1022.69,0.0,0.0,2.0,274.5,IMELBO1849.csv
2022/12/21,05:19 PM,28.83,9.33,30.0,NNE,5.31,7.4,1022.69,0.0,0.0,2.0,248.5,IMELBO1849.csv
2022/12/21,05:24 PM,28.61,9.33,30.0,NE,5.31,7.24,1022.69,0.0,0.0,2.0,222.9,IMELBO1849.csv
2022/12/21,05:29 PM,28.33,9.94,32.0,NE,4.67,6.44,1022.69,0.0,0.0,1.0,192.6,IMELBO1849.csv
2022/12/21,05:34 PM,28.22,10.67,33.0,NNE,5.15,6.92,1022.69,0.0,0.0,1.0,201.2,IMELBO1849.csv
2022/12/21,05:39 PM,28.17,10.78,34.0,NNE,5.15,7.08,1022.69,0.0,0.0,1.0,201.2,IMELBO1849.csv
2022/12/21,05:44 PM,27.94,10.67,34.0,NNE,7.08,10.14,1022.35,0.0,0.0,1.0,184.4,IMELBO1849.csv
2022/12/21,05:49 PM,27.78,10.56,34.0,NNE,7.08,9.65,1022.69,0.0,0.0,1.0,173.0,IMELBO1849.csv
2022/12/21,05:54 PM,27.72,10.5,34.0,NNE,5.79,7.56,1022.69,0.0,0.0,1.0,159.5,IMELBO1849.csv
2022/12/21,05:59 PM,27.5,10.28,34.0,NNE,6.28,8.04,1022.69,0.0,0.0,1.0,143.5,IMELBO1849.csv
2022/12/21,06:04 PM,27.5,10.28,34.0,NNE,5.15,6.76,1022.69,0.0,0.0,1.0,131.4,IMELBO1849.csv
2022/12/21,06:09 PM,27.28,10.11,34.0,NNE,6.6,8.69,1022.69,0.0,0.0,1.0,119.6,IMELBO1849.csv
2022/12/21,06:14 PM,27.17,9.94,34.0,NNE,6.92,9.65,1022.69,0.0,0.0,1.0,115.4,IMELBO1849.csv
2022/12/21,06:19 PM,27.11,10.28,35.0,NNE,5.31,7.08,1022.69,0.0,0.0,1.0,116.6,IMELBO1849.csv
2022/12/21,06:24 PM,27.11,10.22,35.0,NNE,4.99,7.08,1022.69,0.0,0.0,1.0,114.9,IMELBO1849.csv
2022/12/21,06:29 PM,26.89,10.0,35.0,NNE,6.6,9.81,1022.69,0.0,0.0,1.0,110.1,IMELBO1849.csv
2022/12/21,06:34 PM,26.78,9.83,34.0,NNE,5.47,7.72,1022.69,0.0,0.0,1.0,105.0,IMELBO1849.csv
2022/12/21,06:39 PM,26.78,9.72,34.0,North,4.83,6.6,1023.03,0.0,0.0,0.0,98.0,IMELBO1849.csv
2022/12/21,06:44 PM,26.78,9.78,34.0,North,3.86,5.47,1023.03,0.0,0.0,0.0,92.7,IMELBO1849.csv
2022/12/21,06:49 PM,26.72,9.89,35.0,,3.7,4.99,1022.69,0.0,0.0,0.0,88.4,IMELBO1849.csv
2022/12/21,06:54 PM,26.72,10.0,35.0,,3.22,4.51,1023.03,0.0,0.0,0.0,84.0,IMELBO1849.csv
2022/12/21,06:59 PM,26.67,10.11,36.0,North,3.38,4.67,1023.03,0.0,0.0,0.0,79.8,IMELBO1849.csv
2022/12/21,07:04 PM,26.44,10.5,37.0,NNE,4.34,6.11,1023.03,0.0,0.0,0.0,74.1,IMELBO1849.csv
2022/12/21,07:09 PM,26.28,10.61,37.0,NNW,3.7,5.31,1023.03,0.0,0.0,0.0,68.5,IMELBO1849.csv
2022/12/21,07:14 PM,26.17,10.78,38.0,NNW,3.54,4.99,1023.03,0.0,0.0,0.0,64.6,IMELBO1849.csv
2022/12/21,07:19 PM,26.11,10.72,38.0,NNW,3.06,4.18,1022.69,0.0,0.0,0.0,59.3,IMELBO1849.csv
2022/12/21,07:24 PM,26.0,10.61,38.0,North,1.93,2.57,1023.03,0.0,0.0,0.0,52.8,IMELBO1849.csv
2022/12/21,07:29 PM,25.89,10.39,38.0,North,2.57,3.86,1023.03,0.0,0.0,0.0,46.4,IMELBO1849.csv
2022/12/21,07:34 PM,25.78,10.22,38.0,NNE,2.74,4.18,1023.03,0.0,0.0,0.0,40.2,IMELBO1849.csv
2022/12/21,07:39 PM,25.72,10.28,38.0,North,1.93,2.74,1022.69,0.0,0.0,0.0,33.4,IMELBO1849.csv
2022/12/21,07:44 PM,25.67,10.22,38.0,NW,1.45,2.41,1022.69,0.0,0.0,0.0,28.1,IMELBO1849.csv
2022/12/21,07:49 PM,25.56,10.11,38.0,North,1.29,2.09,1022.69,0.0,0.0,0.0,23.4,IMELBO1849.csv
2022/12/21,07:54 PM,25.5,10.17,38.0,,0.8,1.61,1022.69,0.0,0.0,0.0,19.9,IMELBO1849.csv
2022/12/21,07:59 PM,25.39,10.11,38.0,NNW,0.32,0.64,1023.03,0.0,0.0,0.0,16.0,IMELBO1849.csv
2022/12/21,08:04 PM,25.28,10.11,38.0,NNW,0.48,0.8,1022.69,0.0,0.0,0.0,13.3,IMELBO1849.csv
2022/12/21,08:09 PM,25.22,9.94,38.0,NNW,0.97,1.77,1022.69,0.0,0.0,0.0,11.3,IMELBO1849.csv
2022/12/21,08:14 PM,25.22,10.33,39.0,NNW,2.41,3.54,1022.69,0.0,0.0,0.0,9.5,IMELBO1849.csv
2022/12/21,08:19 PM,25.11,10.56,40.0,NNW,2.09,2.57,1023.03,0.0,0.0,0.0,6.9,IMELBO1849.csv
2022/12/21,08:24 PM,25.0,10.39,40.0,NNW,1.29,2.09,1022.69,0.0,0.0,0.0,4.3,IMELBO1849.csv
2022/12/21,08:29 PM,24.94,10.22,40.0,NNW,0.16,0.48,1023.03,0.0,0.0,0.0,2.6,IMELBO1849.csv
2022/12/21,08:34 PM,24.83,10.0,39.0,NNW,0.64,1.29,1022.69,0.0,0.0,0.0,1.2,IMELBO1849.csv
2022/12/21,08:39 PM,24.78,10.22,40.0,NNW,0.16,0.32,1022.69,0.0,0.0,0.0,0.4,IMELBO1849.csv
2022/12/21,08:44 PM,24.56,10.11,40.0,NNW,0.16,0.32,1023.03,0.0,0.0,0.0,0.0,IMELBO1849.csv
2022/12/21,08:49 PM,24.44,10.11,40.0,NNW,0.0,0.0,1023.03,0.0,0.0,0.0,0.0,IMELBO1849.csv
2022/12/21,08:54 PM,24.28,10.28,41.0,NNW,0.0,0.0,1023.03,0.0,0.0,0.0,0.0,IMELBO1849.csv
2022/12/21,08:59 PM,24.17,10.39,42.0,NNW,0.0,0.32,1023.37,0.0,0.0,0.0,0.0,IMELBO1849.csv
2022/12/21,09:04 PM,24.11,10.28,42.0,NNW,0.0,0.32,1023.03,0.0,0.0,0.0,0.0,IMELBO1849.csv
2022/12/21,09:09 PM,24.11,10.39,42.0,NNW,0.0,0.0,1023.37,0.0,0.0,0.0,0.0,IMELBO1849.csv
2022/12/21,09:14 PM,23.94,10.28,42.0,NNW,0.0,0.0,1023.37,0.0,0.0,0.0,0.0,IMELBO1849.csv
2022/12/21,09:19 PM,23.89,10.33,42.0,NNW,0.0,0.16,1023.37,0.0,0.0,0.0,0.0,IMELBO1849.csv
2022/12/21,09:24 PM,24.0,10.28,42.0,NNW,0.0,0.0,1023.71,0.0,0.0,0.0,0.0,IMELBO1849.csv
2022/12/21,09:29 PM,23.83,10.39,43.0,NNW,0.0,0.0,1023.37,0.0,0.0,0.0,0.0,IMELBO1849.csv
2022/12/21,09:34 PM,23.72,10.72,44.0,NNW,0.0,0.0,1023.37,0.0,0.0,0.0,0.0,IMELBO1849.csv
2022/12/21,09:39 PM,23.61,10.72,44.0,NNW,0.8,1.77,1023.37,0.0,0.0,0.0,0.0,IMELBO1849.csv
2022/12/21,09:44 PM,23.78,10.67,44.0,NNW,1.61,2.74,1023.37,0.0,0.0,0.0,0.0,IMELBO1849.csv
2022/12/21,09:49 PM,23.72,11.0,45.0,NW,0.16,0.32,1023.37,0.0,0.0,0.0,0.0,IMELBO1849.csv
2022/12/21,09:54 PM,23.5,11.33,46.0,NW,0.97,1.61,1023.37,0.0,0.0,0.0,0.0,IMELBO1849.csv
2022/12/21,09:59 PM,23.33,12.28,50.0,NW,3.54,4.99,1023.37,0.0,0.0,0.0,0.0,IMELBO1849.csv
2022/12/21,10:04 PM,22.94,13.83,56.0,WNW,3.7,4.83,1023.37,0.0,0.0,0.0,0.0,IMELBO1849.csv
2022/12/21,10:09 PM,22.56,14.56,60.0,NW,3.86,5.31,1023.71,0.0,0.0,0.0,0.0,IMELBO1849.csv
2022/12/21,10:14 PM,22.28,14.89,63.0,WNW,3.06,4.34,1023.71,0.0,0.0,0.0,0.0,IMELBO1849.csv
2022/12/21,10:19 PM,22.06,15.72,67.0,WNW,4.83,6.6,1023.71,0.0,0.0,0.0,0.0,IMELBO1849.csv
2022/12/21,10:24 PM,21.56,15.78,70.0,WNW,3.7,5.15,1023.37,0.0,0.0,0.0,0.0,IMELBO1849.csv
2022/12/21,10:29 PM,21.33,15.78,71.0,WNW,3.7,4.83,1023.71,0.0,0.0,0.0,0.0,IMELBO1849.csv
2022/12/21,10:34 PM,21.17,15.72,71.0,WNW,3.38,4.51,1023.37,0.0,0.0,0.0,0.0,IMELBO1849.csv
2022/12/21,10:39 PM,21.11,15.72,71.0,WNW,2.57,3.86,1023.37,0.0,0.0,0.0,0.0,IMELBO1849.csv
2022/12/21,10:44 PM,21.06,15.78,72.0,WNW,3.54,5.15,1023.71,0.0,0.0,0.0,0.0,IMELBO1849.csv
2022/12/21,10:49 PM,20.89,15.72,72.0,WNW,3.38,4.83,1023.71,0.0,0.0,0.0,0.0,IMELBO1849.csv
2022/12/21,10:54 PM,20.83,15.72,72.0,WNW,2.25,3.38,1023.37,0.0,0.0,0.0,0.0,IMELBO1849.csv
2022/12/21,10:59 PM,20.72,15.72,73.0,WNW,1.77,3.06,1023.37,0.0,0.0,0.0,0.0,IMELBO1849.csv
2022/12/21,11:04 PM,20.61,15.61,73.0,West,1.93,2.74,1023.37,0.0,0.0,0.0,0.0,IMELBO1849.csv
2022/12/21,11:09 PM,20.61,15.61,73.0,West,0.8,1.13,1023.37,0.0,0.0,0.0,0.0,IMELBO1849.csv
2022/12/21,11:14 PM,20.5,15.61,73.0,NW,3.38,4.51,1023.37,0.0,0.0,0.0,0.0,IMELBO1849.csv
2022/12/21,11:19 PM,20.5,15.72,74.0,WNW,3.54,5.15,1023.37,0.0,0.0,0.0,0.0,IMELBO1849.csv
2022/12/21,11:24 PM,20.39,15.61,74.0,WNW,3.86,5.47,1023.37,0.0,0.0,0.0,0.0,IMELBO1849.csv
2022/12/21,11:29 PM,20.28,15.5,74.0,NW,3.38,4.83,1023.71,0.0,0.0,0.0,0.0,IMELBO1849.csv
2022/12/21,11:34 PM,20.22,15.56,74.0,NW,5.79,7.88,1023.71,0.0,0.0,0.0,0.0,IMELBO1849.csv
2022/12/21,11:39 PM,20.11,15.61,75.0,WNW,4.83,6.6,1023.71,0.0,0.0,0.0,0.0,IMELBO1849.csv
2022/12/21,11:44 PM,20.06,15.56,75.0,WNW,5.63,7.72,1023.37,0.0,0.0,0.0,0.0,IMELBO1849.csv
2022/12/21,11:49 PM,20.0,15.5,75.0,WNW,3.86,5.63,1023.37,0.0,0.0,0.0,0.0,IMELBO1849.csv
2022/12/21,11:54 PM,20.0,15.5,75.0,WNW,3.38,4.83,1023.37,0.0,0.0,0.0,0.0,IMELBO1849.csv
2022/12/21,11:59 PM,20.0,15.5,75.0,WNW,3.7,4.99,1023.37,0.0,0.0,0.0,0.0,IMELBO1849.csv
2022/12/22,12:04 AM,19.94,15.44,75.0,WNW,2.57,3.54,1023.03,0.0,0.0,0.0,0.0,IMELBO1849.csv
2022/12/22,12:09 AM,19.89,15.39,75.0,WSW,1.13,1.77,1023.03,0.0,0.0,0.0,0.0,IMELBO1849.csv
2022/12/22,12:14 AM,19.89,15.5,76.0,WNW,1.13,2.09,1023.03,0.0,0.0,0.0,0.0,IMELBO1849.csv
2022/12/22,12:19 AM,19.78,15.39,76.0,WNW,2.25,3.38,1023.03,0.0,0.0,0.0,0.0,IMELBO1849.csv
2022/12/22,12:24 AM,19.78,15.39,76.0,WNW,2.57,3.86,1023.03,0.0,0.0,0.0,0.0,IMELBO1849.csv
2022/12/22,12:29 AM,19.67,15.28,76.0,WNW,4.02,5.47,1023.03,0.0,0.0,0.0,0.0,IMELBO1849.csv
2022/12/22,12:34 AM,19.61,15.33,76.0,WNW,3.54,4.67,1023.03,0.0,0.0,0.0,0.0,IMELBO1849.csv
2022/12/22,12:39 AM,19.5,15.28,77.0,WNW,3.06,4.34,1023.03,0.0,0.0,0.0,0.0,IMELBO1849.csv
2022/12/22,12:44 AM,19.39,15.28,77.0,WNW,3.22,4.18,1023.03,0.0,0.0,0.0,0.0,IMELBO1849.csv
2022/12/22,12:49 AM,19.28,15.39,78.0,WNW,4.18,5.47,1023.03,0.0,0.0,0.0,0.0,IMELBO1849.csv
2022/12/22,12:54 AM,19.22,15.28,78.0,WNW,2.74,3.7,1023.03,0.0,0.0,0.0,0.0,IMELBO1849.csv
2022/12/22,12:59 AM,19.17,15.28,78.0,West,0.97,1.45,1023.03,0.0,0.0,0.0,0.0,IMELBO1849.csv
2022/12/22,01:04 AM,19.11,15.22,78.0,West,1.29,2.25,1022.69,0.0,0.0,0.0,0.0,IMELBO1849.csv
2022/12/22,01:09 AM,19.0,15.28,79.0,WNW,2.57,3.86,1022.69,0.0,0.0,0.0,0.0,IMELBO1849.csv
2022/12/22,01:14 AM,18.94,15.22,79.0,WNW,2.09,3.06,1022.69,0.0,0.0,0.0,0.0,IMELBO1849.csv
2022/12/22,01:19 AM,18.83,15.17,79.0,WNW,2.41,3.86,1022.69,0.0,0.0,0.0,0.0,IMELBO1849.csv
2022/12/22,01:24 AM,18.78,15.17,79.0,WNW,1.45,2.74,1022.69,0.0,0.0,0.0,0.0,IMELBO1849.csv
2022/12/22,01:29 AM,18.78,15.28,80.0,WNW,1.45,2.41,1022.69,0.0,0.0,0.0,0.0,IMELBO1849.csv
2022/12/22,01:34 AM,18.72,15.22,80.0,West,1.29,1.93,1022.69,0.0,0.0,0.0,0.0,IMELBO1849.csv
2022/12/22,01:39 AM,18.61,15.11,80.0,WNW,1.29,1.93,1022.69,0.0,0.0,0.0,0.0,IMELBO1849.csv
2022/12/22,01:44 AM,18.61,15.11,80.0,WNW,1.93,3.06,1022.35,0.0,0.0,0.0,0.0,IMELBO1849.csv
2022/12/22,01:49 AM,18.61,15.11,80.0,WNW,2.9,4.02,1022.35,0.0,0.0,0.0,0.0,IMELBO1849.csv
2022/12/22,01:54 AM,18.5,15.17,81.0,WNW,2.74,4.02,1022.35,0.0,0.0,0.0,0.0,IMELBO1849.csv
2022/12/22,01:59 AM,18.39,15.11,81.0,WNW,1.45,2.25,1022.69,0.0,0.0,0.0,0.0,IMELBO1849.csv
2022/12/22,02:04 AM,18.28,15.0,81.0,WNW,1.61,2.57,1022.69,0.0,0.0,0.0,0.0,IMELBO1849.csv
2022/12/22,02:09 AM,18.17,14.83,81.0,WSW,1.93,2.74,1022.35,0.0,0.0,0.0,0.0,IMELBO1849.csv
2022/12/22,02:14 AM,18.06,14.72,81.0,West,1.93,2.74,1022.35,0.0,0.0,0.0,0.0,IMELBO1849.csv
2022/12/22,02:19 AM,18.0,14.72,81.0,WNW,2.57,3.86,1022.35,0.0,0.0,0.0,0.0,IMELBO1849.csv
2022/12/22,02:24 AM,17.94,14.72,82.0,West,1.77,2.74,1022.35,0.0,0.0,0.0,0.0,IMELBO1849.csv
2022/12/22,02:29 AM,17.78,14.72,82.0,WSW,1.45,2.41,1022.35,0.0,0.0,0.0,0.0,IMELBO1849.csv
2022/12/22,02:34 AM,17.72,14.67,82.0,West,0.8,1.45,1022.35,0.0,0.0,0.0,0.0,IMELBO1849.csv
2022/12/22,02:39 AM,17.67,14.56,82.0,West,1.45,2.25,1022.35,0.0,0.0,0.0,0.0,IMELBO1849.csv
2022/12/22,02:44 AM,17.61,14.5,82.0,WSW,1.45,2.41,1022.35,0.0,0.0,0.0,0.0,IMELBO1849.csv
2022/12/22,02:49 AM,17.5,14.61,83.0,WNW,0.64,1.29,1022.35,0.0,0.0,0.0,0.0,IMELBO1849.csv
2022/12/22,02:54 AM,17.5,14.61,83.0,WNW,0.16,0.32,1022.35,0.0,0.0,0.0,0.0,IMELBO1849.csv
2022/12/22,02:59 AM,17.5,14.39,82.0,WNW,1.29,2.09,1022.35,0.0,0.0,0.0,0.0,IMELBO1849.csv
2022/12/22,03:04 AM,17.5,14.39,82.0,WNW,1.61,2.41,1022.35,0.0,0.0,0.0,0.0,IMELBO1849.csv
2022/12/22,03:09 AM,17.5,14.39,82.0,WSW,1.45,2.25,1022.35,0.0,0.0,0.0,0.0,IMELBO1849.csv
2022/12/22,03:14 AM,17.5,14.39,82.0,West,0.8,1.45,1022.35,0.0,0.0,0.0,0.0,IMELBO1849.csv
2022/12/22,03:19 AM,17.44,14.5,83.0,West,1.29,2.09,1022.35,0.0,0.0,0.0,0.0,IMELBO1849.csv
2022/12/22,03:24 AM,17.39,14.5,83.0,WNW,0.64,1.13,1022.01,0.0,0.0,0.0,0.0,IMELBO1849.csv
2022/12/22,03:29 AM,17.39,14.5,83.0,WNW,1.13,1.77,1022.35,0.0,0.0,0.0,0.0,IMELBO1849.csv
2022/12/22,03:34 AM,17.33,14.44,83.0,WNW,2.74,3.54,1022.35,0.0,0.0,0.0,0.0,IMELBO1849.csv
2022/12/22,03:39 AM,17.28,14.61,84.0,WNW,2.41,3.06,1022.35,0.0,0.0,0.0,0.0,IMELBO1849.csv
2022/12/22,03:44 AM,17.22,14.5,84.0,WNW,2.25,3.06,1022.35,0.0,0.0,0.0,0.0,IMELBO1849.csv
2022/12/22,03:49 AM,17.22,14.5,84.0,WNW,1.45,2.57,1022.35,0.0,0.0,0.0,0.0,IMELBO1849.csv
2022/12/22,03:54 AM,17.11,14.44,84.0,WNW,3.06,4.34,1022.35,0.0,0.0,0.0,0.0,IMELBO1849.csv
2022/12/22,03:59 AM,17.11,14.56,85.0,WNW,4.99,6.44,1022.35,0.0,0.0,0.0,0.0,IMELBO1849.csv
2022/12/22,04:04 AM,17.06,14.56,85.0,WNW,3.54,4.99,1022.35,0.0,0.0,0.0,0.0,IMELBO1849.csv
2022/12/22,04:09 AM,16.94,14.44,85.0,WNW,3.7,5.47,1022.35,0.0,0.0,0.0,0.0,IMELBO1849.csv
2022/12/22,04:14 AM,16.78,14.5,86.0,WNW,2.9,4.02,1022.35,0.0,0.0,0.0,0.0,IMELBO1849.csv
2022/12/22,04:19 AM,16.78,14.44,86.0,NW,5.31,7.4,1022.69,0.0,0.0,0.0,0.0,IMELBO1849.csv
2022/12/22,04:24 AM,16.78,14.5,86.0,WNW,3.86,4.99,1022.69,0.0,0.0,0.0,0.0,IMELBO1849.csv
2022/12/22,04:29 AM,16.72,14.44,86.0,WNW,6.28,8.53,1022.69,0.0,0.0,0.0,0.0,IMELBO1849.csv
2022/12/22,04:34 AM,16.72,14.39,86.0,WNW,3.54,5.31,1022.69,0.0,0.0,0.0,0.0,IMELBO1849.csv
2022/12/22,04:39 AM,16.72,14.39,86.0,WNW,3.38,5.31,1022.69,0.0,0.0,0.0,0.0,IMELBO1849.csv
2022/12/22,04:44 AM,16.72,14.39,86.0,WNW,3.54,4.67,1022.69,0.0,0.0,0.0,0.0,IMELBO1849.csv
2022/12/22,04:49 AM,16.72,14.39,86.0,WNW,3.54,4.83,1022.69,0.0,0.0,0.0,0.0,IMELBO1849.csv
2022/12/22,04:54 AM,16.72,14.44,86.0,WNW,2.41,3.7,1022.69,0.0,0.0,0.0,0.0,IMELBO1849.csv
2022/12/22,04:59 AM,16.83,14.56,86.0,WNW,1.13,1.77,1022.69,0.0,0.0,0.0,0.0,IMELBO1849.csv
2022/12/22,05:04 AM,16.89,14.72,87.0,WNW,2.25,3.38,1023.03,0.0,0.0,0.0,0.0,IMELBO1849.csv
2022/12/22,05:09 AM,16.78,14.67,87.0,WNW,2.25,3.38,1022.69,0.0,0.0,0.0,0.0,IMELBO1849.csv
2022/12/22,05:14 AM,16.72,14.61,87.0,WNW,2.74,3.86,1022.69,0.0,0.0,0.0,0.0,IMELBO1849.csv
2022/12/22,05:19 AM,16.61,14.61,88.0,WNW,1.45,1.77,1023.03,0.0,0.0,0.0,0.0,IMELBO1849.csv
2022/12/22,05:24 AM,16.61,14.61,88.0,NW,1.29,1.93,1023.03,0.0,0.0,0.0,0.0,IMELBO1849.csv
2022/12/22,05:29 AM,16.61,14.61,88.0,WNW,1.45,2.41,1023.03,0.0,0.0,0.0,0.0,IMELBO1849.csv
2022/12/22,05:34 AM,16.61,14.61,88.0,NW,0.8,1.29,1023.03,0.0,0.0,0.0,0.0,IMELBO1849.csv
2022/12/22,05:39 AM,16.61,14.61,88.0,WNW,1.77,2.57,1023.03,0.0,0.0,0.0,0.0,IMELBO1849.csv
2022/12/22,05:44 AM,16.72,14.72,88.0,WNW,1.93,2.9,1023.03,0.0,0.0,0.0,0.0,IMELBO1849.csv
2022/12/22,05:49 AM,16.72,14.89,89.0,WNW,0.48,0.64,1023.03,1.78,0.25,0.0,0.0,IMELBO1849.csv
2022/12/22,05:54 AM,16.67,14.83,89.0,WNW,0.8,1.45,1023.03,1.78,0.25,0.0,0.0,IMELBO1849.csv
2022/12/22,05:59 AM,16.61,14.89,90.0,WNW,0.0,0.0,1023.03,1.78,0.25,0.0,0.0,IMELBO1849.csv
2022/12/22,06:04 AM,16.5,14.89,90.0,NW,0.32,0.8,1023.03,1.27,0.51,0.0,0.0,IMELBO1849.csv
2022/12/22,06:09 AM,16.5,15.0,90.0,NNW,1.45,2.09,1023.37,1.27,0.51,0.0,0.0,IMELBO1849.csv
2022/12/22,06:14 AM,16.5,15.11,91.0,NNW,0.16,0.8,1023.37,1.27,0.51,0.0,0.0,IMELBO1849.csv
2022/12/22,06:19 AM,16.5,15.11,91.0,NNW,0.48,0.64,1023.71,1.78,0.76,0.0,1.2,IMELBO1849.csv
2022/12/22,06:24 AM,16.44,15.06,91.0,NNW,1.61,2.57,1023.37,6.6,1.52,0.0,3.8,IMELBO1849.csv
2022/12/22,06:29 AM,16.39,15.0,91.0,NNW,0.48,1.45,1023.71,7.87,2.03,0.0,9.1,IMELBO1849.csv
2022/12/22,06:34 AM,16.33,14.94,91.0,NNW,0.64,1.61,1023.71,7.87,2.29,0.0,11.3,IMELBO1849.csv
2022/12/22,06:39 AM,16.22,14.83,91.0,NW,0.8,1.29,1023.71,4.83,2.54,0.0,7.7,IMELBO1849.csv
2022/12/22,06:44 AM,16.17,14.83,92.0,WNW,0.48,0.97,1023.71,6.1,3.05,0.0,3.8,IMELBO1849.csv
2022/12/22,06:49 AM,16.06,14.72,92.0,WNW,0.8,1.77,1023.71,6.1,3.56,0.0,2.1,IMELBO1849.csv
2022/12/22,06:54 AM,16.0,14.72,92.0,WNW,0.64,1.13,1023.71,6.1,4.06,0.0,1.2,IMELBO1849.csv
2022/12/22,06:59 AM,15.89,14.61,92.0,WNW,0.97,1.61,1024.04,7.87,4.83,0.0,0.9,IMELBO1849.csv
2022/12/22,07:04 AM,15.89,14.67,92.0,NW,1.13,1.93,1024.04,7.87,5.33,0.0,1.2,IMELBO1849.csv
2022/12/22,07:09 AM,15.78,14.61,93.0,NNW,1.45,2.41,1023.71,7.87,5.33,0.0,2.1,IMELBO1849.csv
2022/12/22,07:14 AM,15.72,14.5,93.0,NNW,1.45,1.93,1024.04,3.05,5.59,0.0,2.9,IMELBO1849.csv
2022/12/22,07:19 AM,15.61,14.39,93.0,NNW,1.29,2.09,1024.04,1.27,5.59,0.0,5.6,IMELBO1849.csv
2022/12/22,07:24 AM,15.61,14.39,93.0,,1.13,1.77,1024.04,1.27,5.59,0.0,3.8,IMELBO1849.csv
2022/12/22,07:29 AM,15.61,14.39,93.0,North,1.13,1.77,1024.04,0.0,5.59,0.0,12.1,IMELBO1849.csv
2022/12/22,07:34 AM,15.67,14.44,93.0,North,0.97,1.77,1023.71,0.0,5.59,0.0,16.9,IMELBO1849.csv
2022/12/22,07:39 AM,15.67,14.44,93.0,North,0.97,1.61,1024.04,0.0,5.59,0.0,17.7,IMELBO1849.csv
2022/12/22,07:44 AM,15.78,14.56,93.0,North,1.61,2.57,1024.04,0.0,5.59,0.0,23.4,IMELBO1849.csv
2022/12/22,07:49 AM,15.78,14.61,93.0,North,2.41,3.22,1024.04,0.0,5.59,0.0,28.6,IMELBO1849.csv
2022/12/22,07:54 AM,15.89,14.72,93.0,North,2.09,2.74,1023.71,0.0,5.59,0.0,29.5,IMELBO1849.csv
2022/12/22,07:59 AM,15.78,14.61,93.0,NNE,2.9,3.86,1024.04,0.0,5.59,0.0,25.6,IMELBO1849.csv
2022/12/22,08:04 AM,15.83,14.67,93.0,NNE,2.41,3.06,1024.04,0.0,5.59,0.0,22.5,IMELBO1849.csv
2022/12/22,08:09 AM,15.89,14.72,93.0,NNE,1.61,2.41,1024.04,0.0,5.59,0.0,28.6,IMELBO1849.csv
2022/12/22,08:14 AM,16.0,14.78,93.0,NNE,2.09,2.74,1024.04,0.0,5.59,0.0,32.9,IMELBO1849.csv
2022/12/22,08:19 AM,16.11,14.89,93.0,NE,3.7,4.67,1024.38,0.0,5.59,0.0,43.8,IMELBO1849.csv
2022/12/22,08:24 AM,16.11,14.89,93.0,NE,2.74,3.38,1024.04,0.0,5.59,0.0,52.8,IMELBO1849.csv
2022/12/22,08:29 AM,16.11,14.89,93.0,NNE,1.93,2.41,1024.04,0.0,5.59,0.0,86.2,IMELBO1849.csv
2022/12/22,08:34 AM,16.22,15.0,93.0,NE,3.06,3.7,1024.04,0.0,5.59,1.0,114.5,IMELBO1849.csv
2022/12/22,08:39 AM,16.22,15.06,93.0,NE,2.41,2.9,1024.04,0.0,5.59,1.0,153.0,IMELBO1849.csv
2022/12/22,08:44 AM,16.39,15.22,93.0,NE,2.57,3.38,1023.71,0.0,5.59,1.0,199.0,IMELBO1849.csv
2022/12/22,08:49 AM,16.72,15.5,93.0,NE,1.61,2.09,1023.71,0.0,5.59,1.0,186.4,IMELBO1849.csv
2022/12/22,08:54 AM,16.94,15.72,93.0,NE,0.8,1.61,1023.71,0.0,5.59,1.0,176.9,IMELBO1849.csv
2022/12/22,08:59 AM,16.94,15.72,92.0,NE,1.45,2.25,1024.04,0.0,5.59,1.0,123.2,IMELBO1849.csv
2022/12/22,09:04 AM,17.06,15.67,91.0,NE,2.25,3.06,1023.71,0.0,5.59,0.0,97.1,IMELBO1849.csv
2022/12/22,09:09 AM,17.17,15.72,91.0,NE,1.29,1.77,1024.04,0.0,5.59,0.0,93.2,IMELBO1849.csv
2022/12/22,09:14 AM,17.22,15.72,91.0,NE,0.97,1.61,1024.04,0.0,5.59,0.0,65.9,IMELBO1849.csv
2022/12/22,09:19 AM,17.22,15.5,90.0,ENE,1.61,1.93,1024.04,0.0,5.59,1.0,130.9,IMELBO1849.csv
2022/12/22,09:24 AM,17.22,15.39,89.0,NE,1.77,2.41,1024.04,0.0,5.59,1.0,158.7,IMELBO1849.csv
2022/12/22,09:29 AM,17.56,15.67,89.0,NE,1.29,1.61,1024.04,0.0,5.59,1.0,161.7,IMELBO1849.csv
2022/12/22,09:34 AM,17.61,15.61,89.0,NE,1.93,3.06,1024.04,0.0,5.59,1.0,141.8,IMELBO1849.csv
2022/12/22,09:39 AM,17.78,15.72,88.0,NE,2.74,3.54,1024.04,0.0,5.59,0.0,91.5,IMELBO1849.csv
2022/12/22,09:44 AM,17.72,15.67,88.0,NE,2.25,2.74,1024.04,0.0,5.59,1.0,111.0,IMELBO1849.csv
2022/12/22,09:49 AM,17.83,15.94,89.0,NE,2.25,2.74,1024.04,0.0,5.59,1.0,196.0,IMELBO1849.csv
2022/12/22,09:54 AM,17.89,16.0,89.0,NE,2.74,4.02,1024.04,0.0,5.59,2.0,225.5,IMELBO1849.csv
2022/12/22,09:59 AM,18.06,16.11,89.0,NE,2.9,4.02,1024.04,0.0,5.59,2.0,207.7,IMELBO1849.csv
2022/12/22,10:04 AM,18.22,16.11,88.0,NE,3.06,4.02,1023.71,0.0,5.59,2.0,220.7,IMELBO1849.csv
2022/12/22,10:09 AM,18.28,16.11,87.0,East,4.51,6.11,1023.71,0.0,5.59,2.0,263.8,IMELBO1849.csv
2022/12/22,10:14 AM,18.61,16.22,86.0,East,4.02,5.47,1023.37,0.0,5.59,2.0,272.0,IMELBO1849.csv
2022/12/22,10:19 AM,18.83,16.22,85.0,ENE,4.18,5.63,1023.37,0.0,5.59,2.0,238.6,IMELBO1849.csv
2022/12/22,10:24 AM,19.06,16.17,83.0,East,5.15,6.76,1023.71,0.0,5.59,2.0,269.8,IMELBO1849.csv
2022/12/22,10:29 AM,19.17,16.11,83.0,NE,4.51,6.11,1023.71,0.0,5.59,2.0,284.5,IMELBO1849.csv
2022/12/22,10:34 AM,19.44,16.22,82.0,NE,3.86,4.99,1023.37,0.0,5.59,3.0,376.1,IMELBO1849.csv
2022/12/22,10:39 AM,19.83,16.5,81.0,ENE,5.15,6.44,1023.03,0.0,5.59,3.0,373.9,IMELBO1849.csv
2022/12/22,10:44 AM,20.44,16.89,80.0,East,3.54,4.67,1023.03,0.0,5.59,5.0,593.0,IMELBO1849.csv
2022/12/22,10:49 AM,21.39,17.06,76.0,ESE,4.02,5.15,1023.37,0.0,5.59,10.0,1094.1,IMELBO1849.csv
2022/12/22,10:54 AM,22.0,16.89,73.0,East,5.63,7.88,1023.37,0.0,5.59,10.0,1061.9,IMELBO1849.csv
2022/12/22,10:59 AM,21.83,16.22,71.0,East,6.6,8.85,1023.37,0.0,5.59,4.0,489.7,IMELBO1849.csv
2022/12/22,11:04 AM,21.5,15.72,70.0,ESE,5.47,6.76,1023.03,0.0,5.59,9.0,950.9,IMELBO1849.csv
2022/12/22,11:09 AM,22.11,15.89,68.0,ESE,5.47,6.92,1023.03,0.0,5.59,9.0,994.2,IMELBO1849.csv
2022/12/22,11:14 AM,22.61,16.17,67.0,East,3.38,4.83,1023.03,0.0,5.59,7.0,794.2,IMELBO1849.csv
2022/12/22,11:19 AM,22.78,15.61,64.0,East,5.47,7.4,1023.03,0.0,5.59,9.0,948.7,IMELBO1849.csv
2022/12/22,11:24 AM,22.94,15.39,63.0,East,4.51,5.95,1023.03,0.0,5.59,8.0,907.0,IMELBO1849.csv
2022/12/22,11:29 AM,23.44,15.67,62.0,ESE,4.51,5.79,1022.69,0.0,5.59,9.0,944.8,IMELBO1849.csv
2022/12/22,11:34 AM,23.44,15.33,60.0,ESE,4.67,6.44,1022.69,0.0,5.59,8.0,880.2,IMELBO1849.csv
2022/12/22,11:39 AM,23.94,15.39,59.0,East,5.31,7.24,1022.69,0.0,5.59,8.0,917.5,IMELBO1849.csv
2022/12/22,11:44 AM,23.89,15.17,58.0,ESE,4.51,6.11,1022.69,0.0,5.59,7.0,806.0,IMELBO1849.csv
2022/12/22,11:49 AM,23.61,15.22,59.0,East,5.47,7.08,1022.69,0.0,5.59,2.0,268.5,IMELBO1849.csv
2022/12/22,11:54 AM,23.39,15.11,59.0,East,2.9,3.54,1022.69,0.0,5.59,2.0,222.5,IMELBO1849.csv
2022/12/22,11:59 AM,23.33,15.22,60.0,ESE,3.54,4.83,1022.69,0.0,5.59,2.0,249.4,IMELBO1849.csv
2022/12/22,12:04 PM,23.5,15.11,60.0,ESE,4.83,6.28,1022.69,0.0,5.59,4.0,447.3,IMELBO1849.csv
2022/12/22,12:09 PM,23.72,15.17,59.0,ESE,4.02,5.95,1022.69,0.0,5.59,9.0,986.0,IMELBO1849.csv
2022/12/22,12:14 PM,23.83,15.11,58.0,ESE,7.08,9.33,1022.35,0.0,5.59,10.0,1128.7,IMELBO1849.csv
2022/12/22,12:19 PM,24.28,15.22,57.0,East,5.31,6.92,1022.35,0.0,5.59,11.0,1170.8,IMELBO1849.csv
2022/12/22,12:24 PM,25.0,15.33,55.0,East,2.09,3.06,1022.35,0.0,5.59,10.0,1060.7,IMELBO1849.csv
2022/12/22,12:29 PM,25.11,15.67,56.0,ESE,4.99,6.6,1022.01,0.0,5.59,3.0,354.8,IMELBO1849.csv
2022/12/22,12:34 PM,24.11,15.17,58.0,SE,3.54,4.51,1022.35,0.0,5.59,5.0,587.3,IMELBO1849.csv
2022/12/22,12:39 PM,24.5,15.61,58.0,SE,3.38,4.51,1022.01,0.0,5.59,9.0,958.6,IMELBO1849.csv
2022/12/22,12:44 PM,25.61,16.0,55.0,ESE,3.86,4.99,1022.01,0.0,5.59,8.0,880.2,IMELBO1849.csv
2022/12/22,12:49 PM,25.44,17.17,60.0,SSE,5.95,8.53,1022.01,0.0,5.59,8.0,893.2,IMELBO1849.csv
2022/12/22,12:54 PM,24.78,17.78,65.0,SE,5.47,8.04,1022.01,0.0,5.59,8.0,924.0,IMELBO1849.csv
2022/12/22,12:59 PM,24.61,17.94,67.0,SSE,6.76,9.65,1021.67,0.0,5.59,9.0,927.9,IMELBO1849.csv
2022/12/22,01:04 PM,24.28,17.94,68.0,SSE,6.6,10.3,1021.67,0.0,5.59,6.0,694.5,IMELBO1849.csv
2022/12/22,01:09 PM,23.33,17.5,70.0,South,8.53,11.58,1021.67,0.0,5.59,8.0,888.4,IMELBO1849.csv
2022/12/22,01:14 PM,23.61,17.5,69.0,South,5.95,8.04,1021.67,0.0,5.59,8.0,853.7,IMELBO1849.csv
2022/12/22,01:19 PM,23.72,17.39,68.0,SSE,4.18,6.44,1021.33,0.0,5.59,1.0,143.5,IMELBO1849.csv
2022/12/22,01:24 PM,23.28,17.22,69.0,North,5.47,8.21,1021.33,0.0,5.59,0.0,99.3,IMELBO1849.csv
2022/12/22,01:29 PM,22.78,17.17,70.0,South,4.02,5.95,1021.33,0.0,5.59,0.0,70.2,IMELBO1849.csv
2022/12/22,01:34 PM,22.78,17.22,71.0,SSW,6.11,8.85,1021.0,0.0,5.59,0.0,55.4,IMELBO1849.csv
2022/12/22,01:39 PM,22.44,17.5,74.0,SSW,5.79,8.21,1021.67,3.05,6.1,0.0,43.3,IMELBO1849.csv
2022/12/22,01:44 PM,21.78,18.22,80.0,SW,6.28,8.37,1021.67,12.7,7.62,0.0,31.6,IMELBO1849.csv
2022/12/22,01:49 PM,20.5,17.94,85.0,SW,8.37,11.75,1021.67,21.59,9.65,0.0,23.9,IMELBO1849.csv
2022/12/22,01:54 PM,19.5,17.28,87.0,West,5.95,8.69,1022.01,49.78,16.0,0.0,20.8,IMELBO1849.csv
2022/12/22,01:59 PM,16.89,14.33,85.0,NE,6.28,9.01,1022.01,73.15,21.84,0.0,25.6,IMELBO1849.csv
2022/12/22,02:04 PM,16.11,13.06,82.0,East,5.95,8.04,1022.01,68.33,23.62,0.0,34.3,IMELBO1849.csv
2022/12/22,02:09 PM,16.5,13.39,82.0,ENE,4.18,5.15,1021.67,46.23,24.64,0.0,54.2,IMELBO1849.csv
2022/12/22,02:14 PM,16.89,14.33,85.0,ENE,3.22,4.34,1021.67,16.76,24.64,0.0,68.0,IMELBO1849.csv
2022/12/22,02:19 PM,16.94,14.61,86.0,East,6.76,9.01,1021.67,6.1,24.89,1.0,107.5,IMELBO1849.csv
2022/12/22,02:24 PM,17.17,14.33,83.0,East,5.47,6.92,1021.67,1.27,24.89,3.0,398.6,IMELBO1849.csv
2022/12/22,02:29 PM,17.56,14.89,84.0,ENE,5.31,7.24,1021.67,1.27,24.89,15.0,1575.1,IMELBO1849.csv
2022/12/22,02:34 PM,18.5,15.72,84.0,ENE,4.67,6.11,1021.67,0.0,24.89,15.0,1658.9,IMELBO1849.csv
2022/12/22,02:39 PM,19.56,16.06,80.0,NE,5.31,7.4,1021.33,0.0,24.89,15.0,1562.6,IMELBO1849.csv
2022/12/22,02:44 PM,20.67,16.11,75.0,ENE,5.15,6.76,1021.33,0.0,24.89,13.0,1366.5,IMELBO1849.csv
2022/12/22,02:49 PM,21.5,16.11,72.0,ENE,4.83,6.6,1021.33,0.0,24.89,7.0,819.0,IMELBO1849.csv
2022/12/22,02:54 PM,22.17,15.78,67.0,ENE,4.99,6.6,1021.67,0.0,24.89,8.0,841.1,IMELBO1849.csv
2022/12/22,02:59 PM,22.39,15.83,67.0,ENE,6.11,7.88,1021.33,0.0,24.89,8.0,884.0,IMELBO1849.csv
2022/12/22,03:04 PM,22.5,15.67,65.0,East,7.24,9.33,1021.0,0.0,24.89,9.0,944.0,IMELBO1849.csv
2022/12/22,03:09 PM,22.11,15.39,66.0,ENE,6.28,8.21,1021.0,0.0,24.89,2.0,273.3,IMELBO1849.csv
2022/12/22,03:14 PM,22.17,15.22,65.0,East,6.11,8.04,1021.0,0.0,24.89,9.0,1000.3,IMELBO1849.csv
2022/12/22,03:19 PM,22.67,15.94,66.0,East,5.95,7.88,1021.0,0.0,24.89,3.0,364.3,IMELBO1849.csv
2022/12/22,03:24 PM,22.72,16.17,67.0,East,5.31,6.6,1020.66,0.0,24.89,2.0,288.5,IMELBO1849.csv
2022/12/22,03:29 PM,22.83,15.89,65.0,ENE,5.47,7.24,1020.32,0.0,24.89,9.0,983.5,IMELBO1849.csv
2022/12/22,03:34 PM,23.5,16.0,63.0,NE,5.47,7.24,1020.32,0.0,24.89,9.0,953.0,IMELBO1849.csv
2022/12/22,03:39 PM,23.89,16.44,63.0,ENE,3.86,5.47,1020.32,0.0,24.89,9.0,948.7,IMELBO1849.csv
2022/12/22,03:44 PM,24.33,16.78,63.0,East,6.6,9.01,1019.98,0.0,24.89,9.0,965.2,IMELBO1849.csv
2022/12/22,03:49 PM,24.72,16.83,62.0,ESE,6.44,8.21,1019.98,0.0,24.89,9.0,953.0,IMELBO1849.csv
2022/12/22,03:54 PM,24.89,16.61,60.0,East,5.79,8.04,1019.64,0.0,24.89,8.0,854.5,IMELBO1849.csv
2022/12/22,03:59 PM,25.17,16.72,60.0,East,7.08,9.17,1019.3,0.0,24.89,8.0,886.2,IMELBO1849.csv
2022/12/22,04:04 PM,25.39,16.56,58.0,East,6.28,8.04,1019.64,0.0,24.89,8.0,894.5,IMELBO1849.csv
2022/12/22,04:09 PM,25.17,16.17,57.0,ESE,3.86,4.83,1019.98,0.0,24.89,6.0,702.7,IMELBO1849.csv
2022/12/22,04:14 PM,24.89,16.11,58.0,ESE,3.22,4.51,1019.98,0.0,24.89,1.0,128.0,IMELBO1849.csv
2022/12/22,04:19 PM,24.67,15.72,57.0,ESE,4.18,4.99,1019.64,0.0,24.89,1.0,99.7,IMELBO1849.csv
2022/12/22,04:24 PM,24.39,15.56,58.0,ESE,4.34,5.31,1019.3,0.0,24.89,0.0,85.4,IMELBO1849.csv
2022/12/22,04:29 PM,24.22,15.67,59.0,ESE,6.28,7.88,1019.3,0.0,24.89,0.0,84.5,IMELBO1849.csv
2022/12/22,04:34 PM,24.11,15.61,59.0,ESE,5.31,6.92,1019.3,0.0,24.89,0.0,80.3,IMELBO1849.csv
2022/12/22,04:39 PM,23.94,15.39,59.0,East,5.47,7.24,1019.3,0.0,24.89,0.0,70.2,IMELBO1849.csv
2022/12/22,04:44 PM,23.94,15.39,59.0,East,6.6,9.01,1018.63,0.0,24.89,0.0,60.2,IMELBO1849.csv
2022/12/22,04:49 PM,23.78,15.28,59.0,ESE,5.31,7.56,1018.96,0.0,24.89,0.0,36.8,IMELBO1849.csv
2022/12/22,04:54 PM,23.72,15.33,60.0,SE,3.86,5.95,1019.64,0.0,24.89,0.0,7.3,IMELBO1849.csv
2022/12/22,04:59 PM,23.17,16.72,67.0,SW,14.8,21.24,1019.98,12.7,26.92,0.0,7.3,IMELBO1849.csv
2022/12/22,05:04 PM,18.11,15.94,87.0,SW,17.22,23.33,1021.33,84.07,38.86,0.0,15.2,IMELBO1849.csv
2022/12/22,05:09 PM,16.22,14.89,91.0,ESE,15.29,20.92,1021.0,108.71,43.69,0.0,30.7,IMELBO1849.csv
2022/12/22,05:14 PM,16.0,14.61,91.0,ESE,9.49,13.03,1019.98,100.33,44.45,0.0,30.7,IMELBO1849.csv
2022/12/22,05:19 PM,15.78,14.33,91.0,ESE,4.67,6.92,1021.0,33.53,44.96,0.0,21.2,IMELBO1849.csv
2022/12/22,05:24 PM,16.33,15.06,92.0,NNE,1.77,2.41,1021.67,8.89,45.97,0.0,55.4,IMELBO1849.csv
2022/12/22,05:29 PM,16.61,15.28,92.0,ESE,4.51,5.79,1021.33,8.89,46.23,0.0,65.4,IMELBO1849.csv
2022/12/22,05:34 PM,16.67,15.33,92.0,ESE,6.28,8.69,1021.0,7.87,46.23,0.0,53.7,IMELBO1849.csv
2022/12/22,05:39 PM,16.72,15.44,92.0,East,4.18,5.63,1021.0,1.78,46.23,0.0,61.2,IMELBO1849.csv
2022/12/22,05:44 PM,16.83,15.56,92.0,East,3.54,4.34,1021.0,0.0,46.23,0.0,61.2,IMELBO1849.csv
2022/12/22,05:49 PM,16.89,15.61,92.0,ENE,5.95,7.56,1020.66,0.0,46.23,0.0,50.3,IMELBO1849.csv
2022/12/22,05:54 PM,16.78,15.5,92.0,ENE,4.02,5.31,1020.66,0.0,46.23,0.0,52.5,IMELBO1849.csv
2022/12/22,05:59 PM,16.83,15.56,92.0,East,2.74,3.38,1021.0,0.0,46.23,0.0,48.6,IMELBO1849.csv
2022/12/22,06:04 PM,16.89,15.61,92.0,NE,1.77,2.41,1021.0,0.0,46.23,0.0,37.2,IMELBO1849.csv
2022/12/22,06:09 PM,17.0,15.72,92.0,ENE,1.77,2.57,1020.66,0.0,46.23,0.0,32.1,IMELBO1849.csv
2022/12/22,06:14 PM,17.06,15.72,92.0,East,2.25,3.38,1020.66,0.0,46.23,0.0,30.3,IMELBO1849.csv
2022/12/22,06:19 PM,17.06,15.72,92.0,NE,3.06,3.86,1021.0,0.0,46.23,0.0,33.4,IMELBO1849.csv
2022/12/22,06:24 PM,17.17,15.83,92.0,NE,0.32,0.8,1021.0,0.0,46.23,0.0,32.1,IMELBO1849.csv
2022/12/22,06:29 PM,17.28,16.11,93.0,NNE,3.7,4.67,1021.0,0.0,46.23,0.0,24.2,IMELBO1849.csv
2022/12/22,06:34 PM,17.17,15.89,93.0,NNE,3.86,5.63,1021.0,1.27,46.48,0.0,20.8,IMELBO1849.csv
2022/12/22,06:39 PM,17.0,15.78,93.0,NNE,5.95,7.88,1021.0,3.05,46.74,0.0,17.3,IMELBO1849.csv
2022/12/22,06:44 PM,17.0,15.72,93.0,NNE,5.15,7.24,1021.0,3.05,46.74,0.0,18.1,IMELBO1849.csv
2022/12/22,06:49 PM,17.0,15.78,92.0,North,2.41,3.54,1021.0,1.78,46.74,0.0,17.7,IMELBO1849.csv
2022/12/22,06:54 PM,17.22,16.0,93.0,,2.09,2.9,1021.0,0.0,46.74,0.0,15.2,IMELBO1849.csv
2022/12/22,06:59 PM,17.22,16.0,93.0,NNE,2.41,3.7,1021.0,1.27,46.99,0.0,18.6,IMELBO1849.csv
2022/12/22,07:04 PM,17.22,16.0,93.0,East,1.61,2.41,1021.33,1.27,46.99,0.0,18.1,IMELBO1849.csv
2022/12/22,07:09 PM,17.39,16.28,94.0,WSW,3.54,4.83,1021.67,1.27,46.99,0.0,17.7,IMELBO1849.csv
2022/12/22,07:14 PM,17.39,16.28,94.0,WSW,2.57,3.7,1022.01,0.0,46.99,0.0,8.6,IMELBO1849.csv
2022/12/22,07:19 PM,17.33,16.28,94.0,WNW,4.02,6.6,1022.01,0.0,46.99,0.0,12.5,IMELBO1849.csv
2022/12/22,07:24 PM,17.28,16.17,94.0,SW,2.74,3.7,1022.01,24.64,51.05,0.0,26.4,IMELBO1849.csv
2022/12/22,07:29 PM,17.11,16.0,94.0,East,7.24,9.17,1021.0,30.73,52.07,0.0,34.6,IMELBO1849.csv
2022/12/22,07:34 PM,17.0,15.89,94.0,ESE,1.93,3.22,1021.0,30.73,52.07,0.0,41.6,IMELBO1849.csv
2022/12/22,07:39 PM,17.22,16.11,94.0,SSW,3.38,4.51,1021.0,6.1,52.07,0.0,43.8,IMELBO1849.csv
2022/12/22,07:44 PM,17.06,15.94,94.0,ESE,2.57,3.38,1021.0,0.0,52.07,0.0,43.3,IMELBO1849.csv
2022/12/22,07:49 PM,16.89,15.78,94.0,ESE,0.32,0.8,1021.0,0.0,52.07,0.0,42.9,IMELBO1849.csv
2022/12/22,07:54 PM,17.17,16.06,94.0,ESE,1.13,1.61,1021.33,0.0,52.07,0.0,43.8,IMELBO1849.csv
2022/12/22,07:59 PM,17.39,16.28,94.0,North,3.86,5.31,1021.67,0.0,52.07,0.0,42.9,IMELBO1849.csv
2022/12/22,08:04 PM,17.5,16.39,94.0,NNW,4.02,5.95,1021.67,0.0,52.07,0.0,42.0,IMELBO1849.csv
2022/12/22,08:09 PM,17.33,16.22,94.0,North,3.7,4.99,1021.67,0.0,52.07,0.0,37.2,IMELBO1849.csv
2022/12/22,08:14 PM,17.28,16.17,94.0,,2.57,4.02,1021.67,0.0,52.07,0.0,39.0,IMELBO1849.csv
2022/12/22,08:19 PM,17.22,16.11,94.0,NNW,1.13,1.45,1021.67,0.0,52.07,0.0,33.8,IMELBO1849.csv
2022/12/22,08:24 PM,17.22,16.33,95.0,NNW,0.8,0.97,1021.67,0.0,52.07,0.0,25.9,IMELBO1849.csv
2022/12/22,08:29 PM,17.33,16.56,95.0,NNW,0.97,1.77,1022.01,0.0,52.07,0.0,15.5,IMELBO1849.csv
2022/12/22,08:34 PM,17.39,16.61,95.0,NNW,1.13,1.61,1022.01,0.0,52.07,0.0,9.1,IMELBO1849.csv
2022/12/22,08:39 PM,17.39,16.61,95.0,NNW,1.29,1.93,1022.01,0.0,52.07,0.0,5.1,IMELBO1849.csv
2022/12/22,08:44 PM,17.39,16.61,95.0,NNW,2.09,2.9,1022.01,0.0,52.07,0.0,2.9,IMELBO1849.csv
2022/12/22,08:49 PM,17.28,16.5,95.0,WNW,2.57,3.54,1022.01,0.0,52.07,0.0,0.9,IMELBO1849.csv
2022/12/22,08:54 PM,17.28,16.67,96.0,WSW,1.77,2.57,1022.01,0.0,52.07,0.0,0.0,IMELBO1849.csv
2022/12/22,08:59 PM,17.33,16.72,96.0,WSW,2.74,3.22,1022.01,0.0,52.07,0.0,0.0,IMELBO1849.csv
2022/12/22,09:04 PM,17.28,16.72,96.0,WSW,1.61,2.09,1022.01,0.0,52.07,0.0,0.0,IMELBO1849.csv
2022/12/22,09:09 PM,17.22,16.61,96.0,WSW,1.77,2.41,1022.01,0.0,52.07,0.0,0.0,IMELBO1849.csv
2022/12/22,09:14 PM,17.11,16.5,96.0,SW,2.57,3.38,1022.01,0.0,52.07,0.0,0.0,IMELBO1849.csv
2022/12/22,09:19 PM,17.22,16.61,96.0,SW,2.41,3.06,1022.01,0.0,52.07,0.0,0.0,IMELBO1849.csv
2022/12/22,09:24 PM,17.22,16.61,96.0,WSW,1.93,2.57,1022.01,0.0,52.07,0.0,0.0,IMELBO1849.csv
2022/12/22,09:29 PM,17.22,16.67,96.0,SW,2.25,3.06,1022.35,0.0,52.07,0.0,0.0,IMELBO1849.csv
2022/12/22,09:34 PM,17.17,16.56,96.0,SW,1.93,2.57,1022.01,0.0,52.07,0.0,0.0,IMELBO1849.csv
2022/12/22,09:39 PM,17.06,16.44,96.0,SW,0.16,0.32,1022.35,0.0,52.07,0.0,0.0,IMELBO1849.csv
2022/12/22,09:44 PM,16.89,16.28,96.0,SW,0.0,0.0,1022.69,0.0,52.07,0.0,0.0,IMELBO1849.csv
2022/12/22,09:49 PM,16.89,16.28,96.0,SW,0.0,0.0,1022.69,0.0,52.07,0.0,0.0,IMELBO1849.csv
2022/12/22,09:54 PM,16.83,16.22,96.0,SW,0.0,0.0,1023.03,0.0,52.07,0.0,0.0,IMELBO1849.csv
2022/12/22,09:59 PM,16.83,16.28,96.0,SW,0.48,0.64,1023.03,0.0,52.07,0.0,0.0,IMELBO1849.csv
2022/12/22,10:04 PM,17.0,16.39,96.0,WNW,1.45,2.09,1023.03,0.0,52.07,0.0,0.0,IMELBO1849.csv
2022/12/22,10:09 PM,17.0,16.39,96.0,NW,0.64,0.97,1023.03,0.0,52.07,0.0,0.0,IMELBO1849.csv
2022/12/22,10:14 PM,17.0,16.61,97.0,NW,0.48,0.64,1023.03,0.0,52.07,0.0,0.0,IMELBO1849.csv
2022/12/22,10:19 PM,17.06,16.67,97.0,NW,0.32,0.48,1023.03,0.0,52.07,0.0,0.0,IMELBO1849.csv
2022/12/22,10:24 PM,17.11,16.72,97.0,WNW,1.29,2.09,1023.37,0.0,52.07,0.0,0.0,IMELBO1849.csv
2022/12/22,10:29 PM,17.22,16.78,97.0,WNW,0.32,0.97,1023.71,0.0,52.07,0.0,0.0,IMELBO1849.csv
2022/12/22,10:34 PM,17.22,16.83,97.0,WNW,0.32,0.8,1023.37,0.0,52.07,0.0,0.0,IMELBO1849.csv
2022/12/22,10:39 PM,17.22,16.78,97.0,WNW,0.16,0.48,1023.37,0.0,52.07,0.0,0.0,IMELBO1849.csv
2022/12/22,10:44 PM,17.28,16.89,97.0,WNW,0.0,0.0,1023.37,0.0,52.07,0.0,0.0,IMELBO1849.csv
2022/12/22,10:49 PM,17.28,16.89,97.0,WNW,0.16,0.32,1023.37,0.0,52.07,0.0,0.0,IMELBO1849.csv
2022/12/22,10:54 PM,17.28,16.89,97.0,WNW,0.8,0.97,1023.03,0.0,52.07,0.0,0.0,IMELBO1849.csv
2022/12/22,10:59 PM,17.28,16.83,97.0,WNW,1.77,2.09,1023.37,0.0,52.07,0.0,0.0,IMELBO1849.csv
2022/12/22,11:04 PM,17.22,16.78,97.0,WNW,1.45,2.09,1023.37,0.0,52.07,0.0,0.0,IMELBO1849.csv
2022/12/22,11:09 PM,17.06,16.67,97.0,WNW,0.48,1.13,1023.37,0.0,52.07,0.0,0.0,IMELBO1849.csv
2022/12/22,11:14 PM,16.94,16.56,97.0,WNW,0.0,0.0,1023.37,0.0,52.07,0.0,0.0,IMELBO1849.csv
2022/12/22,11:19 PM,16.89,16.5,97.0,WNW,0.0,0.0,1023.37,0.0,52.07,0.0,0.0,IMELBO1849.csv
2022/12/22,11:24 PM,16.78,16.39,97.0,WNW,0.16,0.48,1023.03,0.0,52.07,0.0,0.0,IMELBO1849.csv
2022/12/22,11:29 PM,16.83,16.44,97.0,WNW,0.0,0.0,1023.03,0.0,52.07,0.0,0.0,IMELBO1849.csv
2022/12/22,11:34 PM,16.72,16.28,97.0,WNW,0.0,0.0,1023.03,0.0,52.07,0.0,0.0,IMELBO1849.csv
2022/12/22,11:39 PM,16.78,16.33,97.0,WNW,0.32,0.64,1023.03,0.0,52.07,0.0,0.0,IMELBO1849.csv
2022/12/22,11:44 PM,16.72,16.28,97.0,WNW,0.48,1.45,1023.03,0.0,52.07,0.0,0.0,IMELBO1849.csv
2022/12/22,11:49 PM,16.72,16.28,97.0,WNW,0.32,0.8,1023.03,0.0,52.07,0.0,0.0,IMELBO1849.csv
2022/12/22,11:54 PM,16.61,16.22,97.0,WNW,0.0,0.16,1023.03,0.0,52.07,0.0,0.0,IMELBO1849.csv
2022/12/22,11:59 PM,16.5,16.11,97.0,WNW,0.8,1.29,1023.03,0.0,52.07,0.0,0.0,IMELBO1849.csv
2022/12/23,12:04 AM,16.44,16.06,97.0,WNW,0.16,0.32,1023.03,0.0,0.0,0.0,0.0,IMELBO1849.csv
2022/12/23,12:09 AM,16.33,15.94,97.0,WNW,0.16,0.64,1023.03,0.0,0.0,0.0,0.0,IMELBO1849.csv
2022/12/23,12:14 AM,16.28,15.89,97.0,WNW,0.16,0.48,1023.03,0.0,0.0,0.0,0.0,IMELBO1849.csv
2022/12/23,12:19 AM,16.22,15.78,97.0,WNW,0.32,0.48,1023.03,0.0,0.0,0.0,0.0,IMELBO1849.csv
2022/12/23,12:24 AM,16.22,15.78,97.0,WNW,0.32,0.97,1023.03,0.0,0.0,0.0,0.0,IMELBO1849.csv
2022/12/23,12:29 AM,16.17,15.72,97.0,WNW,0.0,0.16,1023.03,0.0,0.0,0.0,0.0,IMELBO1849.csv
2022/12/23,12:34 AM,16.0,15.72,98.0,WNW,0.0,0.32,1023.03,0.0,0.0,0.0,0.0,IMELBO1849.csv
2022/12/23,12:39 AM,16.0,15.72,98.0,WNW,0.16,0.48,1023.37,0.0,0.0,0.0,0.0,IMELBO1849.csv
2022/12/23,12:44 AM,15.94,15.67,98.0,WNW,0.0,0.0,1023.03,0.0,0.0,0.0,0.0,IMELBO1849.csv
2022/12/23,12:49 AM,15.89,15.61,98.0,WNW,0.48,1.13,1023.03,0.0,0.0,0.0,0.0,IMELBO1849.csv
2022/12/23,12:54 AM,15.89,15.61,98.0,WNW,0.48,1.29,1023.03,0.0,0.0,0.0,0.0,IMELBO1849.csv
2022/12/23,12:59 AM,15.78,15.5,98.0,WNW,0.0,0.0,1023.03,0.0,0.0,0.0,0.0,IMELBO1849.csv
2022/12/23,01:04 AM,15.78,15.5,98.0,WNW,0.16,0.32,1023.03,0.0,0.0,0.0,0.0,IMELBO1849.csv
2022/12/23,01:09 AM,15.78,15.44,98.0,WNW,0.32,0.64,1022.69,0.0,0.0,0.0,0.0,IMELBO1849.csv
2022/12/23,01:14 AM,15.72,15.39,98.0,WNW,0.32,0.8,1023.03,0.0,0.0,0.0,0.0,IMELBO1849.csv
2022/12/23,01:19 AM,15.72,15.39,98.0,WNW,0.32,0.48,1023.37,0.0,0.0,0.0,0.0,IMELBO1849.csv
2022/12/23,01:24 AM,15.72,15.39,98.0,WNW,0.48,0.8,1023.03,0.0,0.0,0.0,0.0,IMELBO1849.csv
2022/12/23,01:29 AM,15.72,15.39,98.0,WNW,0.16,0.64,1023.03,0.0,0.0,0.0,0.0,IMELBO1849.csv
2022/12/23,01:34 AM,15.67,15.33,98.0,WNW,0.0,0.0,1023.03,0.0,0.0,0.0,0.0,IMELBO1849.csv
2022/12/23,01:39 AM,15.61,15.28,98.0,WNW,0.16,0.64,1023.03,0.0,0.0,0.0,0.0,IMELBO1849.csv
2022/12/23,01:44 AM,15.56,15.22,98.0,WNW,0.0,0.0,1023.03,0.0,0.0,0.0,0.0,IMELBO1849.csv
2022/12/23,01:49 AM,15.33,15.0,98.0,WNW,0.0,0.0,1023.03,0.0,0.0,0.0,0.0,IMELBO1849.csv
2022/12/23,01:54 AM,15.22,14.89,98.0,WNW,0.0,0.0,1023.03,0.0,0.0,0.0,0.0,IMELBO1849.csv
2022/12/23,01:59 AM,15.28,15.0,98.0,WNW,0.0,0.0,1023.03,0.0,0.0,0.0,0.0,IMELBO1849.csv
2022/12/23,02:04 AM,15.28,14.94,98.0,WNW,0.0,0.0,1022.69,0.0,0.0,0.0,0.0,IMELBO1849.csv
2022/12/23,02:09 AM,15.22,14.89,98.0,WNW,0.0,0.0,1022.69,0.0,0.0,0.0,0.0,IMELBO1849.csv
2022/12/23,02:14 AM,15.17,14.83,98.0,WNW,0.0,0.0,1022.69,0.0,0.0,0.0,0.0,IMELBO1849.csv
2022/12/23,02:19 AM,15.17,14.83,98.0,WNW,0.0,0.0,1022.69,0.0,0.0,0.0,0.0,IMELBO1849.csv
2022/12/23,02:24 AM,15.0,14.72,98.0,WNW,0.0,0.0,1022.69,0.0,0.0,0.0,0.0,IMELBO1849.csv
2022/12/23,02:29 AM,14.94,14.67,98.0,WNW,0.0,0.0,1022.69,0.0,0.0,0.0,0.0,IMELBO1849.csv
2022/12/23,02:34 AM,14.78,14.5,98.0,WNW,0.0,0.0,1022.69,0.0,0.0,0.0,0.0,IMELBO1849.csv
2022/12/23,02:39 AM,14.67,14.33,98.0,WNW,0.0,0.0,1022.69,0.0,0.0,0.0,0.0,IMELBO1849.csv
2022/12/23,02:44 AM,14.83,14.56,98.0,WNW,0.0,0.0,1022.69,0.0,0.0,0.0,0.0,IMELBO1849.csv
2022/12/23,02:49 AM,14.83,14.56,98.0,WNW,0.0,0.0,1022.69,0.0,0.0,0.0,0.0,IMELBO1849.csv
2022/12/23,02:54 AM,14.67,14.33,98.0,WNW,0.0,0.0,1022.69,0.0,0.0,0.0,0.0,IMELBO1849.csv
2022/12/23,02:59 AM,14.61,14.28,98.0,WNW,0.0,0.0,1022.35,0.0,0.0,0.0,0.0,IMELBO1849.csv
2022/12/23,03:04 AM,14.67,14.33,98.0,WNW,0.0,0.0,1022.69,0.0,0.0,0.0,0.0,IMELBO1849.csv
2022/12/23,03:09 AM,14.72,14.39,98.0,WNW,0.0,0.0,1022.35,0.0,0.0,0.0,0.0,IMELBO1849.csv
2022/12/23,03:14 AM,14.78,14.5,98.0,WNW,0.0,0.0,1022.35,0.0,0.0,0.0,0.0,IMELBO1849.csv
2022/12/23,03:19 AM,14.78,14.44,98.0,WNW,0.0,0.0,1022.35,0.0,0.0,0.0,0.0,IMELBO1849.csv
2022/12/23,03:24 AM,14.72,14.39,98.0,WNW,0.0,0.0,1022.35,0.0,0.0,0.0,0.0,IMELBO1849.csv
2022/12/23,03:29 AM,14.67,14.33,98.0,WNW,0.0,0.0,1022.35,0.0,0.0,0.0,0.0,IMELBO1849.csv
2022/12/23,03:34 AM,14.44,14.17,98.0,WNW,0.0,0.0,1022.01,0.0,0.0,0.0,0.0,IMELBO1849.csv
2022/12/23,03:39 AM,14.33,14.06,98.0,WNW,0.0,0.0,1022.35,0.0,0.0,0.0,0.0,IMELBO1849.csv
2022/12/23,03:44 AM,14.5,14.22,98.0,WNW,0.16,0.32,1022.35,0.0,0.0,0.0,0.0,IMELBO1849.csv
2022/12/23,03:49 AM,14.67,14.33,98.0,WNW,0.48,1.29,1022.35,0.0,0.0,0.0,0.0,IMELBO1849.csv
2022/12/23,03:54 AM,14.89,14.61,98.0,WNW,0.0,0.0,1022.35,0.0,0.0,0.0,0.0,IMELBO1849.csv
2022/12/23,03:59 AM,14.83,14.56,98.0,WNW,0.16,0.64,1022.35,0.0,0.0,0.0,0.0,IMELBO1849.csv
2022/12/23,04:04 AM,14.94,14.67,98.0,WNW,0.16,0.48,1022.35,0.0,0.0,0.0,0.0,IMELBO1849.csv
2022/12/23,04:09 AM,15.0,14.72,98.0,WNW,0.0,0.0,1022.35,0.0,0.0,0.0,0.0,IMELBO1849.csv
2022/12/23,04:14 AM,15.0,14.72,98.0,WNW,0.0,0.32,1022.35,0.0,0.0,0.0,0.0,IMELBO1849.csv
2022/12/23,04:19 AM,15.0,14.72,98.0,WNW,0.0,0.0,1022.35,0.0,0.0,0.0,0.0,IMELBO1849.csv
2022/12/23,04:24 AM,15.06,14.78,98.0,WNW,0.0,0.0,1022.35,0.0,0.0,0.0,0.0,IMELBO1849.csv
2022/12/23,04:29 AM,15.11,14.78,98.0,WNW,0.0,0.0,1022.35,1.78,0.25,0.0,0.0,IMELBO1849.csv
2022/12/23,04:34 AM,15.11,14.78,98.0,WNW,0.0,0.0,1022.69,1.78,0.25,0.0,0.0,IMELBO1849.csv
2022/12/23,04:39 AM,15.0,14.72,98.0,WNW,0.0,0.0,1022.69,1.78,0.25,0.0,0.0,IMELBO1849.csv
2022/12/23,04:44 AM,15.06,14.78,98.0,WNW,0.0,0.32,1022.69,0.0,0.25,0.0,0.0,IMELBO1849.csv
2022/12/23,04:49 AM,15.06,14.72,98.0,WNW,0.16,0.32,1022.69,0.0,0.25,0.0,0.0,IMELBO1849.csv
2022/12/23,04:54 AM,15.0,14.72,98.0,WNW,0.16,0.48,1022.69,0.0,0.25,0.0,0.0,IMELBO1849.csv
2022/12/23,04:59 AM,14.94,14.67,98.0,WNW,0.0,0.0,1022.69,0.0,0.25,0.0,0.0,IMELBO1849.csv
2022/12/23,05:04 AM,14.89,14.61,98.0,WNW,0.0,0.0,1022.69,0.0,0.25,0.0,0.0,IMELBO1849.csv
2022/12/23,05:09 AM,14.78,14.56,98.0,WNW,0.0,0.0,1022.69,0.0,0.25,0.0,0.0,IMELBO1849.csv
2022/12/23,05:14 AM,14.78,14.61,99.0,WNW,0.0,0.0,1022.69,0.0,0.25,0.0,0.0,IMELBO1849.csv
2022/12/23,05:19 AM,14.78,14.56,99.0,WNW,0.0,0.0,1023.03,0.0,0.25,0.0,0.0,IMELBO1849.csv
2022/12/23,05:24 AM,14.61,14.39,99.0,WNW,0.0,0.0,1023.03,0.0,0.25,0.0,0.0,IMELBO1849.csv
2022/12/23,05:29 AM,14.5,14.28,99.0,WNW,0.0,0.0,1023.03,0.0,0.25,0.0,0.0,IMELBO1849.csv
2022/12/23,05:34 AM,14.33,14.11,99.0,WNW,0.0,0.0,1023.03,0.0,0.25,0.0,0.0,IMELBO1849.csv
2022/12/23,05:39 AM,14.28,14.06,99.0,WNW,0.0,0.0,1023.03,0.0,0.25,0.0,0.0,IMELBO1849.csv
2022/12/23,05:44 AM,14.33,14.17,99.0,WNW,0.0,0.0,1023.03,0.0,0.25,0.0,0.0,IMELBO1849.csv
2022/12/23,05:49 AM,14.39,14.22,99.0,WNW,0.0,0.0,1023.03,0.0,0.25,0.0,0.0,IMELBO1849.csv
2022/12/23,05:54 AM,14.44,14.22,99.0,WNW,0.0,0.0,1023.03,0.0,0.25,0.0,0.9,IMELBO1849.csv
2022/12/23,05:59 AM,14.5,14.28,99.0,WNW,0.0,0.0,1023.03,0.0,0.25,0.0,3.4,IMELBO1849.csv
2022/12/23,06:04 AM,14.5,14.28,99.0,WNW,0.0,0.0,1022.69,0.0,0.25,0.0,6.0,IMELBO1849.csv
2022/12/23,06:09 AM,14.61,14.39,99.0,WNW,0.0,0.0,1023.03,0.0,0.25,0.0,6.9,IMELBO1849.csv
2022/12/23,06:14 AM,14.78,14.61,99.0,WNW,0.0,0.16,1023.03,0.0,0.25,0.0,9.9,IMELBO1849.csv
2022/12/23,06:19 AM,14.78,14.61,99.0,WNW,0.0,0.32,1023.03,0.0,0.25,0.0,12.5,IMELBO1849.csv
2022/12/23,06:24 AM,14.78,14.61,99.0,WNW,0.0,0.0,1023.37,0.0,0.25,0.0,14.7,IMELBO1849.csv
2022/12/23,06:29 AM,14.78,14.61,99.0,WNW,0.8,1.45,1023.37,0.0,0.25,0.0,19.9,IMELBO1849.csv
2022/12/23,06:34 AM,14.78,14.61,99.0,WNW,0.0,0.32,1023.37,0.0,0.25,0.0,23.9,IMELBO1849.csv
2022/12/23,06:39 AM,14.83,14.61,99.0,WNW,0.0,0.32,1023.71,0.0,0.25,0.0,24.2,IMELBO1849.csv
2022/12/23,06:44 AM,14.89,14.72,99.0,WNW,0.0,0.16,1023.37,0.0,0.25,0.0,26.8,IMELBO1849.csv
2022/12/23,06:49 AM,14.78,14.61,99.0,WNW,0.0,0.0,1023.37,0.0,0.25,0.0,32.9,IMELBO1849.csv
2022/12/23,06:54 AM,14.78,14.61,99.0,WNW,0.32,0.8,1023.37,0.0,0.25,0.0,40.2,IMELBO1849.csv
2022/12/23,06:59 AM,14.89,14.72,99.0,WNW,0.48,0.97,1023.37,0.0,0.25,0.0,40.2,IMELBO1849.csv
2022/12/23,07:04 AM,14.89,14.72,99.0,WNW,0.8,0.97,1023.37,0.0,0.25,0.0,43.8,IMELBO1849.csv
2022/12/23,07:09 AM,14.89,14.72,99.0,WNW,0.48,0.8,1023.37,0.0,0.25,0.0,49.4,IMELBO1849.csv
2022/12/23,07:14 AM,14.89,14.72,99.0,WNW,0.64,1.45,1023.37,0.0,0.25,0.0,56.3,IMELBO1849.csv
2022/12/23,07:19 AM,14.83,14.67,99.0,West,2.74,3.22,1023.37,0.0,0.25,0.0,54.2,IMELBO1849.csv
2022/12/23,07:24 AM,14.94,14.78,99.0,West,1.29,1.93,1023.71,0.0,0.25,0.0,55.9,IMELBO1849.csv
2022/12/23,07:29 AM,15.06,14.83,99.0,West,1.45,2.09,1023.71,0.0,0.25,0.0,65.4,IMELBO1849.csv
2022/12/23,07:34 AM,15.06,14.83,99.0,West,0.8,1.45,1023.71,0.0,0.25,0.0,65.9,IMELBO1849.csv
2022/12/23,07:39 AM,15.11,14.89,99.0,West,0.8,1.45,1023.71,0.0,0.25,0.0,72.8,IMELBO1849.csv
2022/12/23,07:44 AM,15.17,14.94,99.0,West,0.32,1.13,1023.71,0.0,0.25,0.0,85.0,IMELBO1849.csv
2022/12/23,07:49 AM,15.22,15.0,99.0,West,0.8,1.13,1023.71,0.0,0.25,0.0,82.0,IMELBO1849.csv
2022/12/23,07:54 AM,15.11,14.89,99.0,West,1.29,1.77,1023.71,0.0,0.25,0.0,87.6,IMELBO1849.csv
2022/12/23,07:59 AM,15.33,15.11,99.0,West,0.64,1.29,1023.71,0.0,0.25,0.0,89.8,IMELBO1849.csv
2022/12/23,08:04 AM,15.28,15.11,99.0,West,0.48,0.8,1023.71,0.0,0.25,0.0,94.9,IMELBO1849.csv
2022/12/23,08:09 AM,15.33,15.17,99.0,West,0.16,0.8,1024.04,0.0,0.25,1.0,104.1,IMELBO1849.csv
2022/12/23,08:14 AM,15.28,15.11,99.0,West,0.48,1.13,1024.04,0.0,0.25,1.0,119.6,IMELBO1849.csv
2022/12/23,08:19 AM,15.39,15.22,99.0,West,0.97,1.45,1024.04,0.0,0.25,1.0,128.3,IMELBO1849.csv
2022/12/23,08:24 AM,15.39,15.22,99.0,West,0.32,0.64,1024.04,0.0,0.25,1.0,137.0,IMELBO1849.csv
2022/12/23,08:29 AM,15.56,15.33,99.0,West,0.0,0.0,1024.04,0.0,0.25,1.0,154.4,IMELBO1849.csv
2022/12/23,08:34 AM,15.67,15.44,99.0,West,0.16,0.16,1024.04,0.0,0.25,1.0,157.8,IMELBO1849.csv
2022/12/23,08:39 AM,15.5,15.28,99.0,West,0.64,0.97,1024.04,0.0,0.25,1.0,137.0,IMELBO1849.csv
2022/12/23,08:44 AM,15.72,15.5,99.0,West,0.16,0.48,1024.04,0.0,0.25,1.0,146.2,IMELBO1849.csv
2022/12/23,08:49 AM,15.83,15.67,99.0,West,1.13,1.77,1024.04,0.0,0.25,1.0,149.1,IMELBO1849.csv
2022/12/23,08:54 AM,15.78,15.56,99.0,West,1.13,1.61,1024.04,0.0,0.25,1.0,174.3,IMELBO1849.csv
2022/12/23,08:59 AM,15.89,15.72,99.0,West,1.29,1.93,1024.04,0.0,0.25,1.0,196.0,IMELBO1849.csv
2022/12/23,09:04 AM,15.78,15.61,99.0,West,0.8,1.29,1024.04,0.0,0.25,2.0,213.4,IMELBO1849.csv
2022/12/23,09:09 AM,15.89,15.72,99.0,WSW,1.77,2.41,1024.38,0.0,0.25,1.0,199.5,IMELBO1849.csv
2022/12/23,09:14 AM,15.94,15.78,99.0,SW,2.25,3.22,1024.04,0.0,0.25,1.0,183.9,IMELBO1849.csv
2022/12/23,09:19 AM,16.17,15.94,99.0,West,0.8,1.77,1024.38,0.0,0.25,1.0,197.8,IMELBO1849.csv
2022/12/23,09:24 AM,16.0,15.78,99.0,WSW,3.22,4.18,1024.38,0.0,0.25,2.0,215.1,IMELBO1849.csv
2022/12/23,09:29 AM,15.89,15.72,99.0,WSW,1.93,2.9,1024.04,0.0,0.25,2.0,223.4,IMELBO1849.csv
2022/12/23,09:34 AM,16.0,15.78,99.0,WSW,1.77,2.9,1024.04,0.0,0.25,1.0,188.6,IMELBO1849.csv
2022/12/23,09:39 AM,16.0,15.78,99.0,West,1.77,2.57,1024.38,0.0,0.25,1.0,165.6,IMELBO1849.csv
2022/12/23,09:44 AM,16.06,15.83,99.0,WSW,2.25,2.9,1024.38,0.0,0.25,1.0,166.1,IMELBO1849.csv
2022/12/23,09:49 AM,15.94,15.72,99.0,WSW,3.06,4.18,1024.38,0.0,0.25,1.0,168.7,IMELBO1849.csv
2022/12/23,09:54 AM,15.89,15.67,99.0,SW,2.57,3.54,1024.38,0.0,0.25,1.0,191.7,IMELBO1849.csv
2022/12/23,09:59 AM,15.89,15.72,99.0,SW,4.67,6.28,1024.04,0.0,0.25,2.0,205.1,IMELBO1849.csv
2022/12/23,10:04 AM,15.94,15.78,99.0,SW,5.15,6.76,1024.04,0.0,0.25,2.0,243.3,IMELBO1849.csv
2022/12/23,10:09 AM,16.11,15.89,99.0,WSW,3.7,5.31,1024.04,0.0,0.25,3.0,333.5,IMELBO1849.csv
2022/12/23,10:14 AM,16.28,16.06,99.0,West,3.22,4.18,1024.04,0.0,0.25,3.0,334.8,IMELBO1849.csv
2022/12/23,10:19 AM,16.39,16.17,99.0,West,3.22,4.51,1024.04,0.0,0.25,3.0,330.9,IMELBO1849.csv
2022/12/23,10:24 AM,16.33,16.06,98.0,SW,3.54,4.99,1023.71,0.0,0.25,2.0,285.4,IMELBO1849.csv
2022/12/23,10:29 AM,16.33,16.06,98.0,SW,4.18,5.15,1023.71,0.0,0.25,2.0,277.1,IMELBO1849.csv
2022/12/23,10:34 AM,16.39,16.11,98.0,SW,3.38,4.67,1023.71,0.0,0.25,2.0,284.9,IMELBO1849.csv
2022/12/23,10:39 AM,16.67,16.39,98.0,West,2.9,3.86,1023.71,0.0,0.25,2.0,268.9,IMELBO1849.csv
2022/12/23,10:44 AM,16.78,16.39,97.0,SW,3.54,5.31,1024.04,0.0,0.25,2.0,270.6,IMELBO1849.csv
2022/12/23,10:49 AM,16.89,16.44,97.0,SW,4.34,5.31,1024.04,0.0,0.25,2.0,261.1,IMELBO1849.csv
2022/12/23,10:54 AM,16.94,16.33,96.0,SW,4.18,5.31,1024.04,0.0,0.25,2.0,304.9,IMELBO1849.csv
2022/12/23,10:59 AM,17.11,16.33,95.0,SW,4.83,6.28,1024.04,0.0,0.25,2.0,230.2,IMELBO1849.csv
2022/12/23,11:04 AM,17.17,16.11,94.0,SW,5.95,7.56,1024.04,0.0,0.25,2.0,203.4,IMELBO1849.csv
2022/12/23,11:09 AM,17.22,16.11,94.0,WSW,4.51,5.95,1024.04,0.0,0.25,2.0,218.6,IMELBO1849.csv
2022/12/23,11:14 AM,17.39,16.17,93.0,WSW,2.25,3.54,1024.04,0.0,0.25,2.0,256.8,IMELBO1849.csv
2022/12/23,11:19 AM,17.72,16.17,91.0,WSW,3.38,4.99,1024.04,0.0,0.25,2.0,264.6,IMELBO1849.csv
2022/12/23,11:24 AM,18.17,16.28,89.0,WSW,3.7,4.83,1024.04,0.0,0.25,2.0,301.0,IMELBO1849.csv
2022/12/23,11:29 AM,18.44,16.33,88.0,SW,4.34,5.95,1024.04,0.0,0.25,2.0,281.9,IMELBO1849.csv
2022/12/23,11:34 AM,18.44,16.28,87.0,WSW,4.83,6.28,1024.04,0.0,0.25,3.0,361.3,IMELBO1849.csv
2022/12/23,11:39 AM,18.56,16.39,87.0,WSW,4.02,5.47,1023.71,0.0,0.25,4.0,454.6,IMELBO1849.csv
2022/12/23,11:44 AM,19.0,16.61,86.0,SW,4.34,5.95,1024.04,0.0,0.25,9.0,997.3,IMELBO1849.csv
2022/12/23,11:49 AM,19.44,16.67,84.0,WNW,2.57,3.86,1023.71,0.0,0.25,10.0,1038.0,IMELBO1849.csv
2022/12/23,11:54 AM,20.28,16.78,81.0,WSW,3.22,4.34,1023.71,0.0,0.25,9.0,930.0,IMELBO1849.csv
2022/12/23,11:59 AM,20.39,16.72,79.0,WSW,3.7,5.47,1023.71,0.0,0.25,9.0,927.9,IMELBO1849.csv
2022/12/23,12:04 PM,20.89,16.89,78.0,SW,2.9,4.18,1023.71,0.0,0.25,9.0,946.2,IMELBO1849.csv
2022/12/23,12:09 PM,21.28,17.06,77.0,WSW,3.86,5.79,1023.71,0.0,0.25,9.0,981.3,IMELBO1849.csv
2022/12/23,12:14 PM,20.94,16.78,77.0,West,3.38,5.31,1023.71,0.0,0.25,9.0,994.2,IMELBO1849.csv
2022/12/23,12:19 PM,21.17,16.78,76.0,WSW,3.38,4.99,1023.71,0.0,0.25,9.0,935.3,IMELBO1849.csv
2022/12/23,12:24 PM,21.39,16.83,75.0,WSW,3.38,5.15,1023.71,0.0,0.25,9.0,991.7,IMELBO1849.csv
2022/12/23,12:29 PM,21.33,16.83,76.0,SW,3.86,4.99,1023.37,0.0,0.25,9.0,958.3,IMELBO1849.csv
2022/12/23,12:34 PM,21.44,17.06,76.0,WSW,3.86,5.47,1023.37,0.0,0.25,10.0,1044.1,IMELBO1849.csv
2022/12/23,12:39 PM,21.61,17.06,75.0,WSW,4.67,6.28,1023.37,0.0,0.25,6.0,626.4,IMELBO1849.csv
2022/12/23,12:44 PM,21.06,16.72,76.0,SW,4.99,6.76,1023.37,0.0,0.25,3.0,404.2,IMELBO1849.csv
2022/12/23,12:49 PM,20.78,16.89,78.0,SW,5.63,7.4,1023.37,0.0,0.25,9.0,953.5,IMELBO1849.csv
2022/12/23,12:54 PM,21.06,16.83,77.0,SW,4.99,6.76,1023.37,0.0,0.25,9.0,960.0,IMELBO1849.csv
2022/12/23,12:59 PM,21.67,17.06,75.0,WSW,3.38,4.99,1023.03,0.0,0.25,9.0,927.1,IMELBO1849.csv
2022/12/23,01:04 PM,22.28,17.17,73.0,SW,3.54,5.47,1023.03,0.0,0.25,8.0,832.0,IMELBO1849.csv
2022/12/23,01:09 PM,22.28,17.06,73.0,SW,3.22,4.67,1023.03,0.0,0.25,8.0,829.8,IMELBO1849.csv
2022/12/23,01:14 PM,22.17,16.94,72.0,NW,2.57,3.54,1023.03,0.0,0.25,8.0,856.3,IMELBO1849.csv
2022/12/23,01:19 PM,22.67,17.17,71.0,WSW,3.7,4.83,1023.03,0.0,0.25,8.0,860.1,IMELBO1849.csv
2022/12/23,01:24 PM,22.83,17.33,71.0,SW,4.02,5.31,1023.03,0.0,0.25,8.0,909.7,IMELBO1849.csv
2022/12/23,01:29 PM,22.83,17.39,71.0,SW,5.15,6.92,1022.69,0.0,0.25,8.0,923.2,IMELBO1849.csv
2022/12/23,01:34 PM,22.39,17.17,72.0,SW,3.7,5.15,1022.69,0.0,0.25,9.0,982.5,IMELBO1849.csv
2022/12/23,01:39 PM,22.83,17.39,71.0,SW,5.63,7.88,1022.69,0.0,0.25,9.0,946.2,IMELBO1849.csv
2022/12/23,01:44 PM,22.67,17.11,71.0,SW,5.47,6.92,1022.69,0.0,0.25,8.0,913.1,IMELBO1849.csv
2022/12/23,01:49 PM,22.78,17.11,70.0,SE,2.9,4.02,1022.69,0.0,0.25,9.0,950.4,IMELBO1849.csv
2022/12/23,01:54 PM,23.0,17.44,71.0,SW,4.99,6.92,1022.35,0.0,0.25,8.0,852.4,IMELBO1849.csv
2022/12/23,01:59 PM,23.33,17.44,70.0,WSW,2.41,3.54,1022.35,0.0,0.25,9.0,948.2,IMELBO1849.csv
2022/12/23,02:04 PM,24.0,17.78,68.0,SSW,4.18,5.95,1022.35,0.0,0.25,9.0,953.0,IMELBO1849.csv
2022/12/23,02:09 PM,23.56,17.56,69.0,SSW,4.02,5.79,1022.35,0.0,0.25,3.0,396.9,IMELBO1849.csv
2022/12/23,02:14 PM,22.94,17.28,70.0,SW,5.63,7.4,1022.01,0.0,0.25,7.0,779.5,IMELBO1849.csv
2022/12/23,02:19 PM,22.72,17.11,70.0,SSW,5.79,7.4,1022.35,0.0,0.25,9.0,944.8,IMELBO1849.csv
2022/12/23,02:24 PM,22.83,17.11,70.0,SSW,4.34,5.95,1022.01,0.0,0.25,8.0,858.4,IMELBO1849.csv
2022/12/23,02:29 PM,22.94,17.33,71.0,SW,5.63,8.21,1022.01,0.0,0.25,8.0,889.8,IMELBO1849.csv
2022/12/23,02:34 PM,22.89,17.11,70.0,South,2.74,3.54,1022.01,0.0,0.25,8.0,885.8,IMELBO1849.csv
2022/12/23,02:39 PM,23.28,17.28,69.0,SW,2.25,3.54,1022.01,0.0,0.25,9.0,949.9,IMELBO1849.csv
2022/12/23,02:44 PM,24.11,17.72,68.0,SW,4.34,5.63,1022.01,0.0,0.25,9.0,935.3,IMELBO1849.csv
2022/12/23,02:49 PM,23.78,17.61,68.0,SW,5.47,7.4,1022.01,0.0,0.25,6.0,679.3,IMELBO1849.csv
2022/12/23,02:54 PM,23.39,17.33,69.0,SW,4.51,5.79,1022.01,0.0,0.25,8.0,889.8,IMELBO1849.csv
2022/12/23,02:59 PM,23.56,17.39,68.0,SW,3.86,4.99,1022.01,0.0,0.25,8.0,878.9,IMELBO1849.csv
2022/12/23,03:04 PM,24.17,17.56,67.0,WSW,2.9,4.18,1021.67,0.0,0.25,8.0,924.4,IMELBO1849.csv
2022/12/23,03:09 PM,24.72,17.78,65.0,SW,4.51,6.44,1021.67,0.0,0.25,8.0,922.7,IMELBO1849.csv
2022/12/23,03:14 PM,24.5,17.78,66.0,West,3.06,4.18,1021.67,0.0,0.25,9.0,953.0,IMELBO1849.csv
2022/12/23,03:19 PM,24.78,17.78,65.0,SW,4.51,6.28,1021.67,0.0,0.25,9.0,968.7,IMELBO1849.csv
2022/12/23,03:24 PM,24.56,17.67,66.0,SW,6.28,7.88,1021.67,0.0,0.25,8.0,903.1,IMELBO1849.csv
2022/12/23,03:29 PM,24.33,17.5,66.0,SSW,4.34,5.47,1021.67,0.0,0.25,8.0,890.1,IMELBO1849.csv
2022/12/23,03:34 PM,24.67,17.67,65.0,WSW,4.34,5.79,1021.33,0.0,0.25,7.0,739.6,IMELBO1849.csv
2022/12/23,03:39 PM,24.61,17.67,65.0,West,3.7,4.99,1021.33,0.0,0.25,4.0,440.7,IMELBO1849.csv
2022/12/23,03:44 PM,24.61,17.61,65.0,WSW,2.9,4.67,1021.33,0.0,0.25,8.0,831.2,IMELBO1849.csv
2022/12/23,03:49 PM,24.72,17.78,65.0,SW,6.76,8.69,1021.33,0.0,0.25,8.0,895.4,IMELBO1849.csv
2022/12/23,03:54 PM,24.61,17.72,66.0,SW,4.34,5.95,1021.33,0.0,0.25,8.0,857.2,IMELBO1849.csv
2022/12/23,03:59 PM,24.28,17.67,67.0,SW,4.18,5.63,1021.0,0.0,0.25,2.0,295.0,IMELBO1849.csv
2022/12/23,04:04 PM,24.06,17.67,68.0,SW,4.02,5.79,1021.0,0.0,0.25,3.0,339.6,IMELBO1849.csv
2022/12/23,04:09 PM,24.28,17.89,68.0,SW,4.34,5.95,1021.0,0.0,0.25,3.0,334.8,IMELBO1849.csv
2022/12/23,04:14 PM,23.94,17.89,69.0,SSW,8.69,10.94,1021.0,0.0,0.25,1.0,200.8,IMELBO1849.csv
2022/12/23,04:19 PM,23.22,17.67,71.0,SSW,6.6,8.85,1021.0,0.0,0.25,6.0,683.6,IMELBO1849.csv
2022/12/23,04:24 PM,23.44,17.78,70.0,SSW,6.28,9.01,1021.0,0.0,0.25,2.0,277.6,IMELBO1849.csv
2022/12/23,04:29 PM,23.72,17.89,70.0,SSW,6.28,8.53,1021.0,0.0,0.25,3.0,357.3,IMELBO1849.csv
2022/12/23,04:34 PM,23.72,17.89,70.0,SW,8.53,10.78,1021.0,0.0,0.25,8.0,822.8,IMELBO1849.csv
2022/12/23,04:39 PM,23.67,17.89,70.0,SW,7.72,10.46,1021.0,0.0,0.25,6.0,710.0,IMELBO1849.csv
2022/12/23,04:44 PM,23.94,18.0,69.0,SSW,6.11,8.37,1021.0,0.0,0.25,7.0,737.8,IMELBO1849.csv
2022/12/23,04:49 PM,23.94,17.94,69.0,SW,3.54,4.67,1020.66,0.0,0.25,6.0,701.8,IMELBO1849.csv
2022/12/23,04:54 PM,23.94,17.89,69.0,SSW,4.99,6.28,1020.66,0.0,0.25,7.0,743.1,IMELBO1849.csv
2022/12/23,04:59 PM,24.56,18.11,68.0,SSW,5.79,9.01,1020.66,0.0,0.25,6.0,633.7,IMELBO1849.csv
2022/12/23,05:04 PM,24.06,17.94,69.0,SW,6.11,8.37,1020.66,0.0,0.25,6.0,633.3,IMELBO1849.csv
2022/12/23,05:09 PM,24.22,17.94,68.0,SSW,5.31,7.4,1020.66,0.0,0.25,6.0,621.6,IMELBO1849.csv
2022/12/23,05:14 PM,24.28,18.0,68.0,South,4.34,6.11,1020.32,0.0,0.25,6.0,622.5,IMELBO1849.csv
2022/12/23,05:19 PM,24.11,17.83,68.0,SSW,4.83,6.28,1020.32,0.0,0.25,6.0,629.8,IMELBO1849.csv
2022/12/23,05:24 PM,24.06,17.78,68.0,SW,7.24,9.49,1020.32,0.0,0.25,5.0,585.1,IMELBO1849.csv
2022/12/23,05:29 PM,24.06,17.67,68.0,SSW,6.76,9.49,1020.32,0.0,0.25,5.0,567.8,IMELBO1849.csv
2022/12/23,05:34 PM,24.5,17.94,67.0,SSW,5.63,7.88,1019.98,0.0,0.25,5.0,566.5,IMELBO1849.csv
2022/12/23,05:39 PM,23.89,17.72,68.0,SW,7.56,9.98,1019.98,0.0,0.25,5.0,519.2,IMELBO1849.csv
2022/12/23,05:44 PM,23.83,17.5,68.0,SSW,6.44,8.37,1019.98,0.0,0.25,5.0,550.9,IMELBO1849.csv
2022/12/23,05:49 PM,24.33,17.72,67.0,SSW,4.83,7.08,1019.98,0.0,0.25,4.0,483.6,IMELBO1849.csv
2022/12/23,05:54 PM,24.28,17.67,67.0,South,4.34,6.28,1019.98,0.0,0.25,4.0,422.9,IMELBO1849.csv
2022/12/23,05:59 PM,24.39,17.61,66.0,SW,5.79,8.04,1019.64,0.0,0.25,3.0,404.7,IMELBO1849.csv
2022/12/23,06:04 PM,24.33,17.67,66.0,SSW,5.95,7.56,1019.98,0.0,0.25,4.0,450.2,IMELBO1849.csv
2022/12/23,06:09 PM,24.28,17.56,66.0,SSW,5.79,7.56,1019.98,0.0,0.25,4.0,452.0,IMELBO1849.csv
2022/12/23,06:14 PM,24.0,17.5,67.0,SSW,4.34,5.79,1019.98,0.0,0.25,3.0,354.4,IMELBO1849.csv
2022/12/23,06:19 PM,24.17,17.5,66.0,South,4.51,6.76,1019.64,0.0,0.25,2.0,302.3,IMELBO1849.csv
2022/12/23,06:24 PM,23.94,17.5,67.0,SSW,5.47,7.88,1019.98,0.0,0.25,1.0,135.7,IMELBO1849.csv
2022/12/23,06:29 PM,23.72,17.39,68.0,SSE,4.67,6.76,1019.98,0.0,0.25,2.0,274.1,IMELBO1849.csv
2022/12/23,06:34 PM,23.78,17.33,67.0,South,5.63,7.24,1019.98,0.0,0.25,2.0,275.9,IMELBO1849.csv
2022/12/23,06:39 PM,23.39,17.22,68.0,South,4.83,7.4,1019.98,0.0,0.25,1.0,140.9,IMELBO1849.csv
2022/12/23,06:44 PM,23.06,17.0,69.0,South,5.63,8.04,1019.98,0.0,0.25,1.0,142.3,IMELBO1849.csv
2022/12/23,06:49 PM,22.89,16.89,69.0,SSE,4.34,6.11,1020.32,0.0,0.25,1.0,200.4,IMELBO1849.csv
2022/12/23,06:54 PM,23.0,16.94,69.0,East,2.74,4.02,1020.32,0.0,0.25,1.0,191.2,IMELBO1849.csv
2022/12/23,06:59 PM,23.11,17.0,69.0,South,4.99,7.72,1020.32,0.0,0.25,1.0,178.2,IMELBO1849.csv
2022/12/23,07:04 PM,22.72,16.94,70.0,SSW,5.31,7.56,1020.32,0.0,0.25,1.0,138.7,IMELBO1849.csv
2022/12/23,07:09 PM,22.5,16.78,70.0,South,4.51,6.6,1020.32,0.0,0.25,0.0,87.6,IMELBO1849.csv
2022/12/23,07:14 PM,22.28,16.61,70.0,South,7.08,10.14,1020.32,0.0,0.25,0.0,75.5,IMELBO1849.csv
2022/12/23,07:19 PM,22.22,16.56,70.0,South,4.34,6.92,1020.66,0.0,0.25,0.0,97.1,IMELBO1849.csv
2022/12/23,07:24 PM,22.22,16.67,71.0,SSE,4.83,6.92,1020.66,0.0,0.25,0.0,96.3,IMELBO1849.csv
2022/12/23,07:29 PM,22.17,16.67,71.0,SSW,5.63,7.88,1020.66,0.0,0.25,1.0,100.6,IMELBO1849.csv
2022/12/23,07:34 PM,22.06,16.56,71.0,SSW,5.95,9.01,1020.66,0.0,0.25,0.0,83.2,IMELBO1849.csv
2022/12/23,07:39 PM,21.72,16.22,71.0,SSW,5.47,7.72,1020.66,0.0,0.25,0.0,59.0,IMELBO1849.csv
2022/12/23,07:44 PM,21.5,16.0,71.0,SSW,5.79,8.21,1021.0,0.0,0.25,0.0,47.2,IMELBO1849.csv
2022/12/23,07:49 PM,21.22,15.78,71.0,SSW,9.17,12.23,1021.0,0.0,0.25,0.0,43.3,IMELBO1849.csv
2022/12/23,07:54 PM,21.0,15.44,71.0,SW,6.44,8.37,1021.0,0.0,0.25,0.0,37.7,IMELBO1849.csv
2022/12/23,07:59 PM,20.78,15.17,70.0,SSW,5.47,7.4,1021.0,0.0,0.25,0.0,29.9,IMELBO1849.csv
2022/12/23,08:04 PM,20.72,15.17,70.0,South,4.83,7.24,1021.0,0.0,0.25,0.0,33.8,IMELBO1849.csv
2022/12/23,08:09 PM,20.67,15.06,70.0,South,5.47,8.04,1021.33,0.0,0.25,0.0,32.4,IMELBO1849.csv
2022/12/23,08:14 PM,20.56,14.78,69.0,SSW,6.76,9.01,1021.33,0.0,0.25,0.0,22.0,IMELBO1849.csv
2022/12/23,08:19 PM,20.28,14.39,69.0,SSW,6.76,8.69,1021.0,0.0,0.25,0.0,15.2,IMELBO1849.csv
2022/12/23,08:24 PM,20.22,14.33,69.0,SSW,5.79,7.88,1021.33,0.0,0.25,0.0,11.3,IMELBO1849.csv
2022/12/23,08:29 PM,20.11,14.28,69.0,SW,6.76,9.01,1021.33,0.0,0.25,0.0,7.3,IMELBO1849.csv
2022/12/23,08:34 PM,20.11,14.22,69.0,SSW,5.31,7.56,1021.67,0.0,0.25,0.0,3.4,IMELBO1849.csv
2022/12/23,08:39 PM,20.11,14.22,69.0,SSW,4.18,5.79,1021.67,0.0,0.25,0.0,1.2,IMELBO1849.csv
2022/12/23,08:44 PM,20.0,14.33,70.0,SSW,8.04,10.46,1021.67,0.0,0.25,0.0,0.0,IMELBO1849.csv
2022/12/23,08:49 PM,19.78,14.28,71.0,SW,6.6,8.69,1021.67,0.0,0.25,0.0,0.0,IMELBO1849.csv
2022/12/23,08:54 PM,19.72,14.28,71.0,SSW,5.47,7.72,1022.01,0.0,0.25,0.0,0.0,IMELBO1849.csv
2022/12/23,08:59 PM,19.61,14.39,72.0,South,5.31,7.72,1022.01,0.0,0.25,0.0,0.0,IMELBO1849.csv
2022/12/23,09:04 PM,19.5,14.61,73.0,South,4.02,5.95,1022.01,0.0,0.25,0.0,0.0,IMELBO1849.csv
2022/12/23,09:09 PM,19.5,15.06,75.0,South,4.51,6.6,1022.01,0.0,0.25,0.0,0.0,IMELBO1849.csv
2022/12/23,09:14 PM,19.33,15.28,77.0,SSW,4.83,6.92,1022.01,0.0,0.25,0.0,0.0,IMELBO1849.csv
2022/12/23,09:19 PM,18.94,15.11,78.0,SSW,7.4,10.14,1022.35,0.0,0.25,0.0,0.0,IMELBO1849.csv
2022/12/23,09:24 PM,18.72,15.22,80.0,South,5.31,8.04,1022.35,0.0,0.25,0.0,0.0,IMELBO1849.csv
2022/12/23,09:29 PM,18.5,15.17,81.0,SW,7.4,9.65,1022.01,0.0,0.25,0.0,0.0,IMELBO1849.csv
2022/12/23,09:34 PM,18.22,14.94,81.0,SSW,7.72,10.94,1022.01,0.0,0.25,0.0,0.0,IMELBO1849.csv
2022/12/23,09:39 PM,18.11,14.83,81.0,SW,7.56,11.1,1022.35,0.0,0.25,0.0,0.0,IMELBO1849.csv
2022/12/23,09:44 PM,18.0,14.89,82.0,South,5.95,8.69,1022.69,0.0,0.25,0.0,0.0,IMELBO1849.csv
2022/12/23,09:49 PM,17.78,14.89,83.0,SSW,7.4,10.46,1022.35,0.0,0.25,0.0,0.0,IMELBO1849.csv
2022/12/23,09:54 PM,17.72,15.0,84.0,SSW,7.88,11.1,1022.35,0.0,0.25,0.0,0.0,IMELBO1849.csv
2022/12/23,09:59 PM,17.67,15.06,85.0,SSW,6.28,8.37,1022.69,0.0,0.25,0.0,0.0,IMELBO1849.csv
2022/12/23,10:04 PM,17.61,15.11,85.0,SSW,7.08,10.3,1022.69,0.0,0.25,0.0,0.0,IMELBO1849.csv
2022/12/23,10:09 PM,17.44,14.94,85.0,SSW,7.88,10.62,1022.69,0.0,0.25,0.0,0.0,IMELBO1849.csv
2022/12/23,10:14 PM,17.39,14.89,85.0,SSW,7.08,9.98,1022.69,0.0,0.25,0.0,0.0,IMELBO1849.csv
2022/12/23,10:19 PM,17.33,14.83,85.0,SSW,6.76,9.81,1022.69,0.0,0.25,0.0,0.0,IMELBO1849.csv
2022/12/23,10:24 PM,17.28,14.78,85.0,SW,6.92,9.49,1022.69,0.0,0.25,0.0,0.0,IMELBO1849.csv
2022/12/23,10:29 PM,17.28,14.78,85.0,South,6.11,9.17,1022.69,0.0,0.25,0.0,0.0,IMELBO1849.csv
2022/12/23,10:34 PM,17.28,14.78,85.0,SSW,8.04,10.94,1022.69,0.0,0.25,0.0,0.0,IMELBO1849.csv
2022/12/23,10:39 PM,17.22,14.72,85.0,SSW,4.34,5.79,1022.69,0.0,0.25,0.0,0.0,IMELBO1849.csv
2022/12/23,10:44 PM,17.28,14.78,85.0,SSW,6.28,7.88,1022.69,0.0,0.25,0.0,0.0,IMELBO1849.csv
2022/12/23,10:49 PM,17.22,14.83,86.0,SW,6.6,8.37,1022.69,0.0,0.25,0.0,0.0,IMELBO1849.csv
2022/12/23,10:54 PM,17.22,14.89,86.0,SSW,3.06,4.18,1022.69,0.0,0.25,0.0,0.0,IMELBO1849.csv
2022/12/23,10:59 PM,17.28,15.0,86.0,SSW,3.38,4.67,1022.69,0.0,0.25,0.0,0.0,IMELBO1849.csv
2022/12/23,11:04 PM,17.28,15.0,86.0,SW,4.99,6.44,1022.69,0.0,0.25,0.0,0.0,IMELBO1849.csv
2022/12/23,11:09 PM,17.22,15.0,87.0,SW,6.44,8.04,1022.69,0.0,0.25,0.0,0.0,IMELBO1849.csv
2022/12/23,11:14 PM,17.17,14.94,87.0,SSW,4.51,5.95,1022.69,0.0,0.25,0.0,0.0,IMELBO1849.csv
2022/12/23,11:19 PM,17.22,15.06,87.0,SSW,2.9,4.34,1022.69,0.0,0.25,0.0,0.0,IMELBO1849.csv
2022/12/23,11:24 PM,17.28,15.06,87.0,South,3.54,4.99,1022.69,0.0,0.25,0.0,0.0,IMELBO1849.csv
2022/12/23,11:29 PM,17.17,14.94,87.0,SSW,4.51,6.44,1022.69,0.0,0.25,0.0,0.0,IMELBO1849.csv
2022/12/23,11:34 PM,17.06,14.89,87.0,SSW,4.67,6.92,1022.69,0.0,0.25,0.0,0.0,IMELBO1849.csv
2022/12/23,11:39 PM,17.0,14.89,87.0,South,4.99,7.08,1022.69,0.0,0.25,0.0,0.0,IMELBO1849.csv
2022/12/23,11:44 PM,17.0,14.89,87.0,South,4.34,5.79,1022.69,0.0,0.25,0.0,0.0,IMELBO1849.csv
2022/12/23,11:49 PM,17.0,14.89,87.0,South,3.54,5.31,1022.69,0.0,0.25,0.0,0.0,IMELBO1849.csv
2022/12/23,11:54 PM,16.94,14.83,87.0,South,3.7,5.31,1022.35,0.0,0.25,0.0,0.0,IMELBO1849.csv
2022/12/23,11:59 PM,16.89,14.78,87.0,SSW,3.54,4.83,1022.35,0.0,0.25,0.0,0.0,IMELBO1849.csv
2022/12/24,12:04 AM,16.89,14.83,87.0,South,4.18,5.79,1022.35,0.0,0.0,0.0,0.0,IMELBO1849.csv
2022/12/24,12:09 AM,16.83,14.83,88.0,SSE,2.74,4.34,1022.35,0.0,0.0,0.0,0.0,IMELBO1849.csv
2022/12/24,12:14 AM,16.78,14.78,88.0,SSE,2.41,3.54,1022.35,0.0,0.0,0.0,0.0,IMELBO1849.csv
2022/12/24,12:19 AM,16.78,14.78,88.0,South,1.93,2.57,1022.35,0.0,0.0,0.0,0.0,IMELBO1849.csv
2022/12/24,12:24 AM,16.78,14.78,88.0,South,3.38,4.83,1022.35,0.0,0.0,0.0,0.0,IMELBO1849.csv
2022/12/24,12:29 AM,16.72,14.72,88.0,South,2.25,3.22,1022.35,0.0,0.0,0.0,0.0,IMELBO1849.csv
2022/12/24,12:34 AM,16.72,14.72,88.0,SSE,1.93,2.9,1022.01,0.0,0.0,0.0,0.0,IMELBO1849.csv
2022/12/24,12:39 AM,16.72,14.83,89.0,SSE,1.77,2.57,1022.35,0.0,0.0,0.0,0.0,IMELBO1849.csv
2022/12/24,12:44 AM,16.72,14.89,89.0,SE,1.13,2.25,1022.01,0.0,0.0,0.0,0.0,IMELBO1849.csv
2022/12/24,12:49 AM,16.72,14.89,89.0,SSE,1.93,2.9,1022.01,0.0,0.0,0.0,0.0,IMELBO1849.csv
2022/12/24,12:54 AM,16.61,14.78,89.0,South,3.06,4.18,1022.01,0.0,0.0,0.0,0.0,IMELBO1849.csv
2022/12/24,12:59 AM,16.61,14.78,89.0,South,2.74,4.02,1022.01,0.0,0.0,0.0,0.0,IMELBO1849.csv
2022/12/24,01:04 AM,16.61,14.78,89.0,SSW,2.41,2.9,1022.35,0.0,0.0,0.0,0.0,IMELBO1849.csv
2022/12/24,01:09 AM,16.67,14.83,89.0,SSW,3.22,4.02,1022.35,0.0,0.0,0.0,0.0,IMELBO1849.csv
2022/12/24,01:14 AM,16.72,14.78,88.0,South,1.77,2.57,1022.35,0.0,0.0,0.0,0.0,IMELBO1849.csv
2022/12/24,01:19 AM,16.72,14.72,88.0,South,2.25,3.22,1022.35,0.0,0.0,0.0,0.0,IMELBO1849.csv
2022/12/24,01:24 AM,16.72,14.72,88.0,SSW,3.86,5.15,1022.01,0.0,0.0,0.0,0.0,IMELBO1849.csv
2022/12/24,01:29 AM,16.72,14.83,89.0,SSW,3.06,4.34,1022.35,0.0,0.0,0.0,0.0,IMELBO1849.csv
2022/12/24,01:34 AM,16.61,14.78,89.0,SSW,3.86,4.67,1022.35,0.0,0.0,0.0,0.0,IMELBO1849.csv
2022/12/24,01:39 AM,16.56,14.89,90.0,SSW,3.06,3.86,1022.01,0.0,0.0,0.0,0.0,IMELBO1849.csv
2022/12/24,01:44 AM,16.5,15.0,91.0,SW,2.25,3.22,1022.01,0.0,0.0,0.0,0.0,IMELBO1849.csv
2022/12/24,01:49 AM,16.39,15.0,91.0,SSW,2.57,3.38,1022.01,0.0,0.0,0.0,0.0,IMELBO1849.csv
2022/12/24,01:54 AM,16.28,14.94,92.0,SSW,1.93,2.9,1022.01,0.0,0.0,0.0,0.0,IMELBO1849.csv
2022/12/24,01:59 AM,16.22,14.94,92.0,SSW,2.57,3.22,1022.01,0.0,0.0,0.0,0.0,IMELBO1849.csv
2022/12/24,02:04 AM,16.17,14.94,93.0,SSW,3.06,3.86,1022.01,0.0,0.0,0.0,0.0,IMELBO1849.csv
2022/12/24,02:09 AM,16.0,14.83,93.0,SW,2.9,3.38,1022.01,0.0,0.0,0.0,0.0,IMELBO1849.csv
2022/12/24,02:14 AM,16.0,15.0,94.0,SW,2.9,3.22,1022.01,0.0,0.0,0.0,0.0,IMELBO1849.csv
2022/12/24,02:19 AM,16.0,15.0,94.0,SSW,1.93,2.41,1022.01,0.0,0.0,0.0,0.0,IMELBO1849.csv
2022/12/24,02:24 AM,15.94,14.94,94.0,SSW,0.64,1.29,1022.01,0.0,0.0,0.0,0.0,IMELBO1849.csv
2022/12/24,02:29 AM,16.0,15.17,95.0,South,0.48,1.13,1022.01,0.0,0.0,0.0,0.0,IMELBO1849.csv
2022/12/24,02:34 AM,15.89,15.11,95.0,South,0.64,1.45,1022.01,0.0,0.0,0.0,0.0,IMELBO1849.csv
2022/12/24,02:39 AM,15.94,15.17,95.0,South,0.64,1.13,1021.67,0.0,0.0,0.0,0.0,IMELBO1849.csv
2022/12/24,02:44 AM,16.11,15.28,95.0,South,0.16,0.32,1021.67,0.0,0.0,0.0,0.0,IMELBO1849.csv
2022/12/24,02:49 AM,15.94,15.17,95.0,South,0.32,0.64,1021.67,0.0,0.0,0.0,0.0,IMELBO1849.csv
2022/12/24,02:54 AM,16.0,15.22,95.0,South,0.64,1.13,1021.67,0.0,0.0,0.0,0.0,IMELBO1849.csv
2022/12/24,02:59 AM,15.94,15.17,95.0,South,0.0,0.0,1021.67,0.0,0.0,0.0,0.0,IMELBO1849.csv
2022/12/24,03:04 AM,16.0,15.22,95.0,South,0.0,0.0,1021.67,0.0,0.0,0.0,0.0,IMELBO1849.csv
2022/12/24,03:09 AM,15.89,15.11,95.0,South,0.0,0.0,1021.67,0.0,0.0,0.0,0.0,IMELBO1849.csv
2022/12/24,03:14 AM,15.89,15.11,95.0,South,0.0,0.0,1021.67,0.0,0.0,0.0,0.0,IMELBO1849.csv
2022/12/24,03:19 AM,15.89,15.22,96.0,South,0.0,0.0,1021.67,0.0,0.0,0.0,0.0,IMELBO1849.csv
2022/12/24,03:24 AM,15.89,15.28,96.0,South,0.0,0.0,1021.67,0.0,0.0,0.0,0.0,IMELBO1849.csv
2022/12/24,03:29 AM,15.89,15.28,96.0,South,0.48,0.48,1021.67,0.0,0.0,0.0,0.0,IMELBO1849.csv
2022/12/24,03:34 AM,15.89,15.28,96.0,South,0.0,0.0,1021.67,0.0,0.0,0.0,0.0,IMELBO1849.csv
2022/12/24,03:39 AM,15.89,15.28,96.0,South,0.0,0.32,1021.67,0.0,0.0,0.0,0.0,IMELBO1849.csv
2022/12/24,03:44 AM,15.78,15.22,96.0,South,0.48,0.97,1021.67,0.0,0.0,0.0,0.0,IMELBO1849.csv
2022/12/24,03:49 AM,15.83,15.28,96.0,SSW,0.97,1.77,1022.01,0.0,0.0,0.0,0.0,IMELBO1849.csv
2022/12/24,03:54 AM,15.89,15.28,96.0,SW,1.77,2.25,1022.01,0.0,0.0,0.0,0.0,IMELBO1849.csv
2022/12/24,03:59 AM,15.89,15.28,96.0,SW,2.09,2.57,1022.01,0.0,0.0,0.0,0.0,IMELBO1849.csv
2022/12/24,04:04 AM,15.89,15.28,96.0,SW,1.29,1.93,1021.67,0.0,0.0,0.0,0.0,IMELBO1849.csv
2022/12/24,04:09 AM,15.83,15.22,96.0,SW,1.29,1.93,1021.67,0.0,0.0,0.0,0.0,IMELBO1849.csv
2022/12/24,04:14 AM,15.83,15.22,96.0,SW,0.16,0.64,1022.01,0.0,0.0,0.0,0.0,IMELBO1849.csv
2022/12/24,04:19 AM,15.89,15.17,95.0,SW,0.8,1.61,1021.67,0.0,0.0,0.0,0.0,IMELBO1849.csv
2022/12/24,04:24 AM,15.89,15.11,95.0,SW,1.13,1.93,1021.67,0.0,0.0,0.0,0.0,IMELBO1849.csv
2022/12/24,04:29 AM,15.83,15.06,95.0,SW,0.8,1.61,1022.01,0.0,0.0,0.0,0.0,IMELBO1849.csv
2022/12/24,04:34 AM,15.83,15.06,95.0,SW,0.97,1.29,1022.01,0.0,0.0,0.0,0.0,IMELBO1849.csv
2022/12/24,04:39 AM,15.89,15.11,95.0,SSW,0.97,1.45,1022.01,0.0,0.0,0.0,0.0,IMELBO1849.csv
2022/12/24,04:44 AM,15.89,15.11,95.0,SW,1.77,2.41,1022.01,0.0,0.0,0.0,0.0,IMELBO1849.csv
2022/12/24,04:49 AM,15.89,15.11,95.0,SW,1.93,2.9,1022.01,0.0,0.0,0.0,0.0,IMELBO1849.csv
2022/12/24,04:54 AM,15.89,15.11,95.0,SW,1.77,2.57,1022.01,0.0,0.0,0.0,0.0,IMELBO1849.csv
2022/12/24,04:59 AM,15.78,14.89,95.0,SW,3.22,4.67,1022.35,0.0,0.0,0.0,0.0,IMELBO1849.csv
2022/12/24,05:04 AM,15.72,14.72,94.0,SW,4.18,5.47,1022.01,0.0,0.0,0.0,0.0,IMELBO1849.csv
2022/12/24,05:09 AM,15.5,14.33,93.0,SW,6.28,8.53,1022.35,0.0,0.0,0.0,0.0,IMELBO1849.csv
2022/12/24,05:14 AM,15.33,14.0,91.0,SW,5.63,7.72,1022.35,0.0,0.0,0.0,0.0,IMELBO1849.csv
2022/12/24,05:19 AM,15.5,13.83,90.0,SW,4.51,5.95,1022.69,0.0,0.0,0.0,0.0,IMELBO1849.csv
2022/12/24,05:24 AM,15.67,13.83,89.0,SW,4.18,5.31,1022.69,0.0,0.0,0.0,0.0,IMELBO1849.csv
2022/12/24,05:29 AM,15.72,13.89,89.0,WSW,5.15,7.24,1022.69,0.0,0.0,0.0,0.0,IMELBO1849.csv
2022/12/24,05:34 AM,15.56,13.61,88.0,WSW,4.67,6.44,1022.69,0.0,0.0,0.0,0.0,IMELBO1849.csv
2022/12/24,05:39 AM,15.5,13.5,88.0,WSW,3.54,5.15,1022.69,0.0,0.0,0.0,0.0,IMELBO1849.csv
2022/12/24,05:44 AM,15.44,13.39,88.0,WSW,3.38,4.67,1022.69,0.0,0.0,0.0,0.0,IMELBO1849.csv
2022/12/24,05:49 AM,15.39,13.28,87.0,WSW,3.38,4.99,1022.69,0.0,0.0,0.0,0.0,IMELBO1849.csv
2022/12/24,05:54 AM,15.5,13.33,87.0,WSW,3.06,4.51,1023.03,0.0,0.0,0.0,0.0,IMELBO1849.csv
2022/12/24,05:59 AM,15.5,13.22,86.0,WSW,3.38,4.83,1023.03,0.0,0.0,0.0,0.0,IMELBO1849.csv
2022/12/24,06:04 AM,15.56,13.22,86.0,WSW,3.54,4.83,1023.03,0.0,0.0,0.0,1.7,IMELBO1849.csv
2022/12/24,06:09 AM,15.61,13.28,86.0,WSW,2.57,3.54,1023.03,0.0,0.0,0.0,4.8,IMELBO1849.csv
2022/12/24,06:14 AM,15.5,13.22,86.0,West,1.77,2.57,1023.03,0.0,0.0,0.0,6.5,IMELBO1849.csv
2022/12/24,06:19 AM,15.5,13.22,86.0,West,0.97,1.93,1023.03,0.0,0.0,0.0,7.3,IMELBO1849.csv
2022/12/24,06:24 AM,15.5,13.22,86.0,SW,1.93,3.06,1023.03,0.0,0.0,0.0,9.9,IMELBO1849.csv
2022/12/24,06:29 AM,15.5,13.22,86.0,WSW,2.09,3.06,1023.03,0.0,0.0,0.0,12.1,IMELBO1849.csv
2022/12/24,06:34 AM,15.5,13.22,86.0,WSW,1.93,2.9,1023.03,0.0,0.0,0.0,15.2,IMELBO1849.csv
2022/12/24,06:39 AM,15.5,13.22,86.0,WSW,2.57,3.86,1023.37,0.0,0.0,0.0,17.7,IMELBO1849.csv
2022/12/24,06:44 AM,15.61,13.28,86.0,WSW,1.29,1.93,1023.37,0.0,0.0,0.0,25.6,IMELBO1849.csv
2022/12/24,06:49 AM,15.61,13.11,85.0,WSW,3.22,4.34,1023.37,0.0,0.0,0.0,33.8,IMELBO1849.csv
2022/12/24,06:54 AM,15.61,13.11,85.0,WSW,2.25,3.38,1023.37,0.0,0.0,0.0,41.6,IMELBO1849.csv
2022/12/24,06:59 AM,15.61,13.11,85.0,WSW,2.74,3.86,1023.37,0.0,0.0,0.0,53.3,IMELBO1849.csv
2022/12/24,07:04 AM,15.72,13.17,85.0,WSW,2.74,4.34,1023.37,0.0,0.0,0.0,67.7,IMELBO1849.csv
2022/12/24,07:09 AM,15.78,13.06,84.0,West,3.22,4.02,1023.71,0.0,0.0,0.0,99.3,IMELBO1849.csv
2022/12/24,07:14 AM,15.94,13.28,84.0,WSW,2.9,3.86,1023.71,0.0,0.0,0.0,96.3,IMELBO1849.csv
2022/12/24,07:19 AM,16.0,13.28,84.0,SW,2.74,4.02,1023.37,0.0,0.0,1.0,117.4,IMELBO1849.csv
2022/12/24,07:24 AM,16.06,13.33,84.0,WSW,2.25,3.22,1023.71,0.0,0.0,0.0,98.0,IMELBO1849.csv
2022/12/24,07:29 AM,16.06,13.28,84.0,SW,2.9,3.86,1023.71,0.0,0.0,1.0,172.6,IMELBO1849.csv
2022/12/24,07:34 AM,16.39,13.33,82.0,WSW,4.83,6.6,1023.71,0.0,0.0,1.0,175.7,IMELBO1849.csv
2022/12/24,07:39 AM,16.33,13.28,82.0,SW,4.67,6.44,1023.71,0.0,0.0,1.0,143.1,IMELBO1849.csv
2022/12/24,07:44 AM,16.39,13.22,82.0,WSW,2.74,4.02,1023.71,0.0,0.0,1.0,148.8,IMELBO1849.csv
2022/12/24,07:49 AM,16.56,13.28,81.0,WSW,3.06,4.83,1023.71,0.0,0.0,2.0,213.4,IMELBO1849.csv
2022/12/24,07:54 AM,16.72,13.17,79.0,WSW,4.51,6.28,1023.71,0.0,0.0,2.0,248.1,IMELBO1849.csv
2022/12/24,07:59 AM,16.78,13.0,78.0,WSW,3.7,5.31,1023.71,0.0,0.0,2.0,286.6,IMELBO1849.csv
2022/12/24,08:04 AM,17.06,12.94,77.0,SW,5.63,7.72,1024.04,0.0,0.0,2.0,284.1,IMELBO1849.csv
2022/12/24,08:09 AM,16.94,12.67,76.0,SW,4.51,5.95,1024.04,0.0,0.0,2.0,294.1,IMELBO1849.csv
2022/12/24,08:14 AM,16.83,12.56,76.0,SW,5.47,7.56,1023.71,0.0,0.0,2.0,237.7,IMELBO1849.csv
2022/12/24,08:19 AM,16.94,12.67,76.0,SW,2.74,4.34,1024.04,0.0,0.0,2.0,298.9,IMELBO1849.csv
2022/12/24,08:24 AM,17.17,12.67,75.0,WSW,2.57,3.54,1024.04,0.0,0.0,2.0,230.2,IMELBO1849.csv
2022/12/24,08:29 AM,17.22,12.67,74.0,SW,4.67,6.44,1024.04,0.0,0.0,2.0,295.8,IMELBO1849.csv
2022/12/24,08:34 AM,17.22,12.67,74.0,SW,3.86,5.47,1024.04,0.0,0.0,3.0,407.3,IMELBO1849.csv
2022/12/24,08:39 AM,17.61,12.89,74.0,SW,2.9,4.02,1024.04,0.0,0.0,3.0,391.7,IMELBO1849.csv
2022/12/24,08:44 AM,18.11,12.89,72.0,West,3.38,4.99,1024.04,0.0,0.0,4.0,423.8,IMELBO1849.csv
2022/12/24,08:49 AM,18.11,12.17,68.0,SW,2.9,4.18,1024.04,0.0,0.0,5.0,524.8,IMELBO1849.csv
2022/12/24,08:54 AM,18.67,12.28,66.0,SW,4.02,5.63,1024.04,0.0,0.0,5.0,532.3,IMELBO1849.csv
2022/12/24,08:59 AM,18.22,12.0,67.0,SW,4.02,5.47,1024.04,0.0,0.0,5.0,530.5,IMELBO1849.csv
2022/12/24,09:04 AM,18.83,12.28,66.0,WSW,2.9,4.02,1024.04,0.0,0.0,5.0,518.3,IMELBO1849.csv
2022/12/24,09:09 AM,19.5,12.22,63.0,WSW,2.57,3.7,1024.04,0.0,0.0,4.0,473.7,IMELBO1849.csv
2022/12/24,09:14 AM,19.72,11.89,61.0,West,2.57,4.18,1024.04,0.0,0.0,4.0,483.2,IMELBO1849.csv
2022/12/24,09:19 AM,19.67,11.83,61.0,SW,2.09,2.9,1024.04,0.0,0.0,5.0,513.2,IMELBO1849.csv
2022/12/24,09:24 AM,19.83,11.89,60.0,SW,3.86,5.63,1024.04,0.0,0.0,5.0,513.2,IMELBO1849.csv
2022/12/24,09:29 AM,19.67,11.83,61.0,West,4.02,5.79,1024.04,0.0,0.0,4.0,492.8,IMELBO1849.csv
2022/12/24,09:34 AM,19.56,11.67,60.0,NW,3.54,4.99,1023.71,0.0,0.0,5.0,577.8,IMELBO1849.csv
2022/12/24,09:39 AM,19.78,11.89,60.0,SW,3.7,5.15,1023.71,0.0,0.0,5.0,593.5,IMELBO1849.csv
2022/12/24,09:44 AM,19.72,11.78,60.0,SW,3.86,5.31,1023.71,0.0,0.0,5.0,593.5,IMELBO1849.csv
2022/12/24,09:49 AM,19.67,11.72,60.0,SW,6.11,7.72,1023.71,0.0,0.0,6.0,680.2,IMELBO1849.csv
2022/12/24,09:54 AM,19.78,11.78,60.0,SSW,3.86,5.15,1024.04,0.0,0.0,7.0,811.6,IMELBO1849.csv
2022/12/24,09:59 AM,20.44,12.33,60.0,South,4.02,5.47,1024.04,0.0,0.0,7.0,805.1,IMELBO1849.csv
2022/12/24,10:04 AM,20.22,12.28,60.0,SW,4.34,5.95,1024.04,0.0,0.0,7.0,757.9,IMELBO1849.csv
2022/12/24,10:09 AM,20.22,11.94,59.0,SW,3.7,5.47,1024.04,0.0,0.0,7.0,792.1,IMELBO1849.csv
2022/12/24,10:14 AM,20.06,12.11,60.0,ENE,5.15,6.76,1024.04,0.0,0.0,8.0,840.7,IMELBO1849.csv
2022/12/24,10:19 AM,19.89,12.22,61.0,SSW,3.54,4.67,1024.04,0.0,0.0,8.0,878.9,IMELBO1849.csv
2022/12/24,10:24 AM,20.17,12.61,62.0,SW,4.51,5.79,1024.04,0.0,0.0,8.0,838.1,IMELBO1849.csv
2022/12/24,10:29 AM,20.39,13.17,63.0,SSW,7.24,9.17,1024.04,0.0,0.0,7.0,786.5,IMELBO1849.csv
2022/12/24,10:34 AM,20.11,12.94,63.0,SW,5.31,7.24,1024.04,0.0,0.0,7.0,795.2,IMELBO1849.csv
2022/12/24,10:39 AM,20.5,13.06,62.0,SSW,4.34,6.44,1024.38,0.0,0.0,8.0,855.0,IMELBO1849.csv
2022/12/24,10:44 AM,21.28,13.22,60.0,SSW,4.34,5.79,1024.04,0.0,0.0,8.0,892.3,IMELBO1849.csv
2022/12/24,10:49 AM,20.5,12.61,61.0,WSW,4.34,5.79,1024.04,0.0,0.0,8.0,910.9,IMELBO1849.csv
2022/12/24,10:54 AM,20.67,12.5,59.0,West,1.45,2.41,1024.04,0.0,0.0,8.0,908.8,IMELBO1849.csv
2022/12/24,10:59 AM,20.72,12.56,60.0,SW,2.57,4.02,1024.04,0.0,0.0,7.0,731.8,IMELBO1849.csv
2022/12/24,11:04 AM,20.61,12.39,59.0,WSW,3.38,5.31,1024.04,0.0,0.0,8.0,914.8,IMELBO1849.csv
2022/12/24,11:09 AM,20.94,12.67,59.0,WSW,4.02,5.95,1024.04,0.0,0.0,8.0,855.4,IMELBO1849.csv
2022/12/24,11:14 AM,21.11,12.83,59.0,SW,4.67,6.44,1024.04,0.0,0.0,7.0,763.0,IMELBO1849.csv
2022/12/24,11:19 AM,21.33,12.72,58.0,SSW,3.54,4.99,1024.04,0.0,0.0,7.0,747.8,IMELBO1849.csv
2022/12/24,11:24 AM,21.28,12.5,57.0,SW,3.06,4.34,1024.04,0.0,0.0,7.0,764.4,IMELBO1849.csv
2022/12/24,11:29 AM,21.5,12.33,56.0,NW,4.51,6.11,1024.04,0.0,0.0,7.0,799.0,IMELBO1849.csv
2022/12/24,11:34 AM,21.56,12.17,55.0,East,1.45,2.41,1024.04,0.0,0.0,7.0,802.0,IMELBO1849.csv
2022/12/24,11:39 AM,21.67,12.28,55.0,South,2.9,4.02,1023.71,0.0,0.0,7.0,806.8,IMELBO1849.csv
2022/12/24,11:44 AM,21.33,12.17,56.0,SSW,2.57,3.54,1023.71,0.0,0.0,7.0,797.3,IMELBO1849.csv
2022/12/24,11:49 AM,21.33,12.11,56.0,SW,4.34,5.63,1023.71,0.0,0.0,7.0,816.8,IMELBO1849.csv
2022/12/24,11:54 AM,21.67,11.94,54.0,NNW,1.61,2.25,1024.04,0.0,0.0,7.0,817.2,IMELBO1849.csv
2022/12/24,11:59 AM,22.11,12.06,53.0,West,2.9,3.7,1024.04,0.0,0.0,7.0,820.8,IMELBO1849.csv
2022/12/24,12:04 PM,22.0,12.06,53.0,WSW,3.06,4.67,1023.71,0.0,0.0,8.0,823.3,IMELBO1849.csv
2022/12/24,12:09 PM,22.11,12.11,53.0,SW,4.34,6.11,1023.71,0.0,0.0,7.0,820.3,IMELBO1849.csv
2022/12/24,12:14 PM,22.17,11.94,52.0,SSW,2.25,3.54,1024.04,0.0,0.0,7.0,822.5,IMELBO1849.csv
2022/12/24,12:19 PM,22.56,12.17,52.0,WSW,3.22,4.67,1024.04,0.0,0.0,7.0,822.0,IMELBO1849.csv
2022/12/24,12:24 PM,22.33,11.94,52.0,NW,3.54,5.15,1023.71,0.0,0.0,8.0,822.8,IMELBO1849.csv
2022/12/24,12:29 PM,22.67,12.33,52.0,NNE,3.38,4.99,1023.71,0.0,0.0,8.0,822.5,IMELBO1849.csv
2022/12/24,12:34 PM,22.72,12.28,52.0,ENE,2.41,3.54,1024.04,0.0,0.0,7.0,816.0,IMELBO1849.csv
2022/12/24,12:39 PM,23.39,12.11,49.0,NNW,1.61,2.57,1024.04,0.0,0.0,7.0,811.6,IMELBO1849.csv
2022/12/24,12:44 PM,23.72,12.33,49.0,NW,1.77,2.57,1023.71,0.0,0.0,7.0,808.2,IMELBO1849.csv
2022/12/24,12:49 PM,23.22,11.89,49.0,West,3.06,4.34,1023.71,0.0,0.0,7.0,802.5,IMELBO1849.csv
2022/12/24,12:54 PM,23.72,12.06,48.0,West,3.38,4.99,1023.71,0.0,0.0,7.0,799.0,IMELBO1849.csv
2022/12/24,12:59 PM,23.33,11.89,48.0,WSW,3.86,5.15,1023.71,0.0,0.0,7.0,802.5,IMELBO1849.csv
2022/12/24,01:04 PM,23.5,11.89,48.0,,2.9,4.18,1023.71,0.0,0.0,7.0,802.5,IMELBO1849.csv
2022/12/24,01:09 PM,24.11,12.28,47.0,NW,3.86,6.11,1023.71,0.0,0.0,7.0,802.0,IMELBO1849.csv
2022/12/24,01:14 PM,24.33,12.28,47.0,WNW,3.54,4.51,1023.71,0.0,0.0,7.0,810.7,IMELBO1849.csv
2022/12/24,01:19 PM,23.83,12.06,48.0,South,2.41,3.38,1023.71,0.0,0.0,8.0,826.4,IMELBO1849.csv
2022/12/24,01:24 PM,23.83,12.11,48.0,SSE,2.41,3.54,1023.71,0.0,0.0,8.0,831.5,IMELBO1849.csv
2022/12/24,01:29 PM,24.28,11.67,45.0,WSW,3.54,4.99,1023.37,0.0,0.0,8.0,836.3,IMELBO1849.csv
2022/12/24,01:34 PM,24.61,11.83,45.0,West,4.83,6.92,1023.37,0.0,0.0,8.0,841.5,IMELBO1849.csv
2022/12/24,01:39 PM,24.28,11.83,46.0,SW,2.74,4.34,1023.37,0.0,0.0,8.0,833.3,IMELBO1849.csv
2022/12/24,01:44 PM,24.39,11.78,45.0,SW,2.25,3.38,1023.37,0.0,0.0,7.0,801.7,IMELBO1849.csv
2022/12/24,01:49 PM,24.44,11.89,45.0,NW,2.74,4.02,1023.37,0.0,0.0,7.0,797.8,IMELBO1849.csv
2022/12/24,01:54 PM,24.61,12.11,46.0,West,2.9,4.18,1023.37,0.0,0.0,8.0,828.6,IMELBO1849.csv
2022/12/24,01:59 PM,24.5,12.39,47.0,WSW,5.63,7.72,1023.37,0.0,0.0,8.0,827.6,IMELBO1849.csv
2022/12/24,02:04 PM,24.89,12.56,46.0,SE,3.06,4.34,1023.03,0.0,0.0,8.0,828.1,IMELBO1849.csv
2022/12/24,02:09 PM,25.06,12.72,46.0,South,4.51,6.92,1023.03,0.0,0.0,8.0,836.8,IMELBO1849.csv
2022/12/24,02:14 PM,25.0,12.67,46.0,WSW,4.99,7.24,1023.03,0.0,0.0,8.0,835.9,IMELBO1849.csv
2022/12/24,02:19 PM,25.22,13.67,49.0,SW,6.92,8.85,1023.37,0.0,0.0,8.0,825.9,IMELBO1849.csv
2022/12/24,02:24 PM,24.83,14.06,51.0,SW,8.37,11.42,1023.37,0.0,0.0,7.0,808.5,IMELBO1849.csv
2022/12/24,02:29 PM,24.78,13.78,50.0,SSE,4.83,7.08,1023.37,0.0,0.0,7.0,803.4,IMELBO1849.csv
2022/12/24,02:34 PM,24.78,14.0,51.0,SSW,7.24,9.33,1023.37,0.0,0.0,7.0,798.6,IMELBO1849.csv
2022/12/24,02:39 PM,24.28,13.61,51.0,SSW,4.34,5.95,1023.03,0.0,0.0,7.0,794.2,IMELBO1849.csv
2022/12/24,02:44 PM,24.61,13.78,51.0,SSW,7.72,10.46,1023.03,0.0,0.0,7.0,779.9,IMELBO1849.csv
2022/12/24,02:49 PM,24.39,13.72,51.0,SSW,7.88,11.26,1023.03,0.0,0.0,7.0,791.6,IMELBO1849.csv
2022/12/24,02:54 PM,24.5,13.83,51.0,SSE,5.31,7.56,1023.03,0.0,0.0,7.0,811.6,IMELBO1849.csv
2022/12/24,02:59 PM,24.83,13.83,50.0,SSW,4.51,6.6,1023.03,0.0,0.0,7.0,811.2,IMELBO1849.csv
2022/12/24,03:04 PM,25.0,13.89,50.0,SE,4.51,6.11,1023.03,0.0,0.0,7.0,807.3,IMELBO1849.csv
2022/12/24,03:09 PM,24.78,13.83,51.0,South,5.95,8.85,1023.03,0.0,0.0,7.0,801.7,IMELBO1849.csv
2022/12/24,03:14 PM,24.89,13.78,50.0,SSE,6.92,9.81,1023.03,0.0,0.0,7.0,795.2,IMELBO1849.csv
2022/12/24,03:19 PM,24.89,13.78,50.0,SSW,4.51,6.6,1023.03,0.0,0.0,7.0,792.1,IMELBO1849.csv
2022/12/24,03:24 PM,24.56,13.67,51.0,SW,5.63,7.4,1022.69,0.0,0.0,7.0,786.0,IMELBO1849.csv
2022/12/24,03:29 PM,24.17,13.44,51.0,SW,4.67,6.11,1022.69,0.0,0.0,7.0,771.7,IMELBO1849.csv
2022/12/24,03:34 PM,24.72,13.67,50.0,SSE,4.83,6.11,1022.69,0.0,0.0,7.0,785.5,IMELBO1849.csv
2022/12/24,03:39 PM,24.28,13.56,51.0,East,4.34,5.47,1022.69,0.0,0.0,7.0,791.6,IMELBO1849.csv
2022/12/24,03:44 PM,24.67,13.78,51.0,South,6.44,9.01,1022.69,0.0,0.0,7.0,789.4,IMELBO1849.csv
2022/12/24,03:49 PM,25.0,13.89,50.0,South,4.67,6.28,1022.69,0.0,0.0,7.0,800.0,IMELBO1849.csv
2022/12/24,03:54 PM,25.06,14.0,50.0,SSW,4.34,5.79,1022.69,0.0,0.0,7.0,797.3,IMELBO1849.csv
2022/12/24,03:59 PM,24.94,13.78,50.0,SW,4.18,5.47,1022.69,0.0,0.0,7.0,803.8,IMELBO1849.csv
2022/12/24,04:04 PM,24.89,13.83,50.0,SSW,7.4,9.65,1022.35,0.0,0.0,7.0,801.2,IMELBO1849.csv
2022/12/24,04:09 PM,25.22,14.11,50.0,SE,3.86,6.28,1022.69,0.0,0.0,7.0,797.8,IMELBO1849.csv
2022/12/24,04:14 PM,24.94,14.0,51.0,SW,7.88,10.3,1022.35,0.0,0.0,7.0,800.3,IMELBO1849.csv
2022/12/24,04:19 PM,24.5,13.72,51.0,South,5.95,8.37,1022.69,0.0,0.0,7.0,793.3,IMELBO1849.csv
2022/12/24,04:24 PM,25.44,14.17,50.0,SSE,3.38,4.51,1022.35,0.0,0.0,7.0,793.0,IMELBO1849.csv
2022/12/24,04:29 PM,25.72,14.28,49.0,SE,3.86,6.11,1022.69,0.0,0.0,7.0,777.8,IMELBO1849.csv
2022/12/24,04:34 PM,25.89,14.33,49.0,South,3.7,5.15,1022.35,0.0,0.0,7.0,785.2,IMELBO1849.csv
2022/12/24,04:39 PM,25.39,14.22,50.0,SSW,7.56,9.81,1022.35,0.0,0.0,7.0,778.2,IMELBO1849.csv
2022/12/24,04:44 PM,24.67,14.22,52.0,SSW,8.85,12.71,1022.69,0.0,0.0,7.0,754.3,IMELBO1849.csv
2022/12/24,04:49 PM,24.22,14.11,53.0,SSW,7.88,11.58,1022.69,0.0,0.0,7.0,737.4,IMELBO1849.csv
2022/12/24,04:54 PM,24.0,14.17,54.0,SW,9.81,12.71,1022.69,0.0,0.0,7.0,726.5,IMELBO1849.csv
2022/12/24,04:59 PM,23.72,14.17,55.0,SSW,8.21,11.1,1022.69,0.0,0.0,6.0,716.2,IMELBO1849.csv
2022/12/24,05:04 PM,23.89,14.28,55.0,SSW,10.62,14.0,1022.69,0.0,0.0,6.0,689.2,IMELBO1849.csv
2022/12/24,05:09 PM,23.61,14.17,56.0,SSW,8.69,12.07,1022.69,0.0,0.0,6.0,677.6,IMELBO1849.csv
2022/12/24,05:14 PM,23.5,14.28,56.0,SW,10.46,14.96,1022.69,0.0,0.0,6.0,657.2,IMELBO1849.csv
2022/12/24,05:19 PM,23.33,14.06,56.0,SSW,7.4,10.46,1022.69,0.0,0.0,6.0,641.2,IMELBO1849.csv
2022/12/24,05:24 PM,23.56,14.33,56.0,SSW,7.88,11.58,1022.69,0.0,0.0,5.0,614.3,IMELBO1849.csv
2022/12/24,05:29 PM,23.39,14.22,56.0,South,7.4,10.62,1022.69,0.0,0.0,5.0,612.5,IMELBO1849.csv
2022/12/24,05:34 PM,23.11,14.17,57.0,South,6.92,10.3,1022.69,0.0,0.0,5.0,609.0,IMELBO1849.csv
2022/12/24,05:39 PM,22.61,14.17,59.0,SSW,9.65,14.0,1022.69,0.0,0.0,5.0,590.4,IMELBO1849.csv
2022/12/24,05:44 PM,22.39,14.17,60.0,SSW,8.04,11.75,1022.69,0.0,0.0,5.0,537.4,IMELBO1849.csv
2022/12/24,05:49 PM,22.17,14.11,60.0,South,9.17,12.87,1023.03,0.0,0.0,4.0,468.1,IMELBO1849.csv
2022/12/24,05:54 PM,21.89,13.89,60.0,SSW,7.4,11.1,1023.03,0.0,0.0,4.0,439.4,IMELBO1849.csv
2022/12/24,05:59 PM,21.94,13.89,60.0,SSW,9.33,13.35,1023.03,0.0,0.0,4.0,434.2,IMELBO1849.csv
2022/12/24,06:04 PM,21.61,13.67,61.0,South,9.17,12.71,1023.03,0.0,0.0,3.0,380.0,IMELBO1849.csv
2022/12/24,06:09 PM,21.5,13.39,60.0,SSW,9.49,12.55,1023.03,0.0,0.0,3.0,358.7,IMELBO1849.csv
2022/12/24,06:14 PM,21.06,13.22,61.0,South,8.69,11.75,1023.03,0.0,0.0,3.0,320.1,IMELBO1849.csv
2022/12/24,06:19 PM,21.39,13.39,60.0,SSW,7.72,11.26,1023.37,0.0,0.0,3.0,314.4,IMELBO1849.csv
2022/12/24,06:24 PM,21.0,13.17,61.0,SW,9.33,13.35,1023.03,0.0,0.0,3.0,314.4,IMELBO1849.csv
2022/12/24,06:29 PM,20.72,12.94,61.0,SSW,10.46,14.8,1023.37,0.0,0.0,3.0,307.5,IMELBO1849.csv
2022/12/24,06:34 PM,20.67,13.0,62.0,SSW,8.04,10.46,1023.37,0.0,0.0,2.0,276.2,IMELBO1849.csv
2022/12/24,06:39 PM,20.72,12.89,61.0,SSW,8.53,11.42,1023.37,0.0,0.0,2.0,275.4,IMELBO1849.csv
2022/12/24,06:44 PM,20.39,12.89,62.0,SW,9.33,12.55,1023.71,0.0,0.0,2.0,269.8,IMELBO1849.csv
2022/12/24,06:49 PM,20.33,12.89,62.0,South,6.92,9.98,1023.71,0.0,0.0,2.0,252.9,IMELBO1849.csv
2022/12/24,06:54 PM,20.22,12.83,63.0,SSW,8.69,12.23,1023.71,0.0,0.0,2.0,232.4,IMELBO1849.csv
2022/12/24,06:59 PM,20.0,12.78,63.0,SSW,8.21,11.58,1023.71,0.0,0.0,1.0,189.5,IMELBO1849.csv
2022/12/24,07:04 PM,19.94,12.78,63.0,SW,7.72,10.46,1023.71,0.0,0.0,1.0,173.0,IMELBO1849.csv
2022/12/24,07:09 PM,19.44,12.61,64.0,SSW,7.56,10.62,1024.04,0.0,0.0,1.0,164.8,IMELBO1849.csv
2022/12/24,07:14 PM,19.28,12.44,65.0,SW,11.42,14.8,1024.04,0.0,0.0,0.0,51.5,IMELBO1849.csv
2022/12/24,07:19 PM,19.0,12.39,66.0,SW,7.88,10.46,1024.04,0.0,0.0,0.0,48.9,IMELBO1849.csv
2022/12/24,07:24 PM,18.78,12.39,67.0,SW,8.04,10.78,1024.04,0.0,0.0,0.0,47.2,IMELBO1849.csv
2022/12/24,07:29 PM,18.78,12.33,67.0,SSW,7.08,10.3,1024.38,0.0,0.0,0.0,45.9,IMELBO1849.csv
2022/12/24,07:34 PM,18.72,12.39,67.0,South,6.44,9.65,1024.38,0.0,0.0,0.0,42.9,IMELBO1849.csv
2022/12/24,07:39 PM,18.5,12.39,68.0,SW,9.49,13.68,1024.04,0.0,0.0,0.0,41.1,IMELBO1849.csv
2022/12/24,07:44 PM,18.28,12.28,68.0,SSW,9.01,11.75,1024.38,0.0,0.0,0.0,39.0,IMELBO1849.csv
2022/12/24,07:49 PM,18.06,12.22,69.0,SSW,10.94,14.32,1024.38,0.0,0.0,0.0,36.3,IMELBO1849.csv
2022/12/24,07:54 PM,17.78,12.17,70.0,SW,5.95,8.37,1024.38,0.0,0.0,0.0,34.3,IMELBO1849.csv
2022/12/24,07:59 PM,17.89,12.11,69.0,SW,5.15,6.92,1024.38,0.0,0.0,0.0,31.2,IMELBO1849.csv
2022/12/24,08:04 PM,17.83,12.17,69.0,SSW,6.92,9.01,1024.38,0.0,0.0,0.0,28.6,IMELBO1849.csv
2022/12/24,08:09 PM,17.72,12.22,70.0,SW,6.28,8.69,1024.38,0.0,0.0,0.0,25.9,IMELBO1849.csv
2022/12/24,08:14 PM,17.56,12.06,70.0,SSW,6.44,8.53,1024.38,0.0,0.0,0.0,22.9,IMELBO1849.csv
2022/12/24,08:19 PM,17.5,12.06,70.0,SSW,7.4,10.62,1024.72,0.0,0.0,0.0,19.5,IMELBO1849.csv
2022/12/24,08:24 PM,17.22,12.06,72.0,SW,6.6,9.33,1024.72,0.0,0.0,0.0,16.0,IMELBO1849.csv
2022/12/24,08:29 PM,17.17,12.0,72.0,SSW,5.63,7.72,1024.72,0.0,0.0,0.0,13.3,IMELBO1849.csv
2022/12/24,08:34 PM,17.11,12.0,72.0,SSW,5.47,8.21,1024.72,0.0,0.0,0.0,10.4,IMELBO1849.csv
2022/12/24,08:39 PM,17.0,11.89,72.0,SSW,4.99,6.76,1024.72,0.0,0.0,0.0,6.9,IMELBO1849.csv
2022/12/24,08:44 PM,16.78,11.78,72.0,SSW,6.76,9.17,1024.72,0.0,0.0,0.0,3.8,IMELBO1849.csv
2022/12/24,08:49 PM,16.78,11.89,73.0,SSW,4.83,6.44,1024.72,0.0,0.0,0.0,2.1,IMELBO1849.csv
2022/12/24,08:54 PM,16.72,11.83,73.0,SSW,4.83,6.6,1024.72,0.0,0.0,0.0,0.4,IMELBO1849.csv
2022/12/24,08:59 PM,16.61,12.0,74.0,SSW,6.11,7.88,1025.06,0.0,0.0,0.0,0.0,IMELBO1849.csv
2022/12/24,09:04 PM,16.5,11.89,74.0,SW,5.95,8.04,1025.06,0.0,0.0,0.0,0.0,IMELBO1849.csv
2022/12/24,09:09 PM,16.44,11.89,74.0,SSW,5.79,7.56,1025.06,0.0,0.0,0.0,0.0,IMELBO1849.csv
2022/12/24,09:14 PM,16.33,11.72,74.0,SSW,5.63,8.53,1025.06,0.0,0.0,0.0,0.0,IMELBO1849.csv
2022/12/24,09:19 PM,16.28,11.72,74.0,SW,8.53,11.91,1025.4,0.0,0.0,0.0,0.0,IMELBO1849.csv
2022/12/24,09:24 PM,16.28,11.72,74.0,SSW,6.6,9.17,1025.4,0.0,0.0,0.0,0.0,IMELBO1849.csv
2022/12/24,09:29 PM,16.28,11.72,74.0,SSW,6.44,8.69,1025.4,0.0,0.0,0.0,0.0,IMELBO1849.csv
2022/12/24,09:34 PM,16.22,11.61,74.0,SW,5.95,8.21,1025.4,0.0,0.0,0.0,0.0,IMELBO1849.csv
2022/12/24,09:39 PM,16.28,11.78,75.0,SW,5.47,7.08,1025.74,0.0,0.0,0.0,0.0,IMELBO1849.csv
2022/12/24,09:44 PM,16.22,11.78,75.0,SSW,2.9,4.02,1025.4,0.0,0.0,0.0,0.0,IMELBO1849.csv
2022/12/24,09:49 PM,16.11,11.72,75.0,SW,4.83,6.11,1025.4,0.0,0.0,0.0,0.0,IMELBO1849.csv
2022/12/24,09:54 PM,16.0,11.67,75.0,SW,3.7,4.99,1025.74,0.0,0.0,0.0,0.0,IMELBO1849.csv
2022/12/24,09:59 PM,16.0,11.78,76.0,SSW,4.99,6.6,1025.4,0.0,0.0,0.0,0.0,IMELBO1849.csv
2022/12/24,10:04 PM,16.0,11.78,76.0,SW,4.67,5.79,1025.4,0.0,0.0,0.0,0.0,IMELBO1849.csv
2022/12/24,10:09 PM,15.94,11.78,76.0,SSW,5.47,7.08,1025.4,0.0,0.0,0.0,0.0,IMELBO1849.csv
2022/12/24,10:14 PM,15.89,11.72,76.0,SW,5.15,6.44,1025.4,0.0,0.0,0.0,0.0,IMELBO1849.csv
2022/12/24,10:19 PM,15.89,11.72,76.0,SSW,3.22,4.18,1025.74,0.0,0.0,0.0,0.0,IMELBO1849.csv
2022/12/24,10:24 PM,15.89,11.78,76.0,SW,3.38,4.67,1025.74,0.0,0.0,0.0,0.0,IMELBO1849.csv
2022/12/24,10:29 PM,15.89,11.78,76.0,SSW,3.54,4.34,1025.74,0.0,0.0,0.0,0.0,IMELBO1849.csv
2022/12/24,10:34 PM,15.83,11.83,77.0,SW,3.7,4.99,1025.74,0.0,0.0,0.0,0.0,IMELBO1849.csv
2022/12/24,10:39 PM,15.78,11.78,77.0,SW,4.18,5.47,1025.74,0.0,0.0,0.0,0.0,IMELBO1849.csv
2022/12/24,10:44 PM,15.89,11.89,77.0,SW,3.7,4.99,1025.74,0.0,0.0,0.0,0.0,IMELBO1849.csv
2022/12/24,10:49 PM,15.78,11.78,77.0,SW,3.86,4.51,1026.08,0.0,0.0,0.0,0.0,IMELBO1849.csv
2022/12/24,10:54 PM,15.78,11.89,78.0,SSW,2.74,3.7,1025.74,0.0,0.0,0.0,0.0,IMELBO1849.csv
2022/12/24,10:59 PM,15.78,12.0,78.0,SSW,2.9,4.02,1025.74,0.0,0.0,0.0,0.0,IMELBO1849.csv
2022/12/24,11:04 PM,15.78,12.0,78.0,SSW,2.9,3.86,1025.74,0.0,0.0,0.0,0.0,IMELBO1849.csv
2022/12/24,11:09 PM,15.72,11.89,78.0,SSW,4.67,6.11,1025.74,0.0,0.0,0.0,0.0,IMELBO1849.csv
2022/12/24,11:14 PM,15.72,11.89,78.0,South,3.7,5.15,1025.74,0.0,0.0,0.0,0.0,IMELBO1849.csv
2022/12/24,11:19 PM,15.72,11.89,78.0,SSW,4.67,6.11,1025.74,0.0,0.0,0.0,0.0,IMELBO1849.csv
2022/12/24,11:24 PM,15.67,11.83,78.0,SSW,2.41,3.38,1025.74,0.0,0.0,0.0,0.0,IMELBO1849.csv
2022/12/24,11:29 PM,15.61,11.78,78.0,SSW,2.9,4.02,1025.4,0.0,0.0,0.0,0.0,IMELBO1849.csv
2022/12/24,11:34 PM,15.5,11.72,78.0,SSW,1.93,2.74,1025.74,0.0,0.0,0.0,0.0,IMELBO1849.csv
2022/12/24,11:39 PM,15.5,11.72,78.0,South,2.09,3.06,1025.74,0.0,0.0,0.0,0.0,IMELBO1849.csv
2022/12/24,11:44 PM,15.39,11.67,78.0,South,1.45,2.41,1025.74,0.0,0.0,0.0,0.0,IMELBO1849.csv
2022/12/24,11:49 PM,15.28,11.72,79.0,SSE,0.97,1.77,1025.4,0.0,0.0,0.0,0.0,IMELBO1849.csv
2022/12/24,11:54 PM,15.17,11.67,79.0,SE,1.29,1.77,1025.4,0.0,0.0,0.0,0.0,IMELBO1849.csv
2022/12/24,11:59 PM,15.06,11.67,80.0,SE,0.48,0.97,1025.74,0.0,0.0,0.0,0.0,IMELBO1849.csv
2022/12/25,12:04 AM,14.94,11.56,80.0,SE,0.0,0.16,1025.74,0.0,0.0,0.0,0.0,IMELBO1849.csv
2022/12/25,12:09 AM,14.89,11.5,80.0,South,0.64,1.29,1025.74,0.0,0.0,0.0,0.0,IMELBO1849.csv
2022/12/25,12:14 AM,14.89,11.5,80.0,South,0.48,0.97,1025.74,0.0,0.0,0.0,0.0,IMELBO1849.csv
2022/12/25,12:19 AM,14.83,11.5,80.0,South,0.32,0.8,1025.4,0.0,0.0,0.0,0.0,IMELBO1849.csv
2022/12/25,12:24 AM,14.78,11.61,81.0,South,0.0,0.16,1025.4,0.0,0.0,0.0,0.0,IMELBO1849.csv
2022/12/25,12:29 AM,14.72,11.5,81.0,South,0.16,0.8,1025.4,0.0,0.0,0.0,0.0,IMELBO1849.csv
2022/12/25,12:34 AM,14.78,11.56,81.0,South,0.48,0.97,1025.4,0.0,0.0,0.0,0.0,IMELBO1849.csv
2022/12/25,12:39 AM,14.72,11.5,81.0,South,0.16,0.48,1025.4,0.0,0.0,0.0,0.0,IMELBO1849.csv
2022/12/25,12:44 AM,14.72,11.5,81.0,South,0.16,0.32,1025.4,0.0,0.0,0.0,0.0,IMELBO1849.csv
2022/12/25,12:49 AM,14.67,11.44,81.0,South,0.0,0.0,1025.4,0.0,0.0,0.0,0.0,IMELBO1849.csv
2022/12/25,12:54 AM,14.5,11.5,82.0,South,0.16,0.16,1025.4,0.0,0.0,0.0,0.0,IMELBO1849.csv
2022/12/25,12:59 AM,14.56,11.56,82.0,South,0.16,0.32,1025.4,0.0,0.0,0.0,0.0,IMELBO1849.csv
2022/12/25,01:04 AM,14.33,11.33,82.0,South,0.0,0.0,1025.4,0.0,0.0,0.0,0.0,IMELBO1849.csv
2022/12/25,01:09 AM,14.11,11.22,83.0,South,0.0,0.0,1025.4,0.0,0.0,0.0,0.0,IMELBO1849.csv
2022/12/25,01:14 AM,13.89,11.22,84.0,South,0.0,0.0,1025.06,0.0,0.0,0.0,0.0,IMELBO1849.csv
2022/12/25,01:19 AM,13.67,11.0,84.0,South,0.0,0.0,1025.06,0.0,0.0,0.0,0.0,IMELBO1849.csv
2022/12/25,01:24 AM,13.61,11.11,85.0,South,0.0,0.0,1025.4,0.0,0.0,0.0,0.0,IMELBO1849.csv
2022/12/25,01:29 AM,13.5,11.06,85.0,South,0.0,0.0,1025.06,0.0,0.0,0.0,0.0,IMELBO1849.csv
2022/12/25,01:34 AM,13.33,11.06,86.0,South,0.0,0.0,1025.06,0.0,0.0,0.0,0.0,IMELBO1849.csv
2022/12/25,01:39 AM,13.44,11.28,87.0,South,0.0,0.0,1024.72,0.0,0.0,0.0,0.0,IMELBO1849.csv
2022/12/25,01:44 AM,13.72,11.39,86.0,South,0.0,0.0,1024.72,0.0,0.0,0.0,0.0,IMELBO1849.csv
2022/12/25,01:49 AM,13.67,11.33,86.0,South,0.0,0.0,1024.72,0.0,0.0,0.0,0.0,IMELBO1849.csv
2022/12/25,01:54 AM,13.67,11.33,86.0,South,0.97,1.29,1024.72,0.0,0.0,0.0,0.0,IMELBO1849.csv
2022/12/25,01:59 AM,13.89,11.39,85.0,South,0.32,0.48,1024.72,0.0,0.0,0.0,0.0,IMELBO1849.csv
2022/12/25,02:04 AM,13.72,11.22,85.0,South,0.32,0.48,1024.72,0.0,0.0,0.0,0.0,IMELBO1849.csv
2022/12/25,02:09 AM,13.72,11.22,85.0,South,0.16,0.48,1024.72,0.0,0.0,0.0,0.0,IMELBO1849.csv
2022/12/25,02:14 AM,13.72,11.39,86.0,South,0.8,1.29,1024.72,0.0,0.0,0.0,0.0,IMELBO1849.csv
2022/12/25,02:19 AM,13.72,11.39,86.0,South,0.97,1.77,1024.38,0.0,0.0,0.0,0.0,IMELBO1849.csv
2022/12/25,02:24 AM,13.67,11.33,86.0,South,0.64,1.29,1024.38,0.0,0.0,0.0,0.0,IMELBO1849.csv
2022/12/25,02:29 AM,13.56,11.22,86.0,South,0.48,0.97,1024.38,0.0,0.0,0.0,0.0,IMELBO1849.csv
2022/12/25,02:34 AM,13.44,11.22,86.0,South,0.32,0.97,1024.38,0.0,0.0,0.0,0.0,IMELBO1849.csv
2022/12/25,02:39 AM,13.33,11.22,87.0,South,0.32,0.8,1024.38,0.0,0.0,0.0,0.0,IMELBO1849.csv
2022/12/25,02:44 AM,13.22,11.11,87.0,South,0.32,0.48,1024.38,0.0,0.0,0.0,0.0,IMELBO1849.csv
2022/12/25,02:49 AM,13.22,11.11,87.0,South,0.32,0.64,1024.38,0.0,0.0,0.0,0.0,IMELBO1849.csv
2022/12/25,02:54 AM,13.06,11.06,88.0,South,0.0,0.16,1024.04,0.0,0.0,0.0,0.0,IMELBO1849.csv
2022/12/25,02:59 AM,12.89,10.89,88.0,South,0.0,0.16,1024.04,0.0,0.0,0.0,0.0,IMELBO1849.csv
2022/12/25,03:04 AM,12.78,10.78,88.0,South,0.0,0.0,1024.04,0.0,0.0,0.0,0.0,IMELBO1849.csv
2022/12/25,03:09 AM,12.72,10.89,89.0,South,0.16,0.48,1024.04,0.0,0.0,0.0,0.0,IMELBO1849.csv
2022/12/25,03:14 AM,12.78,11.0,89.0,South,0.0,0.16,1024.04,0.0,0.0,0.0,0.0,IMELBO1849.csv
2022/12/25,03:19 AM,12.78,10.94,89.0,South,0.0,0.0,1024.04,0.0,0.0,0.0,0.0,IMELBO1849.csv
2022/12/25,03:24 AM,12.67,10.83,89.0,South,0.0,0.16,1024.04,0.0,0.0,0.0,0.0,IMELBO1849.csv
2022/12/25,03:29 AM,12.61,10.78,89.0,South,0.0,0.0,1023.71,0.0,0.0,0.0,0.0,IMELBO1849.csv
2022/12/25,03:34 AM,12.61,10.78,89.0,South,0.0,0.16,1023.71,0.0,0.0,0.0,0.0,IMELBO1849.csv
2022/12/25,03:39 AM,12.61,10.78,89.0,South,0.0,0.0,1023.71,0.0,0.0,0.0,0.0,IMELBO1849.csv
2022/12/25,03:44 AM,12.5,10.72,89.0,South,0.0,0.0,1023.71,0.0,0.0,0.0,0.0,IMELBO1849.csv
2022/12/25,03:49 AM,12.56,10.72,89.0,South,0.48,1.45,1023.71,0.0,0.0,0.0,0.0,IMELBO1849.csv
2022/12/25,03:54 AM,12.61,10.78,89.0,ESE,0.8,1.45,1023.71,0.0,0.0,0.0,0.0,IMELBO1849.csv
2022/12/25,03:59 AM,12.61,10.78,89.0,ESE,0.64,1.61,1023.71,0.0,0.0,0.0,0.0,IMELBO1849.csv
2022/12/25,04:04 AM,12.56,10.72,89.0,ESE,0.64,1.29,1023.71,0.0,0.0,0.0,0.0,IMELBO1849.csv
2022/12/25,04:09 AM,12.39,10.61,89.0,ESE,0.32,0.32,1023.37,0.0,0.0,0.0,0.0,IMELBO1849.csv
2022/12/25,04:14 AM,12.28,10.5,89.0,ESE,0.64,1.29,1023.37,0.0,0.0,0.0,0.0,IMELBO1849.csv
2022/12/25,04:19 AM,12.22,10.61,90.0,ESE,0.16,0.32,1023.71,0.0,0.0,0.0,0.0,IMELBO1849.csv
2022/12/25,04:24 AM,12.17,10.56,90.0,ESE,0.16,0.64,1023.71,0.0,0.0,0.0,0.0,IMELBO1849.csv
2022/12/25,04:29 AM,12.06,10.44,90.0,ESE,0.48,1.45,1023.71,0.0,0.0,0.0,0.0,IMELBO1849.csv
2022/12/25,04:34 AM,11.94,10.44,91.0,ESE,0.0,0.16,1023.37,0.0,0.0,0.0,0.0,IMELBO1849.csv
2022/12/25,04:39 AM,11.89,10.5,91.0,ESE,0.16,0.64,1023.37,0.0,0.0,0.0,0.0,IMELBO1849.csv
2022/12/25,04:44 AM,11.89,10.5,91.0,ESE,0.16,0.48,1023.71,0.0,0.0,0.0,0.0,IMELBO1849.csv
2022/12/25,04:49 AM,11.89,10.5,91.0,ESE,0.48,1.13,1023.71,0.0,0.0,0.0,0.0,IMELBO1849.csv
2022/12/25,04:54 AM,11.89,10.5,91.0,ESE,0.8,1.61,1023.37,0.0,0.0,0.0,0.0,IMELBO1849.csv
2022/12/25,04:59 AM,11.89,10.5,91.0,ESE,1.61,2.25,1023.37,0.0,0.0,0.0,0.0,IMELBO1849.csv
2022/12/25,05:04 AM,11.78,10.39,91.0,ESE,1.77,2.41,1023.37,0.0,0.0,0.0,0.0,IMELBO1849.csv
2022/12/25,05:09 AM,11.67,10.28,91.0,ESE,1.29,2.09,1023.37,0.0,0.0,0.0,0.0,IMELBO1849.csv
2022/12/25,05:14 AM,11.56,10.17,91.0,ESE,0.64,1.29,1023.71,0.0,0.0,0.0,0.0,IMELBO1849.csv
2022/12/25,05:19 AM,11.5,10.11,91.0,ESE,0.48,0.8,1023.37,0.0,0.0,0.0,0.0,IMELBO1849.csv
2022/12/25,05:24 AM,11.44,10.06,91.0,ESE,0.32,0.32,1023.37,0.0,0.0,0.0,0.0,IMELBO1849.csv
2022/12/25,05:29 AM,11.5,10.11,91.0,ESE,0.8,1.61,1023.71,0.0,0.0,0.0,0.0,IMELBO1849.csv
2022/12/25,05:34 AM,11.44,10.06,91.0,East,2.41,3.38,1023.71,0.0,0.0,0.0,0.0,IMELBO1849.csv
2022/12/25,05:39 AM,11.39,10.0,91.0,NNE,1.45,2.09,1023.71,0.0,0.0,0.0,0.0,IMELBO1849.csv
2022/12/25,05:44 AM,11.39,10.0,91.0,NE,1.93,2.57,1023.71,0.0,0.0,0.0,0.0,IMELBO1849.csv
2022/12/25,05:49 AM,11.5,10.11,91.0,NE,1.45,2.09,1023.71,0.0,0.0,0.0,0.0,IMELBO1849.csv
2022/12/25,05:54 AM,11.44,10.06,91.0,NE,0.97,1.77,1023.71,0.0,0.0,0.0,1.2,IMELBO1849.csv
2022/12/25,05:59 AM,11.39,10.0,91.0,NE,0.8,1.29,1023.71,0.0,0.0,0.0,2.9,IMELBO1849.csv
2022/12/25,06:04 AM,11.28,9.89,91.0,NE,1.29,2.09,1023.71,0.0,0.0,0.0,4.3,IMELBO1849.csv
2022/12/25,06:09 AM,11.39,10.0,91.0,NE,2.57,3.22,1024.04,0.0,0.0,0.0,6.5,IMELBO1849.csv
2022/12/25,06:14 AM,11.39,9.94,91.0,NE,3.06,4.18,1024.04,0.0,0.0,0.0,8.6,IMELBO1849.csv
2022/12/25,06:19 AM,11.39,9.78,90.0,NE,2.25,3.22,1024.04,0.0,0.0,0.0,11.3,IMELBO1849.csv
2022/12/25,06:24 AM,11.39,9.78,90.0,NE,2.41,3.06,1024.04,0.0,0.0,0.0,13.8,IMELBO1849.csv
2022/12/25,06:29 AM,11.44,9.83,90.0,NNE,2.57,3.22,1024.04,0.0,0.0,0.0,16.0,IMELBO1849.csv
2022/12/25,06:34 AM,11.56,9.94,90.0,NNE,2.9,4.02,1024.38,0.0,0.0,0.0,18.6,IMELBO1849.csv
2022/12/25,06:39 AM,11.72,10.11,90.0,NE,2.41,3.38,1024.38,0.0,0.0,0.0,20.3,IMELBO1849.csv
2022/12/25,06:44 AM,11.78,10.0,89.0,NE,1.45,2.09,1024.38,0.0,0.0,0.0,22.0,IMELBO1849.csv
2022/12/25,06:49 AM,11.94,10.17,89.0,NE,2.25,3.22,1024.38,0.0,0.0,0.0,23.9,IMELBO1849.csv
2022/12/25,06:54 AM,12.06,10.17,88.0,ENE,3.22,4.51,1024.38,0.0,0.0,0.0,37.2,IMELBO1849.csv
2022/12/25,06:59 AM,12.28,10.28,88.0,ENE,2.74,3.7,1024.38,0.0,0.0,0.0,45.9,IMELBO1849.csv
2022/12/25,07:04 AM,12.61,10.44,87.0,ENE,2.9,3.86,1024.38,0.0,0.0,0.0,52.5,IMELBO1849.csv
2022/12/25,07:09 AM,13.11,10.67,85.0,ENE,1.93,2.9,1024.38,0.0,0.0,0.0,78.4,IMELBO1849.csv
2022/12/25,07:14 AM,13.44,10.78,84.0,ENE,2.41,3.06,1024.38,0.0,0.0,0.0,87.1,IMELBO1849.csv
2022/12/25,07:19 AM,13.78,11.0,83.0,ENE,2.41,3.22,1024.38,0.0,0.0,1.0,107.9,IMELBO1849.csv
2022/12/25,07:24 AM,14.17,11.17,82.0,ENE,1.29,1.93,1024.38,0.0,0.0,1.0,117.1,IMELBO1849.csv
2022/12/25,07:29 AM,14.56,11.33,81.0,NE,2.09,2.57,1024.72,0.0,0.0,1.0,132.2,IMELBO1849.csv
2022/12/25,07:34 AM,14.89,11.5,80.0,NE,1.29,1.77,1024.72,0.0,0.0,1.0,139.6,IMELBO1849.csv
2022/12/25,07:39 AM,15.11,11.56,79.0,ENE,2.25,3.06,1024.72,0.0,0.0,1.0,152.2,IMELBO1849.csv
2022/12/25,07:44 AM,15.22,11.61,79.0,ENE,2.09,3.22,1024.72,0.0,0.0,1.0,163.4,IMELBO1849.csv
2022/12/25,07:49 AM,15.72,11.89,78.0,ENE,1.77,2.9,1024.72,0.0,0.0,1.0,178.2,IMELBO1849.csv
2022/12/25,07:54 AM,16.17,12.11,77.0,NE,2.09,3.22,1025.06,0.0,0.0,2.0,211.1,IMELBO1849.csv
2022/12/25,07:59 AM,16.67,12.28,75.0,ENE,2.41,3.06,1025.06,0.0,0.0,2.0,247.2,IMELBO1849.csv
2022/12/25,08:04 AM,16.89,12.39,74.0,East,2.74,3.54,1024.72,0.0,0.0,2.0,247.2,IMELBO1849.csv
2022/12/25,08:09 AM,17.22,12.44,73.0,NE,2.25,2.9,1024.72,0.0,0.0,2.0,265.0,IMELBO1849.csv
2022/12/25,08:14 AM,17.56,12.56,73.0,East,3.06,3.7,1024.72,0.0,0.0,2.0,272.3,IMELBO1849.csv
2022/12/25,08:19 AM,17.56,12.5,72.0,NE,1.93,2.9,1025.06,0.0,0.0,2.0,302.3,IMELBO1849.csv
2022/12/25,08:24 AM,18.17,12.67,70.0,NNE,2.09,2.9,1025.06,0.0,0.0,2.0,298.9,IMELBO1849.csv
2022/12/25,08:29 AM,18.61,12.89,69.0,NE,1.61,2.25,1025.4,0.0,0.0,3.0,341.8,IMELBO1849.csv
2022/12/25,08:34 AM,18.89,13.06,69.0,NNE,1.93,2.57,1025.06,0.0,0.0,3.0,358.7,IMELBO1849.csv
2022/12/25,08:39 AM,19.39,13.22,68.0,ENE,1.93,2.9,1025.06,0.0,0.0,3.0,368.2,IMELBO1849.csv
2022/12/25,08:44 AM,19.56,13.11,66.0,East,0.64,1.13,1025.06,0.0,0.0,3.0,398.6,IMELBO1849.csv
2022/12/25,08:49 AM,20.06,13.5,66.0,East,2.09,2.9,1025.4,0.0,0.0,3.0,404.2,IMELBO1849.csv
2022/12/25,08:54 AM,20.0,13.44,66.0,ESE,1.29,1.93,1025.06,0.0,0.0,3.0,406.4,IMELBO1849.csv
2022/12/25,08:59 AM,20.28,13.56,65.0,ESE,1.45,2.09,1025.4,0.0,0.0,3.0,403.0,IMELBO1849.csv
2022/12/25,09:04 AM,20.83,13.78,64.0,East,0.8,1.29,1025.06,0.0,0.0,4.0,422.1,IMELBO1849.csv
2022/12/25,09:09 AM,21.22,13.83,63.0,East,2.09,3.06,1025.4,0.0,0.0,4.0,450.7,IMELBO1849.csv
2022/12/25,09:14 AM,21.44,13.78,62.0,East,1.29,1.77,1025.4,0.0,0.0,4.0,471.1,IMELBO1849.csv
2022/12/25,09:19 AM,21.94,13.89,60.0,NE,1.29,2.09,1025.4,0.0,0.0,4.0,486.3,IMELBO1849.csv
2022/12/25,09:24 AM,22.56,14.17,59.0,South,1.29,2.09,1025.4,0.0,0.0,4.0,481.0,IMELBO1849.csv
2022/12/25,09:29 AM,22.61,14.11,59.0,NNE,0.64,1.45,1025.4,0.0,0.0,4.0,458.0,IMELBO1849.csv
2022/12/25,09:34 AM,22.94,14.11,58.0,SE,0.97,1.61,1025.4,0.0,0.0,4.0,479.7,IMELBO1849.csv
2022/12/25,09:39 AM,23.61,14.67,57.0,ESE,2.09,2.9,1025.4,0.0,0.0,5.0,520.0,IMELBO1849.csv
2022/12/25,09:44 AM,23.0,14.61,59.0,East,2.9,3.7,1025.4,0.0,0.0,5.0,543.5,IMELBO1849.csv
2022/12/25,09:49 AM,23.33,14.33,57.0,ESE,0.97,1.61,1025.4,0.0,0.0,5.0,560.1,IMELBO1849.csv
2022/12/25,09:54 AM,23.89,14.72,56.0,ESE,1.77,2.9,1025.4,0.0,0.0,5.0,579.5,IMELBO1849.csv
2022/12/25,09:59 AM,24.39,15.0,56.0,NE,1.29,1.93,1025.4,0.0,0.0,5.0,600.3,IMELBO1849.csv
2022/12/25,10:04 AM,25.0,15.44,55.0,ESE,3.06,3.86,1025.4,0.0,0.0,5.0,603.4,IMELBO1849.csv
2022/12/25,10:09 AM,24.83,15.5,56.0,East,1.77,2.74,1025.4,0.0,0.0,6.0,621.6,IMELBO1849.csv
2022/12/25,10:14 AM,25.17,15.83,56.0,ESE,2.09,3.06,1025.4,0.0,0.0,6.0,631.1,IMELBO1849.csv
2022/12/25,10:19 AM,25.56,15.94,55.0,East,2.57,3.54,1025.4,0.0,0.0,6.0,627.2,IMELBO1849.csv
2022/12/25,10:24 AM,26.0,16.11,54.0,NNE,0.97,1.77,1025.4,0.0,0.0,6.0,626.4,IMELBO1849.csv
2022/12/25,10:29 AM,26.67,16.39,53.0,East,3.22,4.18,1025.06,0.0,0.0,6.0,641.2,IMELBO1849.csv
2022/12/25,10:34 AM,26.5,16.11,53.0,SE,1.77,2.74,1025.4,0.0,0.0,6.0,672.8,IMELBO1849.csv
2022/12/25,10:39 AM,26.94,16.28,52.0,East,2.09,2.41,1025.4,0.0,0.0,6.0,681.4,IMELBO1849.csv
2022/12/25,10:44 AM,27.72,16.56,51.0,NNE,2.25,3.06,1025.06,0.0,0.0,6.0,705.8,IMELBO1849.csv
2022/12/25,10:49 AM,27.72,16.56,51.0,South,1.77,2.57,1025.06,0.0,0.0,6.0,710.0,IMELBO1849.csv
2022/12/25,10:54 AM,27.89,16.44,50.0,ESE,2.9,3.7,1025.4,0.0,0.0,6.0,707.1,IMELBO1849.csv
2022/12/25,10:59 AM,27.72,15.94,49.0,NNE,2.09,2.74,1025.4,0.0,0.0,6.0,711.0,IMELBO1849.csv
2022/12/25,11:04 AM,28.11,16.28,49.0,North,3.22,4.34,1025.4,0.0,0.0,7.0,734.4,IMELBO1849.csv
2022/12/25,11:09 AM,28.39,16.11,47.0,East,2.09,2.74,1025.4,0.0,0.0,7.0,735.7,IMELBO1849.csv
2022/12/25,11:14 AM,29.17,16.33,46.0,ESE,1.93,2.9,1025.4,0.0,0.0,7.0,740.0,IMELBO1849.csv
2022/12/25,11:19 AM,29.5,16.17,45.0,SE,1.61,2.41,1025.4,0.0,0.0,7.0,743.6,IMELBO1849.csv
2022/12/25,11:24 AM,29.89,16.28,44.0,ESE,3.38,4.51,1025.4,0.0,0.0,7.0,769.1,IMELBO1849.csv
2022/12/25,11:29 AM,29.67,14.39,39.0,ENE,3.06,4.02,1025.06,0.0,0.0,7.0,773.4,IMELBO1849.csv
2022/12/25,11:34 AM,30.33,14.22,37.0,NNE,3.38,4.34,1025.06,0.0,0.0,7.0,790.3,IMELBO1849.csv
2022/12/25,11:39 AM,30.78,15.06,39.0,NNE,3.86,5.79,1025.06,0.0,0.0,7.0,798.6,IMELBO1849.csv
2022/12/25,11:44 AM,30.94,12.78,33.0,South,2.9,4.34,1025.06,0.0,0.0,7.0,801.7,IMELBO1849.csv
2022/12/25,11:49 AM,31.22,12.06,31.0,West,4.02,5.95,1025.06,0.0,0.0,7.0,811.6,IMELBO1849.csv
2022/12/25,11:54 AM,31.72,12.22,31.0,NW,6.6,9.49,1025.06,0.0,0.0,7.0,812.4,IMELBO1849.csv
2022/12/25,11:59 AM,31.44,11.72,30.0,NNW,5.63,7.56,1025.06,0.0,0.0,7.0,822.5,IMELBO1849.csv
2022/12/25,12:04 PM,31.61,11.89,30.0,North,4.51,7.56,1025.06,0.0,0.0,8.0,823.8,IMELBO1849.csv
2022/12/25,12:09 PM,31.89,11.94,30.0,North,5.15,7.08,1025.06,0.0,0.0,8.0,826.4,IMELBO1849.csv
2022/12/25,12:14 PM,31.83,11.89,30.0,NNW,5.15,7.4,1024.72,0.0,0.0,8.0,824.7,IMELBO1849.csv
2022/12/25,12:19 PM,32.0,11.89,29.0,NNW,6.28,9.17,1025.06,0.0,0.0,8.0,828.1,IMELBO1849.csv
2022/12/25,12:24 PM,32.28,12.17,29.0,NNW,4.51,6.6,1025.06,0.0,0.0,8.0,830.3,IMELBO1849.csv
2022/12/25,12:29 PM,32.39,12.61,30.0,NNW,8.04,11.91,1024.72,0.0,0.0,8.0,824.7,IMELBO1849.csv
2022/12/25,12:34 PM,32.0,12.33,30.0,WNW,3.86,5.95,1025.06,0.0,0.0,7.0,819.4,IMELBO1849.csv
2022/12/25,12:39 PM,32.5,12.5,30.0,West,2.57,4.02,1025.06,0.0,0.0,7.0,816.8,IMELBO1849.csv
2022/12/25,12:44 PM,32.61,12.17,29.0,WNW,2.74,4.51,1025.06,0.0,0.0,7.0,819.9,IMELBO1849.csv
2022/12/25,12:49 PM,32.17,11.94,29.0,WSW,4.18,5.63,1024.72,0.0,0.0,7.0,815.5,IMELBO1849.csv
2022/12/25,12:54 PM,32.17,12.17,30.0,WSW,3.38,5.15,1024.72,0.0,0.0,7.0,817.7,IMELBO1849.csv
2022/12/25,12:59 PM,32.67,12.33,29.0,NW,3.06,4.67,1024.72,0.0,0.0,7.0,816.0,IMELBO1849.csv
2022/12/25,01:04 PM,32.89,11.17,26.0,WSW,4.83,6.28,1024.72,0.0,0.0,7.0,815.1,IMELBO1849.csv
2022/12/25,01:09 PM,32.28,10.67,27.0,WNW,5.31,7.24,1024.72,0.0,0.0,7.0,805.1,IMELBO1849.csv
2022/12/25,01:14 PM,33.11,11.06,26.0,West,4.18,6.44,1024.72,0.0,0.0,7.0,819.0,IMELBO1849.csv
2022/12/25,01:19 PM,33.39,11.0,26.0,WNW,6.76,9.65,1024.72,0.0,0.0,8.0,840.7,IMELBO1849.csv
2022/12/25,01:24 PM,33.11,10.89,26.0,NW,4.83,6.92,1024.72,0.0,0.0,8.0,845.8,IMELBO1849.csv
2022/12/25,01:29 PM,32.89,10.11,25.0,WNW,4.18,6.76,1024.72,0.0,0.0,8.0,845.0,IMELBO1849.csv
2022/12/25,01:34 PM,33.0,10.33,25.0,,3.22,4.34,1024.72,0.0,0.0,8.0,850.6,IMELBO1849.csv
2022/12/25,01:39 PM,32.72,10.83,26.0,ENE,4.83,6.44,1024.72,0.0,0.0,8.0,844.6,IMELBO1849.csv
2022/12/25,01:44 PM,32.78,10.22,25.0,NW,3.38,5.15,1024.72,0.0,0.0,7.0,811.2,IMELBO1849.csv
2022/12/25,01:49 PM,33.11,10.72,25.0,WNW,5.79,8.37,1025.06,0.0,0.0,7.0,801.2,IMELBO1849.csv
2022/12/25,01:54 PM,33.56,10.83,25.0,NW,3.22,4.83,1025.06,0.0,0.0,8.0,834.6,IMELBO1849.csv
2022/12/25,01:59 PM,33.39,10.89,25.0,NW,4.02,6.11,1024.38,0.0,0.0,8.0,839.0,IMELBO1849.csv
2022/12/25,02:04 PM,33.39,11.22,26.0,West,4.18,5.47,1024.72,0.0,0.0,8.0,838.5,IMELBO1849.csv
2022/12/25,02:09 PM,33.33,11.11,26.0,SW,7.4,9.49,1024.72,0.0,0.0,8.0,848.0,IMELBO1849.csv
2022/12/25,02:14 PM,33.39,12.11,27.0,WSW,4.18,5.63,1024.72,0.0,0.0,8.0,847.2,IMELBO1849.csv
2022/12/25,02:19 PM,32.94,12.94,30.0,SW,3.86,5.47,1024.72,0.0,0.0,8.0,833.7,IMELBO1849.csv
2022/12/25,02:24 PM,32.94,12.22,28.0,SW,5.79,8.69,1024.72,0.0,0.0,8.0,824.7,IMELBO1849.csv
2022/12/25,02:29 PM,32.67,14.11,33.0,South,5.47,8.04,1024.72,0.0,0.0,7.0,820.8,IMELBO1849.csv
2022/12/25,02:34 PM,32.67,14.22,33.0,South,6.6,9.49,1024.72,0.0,0.0,7.0,819.4,IMELBO1849.csv
2022/12/25,02:39 PM,32.5,13.72,32.0,South,4.51,6.76,1024.72,0.0,0.0,7.0,810.7,IMELBO1849.csv
2022/12/25,02:44 PM,32.56,13.94,32.0,South,5.15,7.88,1024.72,0.0,0.0,7.0,792.1,IMELBO1849.csv
2022/12/25,02:49 PM,32.33,14.33,34.0,SSW,6.76,10.14,1024.72,0.0,0.0,7.0,803.4,IMELBO1849.csv
2022/12/25,02:54 PM,32.28,13.94,33.0,SSE,4.67,6.6,1024.72,0.0,0.0,7.0,814.6,IMELBO1849.csv
2022/12/25,02:59 PM,32.44,14.39,34.0,ESE,5.63,8.53,1024.72,0.0,0.0,7.0,821.6,IMELBO1849.csv
2022/12/25,03:04 PM,31.78,14.17,34.0,South,8.37,12.23,1024.72,0.0,0.0,7.0,811.6,IMELBO1849.csv
2022/12/25,03:09 PM,31.33,13.89,35.0,SSW,9.65,13.35,1024.72,0.0,0.0,7.0,805.1,IMELBO1849.csv
2022/12/25,03:14 PM,30.94,13.44,34.0,SSE,8.53,12.55,1024.72,0.0,0.0,7.0,799.5,IMELBO1849.csv
2022/12/25,03:19 PM,31.28,13.78,34.0,SSW,6.44,9.49,1024.72,0.0,0.0,7.0,798.6,IMELBO1849.csv
2022/12/25,03:24 PM,31.28,13.72,34.0,South,6.44,9.01,1025.06,0.0,0.0,7.0,792.5,IMELBO1849.csv
2022/12/25,03:29 PM,31.5,13.67,34.0,SE,4.51,6.6,1025.06,0.0,0.0,7.0,778.2,IMELBO1849.csv
2022/12/25,03:34 PM,32.0,13.83,33.0,SE,4.67,6.28,1024.72,0.0,0.0,7.0,796.0,IMELBO1849.csv
2022/12/25,03:39 PM,32.11,13.78,33.0,SSE,5.47,8.69,1024.72,0.0,0.0,7.0,805.1,IMELBO1849.csv
2022/12/25,03:44 PM,32.0,13.67,33.0,SSE,5.79,8.37,1024.72,0.0,0.0,7.0,806.0,IMELBO1849.csv
2022/12/25,03:49 PM,32.0,13.83,33.0,SSW,5.79,8.21,1024.72,0.0,0.0,7.0,810.4,IMELBO1849.csv
2022/12/25,03:54 PM,32.11,13.56,32.0,SSE,4.83,6.76,1024.72,0.0,0.0,7.0,806.4,IMELBO1849.csv
2022/12/25,03:59 PM,32.17,13.33,32.0,ESE,4.18,6.28,1024.72,0.0,0.0,7.0,814.3,IMELBO1849.csv
2022/12/25,04:04 PM,32.44,13.67,32.0,SSW,5.31,7.24,1024.72,0.0,0.0,7.0,810.7,IMELBO1849.csv
2022/12/25,04:09 PM,32.5,13.5,32.0,SSE,6.11,8.69,1024.72,0.0,0.0,7.0,808.5,IMELBO1849.csv
2022/12/25,04:14 PM,32.17,13.72,33.0,South,6.76,9.65,1024.72,0.0,0.0,7.0,812.1,IMELBO1849.csv
2022/12/25,04:19 PM,32.0,13.61,33.0,SSW,5.63,7.56,1024.38,0.0,0.0,7.0,805.1,IMELBO1849.csv
2022/12/25,04:24 PM,32.33,13.5,32.0,South,4.34,6.11,1024.38,0.0,0.0,7.0,806.0,IMELBO1849.csv
2022/12/25,04:29 PM,32.11,13.56,32.0,SSW,5.63,7.88,1024.38,0.0,0.0,7.0,787.4,IMELBO1849.csv
2022/12/25,04:34 PM,32.0,13.44,32.0,SSW,7.24,9.65,1024.38,0.0,0.0,7.0,794.7,IMELBO1849.csv
2022/12/25,04:39 PM,31.89,13.0,32.0,SSW,6.11,7.88,1024.38,0.0,0.0,7.0,793.3,IMELBO1849.csv
2022/12/25,04:44 PM,32.11,12.61,31.0,SSW,5.31,7.4,1024.38,0.0,0.0,7.0,766.9,IMELBO1849.csv
2022/12/25,04:49 PM,32.11,13.17,32.0,South,4.67,6.76,1024.38,0.0,0.0,7.0,752.1,IMELBO1849.csv
2022/12/25,04:54 PM,32.61,13.28,31.0,SE,3.38,5.31,1024.38,0.0,0.0,7.0,744.4,IMELBO1849.csv
2022/12/25,04:59 PM,32.44,13.06,31.0,South,4.34,5.79,1024.38,0.0,0.0,7.0,732.2,IMELBO1849.csv
2022/12/25,05:04 PM,32.67,13.33,31.0,SSE,4.51,6.44,1024.38,0.0,0.0,6.0,705.3,IMELBO1849.csv
2022/12/25,05:09 PM,32.5,13.28,31.0,South,3.54,5.31,1024.38,0.0,0.0,6.0,700.5,IMELBO1849.csv
2022/12/25,05:14 PM,32.28,13.22,31.0,SSW,7.56,10.3,1024.38,0.0,0.0,6.0,676.6,IMELBO1849.csv
2022/12/25,05:19 PM,31.94,13.44,32.0,South,5.47,7.72,1024.38,0.0,0.0,6.0,659.8,IMELBO1849.csv
2022/12/25,05:24 PM,32.0,13.28,32.0,South,5.47,7.72,1024.38,0.0,0.0,6.0,635.5,IMELBO1849.csv
2022/12/25,05:29 PM,31.94,13.33,32.0,SSW,6.92,9.33,1024.04,0.0,0.0,6.0,632.0,IMELBO1849.csv
2022/12/25,05:34 PM,31.78,13.61,33.0,South,5.15,7.4,1024.38,0.0,0.0,6.0,627.7,IMELBO1849.csv
2022/12/25,05:39 PM,31.78,13.72,33.0,South,6.11,8.37,1024.38,0.0,0.0,5.0,607.3,IMELBO1849.csv
2022/12/25,05:44 PM,31.44,13.67,34.0,SSW,5.15,7.4,1024.38,0.0,0.0,5.0,553.1,IMELBO1849.csv
2022/12/25,05:49 PM,31.17,13.56,34.0,South,6.76,9.81,1024.38,0.0,0.0,4.0,481.9,IMELBO1849.csv
2022/12/25,05:54 PM,30.78,13.33,34.0,SE,4.51,6.6,1024.38,0.0,0.0,4.0,454.6,IMELBO1849.csv
2022/12/25,05:59 PM,30.61,13.17,34.0,South,6.11,8.69,1024.38,0.0,0.0,4.0,445.4,IMELBO1849.csv
2022/12/25,06:04 PM,30.39,13.22,35.0,SSW,5.31,7.56,1024.72,0.0,0.0,3.0,392.9,IMELBO1849.csv
2022/12/25,06:09 PM,30.39,13.0,34.0,South,5.95,8.69,1024.38,0.0,0.0,3.0,369.9,IMELBO1849.csv
2022/12/25,06:14 PM,30.22,13.28,35.0,South,7.4,11.26,1024.72,0.0,0.0,3.0,330.5,IMELBO1849.csv
2022/12/25,06:19 PM,30.06,13.67,37.0,SSE,4.51,6.92,1024.72,0.0,0.0,3.0,321.9,IMELBO1849.csv
2022/12/25,06:24 PM,29.83,13.72,37.0,SW,9.17,12.55,1024.72,0.0,0.0,3.0,321.0,IMELBO1849.csv
2022/12/25,06:29 PM,29.39,13.22,37.0,South,7.4,11.1,1024.72,0.0,0.0,3.0,312.3,IMELBO1849.csv
2022/12/25,06:34 PM,29.28,13.22,37.0,South,9.65,14.0,1024.72,0.0,0.0,2.0,283.7,IMELBO1849.csv
2022/12/25,06:39 PM,29.06,13.0,37.0,SSW,10.78,14.48,1024.72,0.0,0.0,2.0,282.8,IMELBO1849.csv
2022/12/25,06:44 PM,29.06,13.5,38.0,SSW,7.4,10.62,1025.06,0.0,0.0,2.0,274.1,IMELBO1849.csv
2022/12/25,06:49 PM,29.0,14.17,40.0,South,10.14,14.32,1025.06,0.0,0.0,2.0,257.6,IMELBO1849.csv
2022/12/25,06:54 PM,28.44,13.78,41.0,SSW,9.81,13.35,1025.06,0.0,0.0,2.0,237.7,IMELBO1849.csv
2022/12/25,06:59 PM,28.33,13.56,40.0,SSW,9.33,12.87,1025.06,0.0,0.0,1.0,193.1,IMELBO1849.csv
2022/12/25,07:04 PM,28.0,13.72,41.0,SSW,10.14,14.0,1025.06,0.0,0.0,1.0,176.0,IMELBO1849.csv
2022/12/25,07:09 PM,27.39,13.78,43.0,South,7.72,11.75,1025.06,0.0,0.0,1.0,166.5,IMELBO1849.csv
2022/12/25,07:14 PM,26.89,13.94,45.0,SW,13.03,17.54,1025.06,0.0,0.0,0.0,53.3,IMELBO1849.csv
2022/12/25,07:19 PM,26.67,14.06,46.0,SSW,9.17,12.87,1025.4,0.0,0.0,0.0,51.1,IMELBO1849.csv
2022/12/25,07:24 PM,26.28,14.22,47.0,SW,12.71,16.25,1025.4,0.0,0.0,0.0,48.9,IMELBO1849.csv
2022/12/25,07:29 PM,25.94,14.72,50.0,SSW,11.75,15.12,1025.4,0.0,0.0,0.0,47.7,IMELBO1849.csv
2022/12/25,07:34 PM,25.44,14.89,52.0,SW,10.78,14.8,1025.4,0.0,0.0,0.0,45.0,IMELBO1849.csv
2022/12/25,07:39 PM,25.06,14.89,53.0,SSW,9.49,12.87,1025.74,0.0,0.0,0.0,43.3,IMELBO1849.csv
2022/12/25,07:44 PM,24.67,15.0,55.0,SW,12.87,16.41,1025.74,0.0,0.0,0.0,40.7,IMELBO1849.csv
2022/12/25,07:49 PM,24.28,14.94,56.0,SSW,10.62,15.77,1026.08,0.0,0.0,0.0,38.5,IMELBO1849.csv
2022/12/25,07:54 PM,23.94,14.89,57.0,SW,9.65,13.03,1026.08,0.0,0.0,0.0,35.5,IMELBO1849.csv
2022/12/25,07:59 PM,23.78,14.78,57.0,SW,8.85,11.91,1026.08,0.0,0.0,0.0,32.9,IMELBO1849.csv
2022/12/25,08:04 PM,23.5,14.5,57.0,WSW,7.24,9.81,1026.41,0.0,0.0,0.0,30.3,IMELBO1849.csv
2022/12/25,08:09 PM,23.44,14.56,57.0,SW,7.08,9.81,1026.41,0.0,0.0,0.0,27.3,IMELBO1849.csv
2022/12/25,08:14 PM,23.22,14.5,58.0,SW,8.85,11.42,1026.41,0.0,0.0,0.0,24.2,IMELBO1849.csv
2022/12/25,08:19 PM,23.11,14.44,58.0,SW,7.4,9.65,1026.41,0.0,0.0,0.0,20.8,IMELBO1849.csv
2022/12/25,08:24 PM,23.0,14.5,59.0,SW,7.08,9.49,1026.41,0.0,0.0,0.0,17.7,IMELBO1849.csv
2022/12/25,08:29 PM,22.89,14.5,59.0,SW,4.99,6.28,1026.75,0.0,0.0,0.0,13.8,IMELBO1849.csv
2022/12/25,08:34 PM,22.67,14.44,60.0,SW,6.92,9.01,1027.09,0.0,0.0,0.0,10.4,IMELBO1849.csv
2022/12/25,08:39 PM,22.33,14.28,60.0,SW,6.28,8.21,1026.75,0.0,0.0,0.0,7.3,IMELBO1849.csv
2022/12/25,08:44 PM,22.28,14.22,60.0,SW,5.47,7.72,1027.09,0.0,0.0,0.0,4.8,IMELBO1849.csv
2022/12/25,08:49 PM,22.11,14.06,60.0,SW,6.76,9.17,1027.09,0.0,0.0,0.0,2.1,IMELBO1849.csv
2022/12/25,08:54 PM,22.0,14.17,61.0,SW,7.56,10.62,1027.09,0.0,0.0,0.0,0.9,IMELBO1849.csv
2022/12/25,08:59 PM,21.83,14.06,61.0,SW,6.92,9.01,1027.09,0.0,0.0,0.0,0.0,IMELBO1849.csv
2022/12/25,09:04 PM,21.72,14.06,62.0,SW,5.79,7.72,1027.09,0.0,0.0,0.0,0.0,IMELBO1849.csv
2022/12/25,09:09 PM,21.61,14.0,62.0,WSW,4.18,5.63,1027.09,0.0,0.0,0.0,0.0,IMELBO1849.csv
2022/12/25,09:14 PM,21.5,14.06,63.0,SW,5.47,7.56,1027.09,0.0,0.0,0.0,0.0,IMELBO1849.csv
2022/12/25,09:19 PM,21.39,14.11,63.0,WSW,5.15,7.56,1027.43,0.0,0.0,0.0,0.0,IMELBO1849.csv
2022/12/25,09:24 PM,21.28,14.17,64.0,WSW,5.15,7.24,1027.43,0.0,0.0,0.0,0.0,IMELBO1849.csv
2022/12/25,09:29 PM,21.11,14.17,65.0,SW,3.7,5.31,1027.43,0.0,0.0,0.0,0.0,IMELBO1849.csv
2022/12/25,09:34 PM,20.83,14.06,65.0,WSW,3.54,5.31,1027.77,0.0,0.0,0.0,0.0,IMELBO1849.csv
2022/12/25,09:39 PM,20.72,14.0,66.0,SW,4.02,5.79,1027.43,0.0,0.0,0.0,0.0,IMELBO1849.csv
2022/12/25,09:44 PM,20.56,13.94,66.0,SW,3.06,4.18,1027.43,0.0,0.0,0.0,0.0,IMELBO1849.csv
2022/12/25,09:49 PM,20.44,14.17,67.0,WSW,1.77,2.74,1027.43,0.0,0.0,0.0,0.0,IMELBO1849.csv
2022/12/25,09:54 PM,20.28,14.17,68.0,SW,3.22,4.34,1027.77,0.0,0.0,0.0,0.0,IMELBO1849.csv
2022/12/25,09:59 PM,20.06,14.22,69.0,SW,4.18,5.63,1027.77,0.0,0.0,0.0,0.0,IMELBO1849.csv
2022/12/25,10:04 PM,19.89,14.11,69.0,WSW,3.06,4.51,1028.11,0.0,0.0,0.0,0.0,IMELBO1849.csv
2022/12/25,10:09 PM,19.89,14.28,70.0,West,2.25,3.7,1028.11,0.0,0.0,0.0,0.0,IMELBO1849.csv
2022/12/25,10:14 PM,19.83,14.28,70.0,West,2.09,3.54,1028.11,0.0,0.0,0.0,0.0,IMELBO1849.csv
2022/12/25,10:19 PM,19.67,14.28,71.0,WSW,3.22,5.47,1028.11,0.0,0.0,0.0,0.0,IMELBO1849.csv
2022/12/25,10:24 PM,19.44,14.22,72.0,West,3.06,4.34,1028.11,0.0,0.0,0.0,0.0,IMELBO1849.csv
2022/12/25,10:29 PM,19.33,14.17,72.0,WSW,2.74,4.18,1028.11,0.0,0.0,0.0,0.0,IMELBO1849.csv
2022/12/25,10:34 PM,19.28,14.11,72.0,West,2.57,4.02,1028.11,0.0,0.0,0.0,0.0,IMELBO1849.csv
2022/12/25,10:39 PM,19.28,14.11,72.0,West,2.25,3.38,1028.11,0.0,0.0,0.0,0.0,IMELBO1849.csv
2022/12/25,10:44 PM,19.28,14.11,72.0,West,2.74,3.7,1028.11,0.0,0.0,0.0,0.0,IMELBO1849.csv
2022/12/25,10:49 PM,19.11,14.22,73.0,West,3.06,5.15,1028.45,0.0,0.0,0.0,0.0,IMELBO1849.csv
2022/12/25,10:54 PM,19.0,14.11,73.0,WNW,4.34,6.11,1028.11,0.0,0.0,0.0,0.0,IMELBO1849.csv
2022/12/25,10:59 PM,19.0,14.06,73.0,WNW,3.22,4.67,1028.45,0.0,0.0,0.0,0.0,IMELBO1849.csv
2022/12/25,11:04 PM,18.89,14.0,73.0,West,3.06,5.15,1028.11,0.0,0.0,0.0,0.0,IMELBO1849.csv
2022/12/25,11:09 PM,18.83,13.94,73.0,West,4.18,6.28,1028.11,0.0,0.0,0.0,0.0,IMELBO1849.csv
2022/12/25,11:14 PM,18.78,13.89,73.0,WNW,4.18,6.28,1028.45,0.0,0.0,0.0,0.0,IMELBO1849.csv
2022/12/25,11:19 PM,18.78,13.89,73.0,West,4.18,6.11,1028.45,0.0,0.0,0.0,0.0,IMELBO1849.csv
2022/12/25,11:24 PM,18.72,13.78,73.0,WNW,3.06,4.51,1028.11,0.0,0.0,0.0,0.0,IMELBO1849.csv
2022/12/25,11:29 PM,18.72,13.78,73.0,WNW,3.22,4.67,1028.11,0.0,0.0,0.0,0.0,IMELBO1849.csv
2022/12/25,11:34 PM,18.72,13.78,73.0,WNW,3.7,5.31,1028.45,0.0,0.0,0.0,0.0,IMELBO1849.csv
2022/12/25,11:39 PM,18.72,13.78,73.0,WNW,3.22,4.67,1028.45,0.0,0.0,0.0,0.0,IMELBO1849.csv
2022/12/25,11:44 PM,18.72,13.78,73.0,WNW,3.86,5.47,1028.11,0.0,0.0,0.0,0.0,IMELBO1849.csv
2022/12/25,11:49 PM,18.67,13.72,73.0,WNW,4.83,6.76,1028.45,0.0,0.0,0.0,0.0,IMELBO1849.csv
2022/12/25,11:54 PM,18.61,13.72,73.0,WNW,3.38,5.15,1028.45,0.0,0.0,0.0,0.0,IMELBO1849.csv
2022/12/25,11:59 PM,18.56,13.83,74.0,WNW,3.7,5.15,1028.45,0.0,0.0,0.0,0.0,IMELBO1849.csv
2022/12/26,12:04 AM,18.5,13.78,74.0,WNW,4.02,5.47,1028.78,0.0,0.0,0.0,0.0,IMELBO1849.csv
2022/12/26,12:09 AM,18.5,13.78,74.0,WNW,3.06,4.34,1028.78,0.0,0.0,0.0,0.0,IMELBO1849.csv
2022/12/26,12:14 AM,18.5,13.78,74.0,WNW,3.06,4.34,1028.78,0.0,0.0,0.0,0.0,IMELBO1849.csv
2022/12/26,12:19 AM,18.5,13.78,74.0,WNW,4.34,5.63,1028.78,0.0,0.0,0.0,0.0,IMELBO1849.csv
2022/12/26,12:24 AM,18.5,13.78,74.0,WNW,5.15,6.92,1028.45,0.0,0.0,0.0,0.0,IMELBO1849.csv
2022/12/26,12:29 AM,18.5,13.78,74.0,WNW,4.67,6.76,1028.78,0.0,0.0,0.0,0.0,IMELBO1849.csv
2022/12/26,12:34 AM,18.44,13.72,74.0,WNW,2.25,3.38,1028.78,0.0,0.0,0.0,0.0,IMELBO1849.csv
2022/12/26,12:39 AM,18.39,13.78,75.0,WNW,3.06,5.15,1028.78,0.0,0.0,0.0,0.0,IMELBO1849.csv
2022/12/26,12:44 AM,18.28,13.78,75.0,WNW,2.25,3.38,1028.78,0.0,0.0,0.0,0.0,IMELBO1849.csv
2022/12/26,12:49 AM,18.28,13.67,74.0,WNW,2.57,3.86,1028.45,0.0,0.0,0.0,0.0,IMELBO1849.csv
2022/12/26,12:54 AM,18.28,13.67,74.0,WNW,2.25,3.54,1028.45,0.0,0.0,0.0,0.0,IMELBO1849.csv
2022/12/26,12:59 AM,18.22,13.72,75.0,WNW,1.61,2.41,1028.78,0.0,0.0,0.0,0.0,IMELBO1849.csv
2022/12/26,01:04 AM,18.17,13.72,75.0,WNW,1.13,1.93,1028.78,0.0,0.0,0.0,0.0,IMELBO1849.csv
2022/12/26,01:09 AM,18.06,13.83,77.0,WNW,1.45,2.57,1028.78,0.0,0.0,0.0,0.0,IMELBO1849.csv
2022/12/26,01:14 AM,17.89,13.89,78.0,WNW,1.93,3.06,1028.78,0.0,0.0,0.0,0.0,IMELBO1849.csv
2022/12/26,01:19 AM,17.78,13.83,78.0,WNW,1.61,2.41,1028.78,0.0,0.0,0.0,0.0,IMELBO1849.csv
2022/12/26,01:24 AM,17.72,13.78,78.0,NW,1.13,2.41,1028.78,0.0,0.0,0.0,0.0,IMELBO1849.csv
2022/12/26,01:29 AM,17.72,13.78,78.0,NW,1.29,2.25,1028.78,0.0,0.0,0.0,0.0,IMELBO1849.csv
2022/12/26,01:34 AM,17.67,13.78,78.0,NW,0.64,1.61,1028.78,0.0,0.0,0.0,0.0,IMELBO1849.csv
2022/12/26,01:39 AM,17.61,13.72,78.0,WNW,0.8,1.77,1028.78,0.0,0.0,0.0,0.0,IMELBO1849.csv
2022/12/26,01:44 AM,17.56,13.83,79.0,WNW,0.64,1.45,1028.78,0.0,0.0,0.0,0.0,IMELBO1849.csv
2022/12/26,01:49 AM,17.5,13.78,79.0,WNW,0.8,1.77,1029.12,0.0,0.0,0.0,0.0,IMELBO1849.csv
2022/12/26,01:54 AM,17.44,13.72,79.0,WNW,1.13,2.41,1028.78,0.0,0.0,0.0,0.0,IMELBO1849.csv
2022/12/26,01:59 AM,17.39,13.72,79.0,WNW,0.64,1.13,1028.78,0.0,0.0,0.0,0.0,IMELBO1849.csv
2022/12/26,02:04 AM,17.33,13.67,79.0,WNW,0.97,1.77,1028.78,0.0,0.0,0.0,0.0,IMELBO1849.csv
2022/12/26,02:09 AM,17.28,13.61,79.0,WNW,0.32,0.97,1028.78,0.0,0.0,0.0,0.0,IMELBO1849.csv
2022/12/26,02:14 AM,17.28,13.61,79.0,WNW,0.16,0.32,1028.78,0.0,0.0,0.0,0.0,IMELBO1849.csv
2022/12/26,02:19 AM,17.22,13.5,79.0,NW,0.64,0.97,1028.78,0.0,0.0,0.0,0.0,IMELBO1849.csv
2022/12/26,02:24 AM,17.28,13.56,79.0,WNW,0.97,1.61,1028.78,0.0,0.0,0.0,0.0,IMELBO1849.csv
2022/12/26,02:29 AM,17.28,13.61,79.0,WNW,1.13,1.61,1028.78,0.0,0.0,0.0,0.0,IMELBO1849.csv
2022/12/26,02:34 AM,17.22,13.5,79.0,WNW,0.64,1.29,1028.78,0.0,0.0,0.0,0.0,IMELBO1849.csv
2022/12/26,02:39 AM,17.22,13.5,79.0,WNW,1.29,1.77,1028.78,0.0,0.0,0.0,0.0,IMELBO1849.csv
2022/12/26,02:44 AM,17.11,13.39,79.0,WNW,1.77,2.41,1028.78,0.0,0.0,0.0,0.0,IMELBO1849.csv
2022/12/26,02:49 AM,17.06,13.39,79.0,WNW,0.64,1.29,1028.78,0.0,0.0,0.0,0.0,IMELBO1849.csv
2022/12/26,02:54 AM,16.94,13.44,80.0,WNW,0.64,0.97,1028.78,0.0,0.0,0.0,0.0,IMELBO1849.csv
2022/12/26,02:59 AM,16.89,13.33,80.0,WNW,1.45,1.93,1028.78,0.0,0.0,0.0,0.0,IMELBO1849.csv
2022/12/26,03:04 AM,17.0,13.39,79.0,WNW,1.29,1.77,1028.78,0.0,0.0,0.0,0.0,IMELBO1849.csv
2022/12/26,03:09 AM,16.89,13.28,79.0,WNW,1.13,2.09,1028.78,0.0,0.0,0.0,0.0,IMELBO1849.csv
2022/12/26,03:14 AM,16.89,13.28,79.0,WNW,1.61,2.74,1028.78,0.0,0.0,0.0,0.0,IMELBO1849.csv
2022/12/26,03:19 AM,16.83,13.22,79.0,WNW,1.13,1.77,1028.78,0.0,0.0,0.0,0.0,IMELBO1849.csv
2022/12/26,03:24 AM,16.78,13.28,80.0,WNW,0.97,2.09,1028.78,0.0,0.0,0.0,0.0,IMELBO1849.csv
2022/12/26,03:29 AM,16.72,13.22,80.0,WNW,0.97,1.93,1028.78,0.0,0.0,0.0,0.0,IMELBO1849.csv
2022/12/26,03:34 AM,16.61,13.11,80.0,WNW,0.48,1.13,1029.12,0.0,0.0,0.0,0.0,IMELBO1849.csv
2022/12/26,03:39 AM,16.61,13.17,80.0,WNW,0.8,1.45,1029.12,0.0,0.0,0.0,0.0,IMELBO1849.csv
2022/12/26,03:44 AM,16.5,13.22,81.0,WNW,0.64,1.13,1028.78,0.0,0.0,0.0,0.0,IMELBO1849.csv
2022/12/26,03:49 AM,16.5,13.22,81.0,WNW,0.32,0.8,1028.78,0.0,0.0,0.0,0.0,IMELBO1849.csv
2022/12/26,03:54 AM,16.39,13.22,82.0,WNW,0.16,0.64,1028.78,0.0,0.0,0.0,0.0,IMELBO1849.csv
2022/12/26,03:59 AM,16.33,13.22,82.0,WNW,0.32,0.8,1028.78,0.0,0.0,0.0,0.0,IMELBO1849.csv
2022/12/26,04:04 AM,16.28,13.22,82.0,WNW,0.16,0.48,1028.78,0.0,0.0,0.0,0.0,IMELBO1849.csv
2022/12/26,04:09 AM,16.28,13.22,82.0,WNW,0.97,1.61,1028.78,0.0,0.0,0.0,0.0,IMELBO1849.csv
2022/12/26,04:14 AM,16.28,13.33,83.0,WNW,0.64,1.29,1028.78,0.0,0.0,0.0,0.0,IMELBO1849.csv
2022/12/26,04:19 AM,16.22,13.28,83.0,WNW,0.8,1.29,1028.78,0.0,0.0,0.0,0.0,IMELBO1849.csv
2022/12/26,04:24 AM,16.22,13.28,83.0,WNW,1.13,1.61,1028.78,0.0,0.0,0.0,0.0,IMELBO1849.csv
2022/12/26,04:29 AM,16.17,13.28,83.0,WNW,0.0,0.16,1028.78,0.0,0.0,0.0,0.0,IMELBO1849.csv
2022/12/26,04:34 AM,16.11,13.22,83.0,WNW,0.16,0.32,1028.78,0.0,0.0,0.0,0.0,IMELBO1849.csv
2022/12/26,04:39 AM,15.94,13.17,84.0,WNW,0.0,0.0,1028.78,0.0,0.0,0.0,0.0,IMELBO1849.csv
2022/12/26,04:44 AM,15.83,13.22,85.0,WNW,0.0,0.0,1028.78,0.0,0.0,0.0,0.0,IMELBO1849.csv
2022/12/26,04:49 AM,15.78,13.28,85.0,WNW,0.0,0.16,1028.78,0.0,0.0,0.0,0.0,IMELBO1849.csv
2022/12/26,04:54 AM,15.72,13.22,85.0,WNW,0.16,0.8,1028.78,0.0,0.0,0.0,0.0,IMELBO1849.csv
2022/12/26,04:59 AM,15.72,13.22,85.0,WNW,0.0,0.0,1028.78,0.0,0.0,0.0,0.0,IMELBO1849.csv
2022/12/26,05:04 AM,15.72,13.22,85.0,WNW,0.16,0.64,1028.78,0.0,0.0,0.0,0.0,IMELBO1849.csv
2022/12/26,05:09 AM,15.72,13.22,85.0,WNW,0.8,1.61,1028.78,0.0,0.0,0.0,0.0,IMELBO1849.csv
2022/12/26,05:14 AM,15.67,13.17,85.0,WNW,0.32,0.64,1028.78,0.0,0.0,0.0,0.0,IMELBO1849.csv
2022/12/26,05:19 AM,15.56,13.06,85.0,NNW,0.97,1.77,1028.78,0.0,0.0,0.0,0.0,IMELBO1849.csv
2022/12/26,05:24 AM,15.56,13.0,85.0,North,1.45,2.09,1028.78,0.0,0.0,0.0,0.0,IMELBO1849.csv
2022/12/26,05:29 AM,15.61,12.89,84.0,NNE,1.13,1.77,1028.78,0.0,0.0,0.0,0.0,IMELBO1849.csv
2022/12/26,05:34 AM,15.56,12.83,84.0,NNE,0.8,1.29,1028.78,0.0,0.0,0.0,0.0,IMELBO1849.csv
2022/12/26,05:39 AM,15.5,12.78,84.0,NNE,1.61,2.25,1028.45,0.0,0.0,0.0,0.0,IMELBO1849.csv
2022/12/26,05:44 AM,15.5,12.67,83.0,NNE,1.45,1.93,1028.78,0.0,0.0,0.0,0.0,IMELBO1849.csv
2022/12/26,05:49 AM,15.39,12.5,83.0,North,1.29,1.93,1028.78,0.0,0.0,0.0,0.0,IMELBO1849.csv
2022/12/26,05:54 AM,15.28,12.39,83.0,North,1.77,2.41,1028.78,0.0,0.0,0.0,1.2,IMELBO1849.csv
2022/12/26,05:59 AM,15.28,12.39,83.0,North,0.97,1.45,1028.78,0.0,0.0,0.0,2.6,IMELBO1849.csv
2022/12/26,06:04 AM,15.28,12.39,83.0,North,0.64,0.97,1028.78,0.0,0.0,0.0,4.8,IMELBO1849.csv
2022/12/26,06:09 AM,15.28,12.39,83.0,North,0.48,1.13,1028.78,0.0,0.0,0.0,6.9,IMELBO1849.csv
2022/12/26,06:14 AM,15.28,12.22,82.0,North,1.13,1.77,1028.78,0.0,0.0,0.0,10.4,IMELBO1849.csv
2022/12/26,06:19 AM,15.39,12.28,82.0,North,0.16,0.32,1029.12,0.0,0.0,0.0,13.0,IMELBO1849.csv
2022/12/26,06:24 AM,15.5,12.39,82.0,NNE,0.48,0.97,1029.12,0.0,0.0,0.0,16.0,IMELBO1849.csv
2022/12/26,06:29 AM,15.56,12.22,81.0,NNE,1.13,1.93,1029.12,0.0,0.0,0.0,19.5,IMELBO1849.csv
2022/12/26,06:34 AM,15.67,12.33,81.0,NNE,0.48,0.97,1029.12,0.0,0.0,0.0,22.9,IMELBO1849.csv
2022/12/26,06:39 AM,15.83,12.33,79.0,NNE,1.29,1.93,1029.12,0.0,0.0,0.0,24.7,IMELBO1849.csv
2022/12/26,06:44 AM,16.06,12.28,78.0,NNE,0.48,1.13,1029.12,0.0,0.0,0.0,26.8,IMELBO1849.csv
2022/12/26,06:49 AM,16.22,12.39,78.0,NNE,0.8,1.29,1029.12,0.0,0.0,0.0,28.1,IMELBO1849.csv
2022/12/26,06:54 AM,16.33,12.33,77.0,NNE,1.13,2.09,1029.12,0.0,0.0,0.0,30.7,IMELBO1849.csv
2022/12/26,06:59 AM,16.5,12.39,77.0,NE,1.61,2.25,1029.12,0.0,0.0,0.0,33.4,IMELBO1849.csv
2022/12/26,07:04 AM,16.5,12.39,77.0,NE,1.93,3.06,1029.12,0.0,0.0,0.0,35.5,IMELBO1849.csv
2022/12/26,07:09 AM,16.5,12.39,77.0,ENE,2.74,3.54,1029.12,0.0,0.0,0.0,38.5,IMELBO1849.csv
2022/12/26,07:14 AM,16.44,12.61,78.0,ENE,2.9,4.02,1029.12,0.0,0.0,0.0,42.0,IMELBO1849.csv
2022/12/26,07:19 AM,16.39,12.61,78.0,ENE,2.74,3.7,1029.12,0.0,0.0,0.0,50.7,IMELBO1849.csv
2022/12/26,07:24 AM,16.5,12.72,78.0,ENE,2.9,4.02,1029.12,0.0,0.0,0.0,63.2,IMELBO1849.csv
2022/12/26,07:29 AM,16.67,12.78,78.0,ENE,2.57,3.22,1029.12,0.0,0.0,0.0,74.5,IMELBO1849.csv
2022/12/26,07:34 AM,16.83,12.72,77.0,ENE,3.54,4.67,1029.12,0.0,0.0,0.0,84.5,IMELBO1849.csv
2022/12/26,07:39 AM,17.17,12.72,75.0,ENE,3.22,4.34,1029.12,0.0,0.0,0.0,85.9,IMELBO1849.csv
2022/12/26,07:44 AM,17.5,12.89,74.0,ENE,3.86,5.47,1029.12,0.0,0.0,0.0,93.2,IMELBO1849.csv
2022/12/26,07:49 AM,17.67,12.94,74.0,ENE,4.02,5.47,1028.78,0.0,0.0,1.0,99.7,IMELBO1849.csv
2022/12/26,07:54 AM,17.89,13.17,74.0,ENE,3.06,4.51,1028.78,0.0,0.0,1.0,107.0,IMELBO1849.csv
2022/12/26,07:59 AM,18.17,13.44,74.0,ENE,3.38,4.18,1028.78,0.0,0.0,1.0,117.1,IMELBO1849.csv
2022/12/26,08:04 AM,18.44,13.56,73.0,ENE,3.86,4.99,1028.78,0.0,0.0,1.0,126.1,IMELBO1849.csv
2022/12/26,08:09 AM,18.83,13.72,72.0,NE,2.74,3.7,1029.12,0.0,0.0,1.0,133.6,IMELBO1849.csv
2022/12/26,08:14 AM,19.22,13.83,71.0,ENE,2.57,3.7,1029.12,0.0,0.0,1.0,170.9,IMELBO1849.csv
2022/12/26,08:19 AM,19.67,14.22,71.0,ENE,3.22,4.34,1029.12,0.0,0.0,1.0,158.7,IMELBO1849.csv
2022/12/26,08:24 AM,20.0,14.39,70.0,ENE,4.02,5.15,1029.12,0.0,0.0,2.0,284.1,IMELBO1849.csv
2022/12/26,08:29 AM,20.44,14.67,69.0,ENE,3.54,5.15,1029.12,0.0,0.0,1.0,181.3,IMELBO1849.csv
2022/12/26,08:34 AM,21.0,14.94,69.0,ENE,3.22,4.18,1028.78,0.0,0.0,1.0,196.8,IMELBO1849.csv
2022/12/26,08:39 AM,21.67,15.33,67.0,ENE,3.38,4.83,1028.78,0.0,0.0,4.0,438.1,IMELBO1849.csv
2022/12/26,08:44 AM,22.44,15.67,66.0,ENE,4.18,5.31,1029.12,0.0,0.0,4.0,414.7,IMELBO1849.csv
2022/12/26,08:49 AM,22.83,15.94,65.0,ENE,3.7,4.67,1028.78,0.0,0.0,2.0,232.4,IMELBO1849.csv
2022/12/26,08:54 AM,23.06,16.11,65.0,East,3.22,4.18,1028.78,0.0,0.0,2.0,253.7,IMELBO1849.csv
2022/12/26,08:59 AM,23.28,16.22,64.0,East,2.41,2.9,1028.78,0.0,0.0,3.0,368.7,IMELBO1849.csv
2022/12/26,09:04 AM,24.17,16.56,63.0,East,4.02,5.15,1029.12,0.0,0.0,4.0,462.8,IMELBO1849.csv
2022/12/26,09:09 AM,25.06,17.06,61.0,East,3.54,4.67,1028.78,0.0,0.0,2.0,225.5,IMELBO1849.csv
2022/12/26,09:14 AM,25.44,17.17,60.0,East,2.57,3.22,1028.78,0.0,0.0,5.0,534.0,IMELBO1849.csv
2022/12/26,09:19 AM,25.94,17.5,60.0,East,2.74,3.7,1028.78,0.0,0.0,2.0,239.8,IMELBO1849.csv
2022/12/26,09:24 AM,26.5,17.56,58.0,NE,3.06,3.86,1028.78,0.0,0.0,2.0,260.2,IMELBO1849.csv
2022/12/26,09:29 AM,27.5,17.72,55.0,North,2.74,3.54,1029.12,0.0,0.0,2.0,279.3,IMELBO1849.csv
2022/12/26,09:34 AM,28.06,17.83,54.0,North,2.74,3.7,1029.12,0.0,0.0,2.0,294.1,IMELBO1849.csv
2022/12/26,09:39 AM,28.5,17.83,52.0,NE,4.02,5.47,1029.46,0.0,0.0,2.0,305.4,IMELBO1849.csv
2022/12/26,09:44 AM,28.83,17.89,51.0,NNE,4.18,5.31,1029.12,0.0,0.0,3.0,333.5,IMELBO1849.csv
2022/12/26,09:49 AM,29.39,18.0,50.0,NNE,3.06,4.18,1029.46,0.0,0.0,4.0,461.1,IMELBO1849.csv
2022/12/26,09:54 AM,29.72,18.17,50.0,NE,3.38,4.83,1029.46,0.0,0.0,3.0,403.3,IMELBO1849.csv
2022/12/26,09:59 AM,27.67,18.17,56.0,SW,5.95,7.88,1029.12,0.0,0.0,5.0,520.0,IMELBO1849.csv
2022/12/26,10:04 AM,26.89,17.56,57.0,SW,5.15,6.76,1029.12,0.0,0.0,4.0,462.4,IMELBO1849.csv
2022/12/26,10:09 AM,26.67,17.39,57.0,WSW,4.02,5.31,1029.12,0.0,0.0,3.0,330.5,IMELBO1849.csv
2022/12/26,10:14 AM,26.5,17.22,57.0,SW,3.86,5.47,1029.12,0.0,0.0,3.0,330.9,IMELBO1849.csv
2022/12/26,10:19 AM,26.5,17.11,56.0,SSW,4.51,6.11,1029.12,0.0,0.0,5.0,614.3,IMELBO1849.csv
2022/12/26,10:24 AM,26.94,17.33,56.0,South,2.74,3.7,1029.12,0.0,0.0,8.0,824.2,IMELBO1849.csv
2022/12/26,10:29 AM,28.22,17.78,53.0,SW,3.54,4.83,1029.46,0.0,0.0,4.0,457.2,IMELBO1849.csv
2022/12/26,10:34 AM,27.67,17.72,55.0,SSW,3.22,4.02,1029.12,0.0,0.0,3.0,342.7,IMELBO1849.csv
2022/12/26,10:39 AM,27.78,17.78,54.0,SSW,3.54,4.18,1029.12,0.0,0.0,3.0,360.0,IMELBO1849.csv
2022/12/26,10:44 AM,27.67,17.78,55.0,SW,3.54,4.51,1029.46,0.0,0.0,3.0,406.0,IMELBO1849.csv
2022/12/26,10:49 AM,28.0,17.94,54.0,SSW,3.38,4.51,1029.46,0.0,0.0,3.0,367.4,IMELBO1849.csv
2022/12/26,10:54 AM,28.28,17.94,54.0,SW,3.22,4.18,1029.12,0.0,0.0,4.0,488.9,IMELBO1849.csv
2022/12/26,10:59 AM,28.56,18.17,53.0,SW,5.63,6.92,1029.46,0.0,0.0,4.0,419.5,IMELBO1849.csv
2022/12/26,11:04 AM,28.78,18.28,53.0,SW,4.34,5.31,1029.46,0.0,0.0,6.0,707.5,IMELBO1849.csv
2022/12/26,11:09 AM,29.33,18.5,52.0,SW,3.54,4.83,1029.46,0.0,0.0,5.0,553.1,IMELBO1849.csv
2022/12/26,11:14 AM,30.17,18.56,50.0,SSW,3.06,3.86,1029.46,0.0,0.0,9.0,1026.8,IMELBO1849.csv
2022/12/26,11:19 AM,31.22,19.17,49.0,South,4.02,5.31,1029.46,0.0,0.0,9.0,979.9,IMELBO1849.csv
2022/12/26,11:24 AM,31.0,18.83,48.0,SSW,4.18,5.47,1029.46,0.0,0.0,10.0,1061.0,IMELBO1849.csv
2022/12/26,11:29 AM,31.5,18.89,47.0,SW,3.86,5.15,1029.46,0.0,0.0,9.0,1024.6,IMELBO1849.csv
2022/12/26,11:34 AM,31.83,19.22,47.0,SSW,5.31,7.4,1029.12,0.0,0.0,9.0,1009.9,IMELBO1849.csv
2022/12/26,11:39 AM,31.06,18.94,48.0,South,4.67,6.44,1029.46,0.0,0.0,9.0,1027.3,IMELBO1849.csv
2022/12/26,11:44 AM,31.28,19.06,48.0,South,6.92,9.49,1029.12,0.0,0.0,10.0,1034.1,IMELBO1849.csv
2022/12/26,11:49 AM,31.39,18.89,47.0,South,4.18,5.63,1029.46,0.0,0.0,9.0,986.0,IMELBO1849.csv
2022/12/26,11:54 AM,31.83,19.17,47.0,South,4.18,5.79,1029.46,0.0,0.0,9.0,987.3,IMELBO1849.csv
2022/12/26,11:59 AM,32.5,19.56,47.0,South,3.86,5.79,1029.46,0.0,0.0,9.0,1003.4,IMELBO1849.csv
2022/12/26,12:04 PM,32.61,19.72,47.0,South,4.51,6.11,1029.46,0.0,0.0,10.0,1047.2,IMELBO1849.csv
2022/12/26,12:09 PM,32.44,20.06,48.0,SSW,5.47,7.56,1029.12,0.0,0.0,10.0,1056.3,IMELBO1849.csv
2022/12/26,12:14 PM,31.44,19.83,50.0,SSW,7.56,10.3,1029.12,0.0,0.0,9.0,997.8,IMELBO1849.csv
2022/12/26,12:19 PM,30.72,20.22,54.0,SSW,8.85,11.42,1029.12,0.0,0.0,8.0,891.0,IMELBO1849.csv
2022/12/26,12:24 PM,29.17,19.83,57.0,SW,9.17,12.55,1029.46,0.0,0.0,10.0,1065.8,IMELBO1849.csv
2022/12/26,12:29 PM,28.56,19.5,58.0,SW,10.94,13.84,1029.46,0.0,0.0,9.0,1023.7,IMELBO1849.csv
2022/12/26,12:34 PM,28.61,19.44,57.0,SSW,7.72,11.26,1029.12,0.0,0.0,10.0,1044.1,IMELBO1849.csv
2022/12/26,12:39 PM,28.67,19.61,58.0,SSW,7.88,11.1,1029.46,0.0,0.0,8.0,910.5,IMELBO1849.csv
2022/12/26,12:44 PM,28.5,19.5,58.0,SSW,7.56,9.98,1029.46,0.0,0.0,9.0,981.3,IMELBO1849.csv
2022/12/26,12:49 PM,27.94,19.28,59.0,SW,6.76,9.33,1029.46,0.0,0.0,8.0,917.9,IMELBO1849.csv
2022/12/26,12:54 PM,28.28,19.17,58.0,SSW,6.11,8.69,1029.46,0.0,0.0,9.0,925.2,IMELBO1849.csv
2022/12/26,12:59 PM,29.0,19.28,56.0,SW,6.11,8.53,1029.46,0.0,0.0,8.0,848.9,IMELBO1849.csv
2022/12/26,01:04 PM,29.39,19.39,55.0,SSW,6.76,8.85,1029.46,0.0,0.0,8.0,833.3,IMELBO1849.csv
2022/12/26,01:09 PM,29.39,19.28,55.0,SSW,6.92,9.17,1029.12,0.0,0.0,7.0,802.0,IMELBO1849.csv
2022/12/26,01:14 PM,29.5,19.33,54.0,SSW,5.31,7.4,1029.12,0.0,0.0,7.0,818.1,IMELBO1849.csv
2022/12/26,01:19 PM,29.94,20.0,55.0,SSW,6.76,9.17,1029.46,0.0,0.0,8.0,849.4,IMELBO1849.csv
2022/12/26,01:24 PM,29.33,19.78,57.0,SSE,6.28,9.98,1029.12,0.0,0.0,8.0,862.3,IMELBO1849.csv
2022/12/26,01:29 PM,29.61,20.06,57.0,SSW,7.4,10.62,1029.46,0.0,0.0,8.0,891.0,IMELBO1849.csv
2022/12/26,01:34 PM,29.17,19.89,58.0,SSW,6.44,9.33,1029.46,0.0,0.0,9.0,941.4,IMELBO1849.csv
2022/12/26,01:39 PM,29.61,20.22,57.0,South,5.47,8.53,1029.12,0.0,0.0,9.0,971.7,IMELBO1849.csv
2022/12/26,01:44 PM,29.83,20.44,57.0,South,5.31,6.92,1029.12,0.0,0.0,8.0,857.2,IMELBO1849.csv
2022/12/26,01:49 PM,28.89,19.83,58.0,SSW,5.31,7.24,1029.12,0.0,0.0,5.0,553.9,IMELBO1849.csv
2022/12/26,01:54 PM,28.94,19.83,58.0,South,5.79,8.04,1029.12,0.0,0.0,9.0,929.6,IMELBO1849.csv
2022/12/26,01:59 PM,28.72,19.78,58.0,SSW,5.31,7.4,1029.12,0.0,0.0,2.0,284.1,IMELBO1849.csv
2022/12/26,02:04 PM,28.61,19.78,59.0,SSE,4.02,5.95,1029.12,0.0,0.0,8.0,852.4,IMELBO1849.csv
2022/12/26,02:09 PM,28.89,20.22,59.0,South,4.51,6.11,1029.12,0.0,0.0,8.0,909.7,IMELBO1849.csv
2022/12/26,02:14 PM,29.67,20.56,58.0,SE,3.7,4.99,1029.12,0.0,0.0,8.0,907.8,IMELBO1849.csv
2022/12/26,02:19 PM,29.83,20.78,58.0,ESE,4.51,5.95,1028.78,0.0,0.0,8.0,903.6,IMELBO1849.csv
2022/12/26,02:24 PM,29.78,20.72,58.0,South,5.79,8.04,1029.12,0.0,0.0,8.0,868.0,IMELBO1849.csv
2022/12/26,02:29 PM,29.78,20.78,59.0,South,5.63,7.72,1028.78,0.0,0.0,8.0,838.1,IMELBO1849.csv
2022/12/26,02:34 PM,30.0,20.94,58.0,South,4.51,6.28,1028.78,0.0,0.0,7.0,821.6,IMELBO1849.csv
2022/12/26,02:39 PM,29.89,20.83,58.0,SSW,6.11,8.85,1028.78,0.0,0.0,7.0,806.4,IMELBO1849.csv
2022/12/26,02:44 PM,29.61,20.61,58.0,SSE,5.31,7.24,1028.78,0.0,0.0,7.0,784.7,IMELBO1849.csv
2022/12/26,02:49 PM,29.5,20.56,59.0,South,6.28,8.85,1028.78,0.0,0.0,7.0,792.1,IMELBO1849.csv
2022/12/26,02:54 PM,29.67,20.61,58.0,ESE,6.28,9.17,1028.78,0.0,0.0,7.0,806.0,IMELBO1849.csv
2022/12/26,02:59 PM,29.5,20.5,58.0,SE,4.34,6.28,1028.78,0.0,0.0,7.0,811.6,IMELBO1849.csv
2022/12/26,03:04 PM,29.5,20.39,58.0,ESE,4.18,5.95,1028.78,0.0,0.0,7.0,805.6,IMELBO1849.csv
2022/12/26,03:09 PM,29.78,20.44,57.0,SSE,3.7,5.47,1028.45,0.0,0.0,7.0,799.0,IMELBO1849.csv
2022/12/26,03:14 PM,29.83,20.61,58.0,SSW,6.6,9.65,1028.78,0.0,0.0,7.0,794.7,IMELBO1849.csv
2022/12/26,03:19 PM,29.28,20.28,58.0,SSW,6.44,8.85,1028.45,0.0,0.0,7.0,791.3,IMELBO1849.csv
2022/12/26,03:24 PM,29.56,20.39,58.0,SSE,5.79,8.04,1028.45,0.0,0.0,7.0,786.0,IMELBO1849.csv
2022/12/26,03:29 PM,29.67,20.56,58.0,SE,4.67,6.76,1028.45,0.0,0.0,7.0,770.3,IMELBO1849.csv
2022/12/26,03:34 PM,29.44,20.44,58.0,SSW,8.21,10.62,1028.45,0.0,0.0,7.0,779.5,IMELBO1849.csv
2022/12/26,03:39 PM,29.33,20.33,58.0,SSE,3.54,5.15,1028.45,0.0,0.0,7.0,792.5,IMELBO1849.csv
2022/12/26,03:44 PM,29.72,20.33,57.0,SE,4.67,6.6,1028.11,0.0,0.0,7.0,793.3,IMELBO1849.csv
2022/12/26,03:49 PM,29.78,20.28,57.0,SE,4.34,6.11,1028.11,0.0,0.0,7.0,796.4,IMELBO1849.csv
2022/12/26,03:54 PM,29.56,20.17,57.0,SSE,4.99,7.08,1028.11,0.0,0.0,7.0,793.3,IMELBO1849.csv
2022/12/26,03:59 PM,29.94,20.28,56.0,SE,5.15,8.21,1028.11,0.0,0.0,7.0,797.3,IMELBO1849.csv
2022/12/26,04:04 PM,29.67,19.94,56.0,SE,5.15,6.92,1028.11,0.0,0.0,7.0,795.2,IMELBO1849.csv
2022/12/26,04:09 PM,29.39,19.78,56.0,South,4.67,6.76,1028.11,0.0,0.0,7.0,788.6,IMELBO1849.csv
2022/12/26,04:14 PM,29.67,19.94,56.0,South,4.83,7.08,1027.77,0.0,0.0,7.0,790.8,IMELBO1849.csv
2022/12/26,04:19 PM,29.5,19.83,56.0,SSE,4.51,6.92,1028.11,0.0,0.0,7.0,786.0,IMELBO1849.csv
2022/12/26,04:24 PM,29.44,19.67,56.0,SSE,5.15,7.56,1028.11,0.0,0.0,7.0,789.1,IMELBO1849.csv
2022/12/26,04:29 PM,29.5,19.61,55.0,South,5.31,7.56,1028.11,0.0,0.0,7.0,771.2,IMELBO1849.csv
2022/12/26,04:34 PM,29.72,19.5,54.0,SSW,5.79,8.21,1028.11,0.0,0.0,7.0,775.1,IMELBO1849.csv
2022/12/26,04:39 PM,29.33,19.33,55.0,SSW,6.6,8.37,1028.11,0.0,0.0,7.0,773.9,IMELBO1849.csv
2022/12/26,04:44 PM,29.11,18.83,54.0,South,7.24,9.98,1028.11,0.0,0.0,7.0,756.9,IMELBO1849.csv
2022/12/26,04:49 PM,29.22,18.78,53.0,SSE,5.47,7.72,1028.11,0.0,0.0,7.0,743.1,IMELBO1849.csv
2022/12/26,04:54 PM,29.22,18.72,53.0,SSE,5.95,8.04,1028.11,0.0,0.0,7.0,721.8,IMELBO1849.csv
2022/12/26,04:59 PM,29.22,18.94,54.0,South,6.44,9.49,1028.11,0.0,0.0,6.0,710.5,IMELBO1849.csv
2022/12/26,05:04 PM,28.94,18.83,54.0,South,6.44,9.33,1028.11,0.0,0.0,6.0,685.0,IMELBO1849.csv
2022/12/26,05:09 PM,28.61,18.5,54.0,SSW,7.88,10.46,1028.11,0.0,0.0,6.0,673.2,IMELBO1849.csv
2022/12/26,05:14 PM,28.61,18.56,55.0,SSW,8.04,10.62,1028.11,0.0,0.0,6.0,645.9,IMELBO1849.csv
2022/12/26,05:19 PM,28.22,18.28,55.0,SSW,8.69,11.58,1028.11,0.0,0.0,6.0,634.2,IMELBO1849.csv
2022/12/26,05:24 PM,28.22,18.28,55.0,SSW,7.08,9.98,1028.11,0.0,0.0,5.0,608.1,IMELBO1849.csv
2022/12/26,05:29 PM,28.5,18.56,55.0,SSW,6.28,8.53,1028.11,0.0,0.0,5.0,603.4,IMELBO1849.csv
2022/12/26,05:34 PM,28.06,18.5,56.0,South,7.4,10.14,1028.11,0.0,0.0,5.0,602.5,IMELBO1849.csv
2022/12/26,05:39 PM,27.94,18.44,56.0,SSW,6.6,9.81,1028.11,0.0,0.0,5.0,581.7,IMELBO1849.csv
2022/12/26,05:44 PM,28.17,18.33,55.0,SSE,5.15,7.08,1028.45,0.0,0.0,5.0,537.1,IMELBO1849.csv
2022/12/26,05:49 PM,28.17,18.67,56.0,South,5.79,7.56,1028.45,0.0,0.0,4.0,494.1,IMELBO1849.csv
2022/12/26,05:54 PM,27.72,18.39,57.0,WSW,4.02,5.47,1029.12,0.0,0.0,5.0,535.7,IMELBO1849.csv
2022/12/26,05:59 PM,27.94,18.33,56.0,West,4.67,5.79,1029.12,0.0,0.0,5.0,552.6,IMELBO1849.csv
2022/12/26,06:04 PM,28.22,18.56,56.0,SSW,5.15,6.92,1029.12,0.0,0.0,3.0,324.0,IMELBO1849.csv
2022/12/26,06:09 PM,27.78,18.39,57.0,SW,2.74,3.7,1029.12,0.0,0.0,1.0,128.3,IMELBO1849.csv
2022/12/26,06:14 PM,27.67,18.33,57.0,South,3.86,5.95,1029.46,0.0,0.0,0.0,91.9,IMELBO1849.csv
2022/12/26,06:19 PM,27.67,18.39,57.0,SE,3.86,5.15,1029.12,0.0,0.0,1.0,121.0,IMELBO1849.csv
2022/12/26,06:24 PM,27.78,18.78,58.0,SSW,6.76,9.49,1029.12,0.0,0.0,3.0,344.0,IMELBO1849.csv
2022/12/26,06:29 PM,27.89,18.83,58.0,SSW,6.44,8.53,1028.78,0.0,0.0,3.0,338.3,IMELBO1849.csv
2022/12/26,06:34 PM,27.78,18.78,58.0,South,7.4,9.49,1028.78,0.0,0.0,2.0,296.7,IMELBO1849.csv
2022/12/26,06:39 PM,28.06,19.0,58.0,South,5.31,7.56,1029.12,0.0,0.0,2.0,290.2,IMELBO1849.csv
2022/12/26,06:44 PM,28.33,19.06,57.0,SSE,3.06,4.67,1029.46,0.0,0.0,2.0,281.9,IMELBO1849.csv
2022/12/26,06:49 PM,27.94,19.11,59.0,SE,3.54,4.67,1029.46,0.0,0.0,2.0,240.8,IMELBO1849.csv
2022/12/26,06:54 PM,27.72,18.78,58.0,SSE,3.38,5.15,1029.8,0.0,0.0,2.0,266.3,IMELBO1849.csv
2022/12/26,06:59 PM,28.17,18.94,58.0,South,4.51,6.44,1029.8,0.0,0.0,2.0,250.3,IMELBO1849.csv
2022/12/26,07:04 PM,28.22,18.89,57.0,SSE,3.06,4.34,1029.8,0.0,0.0,2.0,247.6,IMELBO1849.csv
2022/12/26,07:09 PM,28.28,18.78,57.0,SSE,3.86,5.95,1029.8,0.0,0.0,2.0,231.6,IMELBO1849.csv
2022/12/26,07:14 PM,28.0,18.61,57.0,SE,3.7,5.79,1030.14,0.0,0.0,1.0,125.8,IMELBO1849.csv
2022/12/26,07:19 PM,27.72,18.44,57.0,SSE,3.38,4.99,1030.14,0.0,0.0,1.0,117.1,IMELBO1849.csv
2022/12/26,07:24 PM,27.61,18.39,57.0,South,3.06,4.67,1030.14,0.0,0.0,1.0,105.3,IMELBO1849.csv
2022/12/26,07:29 PM,27.56,18.33,57.0,South,4.18,5.47,1030.14,0.0,0.0,1.0,100.2,IMELBO1849.csv
2022/12/26,07:34 PM,27.22,18.5,59.0,South,4.51,6.6,1030.14,0.0,0.0,0.0,93.2,IMELBO1849.csv
2022/12/26,07:39 PM,27.0,18.67,60.0,South,4.51,5.95,1030.14,0.0,0.0,0.0,82.8,IMELBO1849.csv
2022/12/26,07:44 PM,26.78,18.83,62.0,SSW,3.38,4.83,1030.48,0.0,0.0,0.0,69.4,IMELBO1849.csv
2022/12/26,07:49 PM,26.39,18.78,63.0,SSW,3.38,5.15,1030.14,0.0,0.0,0.0,56.3,IMELBO1849.csv
2022/12/26,07:54 PM,26.17,18.72,64.0,South,4.99,6.76,1030.48,0.0,0.0,0.0,48.1,IMELBO1849.csv
2022/12/26,07:59 PM,25.94,18.89,65.0,South,3.06,4.67,1030.48,0.0,0.0,0.0,42.5,IMELBO1849.csv
2022/12/26,08:04 PM,25.44,19.06,68.0,ESE,3.54,4.67,1030.82,0.0,0.0,0.0,39.0,IMELBO1849.csv
2022/12/26,08:09 PM,25.0,18.72,68.0,South,3.06,4.34,1030.82,0.0,0.0,0.0,33.8,IMELBO1849.csv
2022/12/26,08:14 PM,24.83,18.72,69.0,SSE,3.7,5.31,1030.82,0.0,0.0,0.0,29.5,IMELBO1849.csv
2022/12/26,08:19 PM,24.56,18.72,70.0,South,3.22,4.51,1030.82,0.0,0.0,0.0,24.2,IMELBO1849.csv
2022/12/26,08:24 PM,24.33,18.61,70.0,SSE,3.22,4.34,1030.82,0.0,0.0,0.0,19.9,IMELBO1849.csv
2022/12/26,08:29 PM,24.22,18.39,70.0,SSW,3.06,4.51,1030.82,0.0,0.0,0.0,15.5,IMELBO1849.csv
2022/12/26,08:34 PM,24.11,18.33,70.0,SSE,3.06,4.18,1031.16,0.0,0.0,0.0,12.5,IMELBO1849.csv
2022/12/26,08:39 PM,23.94,18.28,71.0,SSW,3.7,4.99,1031.16,0.0,0.0,0.0,8.2,IMELBO1849.csv
2022/12/26,08:44 PM,23.83,18.28,71.0,South,3.38,4.51,1031.16,0.0,0.0,0.0,5.1,IMELBO1849.csv
2022/12/26,08:49 PM,23.72,18.28,72.0,SSE,2.74,3.7,1031.16,0.0,0.0,0.0,2.1,IMELBO1849.csv
2022/12/26,08:54 PM,23.56,18.33,73.0,SE,2.09,3.06,1031.49,0.0,0.0,0.0,0.4,IMELBO1849.csv
2022/12/26,08:59 PM,23.22,18.28,74.0,SE,2.09,3.06,1031.49,0.0,0.0,0.0,0.0,IMELBO1849.csv
2022/12/26,09:04 PM,23.0,18.11,74.0,SE,1.61,2.41,1031.49,0.0,0.0,0.0,0.0,IMELBO1849.csv
2022/12/26,09:09 PM,22.89,18.06,74.0,SE,1.13,2.09,1031.49,0.0,0.0,0.0,0.0,IMELBO1849.csv
2022/12/26,09:14 PM,22.78,18.0,74.0,SSE,1.93,2.57,1031.49,0.0,0.0,0.0,0.0,IMELBO1849.csv
2022/12/26,09:19 PM,22.61,17.78,74.0,SE,2.09,2.57,1031.49,0.0,0.0,0.0,0.0,IMELBO1849.csv
2022/12/26,09:24 PM,22.5,17.72,74.0,ESE,0.8,1.61,1031.49,0.0,0.0,0.0,0.0,IMELBO1849.csv
2022/12/26,09:29 PM,22.56,17.72,74.0,SSE,0.8,1.61,1031.16,0.0,0.0,0.0,0.0,IMELBO1849.csv
2022/12/26,09:34 PM,22.5,17.72,74.0,South,1.29,1.93,1031.49,0.0,0.0,0.0,0.0,IMELBO1849.csv
2022/12/26,09:39 PM,22.56,17.78,74.0,SSE,1.13,1.77,1031.49,0.0,0.0,0.0,0.0,IMELBO1849.csv
2022/12/26,09:44 PM,22.61,17.56,73.0,South,1.93,2.9,1031.16,0.0,0.0,0.0,0.0,IMELBO1849.csv
2022/12/26,09:49 PM,22.5,17.72,74.0,SSW,1.13,1.45,1031.49,0.0,0.0,0.0,0.0,IMELBO1849.csv
2022/12/26,09:54 PM,22.39,17.61,74.0,SSW,2.09,2.9,1031.49,0.0,0.0,0.0,0.0,IMELBO1849.csv
2022/12/26,09:59 PM,22.22,17.5,75.0,SW,1.77,2.57,1031.49,0.0,0.0,0.0,0.0,IMELBO1849.csv
2022/12/26,10:04 PM,22.11,17.5,75.0,SW,0.32,0.8,1031.49,0.0,0.0,0.0,0.0,IMELBO1849.csv
2022/12/26,10:09 PM,22.0,17.39,75.0,SW,0.64,1.13,1031.16,0.0,0.0,0.0,0.0,IMELBO1849.csv
2022/12/26,10:14 PM,21.78,17.33,76.0,SW,1.77,2.74,1031.16,0.0,0.0,0.0,0.0,IMELBO1849.csv
2022/12/26,10:19 PM,21.61,17.28,76.0,WSW,1.45,1.93,1031.49,0.0,0.0,0.0,0.0,IMELBO1849.csv
2022/12/26,10:24 PM,21.39,17.22,77.0,WSW,0.97,1.61,1031.49,0.0,0.0,0.0,0.0,IMELBO1849.csv
2022/12/26,10:29 PM,21.28,17.22,78.0,SW,0.8,1.29,1031.16,0.0,0.0,0.0,0.0,IMELBO1849.csv
2022/12/26,10:34 PM,21.22,17.22,78.0,SW,0.64,0.97,1031.16,0.0,0.0,0.0,0.0,IMELBO1849.csv
2022/12/26,10:39 PM,21.11,17.11,78.0,SW,0.8,1.45,1031.16,0.0,0.0,0.0,0.0,IMELBO1849.csv
2022/12/26,10:44 PM,21.0,17.11,78.0,SW,1.13,1.45,1031.16,0.0,0.0,0.0,0.0,IMELBO1849.csv
2022/12/26,10:49 PM,21.0,17.28,79.0,WSW,0.48,0.97,1031.16,0.0,0.0,0.0,0.0,IMELBO1849.csv
2022/12/26,10:54 PM,20.94,17.22,79.0,WSW,0.48,1.13,1031.16,0.0,0.0,0.0,0.0,IMELBO1849.csv
2022/12/26,10:59 PM,20.89,17.22,79.0,WSW,0.64,1.29,1031.16,0.0,0.0,0.0,0.0,IMELBO1849.csv
2022/12/26,11:04 PM,20.78,17.11,79.0,West,0.48,1.13,1031.16,0.0,0.0,0.0,0.0,IMELBO1849.csv
2022/12/26,11:09 PM,20.72,17.06,79.0,West,0.32,0.97,1031.16,0.0,0.0,0.0,0.0,IMELBO1849.csv
2022/12/26,11:14 PM,20.61,17.0,80.0,West,0.8,1.13,1031.16,0.0,0.0,0.0,0.0,IMELBO1849.csv
2022/12/26,11:19 PM,20.44,16.83,80.0,West,0.0,0.0,1030.82,0.0,0.0,0.0,0.0,IMELBO1849.csv
2022/12/26,11:24 PM,20.39,16.89,81.0,West,0.48,1.45,1030.82,0.0,0.0,0.0,0.0,IMELBO1849.csv
2022/12/26,11:29 PM,20.39,17.0,81.0,West,0.16,0.48,1030.82,0.0,0.0,0.0,0.0,IMELBO1849.csv
2022/12/26,11:34 PM,20.28,16.89,81.0,West,0.0,0.0,1031.16,0.0,0.0,0.0,0.0,IMELBO1849.csv
2022/12/26,11:39 PM,20.28,16.89,81.0,West,0.0,0.16,1031.16,0.0,0.0,0.0,0.0,IMELBO1849.csv
2022/12/26,11:44 PM,20.28,16.89,81.0,West,0.97,1.61,1030.82,0.0,0.0,0.0,0.0,IMELBO1849.csv
2022/12/26,11:49 PM,20.28,16.89,81.0,West,1.13,1.77,1030.82,0.0,0.0,0.0,0.0,IMELBO1849.csv
2022/12/26,11:54 PM,20.28,16.89,81.0,West,1.13,1.77,1031.16,0.0,0.0,0.0,0.0,IMELBO1849.csv
2022/12/26,11:59 PM,20.28,16.89,81.0,WSW,1.61,2.41,1031.16,0.0,0.0,0.0,0.0,IMELBO1849.csv
2022/12/27,12:04 AM,20.28,16.89,81.0,WSW,1.93,2.41,1031.16,0.0,0.0,0.0,0.0,IMELBO1849.csv
2022/12/27,12:09 AM,20.28,16.89,81.0,WSW,1.61,2.09,1030.82,0.0,0.0,0.0,0.0,IMELBO1849.csv
2022/12/27,12:14 AM,20.22,16.78,81.0,SW,0.48,0.97,1031.16,0.0,0.0,0.0,0.0,IMELBO1849.csv
2022/12/27,12:19 AM,20.11,16.72,81.0,WSW,0.97,1.77,1031.16,0.0,0.0,0.0,0.0,IMELBO1849.csv
2022/12/27,12:24 AM,20.0,16.78,82.0,WSW,0.32,0.48,1031.16,0.0,0.0,0.0,0.0,IMELBO1849.csv
2022/12/27,12:29 AM,19.89,16.72,82.0,WSW,0.48,1.13,1031.16,0.0,0.0,0.0,0.0,IMELBO1849.csv
2022/12/27,12:34 AM,19.78,16.61,82.0,SW,1.45,2.09,1031.16,0.0,0.0,0.0,0.0,IMELBO1849.csv
2022/12/27,12:39 AM,19.72,16.67,82.0,SSW,1.93,2.41,1031.49,0.0,0.0,0.0,0.0,IMELBO1849.csv
2022/12/27,12:44 AM,19.39,16.56,83.0,SSW,2.9,3.7,1031.49,0.0,0.0,0.0,0.0,IMELBO1849.csv
2022/12/27,12:49 AM,19.17,16.39,84.0,SW,1.93,2.74,1031.49,0.0,0.0,0.0,0.0,IMELBO1849.csv
2022/12/27,12:54 AM,19.06,16.44,85.0,SW,2.25,2.9,1031.49,0.0,0.0,0.0,0.0,IMELBO1849.csv
2022/12/27,12:59 AM,18.94,16.33,85.0,SW,2.41,2.9,1031.16,0.0,0.0,0.0,0.0,IMELBO1849.csv
2022/12/27,01:04 AM,18.78,16.28,86.0,SW,2.41,3.06,1031.16,0.0,0.0,0.0,0.0,IMELBO1849.csv
2022/12/27,01:09 AM,18.78,16.33,86.0,WSW,0.8,1.61,1031.16,0.0,0.0,0.0,0.0,IMELBO1849.csv
2022/12/27,01:14 AM,18.67,16.28,86.0,WSW,0.97,1.45,1031.16,0.0,0.0,0.0,0.0,IMELBO1849.csv
2022/12/27,01:19 AM,18.61,16.22,86.0,SW,0.16,0.64,1031.49,0.0,0.0,0.0,0.0,IMELBO1849.csv
2022/12/27,01:24 AM,18.5,16.28,87.0,SSW,0.48,0.97,1031.49,0.0,0.0,0.0,0.0,IMELBO1849.csv
2022/12/27,01:29 AM,18.5,16.28,87.0,SE,0.48,0.97,1031.49,0.0,0.0,0.0,0.0,IMELBO1849.csv
2022/12/27,01:34 AM,18.39,16.22,87.0,SSE,0.48,0.8,1031.16,0.0,0.0,0.0,0.0,IMELBO1849.csv
2022/12/27,01:39 AM,18.39,16.22,87.0,SSW,0.32,0.97,1031.49,0.0,0.0,0.0,0.0,IMELBO1849.csv
2022/12/27,01:44 AM,18.33,16.17,87.0,SSW,0.64,1.29,1031.49,0.0,0.0,0.0,0.0,IMELBO1849.csv
2022/12/27,01:49 AM,18.39,16.22,87.0,SW,0.16,0.48,1031.16,0.0,0.0,0.0,0.0,IMELBO1849.csv
2022/12/27,01:54 AM,18.39,16.22,87.0,SW,1.13,1.93,1031.16,0.0,0.0,0.0,0.0,IMELBO1849.csv
2022/12/27,01:59 AM,18.44,16.28,87.0,SW,1.13,1.77,1030.82,0.0,0.0,0.0,0.0,IMELBO1849.csv
2022/12/27,02:04 AM,18.39,16.22,87.0,SW,0.64,0.97,1031.16,0.0,0.0,0.0,0.0,IMELBO1849.csv
2022/12/27,02:09 AM,18.33,16.17,87.0,SW,0.0,0.0,1031.16,0.0,0.0,0.0,0.0,IMELBO1849.csv
2022/12/27,02:14 AM,18.22,16.06,88.0,SW,0.16,0.64,1031.16,0.0,0.0,0.0,0.0,IMELBO1849.csv
2022/12/27,02:19 AM,18.22,16.11,88.0,SW,0.16,0.48,1030.82,0.0,0.0,0.0,0.0,IMELBO1849.csv
2022/12/27,02:24 AM,18.17,16.06,88.0,SSE,0.32,0.8,1030.82,0.0,0.0,0.0,0.0,IMELBO1849.csv
2022/12/27,02:29 AM,18.11,16.0,88.0,SSE,0.32,1.13,1030.82,0.0,0.0,0.0,0.0,IMELBO1849.csv
2022/12/27,02:34 AM,18.11,16.0,88.0,South,0.16,0.48,1030.82,0.0,0.0,0.0,0.0,IMELBO1849.csv
2022/12/27,02:39 AM,18.11,16.0,88.0,South,0.64,1.29,1030.82,0.0,0.0,0.0,0.0,IMELBO1849.csv
2022/12/27,02:44 AM,18.06,15.94,88.0,South,0.32,0.48,1030.82,0.0,0.0,0.0,0.0,IMELBO1849.csv
2022/12/27,02:49 AM,18.0,15.89,88.0,South,0.0,0.0,1030.82,0.0,0.0,0.0,0.0,IMELBO1849.csv
2022/12/27,02:54 AM,17.94,16.06,89.0,South,0.32,0.48,1030.82,0.0,0.0,0.0,0.0,IMELBO1849.csv
2022/12/27,02:59 AM,17.83,15.94,89.0,South,0.0,0.0,1030.82,0.0,0.0,0.0,0.0,IMELBO1849.csv
2022/12/27,03:04 AM,17.78,15.89,89.0,South,0.16,0.48,1030.82,0.0,0.0,0.0,0.0,IMELBO1849.csv
2022/12/27,03:09 AM,17.78,16.0,89.0,South,0.16,0.32,1030.82,0.0,0.0,0.0,0.0,IMELBO1849.csv
2022/12/27,03:14 AM,17.83,16.17,90.0,South,0.97,1.61,1030.82,0.0,0.0,0.0,0.0,IMELBO1849.csv
2022/12/27,03:19 AM,17.89,16.22,90.0,SSW,0.97,1.61,1030.82,0.0,0.0,0.0,0.0,IMELBO1849.csv
2022/12/27,03:24 AM,17.89,16.22,90.0,SSW,0.16,0.32,1030.82,0.0,0.0,0.0,0.0,IMELBO1849.csv
2022/12/27,03:29 AM,17.78,16.11,90.0,SSW,0.0,0.16,1030.48,0.0,0.0,0.0,0.0,IMELBO1849.csv
2022/12/27,03:34 AM,17.78,16.11,90.0,SSW,0.32,0.8,1030.48,0.0,0.0,0.0,0.0,IMELBO1849.csv
2022/12/27,03:39 AM,17.78,16.22,91.0,SSW,0.32,0.8,1030.48,0.0,0.0,0.0,0.0,IMELBO1849.csv
2022/12/27,03:44 AM,17.72,16.22,91.0,SSW,0.0,0.32,1030.48,0.0,0.0,0.0,0.0,IMELBO1849.csv
2022/12/27,03:49 AM,17.72,16.22,91.0,SSW,0.64,1.45,1030.48,0.0,0.0,0.0,0.0,IMELBO1849.csv
2022/12/27,03:54 AM,17.72,16.22,91.0,SSE,1.29,1.77,1030.48,0.0,0.0,0.0,0.0,IMELBO1849.csv
2022/12/27,03:59 AM,17.72,16.28,91.0,SE,0.97,1.61,1030.48,0.0,0.0,0.0,0.0,IMELBO1849.csv
2022/12/27,04:04 AM,17.72,16.44,92.0,SE,1.29,1.77,1030.48,0.0,0.0,0.0,0.0,IMELBO1849.csv
2022/12/27,04:09 AM,17.72,16.39,92.0,ESE,1.29,1.77,1030.48,0.0,0.0,0.0,0.0,IMELBO1849.csv
2022/12/27,04:14 AM,17.78,16.44,92.0,ESE,2.41,3.06,1030.48,0.0,0.0,0.0,0.0,IMELBO1849.csv
2022/12/27,04:19 AM,17.78,16.56,93.0,ESE,2.41,3.22,1030.14,0.0,0.0,0.0,0.0,IMELBO1849.csv
2022/12/27,04:24 AM,17.72,16.5,93.0,ESE,1.93,2.41,1030.14,0.0,0.0,0.0,0.0,IMELBO1849.csv
2022/12/27,04:29 AM,17.67,16.44,93.0,ESE,1.93,2.57,1030.14,0.0,0.0,0.0,0.0,IMELBO1849.csv
2022/12/27,04:34 AM,17.56,16.39,94.0,ESE,1.77,2.41,1030.14,0.0,0.0,0.0,0.0,IMELBO1849.csv
2022/12/27,04:39 AM,17.39,16.28,94.0,ESE,1.61,2.09,1030.14,0.0,0.0,0.0,0.0,IMELBO1849.csv
2022/12/27,04:44 AM,17.28,16.22,94.0,ESE,1.77,2.41,1030.14,0.0,0.0,0.0,0.0,IMELBO1849.csv
2022/12/27,04:49 AM,17.17,16.06,94.0,East,2.41,3.38,1030.14,0.0,0.0,0.0,0.0,IMELBO1849.csv
2022/12/27,04:54 AM,17.11,16.0,94.0,East,2.74,3.7,1030.14,0.0,0.0,0.0,0.0,IMELBO1849.csv
2022/12/27,04:59 AM,17.11,16.0,94.0,East,2.09,2.74,1030.14,0.0,0.0,0.0,0.0,IMELBO1849.csv
2022/12/27,05:04 AM,17.11,16.0,94.0,East,1.61,2.41,1029.8,0.0,0.0,0.0,0.0,IMELBO1849.csv
2022/12/27,05:09 AM,17.11,15.94,93.0,East,1.13,1.77,1029.8,0.0,0.0,0.0,0.0,IMELBO1849.csv
2022/12/27,05:14 AM,17.11,15.89,93.0,East,0.97,1.61,1029.8,0.0,0.0,0.0,0.0,IMELBO1849.csv
2022/12/27,05:19 AM,17.11,15.89,93.0,East,1.13,1.77,1029.8,0.0,0.0,0.0,0.0,IMELBO1849.csv
2022/12/27,05:24 AM,17.11,15.89,93.0,East,0.8,1.61,1029.8,0.0,0.0,0.0,0.0,IMELBO1849.csv
2022/12/27,05:29 AM,17.11,15.89,93.0,East,1.29,2.09,1029.8,0.0,0.0,0.0,0.0,IMELBO1849.csv
2022/12/27,05:34 AM,17.22,15.94,93.0,East,2.41,3.22,1029.8,0.0,0.0,0.0,0.0,IMELBO1849.csv
2022/12/27,05:39 AM,17.28,15.94,92.0,East,2.57,3.86,1029.8,0.0,0.0,0.0,0.0,IMELBO1849.csv
2022/12/27,05:44 AM,17.33,15.94,91.0,East,2.74,3.22,1029.8,0.0,0.0,0.0,0.0,IMELBO1849.csv
2022/12/27,05:49 AM,17.39,16.0,91.0,East,2.09,2.74,1030.14,0.0,0.0,0.0,0.0,IMELBO1849.csv
2022/12/27,05:54 AM,17.39,16.0,91.0,East,1.61,2.09,1030.14,0.0,0.0,0.0,0.4,IMELBO1849.csv
2022/12/27,05:59 AM,17.33,15.94,91.0,East,0.32,0.64,1029.8,0.0,0.0,0.0,2.1,IMELBO1849.csv
2022/12/27,06:04 AM,17.28,15.89,91.0,East,0.0,0.0,1030.14,0.0,0.0,0.0,3.8,IMELBO1849.csv
2022/12/27,06:09 AM,17.28,15.83,91.0,East,0.0,0.0,1030.48,0.0,0.0,0.0,6.0,IMELBO1849.csv
2022/12/27,06:14 AM,17.22,15.78,91.0,East,0.0,0.0,1030.14,0.0,0.0,0.0,9.1,IMELBO1849.csv
2022/12/27,06:19 AM,17.22,15.78,91.0,East,0.0,0.0,1030.14,0.0,0.0,0.0,11.3,IMELBO1849.csv
2022/12/27,06:24 AM,17.28,15.89,91.0,East,0.0,0.0,1030.14,0.0,0.0,0.0,13.3,IMELBO1849.csv
2022/12/27,06:29 AM,17.28,15.89,91.0,East,0.0,0.0,1030.14,0.0,0.0,0.0,16.0,IMELBO1849.csv
2022/12/27,06:34 AM,17.28,15.94,91.0,East,0.16,0.32,1030.14,0.0,0.0,0.0,18.6,IMELBO1849.csv
2022/12/27,06:39 AM,17.44,16.06,91.0,East,1.29,1.77,1030.14,0.0,0.0,0.0,20.3,IMELBO1849.csv
2022/12/27,06:44 AM,17.61,16.11,91.0,East,0.48,1.13,1030.14,0.0,0.0,0.0,23.4,IMELBO1849.csv
2022/12/27,06:49 AM,17.72,16.06,90.0,East,0.16,0.16,1030.14,0.0,0.0,0.0,25.1,IMELBO1849.csv
2022/12/27,06:54 AM,17.89,16.22,90.0,East,0.32,0.64,1030.14,0.0,0.0,0.0,30.7,IMELBO1849.csv
2022/12/27,06:59 AM,18.06,16.28,90.0,East,0.32,0.32,1030.48,0.0,0.0,0.0,45.5,IMELBO1849.csv
2022/12/27,07:04 AM,18.5,16.44,88.0,East,0.8,1.45,1030.48,0.0,0.0,0.0,50.7,IMELBO1849.csv
2022/12/27,07:09 AM,19.17,16.67,85.0,East,1.61,2.57,1030.14,0.0,0.0,0.0,77.2,IMELBO1849.csv
2022/12/27,07:14 AM,19.67,16.67,83.0,East,2.41,3.22,1030.14,0.0,0.0,0.0,85.9,IMELBO1849.csv
2022/12/27,07:19 AM,20.11,16.78,82.0,East,2.09,2.9,1030.48,0.0,0.0,1.0,106.2,IMELBO1849.csv
2022/12/27,07:24 AM,20.33,16.78,80.0,East,2.74,3.7,1030.48,0.0,0.0,1.0,115.4,IMELBO1849.csv
2022/12/27,07:29 AM,20.72,16.83,78.0,ENE,2.25,2.9,1030.48,0.0,0.0,1.0,131.4,IMELBO1849.csv
2022/12/27,07:34 AM,21.17,16.78,76.0,ENE,2.25,3.06,1030.48,0.0,0.0,1.0,139.6,IMELBO1849.csv
2022/12/27,07:39 AM,21.78,16.78,73.0,NE,2.57,3.7,1030.48,0.0,0.0,1.0,135.3,IMELBO1849.csv
2022/12/27,07:44 AM,22.06,16.72,72.0,NNE,4.02,5.31,1030.48,0.0,0.0,1.0,164.3,IMELBO1849.csv
2022/12/27,07:49 AM,22.33,16.83,71.0,ENE,3.7,5.15,1030.48,0.0,0.0,1.0,158.3,IMELBO1849.csv
2022/12/27,07:54 AM,22.44,16.94,71.0,ENE,4.18,5.63,1030.48,0.0,0.0,2.0,209.9,IMELBO1849.csv
2022/12/27,07:59 AM,22.61,17.06,71.0,NE,3.22,4.83,1030.48,0.0,0.0,2.0,225.1,IMELBO1849.csv
2022/12/27,08:04 AM,23.22,17.39,70.0,ENE,2.57,3.7,1030.48,0.0,0.0,2.0,242.8,IMELBO1849.csv
2022/12/27,08:09 AM,23.67,17.61,69.0,ENE,4.02,5.31,1030.48,0.0,0.0,2.0,253.7,IMELBO1849.csv
2022/12/27,08:14 AM,24.0,17.5,67.0,East,4.34,5.79,1030.48,0.0,0.0,2.0,268.9,IMELBO1849.csv
2022/12/27,08:19 AM,24.44,17.56,66.0,East,3.38,4.34,1030.48,0.0,0.0,2.0,299.2,IMELBO1849.csv
2022/12/27,08:24 AM,25.0,17.83,64.0,NE,3.38,4.51,1030.48,0.0,0.0,2.0,293.2,IMELBO1849.csv
2022/12/27,08:29 AM,25.44,18.06,63.0,ENE,4.02,5.47,1030.48,0.0,0.0,3.0,330.9,IMELBO1849.csv
2022/12/27,08:34 AM,25.94,17.89,61.0,ENE,4.18,5.79,1030.48,0.0,0.0,3.0,352.6,IMELBO1849.csv
2022/12/27,08:39 AM,26.44,18.11,60.0,ENE,4.02,5.47,1030.48,0.0,0.0,3.0,369.1,IMELBO1849.csv
2022/12/27,08:44 AM,26.89,18.28,59.0,ENE,4.83,6.28,1030.48,0.0,0.0,3.0,388.7,IMELBO1849.csv
2022/12/27,08:49 AM,27.06,18.33,59.0,East,4.51,6.11,1030.48,0.0,0.0,3.0,397.4,IMELBO1849.csv
2022/12/27,08:54 AM,27.22,18.39,59.0,ENE,5.31,8.21,1030.48,0.0,0.0,3.0,402.5,IMELBO1849.csv
2022/12/27,08:59 AM,27.56,18.5,58.0,ENE,5.31,6.92,1030.48,0.0,0.0,3.0,397.7,IMELBO1849.csv
2022/12/27,09:04 AM,28.0,18.72,57.0,East,4.18,5.95,1030.48,0.0,0.0,4.0,412.0,IMELBO1849.csv
2022/12/27,09:09 AM,28.56,18.89,56.0,East,4.02,5.15,1030.48,0.0,0.0,4.0,433.8,IMELBO1849.csv
2022/12/27,09:14 AM,28.94,19.0,55.0,East,4.51,6.11,1030.48,0.0,0.0,4.0,456.8,IMELBO1849.csv
2022/12/27,09:19 AM,29.17,18.94,54.0,ENE,5.95,8.21,1030.48,0.0,0.0,4.0,482.7,IMELBO1849.csv
2022/12/27,09:24 AM,29.56,18.78,52.0,ENE,5.63,7.72,1030.48,0.0,0.0,4.0,487.1,IMELBO1849.csv
2022/12/27,09:29 AM,30.22,19.0,51.0,NE,5.31,7.56,1030.48,0.0,0.0,4.0,464.1,IMELBO1849.csv
2022/12/27,09:34 AM,30.44,18.83,50.0,NE,6.6,8.69,1030.48,0.0,0.0,4.0,480.2,IMELBO1849.csv
2022/12/27,09:39 AM,30.72,18.72,49.0,ENE,6.11,8.69,1030.14,0.0,0.0,4.0,504.9,IMELBO1849.csv
2022/12/27,09:44 AM,31.22,18.17,46.0,NE,8.85,12.07,1030.14,0.0,0.0,5.0,537.9,IMELBO1849.csv
2022/12/27,09:49 AM,31.28,17.67,44.0,NE,9.01,13.19,1030.14,0.0,0.0,5.0,551.4,IMELBO1849.csv
2022/12/27,09:54 AM,31.39,17.72,44.0,NE,9.01,13.19,1030.14,0.0,0.0,5.0,576.5,IMELBO1849.csv
2022/12/27,09:59 AM,31.61,17.78,44.0,NE,8.69,12.23,1030.14,0.0,0.0,5.0,589.5,IMELBO1849.csv
2022/12/27,10:04 AM,31.72,17.94,44.0,NE,9.17,12.87,1029.8,0.0,0.0,5.0,602.0,IMELBO1849.csv
2022/12/27,10:09 AM,31.67,17.89,44.0,ENE,10.62,14.48,1029.8,0.0,0.0,5.0,613.4,IMELBO1849.csv
2022/12/27,10:14 AM,32.0,17.83,43.0,NE,7.88,10.94,1029.8,0.0,0.0,6.0,629.4,IMELBO1849.csv
2022/12/27,10:19 AM,32.5,18.17,43.0,NE,7.88,10.3,1029.8,0.0,0.0,6.0,628.1,IMELBO1849.csv
2022/12/27,10:24 AM,32.61,18.17,42.0,ENE,8.69,12.07,1029.8,0.0,0.0,6.0,621.6,IMELBO1849.csv
2022/12/27,10:29 AM,32.44,17.94,42.0,ENE,10.14,13.35,1029.8,0.0,0.0,6.0,637.3,IMELBO1849.csv
2022/12/27,10:34 AM,32.5,17.89,42.0,East,8.85,13.35,1029.8,0.0,0.0,6.0,661.5,IMELBO1849.csv
2022/12/27,10:39 AM,32.72,18.06,42.0,ENE,9.33,12.87,1029.8,0.0,0.0,6.0,674.9,IMELBO1849.csv
2022/12/27,10:44 AM,32.61,18.11,42.0,East,10.3,14.96,1029.8,0.0,0.0,6.0,701.8,IMELBO1849.csv
2022/12/27,10:49 AM,32.56,18.22,43.0,ENE,9.17,12.87,1029.8,0.0,0.0,6.0,703.5,IMELBO1849.csv
2022/12/27,10:54 AM,32.89,18.22,42.0,NE,8.04,11.58,1029.8,0.0,0.0,6.0,698.4,IMELBO1849.csv
2022/12/27,10:59 AM,33.17,18.11,41.0,NNE,7.88,10.14,1029.8,0.0,0.0,6.0,697.6,IMELBO1849.csv
2022/12/27,11:04 AM,33.33,18.22,41.0,NE,8.04,12.23,1029.46,0.0,0.0,6.0,718.4,IMELBO1849.csv
2022/12/27,11:09 AM,33.39,18.22,41.0,NE,8.04,10.62,1029.46,0.0,0.0,7.0,728.3,IMELBO1849.csv
2022/12/27,11:14 AM,33.61,18.22,40.0,NNE,8.69,12.55,1029.46,0.0,0.0,7.0,737.0,IMELBO1849.csv
2022/12/27,11:19 AM,33.72,18.06,39.0,NNE,9.01,12.55,1029.12,0.0,0.0,7.0,740.9,IMELBO1849.csv
2022/12/27,11:24 AM,33.67,18.33,40.0,ENE,7.88,10.78,1029.12,0.0,0.0,7.0,764.4,IMELBO1849.csv
2022/12/27,11:29 AM,33.56,18.39,41.0,ENE,9.17,13.35,1029.12,0.0,0.0,7.0,771.2,IMELBO1849.csv
2022/12/27,11:34 AM,33.78,18.44,40.0,ENE,7.72,11.26,1029.12,0.0,0.0,7.0,779.0,IMELBO1849.csv
2022/12/27,11:39 AM,33.72,18.56,41.0,ENE,8.37,12.39,1028.78,0.0,0.0,7.0,788.6,IMELBO1849.csv
2022/12/27,11:44 AM,34.11,18.67,40.0,NE,7.72,10.46,1028.78,0.0,0.0,7.0,795.2,IMELBO1849.csv
2022/12/27,11:49 AM,34.33,18.67,40.0,NE,8.53,11.1,1028.78,0.0,0.0,7.0,802.0,IMELBO1849.csv
2022/12/27,11:54 AM,34.28,18.89,40.0,ENE,7.56,10.78,1028.78,0.0,0.0,7.0,806.8,IMELBO1849.csv
2022/12/27,11:59 AM,34.61,19.06,40.0,ENE,8.04,11.58,1028.78,0.0,0.0,7.0,815.1,IMELBO1849.csv
2022/12/27,12:04 PM,34.61,19.0,40.0,NE,7.08,9.81,1028.78,0.0,0.0,7.0,820.3,IMELBO1849.csv
2022/12/27,12:09 PM,34.94,19.22,40.0,NE,8.21,10.78,1028.78,0.0,0.0,8.0,824.2,IMELBO1849.csv
2022/12/27,12:14 PM,35.0,19.17,39.0,East,9.81,12.55,1028.45,0.0,0.0,7.0,822.5,IMELBO1849.csv
2022/12/27,12:19 PM,34.78,18.89,39.0,NE,10.62,14.8,1028.45,0.0,0.0,8.0,825.0,IMELBO1849.csv
2022/12/27,12:24 PM,34.94,18.72,38.0,NE,8.53,12.07,1028.45,0.0,0.0,8.0,825.5,IMELBO1849.csv
2022/12/27,12:29 PM,35.06,18.94,39.0,ENE,10.3,13.84,1028.11,0.0,0.0,8.0,824.2,IMELBO1849.csv
2022/12/27,12:34 PM,35.0,18.83,39.0,East,8.53,11.91,1028.45,0.0,0.0,7.0,814.6,IMELBO1849.csv
2022/12/27,12:39 PM,35.22,19.0,38.0,ENE,7.88,10.78,1028.45,0.0,0.0,7.0,810.7,IMELBO1849.csv
2022/12/27,12:44 PM,35.39,18.78,38.0,NE,8.21,11.42,1028.11,0.0,0.0,7.0,806.8,IMELBO1849.csv
2022/12/27,12:49 PM,35.89,18.33,36.0,NNE,8.85,12.07,1028.11,0.0,0.0,7.0,793.0,IMELBO1849.csv
2022/12/27,12:54 PM,36.0,18.28,35.0,NNE,7.4,10.3,1028.11,0.0,0.0,7.0,802.9,IMELBO1849.csv
2022/12/27,12:59 PM,35.89,18.28,36.0,NE,10.14,14.16,1028.11,0.0,0.0,7.0,807.3,IMELBO1849.csv
2022/12/27,01:04 PM,36.11,17.89,34.0,NNW,9.17,12.87,1028.11,0.0,0.0,7.0,815.1,IMELBO1849.csv
2022/12/27,01:09 PM,36.33,18.33,35.0,NNE,9.81,13.52,1028.11,0.0,0.0,7.0,804.7,IMELBO1849.csv
2022/12/27,01:14 PM,36.22,18.06,34.0,NNE,9.17,12.87,1027.77,0.0,0.0,7.0,804.7,IMELBO1849.csv
2022/12/27,01:19 PM,36.28,17.78,34.0,NNE,11.58,16.41,1028.11,0.0,0.0,8.0,836.8,IMELBO1849.csv
2022/12/27,01:24 PM,36.06,18.0,35.0,NNE,9.65,13.68,1028.11,0.0,0.0,8.0,836.8,IMELBO1849.csv
2022/12/27,01:29 PM,36.5,18.11,34.0,,7.24,10.78,1027.77,0.0,0.0,8.0,840.7,IMELBO1849.csv
2022/12/27,01:34 PM,36.78,18.56,34.0,NE,8.21,12.71,1027.77,0.0,0.0,8.0,845.5,IMELBO1849.csv
2022/12/27,01:39 PM,36.67,18.17,34.0,NNE,8.85,13.19,1027.77,0.0,0.0,8.0,840.2,IMELBO1849.csv
2022/12/27,01:44 PM,36.78,18.44,34.0,NE,7.4,10.62,1027.09,0.0,0.0,7.0,815.5,IMELBO1849.csv
2022/12/27,01:49 PM,36.72,18.0,33.0,NNE,10.3,14.0,1027.09,0.0,0.0,7.0,801.2,IMELBO1849.csv
2022/12/27,01:54 PM,36.78,17.78,33.0,NNE,9.49,12.55,1027.09,0.0,0.0,8.0,829.4,IMELBO1849.csv
2022/12/27,01:59 PM,36.56,17.94,33.0,NE,10.78,14.32,1027.09,0.0,0.0,8.0,837.6,IMELBO1849.csv
2022/12/27,02:04 PM,36.67,18.0,33.0,NE,11.26,15.61,1026.75,0.0,0.0,8.0,835.4,IMELBO1849.csv
2022/12/27,02:09 PM,36.72,18.0,33.0,ENE,9.33,12.55,1026.75,0.0,0.0,8.0,840.2,IMELBO1849.csv
2022/12/27,02:14 PM,37.0,17.72,32.0,NNE,8.04,11.42,1026.75,0.0,0.0,8.0,844.6,IMELBO1849.csv
2022/12/27,02:19 PM,37.33,18.06,32.0,NE,8.04,11.42,1026.75,0.0,0.0,8.0,835.4,IMELBO1849.csv
2022/12/27,02:24 PM,37.67,18.22,32.0,NE,8.85,11.91,1026.75,0.0,0.0,8.0,824.7,IMELBO1849.csv
2022/12/27,02:29 PM,37.17,17.72,32.0,NNE,11.26,15.93,1026.41,0.0,0.0,8.0,822.8,IMELBO1849.csv
2022/12/27,02:34 PM,37.06,17.83,32.0,NNE,9.81,13.35,1026.41,0.0,0.0,8.0,823.8,IMELBO1849.csv
2022/12/27,02:39 PM,37.17,17.83,32.0,NE,9.33,12.87,1026.08,0.0,0.0,7.0,815.5,IMELBO1849.csv
2022/12/27,02:44 PM,37.11,18.11,33.0,NE,10.62,14.64,1026.41,0.0,0.0,7.0,798.1,IMELBO1849.csv
2022/12/27,02:49 PM,37.39,18.06,32.0,NNE,8.21,12.55,1026.08,0.0,0.0,7.0,810.7,IMELBO1849.csv
2022/12/27,02:54 PM,37.44,18.0,32.0,NE,8.37,11.26,1026.08,0.0,0.0,7.0,816.3,IMELBO1849.csv
2022/12/27,02:59 PM,37.28,18.0,32.0,NE,10.78,14.8,1026.08,0.0,0.0,8.0,827.2,IMELBO1849.csv
2022/12/27,03:04 PM,37.28,18.0,32.0,NNE,8.21,11.26,1025.74,0.0,0.0,7.0,816.8,IMELBO1849.csv
2022/12/27,03:09 PM,37.67,18.22,32.0,NNE,9.81,12.87,1025.74,0.0,0.0,7.0,817.7,IMELBO1849.csv
2022/12/27,03:14 PM,37.39,18.06,32.0,NNE,8.85,12.23,1025.74,0.0,0.0,7.0,808.5,IMELBO1849.csv
2022/12/27,03:19 PM,37.28,17.94,32.0,NE,10.78,15.12,1025.74,0.0,0.0,7.0,810.7,IMELBO1849.csv
2022/12/27,03:24 PM,37.5,17.56,31.0,North,7.56,9.81,1025.4,0.0,0.0,7.0,807.7,IMELBO1849.csv
2022/12/27,03:29 PM,37.72,17.94,32.0,ENE,9.33,12.71,1025.74,0.0,0.0,7.0,793.3,IMELBO1849.csv
2022/12/27,03:34 PM,37.56,17.72,31.0,NNE,9.01,13.52,1025.74,0.0,0.0,7.0,803.8,IMELBO1849.csv
2022/12/27,03:39 PM,37.83,17.78,31.0,NW,6.44,9.33,1025.4,0.0,0.0,7.0,819.9,IMELBO1849.csv
2022/12/27,03:44 PM,38.06,17.94,31.0,North,6.92,9.01,1025.4,0.0,0.0,7.0,819.0,IMELBO1849.csv
2022/12/27,03:49 PM,38.11,18.0,31.0,NNW,6.92,10.14,1025.4,0.0,0.0,8.0,840.7,IMELBO1849.csv
2022/12/27,03:54 PM,38.11,18.06,31.0,North,9.65,12.71,1025.06,0.0,0.0,8.0,834.2,IMELBO1849.csv
2022/12/27,03:59 PM,38.0,18.06,31.0,,6.92,9.49,1025.06,0.0,0.0,8.0,834.2,IMELBO1849.csv
2022/12/27,04:04 PM,37.89,18.06,31.0,North,5.63,7.56,1025.06,0.0,0.0,8.0,830.7,IMELBO1849.csv
2022/12/27,04:09 PM,38.33,18.33,31.0,NE,8.69,12.07,1025.06,0.0,0.0,8.0,830.7,IMELBO1849.csv
2022/12/27,04:14 PM,38.0,17.72,31.0,NNE,10.14,13.84,1024.72,0.0,0.0,8.0,823.8,IMELBO1849.csv
2022/12/27,04:19 PM,37.67,17.33,30.0,NNE,7.88,11.42,1024.72,0.0,0.0,8.0,825.5,IMELBO1849.csv
2022/12/27,04:24 PM,37.89,17.78,31.0,North,8.85,13.52,1024.72,0.0,0.0,7.0,814.6,IMELBO1849.csv
2022/12/27,04:29 PM,37.61,17.67,31.0,NNE,7.24,11.1,1024.72,0.0,0.0,7.0,789.9,IMELBO1849.csv
2022/12/27,04:34 PM,37.72,18.06,32.0,NE,6.76,9.49,1024.38,0.0,0.0,7.0,791.6,IMELBO1849.csv
2022/12/27,04:39 PM,37.67,17.56,31.0,NNE,9.98,14.0,1024.38,0.0,0.0,7.0,784.7,IMELBO1849.csv
2022/12/27,04:44 PM,37.67,17.56,31.0,NE,6.6,9.17,1024.38,0.0,0.0,7.0,773.4,IMELBO1849.csv
2022/12/27,04:49 PM,37.67,17.78,31.0,NE,9.01,12.23,1024.38,0.0,0.0,7.0,768.6,IMELBO1849.csv
2022/12/27,04:54 PM,37.22,17.61,32.0,ENE,9.49,13.68,1024.04,0.0,0.0,7.0,747.8,IMELBO1849.csv
2022/12/27,04:59 PM,37.33,17.56,31.0,NE,8.69,12.23,1024.04,0.0,0.0,7.0,740.5,IMELBO1849.csv
2022/12/27,05:04 PM,37.44,17.56,31.0,NNE,4.51,6.44,1024.04,0.0,0.0,6.0,694.5,IMELBO1849.csv
2022/12/27,05:09 PM,37.89,17.67,31.0,NNE,8.69,11.42,1023.71,0.0,0.0,6.0,701.0,IMELBO1849.csv
2022/12/27,05:14 PM,37.5,17.44,31.0,NE,7.88,11.1,1024.04,0.0,0.0,6.0,662.8,IMELBO1849.csv
2022/12/27,05:19 PM,37.33,17.44,31.0,East,8.37,11.58,1023.71,0.0,0.0,6.0,639.8,IMELBO1849.csv
2022/12/27,05:24 PM,37.67,16.78,29.0,ENE,9.33,12.71,1023.71,0.0,0.0,5.0,610.7,IMELBO1849.csv
2022/12/27,05:29 PM,37.33,17.06,30.0,NNE,9.33,12.87,1023.71,0.0,0.0,5.0,602.0,IMELBO1849.csv
2022/12/27,05:34 PM,37.39,17.28,31.0,NNE,6.92,9.65,1023.71,0.0,0.0,5.0,599.1,IMELBO1849.csv
2022/12/27,05:39 PM,37.72,16.94,29.0,NNE,6.6,9.01,1023.37,0.0,0.0,5.0,579.1,IMELBO1849.csv
2022/12/27,05:44 PM,37.67,17.06,30.0,,8.37,12.07,1023.71,0.0,0.0,5.0,527.5,IMELBO1849.csv
2022/12/27,05:49 PM,37.11,16.94,31.0,NNE,8.04,10.62,1023.37,0.0,0.0,3.0,325.3,IMELBO1849.csv
2022/12/27,05:54 PM,36.56,17.06,32.0,NNE,6.28,8.53,1023.37,0.0,0.0,1.0,144.4,IMELBO1849.csv
2022/12/27,05:59 PM,36.5,16.78,31.0,NNE,7.08,9.65,1023.03,0.0,0.0,4.0,442.0,IMELBO1849.csv
2022/12/27,06:04 PM,37.11,16.72,30.0,NNE,8.04,11.42,1023.03,0.0,0.0,3.0,403.3,IMELBO1849.csv
2022/12/27,06:09 PM,37.06,16.72,30.0,NNE,6.6,8.53,1023.03,0.0,0.0,3.0,384.3,IMELBO1849.csv
2022/12/27,06:14 PM,37.0,17.5,32.0,NE,7.08,9.49,1023.03,0.0,0.0,3.0,328.4,IMELBO1849.csv
2022/12/27,06:19 PM,36.89,17.39,32.0,NE,7.24,9.49,1023.03,0.0,0.0,3.0,321.9,IMELBO1849.csv
2022/12/27,06:24 PM,37.11,17.33,31.0,NNE,7.72,10.3,1022.69,0.0,0.0,3.0,312.7,IMELBO1849.csv
2022/12/27,06:29 PM,37.06,17.44,32.0,NNE,6.6,9.17,1022.69,0.0,0.0,3.0,306.2,IMELBO1849.csv
2022/12/27,06:34 PM,37.06,17.44,32.0,NE,7.08,9.49,1022.69,0.0,0.0,2.0,272.8,IMELBO1849.csv
2022/12/27,06:39 PM,36.78,17.17,32.0,NE,8.37,12.07,1022.69,0.0,0.0,2.0,272.8,IMELBO1849.csv
2022/12/27,06:44 PM,36.56,17.06,32.0,NNE,7.4,10.62,1022.69,0.0,0.0,2.0,267.5,IMELBO1849.csv
2022/12/27,06:49 PM,36.61,17.0,31.0,NE,7.56,10.3,1022.69,0.0,0.0,2.0,236.4,IMELBO1849.csv
2022/12/27,06:54 PM,36.61,17.17,32.0,NE,7.56,10.78,1022.69,0.0,0.0,2.0,217.3,IMELBO1849.csv
2022/12/27,06:59 PM,36.44,17.11,32.0,NE,7.72,10.78,1022.69,0.0,0.0,1.0,191.7,IMELBO1849.csv
2022/12/27,07:04 PM,36.33,17.11,32.0,NE,6.92,9.65,1022.69,0.0,0.0,1.0,175.7,IMELBO1849.csv
2022/12/27,07:09 PM,36.11,17.5,34.0,ENE,5.47,7.56,1022.35,0.0,0.0,1.0,165.6,IMELBO1849.csv
2022/12/27,07:14 PM,35.94,17.67,34.0,NE,5.95,8.69,1022.69,0.0,0.0,0.0,69.4,IMELBO1849.csv
2022/12/27,07:19 PM,35.78,17.5,34.0,NE,6.11,8.85,1022.69,0.0,0.0,0.0,65.9,IMELBO1849.csv
2022/12/27,07:24 PM,35.56,17.44,34.0,NE,6.92,9.98,1022.35,0.0,0.0,0.0,62.4,IMELBO1849.csv
2022/12/27,07:29 PM,35.44,17.44,34.0,NE,6.28,9.17,1022.35,0.0,0.0,0.0,59.8,IMELBO1849.csv
2022/12/27,07:34 PM,35.33,17.39,35.0,NNE,6.28,8.37,1022.69,0.0,0.0,0.0,57.6,IMELBO1849.csv
2022/12/27,07:39 PM,35.22,17.39,35.0,NE,6.11,8.37,1022.69,0.0,0.0,0.0,54.6,IMELBO1849.csv
2022/12/27,07:44 PM,35.11,17.33,35.0,NE,5.47,7.72,1022.69,0.0,0.0,0.0,51.1,IMELBO1849.csv
2022/12/27,07:49 PM,34.94,17.28,35.0,NE,4.51,6.11,1022.35,0.0,0.0,0.0,47.7,IMELBO1849.csv
2022/12/27,07:54 PM,34.72,17.39,36.0,NE,4.99,6.76,1022.35,0.0,0.0,0.0,43.8,IMELBO1849.csv
2022/12/27,07:59 PM,34.56,17.39,36.0,NE,4.99,6.44,1022.35,0.0,0.0,0.0,39.0,IMELBO1849.csv
2022/12/27,08:04 PM,34.33,17.33,36.0,ENE,5.15,6.92,1022.35,0.0,0.0,0.0,36.0,IMELBO1849.csv
2022/12/27,08:09 PM,34.17,17.39,37.0,NE,5.31,7.4,1022.35,0.0,0.0,0.0,31.2,IMELBO1849.csv
2022/12/27,08:14 PM,33.94,17.28,37.0,NE,4.99,6.6,1022.35,0.0,0.0,0.0,27.7,IMELBO1849.csv
2022/12/27,08:19 PM,33.78,17.39,38.0,NE,4.83,6.28,1022.35,0.0,0.0,0.0,24.2,IMELBO1849.csv
2022/12/27,08:24 PM,33.56,17.5,38.0,NE,4.02,5.95,1022.35,0.0,0.0,0.0,20.3,IMELBO1849.csv
2022/12/27,08:29 PM,33.28,17.44,39.0,NE,2.9,3.7,1022.01,0.0,0.0,0.0,16.0,IMELBO1849.csv
2022/12/27,08:34 PM,33.11,17.39,39.0,NE,4.18,5.47,1022.01,0.0,0.0,0.0,12.1,IMELBO1849.csv
2022/12/27,08:39 PM,33.06,17.5,40.0,NE,3.38,4.67,1022.01,0.0,0.0,0.0,9.1,IMELBO1849.csv
2022/12/27,08:44 PM,32.78,17.61,40.0,NE,4.34,6.11,1022.01,0.0,0.0,0.0,5.6,IMELBO1849.csv
2022/12/27,08:49 PM,32.5,17.61,41.0,NE,4.18,5.63,1022.01,0.0,0.0,0.0,1.7,IMELBO1849.csv
2022/12/27,08:54 PM,32.39,17.5,41.0,NE,5.15,6.76,1022.01,0.0,0.0,0.0,0.4,IMELBO1849.csv
2022/12/27,08:59 PM,32.28,17.44,41.0,NNE,4.02,4.83,1022.01,0.0,0.0,0.0,0.0,IMELBO1849.csv
2022/12/27,09:04 PM,32.17,17.5,42.0,NNE,3.38,4.34,1022.01,0.0,0.0,0.0,0.0,IMELBO1849.csv
2022/12/27,09:09 PM,31.94,17.44,42.0,NNE,3.22,4.18,1022.01,0.0,0.0,0.0,0.0,IMELBO1849.csv
2022/12/27,09:14 PM,31.72,17.61,43.0,NNE,3.7,4.99,1022.01,0.0,0.0,0.0,0.0,IMELBO1849.csv
2022/12/27,09:19 PM,31.56,17.44,43.0,NNE,3.7,5.15,1022.01,0.0,0.0,0.0,0.0,IMELBO1849.csv
2022/12/27,09:24 PM,31.5,17.39,43.0,NNE,3.86,4.99,1022.01,0.0,0.0,0.0,0.0,IMELBO1849.csv
2022/12/27,09:29 PM,31.39,17.33,43.0,NNE,4.02,4.67,1022.01,0.0,0.0,0.0,0.0,IMELBO1849.csv
2022/12/27,09:34 PM,31.28,17.28,43.0,NNE,4.83,6.28,1022.01,0.0,0.0,0.0,0.0,IMELBO1849.csv
2022/12/27,09:39 PM,31.17,17.39,44.0,NNE,4.67,5.95,1022.01,0.0,0.0,0.0,0.0,IMELBO1849.csv
2022/12/27,09:44 PM,30.94,17.39,44.0,NNE,4.34,5.31,1022.01,0.0,0.0,0.0,0.0,IMELBO1849.csv
2022/12/27,09:49 PM,30.78,17.44,45.0,NNE,5.15,7.24,1021.67,0.0,0.0,0.0,0.0,IMELBO1849.csv
2022/12/27,09:54 PM,30.56,17.44,45.0,NE,4.83,6.6,1022.01,0.0,0.0,0.0,0.0,IMELBO1849.csv
2022/12/27,09:59 PM,30.33,17.44,46.0,NNE,4.34,5.31,1022.01,0.0,0.0,0.0,0.0,IMELBO1849.csv
2022/12/27,10:04 PM,30.28,17.39,46.0,NE,5.63,7.4,1022.01,0.0,0.0,0.0,0.0,IMELBO1849.csv
2022/12/27,10:09 PM,30.22,17.33,46.0,NE,4.67,6.28,1021.67,0.0,0.0,0.0,0.0,IMELBO1849.csv
2022/12/27,10:14 PM,30.22,17.28,46.0,NNE,6.11,8.53,1021.67,0.0,0.0,0.0,0.0,IMELBO1849.csv
2022/12/27,10:19 PM,30.17,17.22,46.0,NNE,5.63,7.56,1021.67,0.0,0.0,0.0,0.0,IMELBO1849.csv
2022/12/27,10:24 PM,30.0,17.33,46.0,NNE,5.79,7.88,1021.33,0.0,0.0,0.0,0.0,IMELBO1849.csv
2022/12/27,10:29 PM,29.94,17.33,47.0,NNE,4.34,6.28,1021.67,0.0,0.0,0.0,0.0,IMELBO1849.csv
2022/12/27,10:34 PM,29.78,17.22,47.0,NNE,5.63,7.4,1021.33,0.0,0.0,0.0,0.0,IMELBO1849.csv
2022/12/27,10:39 PM,29.72,17.22,47.0,NE,6.28,9.01,1021.33,0.0,0.0,0.0,0.0,IMELBO1849.csv
2022/12/27,10:44 PM,29.56,17.06,47.0,NE,5.15,7.24,1021.33,0.0,0.0,0.0,0.0,IMELBO1849.csv
2022/12/27,10:49 PM,29.28,16.83,47.0,NE,5.63,8.04,1021.33,0.0,0.0,0.0,0.0,IMELBO1849.csv
2022/12/27,10:54 PM,29.28,16.78,47.0,NNE,5.79,7.88,1021.0,0.0,0.0,0.0,0.0,IMELBO1849.csv
2022/12/27,10:59 PM,29.17,16.94,48.0,NE,5.79,8.37,1021.0,0.0,0.0,0.0,0.0,IMELBO1849.csv
2022/12/27,11:04 PM,28.94,17.06,49.0,NE,3.86,5.47,1021.0,0.0,0.0,0.0,0.0,IMELBO1849.csv
2022/12/27,11:09 PM,28.67,16.94,49.0,NE,4.99,6.76,1021.0,0.0,0.0,0.0,0.0,IMELBO1849.csv
2022/12/27,11:14 PM,28.44,16.94,50.0,NE,5.15,6.92,1020.66,0.0,0.0,0.0,0.0,IMELBO1849.csv
2022/12/27,11:19 PM,28.22,16.83,50.0,NNE,6.11,8.53,1020.66,0.0,0.0,0.0,0.0,IMELBO1849.csv
2022/12/27,11:24 PM,28.11,16.72,50.0,NE,6.92,9.65,1020.66,0.0,0.0,0.0,0.0,IMELBO1849.csv
2022/12/27,11:29 PM,28.0,16.67,50.0,NNE,5.95,7.88,1020.66,0.0,0.0,0.0,0.0,IMELBO1849.csv
2022/12/27,11:34 PM,27.78,16.78,51.0,NNE,4.02,5.47,1020.66,0.0,0.0,0.0,0.0,IMELBO1849.csv
2022/12/27,11:39 PM,27.72,16.72,51.0,NNE,5.95,8.37,1020.66,0.0,0.0,0.0,0.0,IMELBO1849.csv
2022/12/27,11:44 PM,27.67,16.56,51.0,NE,6.76,9.81,1020.66,0.0,0.0,0.0,0.0,IMELBO1849.csv
2022/12/27,11:49 PM,27.61,16.28,50.0,NNE,6.44,8.53,1020.32,0.0,0.0,0.0,0.0,IMELBO1849.csv
2022/12/27,11:54 PM,27.67,16.33,50.0,NE,6.6,9.17,1020.32,0.0,0.0,0.0,0.0,IMELBO1849.csv
2022/12/27,11:59 PM,27.5,16.39,51.0,NNE,6.11,8.37,1019.98,0.0,0.0,0.0,0.0,IMELBO1849.csv
2022/12/28,12:04 AM,27.5,16.33,50.0,NNE,5.47,7.24,1019.98,0.0,0.0,0.0,0.0,IMELBO1849.csv
2022/12/28,12:09 AM,27.5,16.22,50.0,NNE,5.95,8.04,1019.98,0.0,0.0,0.0,0.0,IMELBO1849.csv
2022/12/28,12:14 AM,27.5,16.22,50.0,ENE,7.08,9.65,1019.98,0.0,0.0,0.0,0.0,IMELBO1849.csv
2022/12/28,12:19 AM,27.5,16.22,50.0,NNE,6.6,9.49,1019.64,0.0,0.0,0.0,0.0,IMELBO1849.csv
2022/12/28,12:24 AM,27.44,16.17,50.0,NE,7.24,10.3,1019.64,0.0,0.0,0.0,0.0,IMELBO1849.csv
2022/12/28,12:29 AM,27.56,16.06,49.0,North,9.33,12.55,1019.64,0.0,0.0,0.0,0.0,IMELBO1849.csv
2022/12/28,12:34 AM,27.78,16.06,49.0,NNE,8.53,11.75,1019.64,0.0,0.0,0.0,0.0,IMELBO1849.csv
2022/12/28,12:39 AM,27.83,16.17,49.0,NE,6.92,9.81,1019.64,0.0,0.0,0.0,0.0,IMELBO1849.csv
2022/12/28,12:44 AM,27.72,16.11,49.0,NE,7.08,9.65,1019.3,0.0,0.0,0.0,0.0,IMELBO1849.csv
2022/12/28,12:49 AM,27.61,16.0,49.0,NE,7.08,10.62,1019.3,0.0,0.0,0.0,0.0,IMELBO1849.csv
2022/12/28,12:54 AM,27.61,16.0,49.0,NE,6.28,9.17,1019.3,0.0,0.0,0.0,0.0,IMELBO1849.csv
2022/12/28,12:59 AM,27.72,16.17,49.0,NNE,5.95,8.21,1019.3,0.0,0.0,0.0,0.0,IMELBO1849.csv
2022/12/28,01:04 AM,27.61,16.22,50.0,NE,6.11,8.04,1019.3,0.0,0.0,0.0,0.0,IMELBO1849.csv
2022/12/28,01:09 AM,27.5,16.28,50.0,NE,5.47,7.4,1019.3,0.0,0.0,0.0,0.0,IMELBO1849.csv
2022/12/28,01:14 AM,27.17,16.17,51.0,NNE,5.79,7.72,1018.96,0.0,0.0,0.0,0.0,IMELBO1849.csv
2022/12/28,01:19 AM,27.17,16.06,51.0,NE,8.21,11.91,1018.96,0.0,0.0,0.0,0.0,IMELBO1849.csv
2022/12/28,01:24 AM,27.22,16.22,51.0,NE,7.56,10.46,1018.96,0.0,0.0,0.0,0.0,IMELBO1849.csv
2022/12/28,01:29 AM,27.22,16.22,51.0,NNE,7.72,11.26,1018.96,0.0,0.0,0.0,0.0,IMELBO1849.csv
2022/12/28,01:34 AM,27.28,16.28,51.0,NE,8.69,12.39,1018.96,0.0,0.0,0.0,0.0,IMELBO1849.csv
2022/12/28,01:39 AM,27.22,16.22,51.0,NE,6.92,9.49,1018.96,0.0,0.0,0.0,0.0,IMELBO1849.csv
2022/12/28,01:44 AM,27.22,16.22,51.0,NE,6.92,10.3,1018.63,0.0,0.0,0.0,0.0,IMELBO1849.csv
2022/12/28,01:49 AM,27.0,16.28,52.0,NE,5.63,8.04,1018.63,0.0,0.0,0.0,0.0,IMELBO1849.csv
2022/12/28,01:54 AM,26.94,16.17,52.0,NNE,7.88,11.1,1018.63,0.0,0.0,0.0,0.0,IMELBO1849.csv
2022/12/28,01:59 AM,27.28,16.17,51.0,NNE,10.94,14.64,1018.63,0.0,0.0,0.0,0.0,IMELBO1849.csv
2022/12/28,02:04 AM,27.56,16.28,50.0,NE,11.75,15.93,1018.63,0.0,0.0,0.0,0.0,IMELBO1849.csv
2022/12/28,02:09 AM,27.67,16.28,50.0,NNE,11.91,16.57,1018.63,0.0,0.0,0.0,0.0,IMELBO1849.csv
2022/12/28,02:14 AM,27.78,16.17,49.0,NE,10.62,14.32,1018.63,0.0,0.0,0.0,0.0,IMELBO1849.csv
2022/12/28,02:19 AM,27.89,16.22,49.0,NNE,10.62,14.96,1018.63,0.0,0.0,0.0,0.0,IMELBO1849.csv
2022/12/28,02:24 AM,27.89,16.22,49.0,North,10.94,15.45,1018.29,0.0,0.0,0.0,0.0,IMELBO1849.csv
2022/12/28,02:29 AM,28.0,16.28,49.0,North,10.46,14.64,1018.29,0.0,0.0,0.0,0.0,IMELBO1849.csv
2022/12/28,02:34 AM,27.89,16.17,49.0,NNE,10.62,14.64,1018.29,0.0,0.0,0.0,0.0,IMELBO1849.csv
2022/12/28,02:39 AM,27.89,16.0,48.0,NNE,9.65,13.52,1018.29,0.0,0.0,0.0,0.0,IMELBO1849.csv
2022/12/28,02:44 AM,27.78,16.11,49.0,NNE,6.92,9.81,1018.29,0.0,0.0,0.0,0.0,IMELBO1849.csv
2022/12/28,02:49 AM,27.67,16.06,49.0,NNE,8.53,10.94,1017.95,0.0,0.0,0.0,0.0,IMELBO1849.csv
2022/12/28,02:54 AM,27.61,16.0,49.0,NNE,7.88,10.94,1017.95,0.0,0.0,0.0,0.0,IMELBO1849.csv
2022/12/28,02:59 AM,27.5,15.89,49.0,NNE,7.4,10.3,1017.95,0.0,0.0,0.0,0.0,IMELBO1849.csv
2022/12/28,03:04 AM,27.5,15.89,49.0,NNE,8.53,11.42,1017.95,0.0,0.0,0.0,0.0,IMELBO1849.csv
2022/12/28,03:09 AM,27.39,15.78,49.0,NNE,8.04,10.46,1017.95,0.0,0.0,0.0,0.0,IMELBO1849.csv
2022/12/28,03:14 AM,27.28,15.89,50.0,NNE,7.72,10.46,1017.95,0.0,0.0,0.0,0.0,IMELBO1849.csv
2022/12/28,03:19 AM,27.0,16.06,51.0,NNE,6.44,8.85,1017.95,0.0,0.0,0.0,0.0,IMELBO1849.csv
2022/12/28,03:24 AM,26.72,16.17,52.0,NE,7.56,9.98,1017.95,0.0,0.0,0.0,0.0,IMELBO1849.csv
2022/12/28,03:29 AM,26.44,16.17,53.0,NE,6.92,9.01,1017.95,0.0,0.0,0.0,0.0,IMELBO1849.csv
2022/12/28,03:34 AM,26.33,16.17,54.0,NNE,6.44,8.69,1017.95,0.0,0.0,0.0,0.0,IMELBO1849.csv
2022/12/28,03:39 AM,26.22,16.22,54.0,NE,6.76,9.01,1018.29,0.0,0.0,0.0,0.0,IMELBO1849.csv
2022/12/28,03:44 AM,26.06,16.06,54.0,NNE,6.92,9.17,1018.29,0.0,0.0,0.0,0.0,IMELBO1849.csv
2022/12/28,03:49 AM,25.94,16.17,55.0,NNE,6.44,8.53,1017.95,0.0,0.0,0.0,0.0,IMELBO1849.csv
2022/12/28,03:54 AM,25.78,16.11,55.0,NE,5.95,7.88,1017.61,0.0,0.0,0.0,0.0,IMELBO1849.csv
2022/12/28,03:59 AM,25.61,15.89,55.0,NNE,6.44,8.85,1017.61,0.0,0.0,0.0,0.0,IMELBO1849.csv
2022/12/28,04:04 AM,25.61,15.89,55.0,NE,6.44,8.85,1017.61,0.0,0.0,0.0,0.0,IMELBO1849.csv
2022/12/28,04:09 AM,25.67,15.94,55.0,NNE,6.11,8.69,1017.61,0.0,0.0,0.0,0.0,IMELBO1849.csv
2022/12/28,04:14 AM,25.72,15.72,54.0,NNE,7.4,9.98,1017.61,0.0,0.0,0.0,0.0,IMELBO1849.csv
2022/12/28,04:19 AM,25.83,15.72,54.0,NNE,8.21,11.26,1017.27,0.0,0.0,0.0,0.0,IMELBO1849.csv
2022/12/28,04:24 AM,25.94,15.78,53.0,NNE,8.21,11.58,1017.61,0.0,0.0,0.0,0.0,IMELBO1849.csv
2022/12/28,04:29 AM,25.89,15.89,54.0,NNE,7.72,10.46,1017.61,0.0,0.0,0.0,0.0,IMELBO1849.csv
2022/12/28,04:34 AM,25.78,15.83,54.0,NE,5.47,7.24,1017.61,0.0,0.0,0.0,0.0,IMELBO1849.csv
2022/12/28,04:39 AM,25.67,15.94,55.0,NNE,7.4,9.49,1017.61,0.0,0.0,0.0,0.0,IMELBO1849.csv
2022/12/28,04:44 AM,25.78,15.78,54.0,NE,9.17,12.39,1017.61,0.0,0.0,0.0,0.0,IMELBO1849.csv
2022/12/28,04:49 AM,26.06,15.94,54.0,NNE,9.49,12.87,1017.27,0.0,0.0,0.0,0.0,IMELBO1849.csv
2022/12/28,04:54 AM,26.22,15.94,53.0,NNE,9.98,13.35,1017.27,0.0,0.0,0.0,0.0,IMELBO1849.csv
2022/12/28,04:59 AM,26.39,16.0,53.0,NE,10.14,14.16,1017.27,0.0,0.0,0.0,0.0,IMELBO1849.csv
2022/12/28,05:04 AM,26.56,15.94,52.0,NE,10.78,15.61,1017.27,0.0,0.0,0.0,0.0,IMELBO1849.csv
2022/12/28,05:09 AM,26.61,16.0,52.0,NNE,9.81,13.19,1017.27,0.0,0.0,0.0,0.0,IMELBO1849.csv
2022/12/28,05:14 AM,26.61,16.0,52.0,NNE,8.04,10.94,1017.27,0.0,0.0,0.0,0.0,IMELBO1849.csv
2022/12/28,05:19 AM,26.72,15.94,52.0,NNE,10.62,14.16,1017.61,0.0,0.0,0.0,0.0,IMELBO1849.csv
2022/12/28,05:24 AM,26.83,15.72,50.0,NNE,12.07,17.06,1017.27,0.0,0.0,0.0,0.0,IMELBO1849.csv
2022/12/28,05:29 AM,27.0,15.72,50.0,North,11.1,14.96,1017.27,0.0,0.0,0.0,0.0,IMELBO1849.csv
2022/12/28,05:34 AM,27.0,15.72,50.0,NNE,12.71,16.89,1017.27,0.0,0.0,0.0,0.0,IMELBO1849.csv
2022/12/28,05:39 AM,27.0,15.72,50.0,NNE,12.55,17.7,1017.27,0.0,0.0,0.0,0.0,IMELBO1849.csv
2022/12/28,05:44 AM,27.0,15.61,50.0,NNE,13.03,17.54,1016.93,0.0,0.0,0.0,0.0,IMELBO1849.csv
2022/12/28,05:49 AM,27.0,15.56,49.0,NNE,13.84,18.66,1017.27,0.0,0.0,0.0,0.4,IMELBO1849.csv
2022/12/28,05:54 AM,26.89,15.61,50.0,NNE,9.98,13.84,1017.27,0.0,0.0,0.0,1.7,IMELBO1849.csv
2022/12/28,05:59 AM,26.67,15.67,51.0,NNE,8.53,12.07,1017.27,0.0,0.0,0.0,3.4,IMELBO1849.csv
2022/12/28,06:04 AM,26.33,15.67,52.0,NNE,7.56,10.94,1017.27,0.0,0.0,0.0,5.1,IMELBO1849.csv
2022/12/28,06:09 AM,26.06,15.56,52.0,NE,11.42,16.25,1017.27,0.0,0.0,0.0,6.9,IMELBO1849.csv
2022/12/28,06:14 AM,25.94,15.56,53.0,NE,10.78,15.45,1017.27,0.0,0.0,0.0,9.9,IMELBO1849.csv
2022/12/28,06:19 AM,25.89,15.61,53.0,NE,10.94,16.09,1017.27,0.0,0.0,0.0,12.1,IMELBO1849.csv
2022/12/28,06:24 AM,25.83,15.44,53.0,NE,9.98,14.16,1017.27,0.0,0.0,0.0,15.5,IMELBO1849.csv
2022/12/28,06:29 AM,25.94,15.33,52.0,,11.42,16.09,1017.27,0.0,0.0,0.0,22.0,IMELBO1849.csv
2022/12/28,06:34 AM,25.94,15.33,52.0,NNE,9.81,13.35,1017.61,0.0,0.0,0.0,26.4,IMELBO1849.csv
2022/12/28,06:39 AM,25.89,15.28,52.0,NNE,11.58,15.45,1017.95,0.0,0.0,0.0,26.4,IMELBO1849.csv
2022/12/28,06:44 AM,26.06,15.44,52.0,NNE,10.14,14.64,1018.29,0.0,0.0,0.0,22.0,IMELBO1849.csv
2022/12/28,06:49 AM,26.17,15.56,52.0,North,7.88,10.62,1018.63,0.0,0.0,0.0,16.0,IMELBO1849.csv
2022/12/28,06:54 AM,26.22,15.39,51.0,North,7.88,10.14,1018.63,0.0,0.0,0.0,11.6,IMELBO1849.csv
2022/12/28,06:59 AM,26.44,15.39,51.0,NNE,6.92,9.49,1019.3,0.0,0.0,0.0,19.9,IMELBO1849.csv
2022/12/28,07:04 AM,26.83,15.17,49.0,NNE,8.85,12.87,1019.3,0.0,0.0,0.0,46.7,IMELBO1849.csv
2022/12/28,07:09 AM,27.17,15.22,48.0,North,7.4,10.62,1019.3,0.0,0.0,0.0,66.3,IMELBO1849.csv
2022/12/28,07:14 AM,27.28,15.39,48.0,NNE,6.44,8.53,1019.64,0.0,0.0,0.0,66.3,IMELBO1849.csv
2022/12/28,07:19 AM,27.28,15.44,48.0,North,6.28,8.21,1019.64,0.0,0.0,0.0,42.9,IMELBO1849.csv
2022/12/28,07:24 AM,27.17,15.56,49.0,NNE,7.08,9.81,1019.64,0.0,0.0,0.0,55.9,IMELBO1849.csv
2022/12/28,07:29 AM,27.0,15.61,50.0,North,4.83,6.6,1019.64,0.0,0.0,0.0,57.6,IMELBO1849.csv
2022/12/28,07:34 AM,26.89,15.61,50.0,NNE,4.99,7.08,1019.64,0.0,0.0,0.0,67.7,IMELBO1849.csv
2022/12/28,07:39 AM,26.94,15.5,50.0,North,4.51,6.44,1019.98,0.0,0.0,0.0,70.2,IMELBO1849.csv
2022/12/28,07:44 AM,27.44,15.22,47.0,,4.99,6.76,1019.98,0.0,0.0,0.0,59.0,IMELBO1849.csv
2022/12/28,07:49 AM,27.72,15.33,47.0,,4.83,6.44,1019.64,0.0,0.0,0.0,40.7,IMELBO1849.csv
2022/12/28,07:54 AM,27.72,15.28,47.0,,4.51,6.92,1019.64,0.0,0.0,0.0,32.9,IMELBO1849.csv
2022/12/28,07:59 AM,27.61,15.28,47.0,NNW,4.83,7.08,1019.98,0.0,0.0,0.0,25.9,IMELBO1849.csv
2022/12/28,08:04 AM,27.5,15.28,47.0,NNW,4.67,6.92,1019.98,0.0,0.0,0.0,26.4,IMELBO1849.csv
2022/12/28,08:09 AM,27.33,15.44,48.0,NNW,4.18,6.44,1020.32,0.0,0.0,0.0,22.0,IMELBO1849.csv
2022/12/28,08:14 AM,27.28,15.39,48.0,North,4.18,5.47,1020.32,0.0,0.0,0.0,19.9,IMELBO1849.csv
2022/12/28,08:19 AM,27.28,15.39,48.0,North,4.83,7.56,1020.32,0.0,0.0,0.0,18.6,IMELBO1849.csv
2022/12/28,08:24 AM,27.28,15.39,48.0,NNW,4.99,7.08,1020.32,0.0,0.0,0.0,25.1,IMELBO1849.csv
2022/12/28,08:29 AM,27.22,15.28,48.0,,4.34,6.11,1020.66,0.0,0.0,0.0,49.8,IMELBO1849.csv
2022/12/28,08:34 AM,27.22,15.44,49.0,NNW,3.54,5.47,1020.66,0.0,0.0,0.0,54.6,IMELBO1849.csv
2022/12/28,08:39 AM,27.11,15.5,49.0,NW,4.67,7.56,1020.66,0.0,0.0,0.0,34.6,IMELBO1849.csv
2022/12/28,08:44 AM,27.0,15.61,50.0,NNW,4.02,5.79,1021.0,0.0,0.0,0.0,46.4,IMELBO1849.csv
2022/12/28,08:49 AM,26.89,15.78,51.0,,4.51,6.44,1021.0,0.0,0.0,0.0,44.2,IMELBO1849.csv
2022/12/28,08:54 AM,26.67,16.33,53.0,,5.63,8.04,1021.0,0.0,0.0,0.0,27.3,IMELBO1849.csv
2022/12/28,08:59 AM,26.22,16.83,56.0,NW,4.34,6.6,1021.0,0.0,0.0,0.0,25.9,IMELBO1849.csv
2022/12/28,09:04 AM,25.83,16.72,57.0,North,4.83,7.08,1021.0,0.0,0.0,0.0,29.0,IMELBO1849.csv
2022/12/28,09:09 AM,25.78,16.56,57.0,North,6.6,10.3,1021.0,0.0,0.0,0.0,32.9,IMELBO1849.csv
2022/12/28,09:14 AM,25.44,16.78,59.0,North,5.31,6.92,1021.0,0.0,0.0,0.0,36.0,IMELBO1849.csv
2022/12/28,09:19 AM,25.22,16.67,59.0,NE,5.95,7.88,1020.66,0.0,0.0,0.0,33.4,IMELBO1849.csv
2022/12/28,09:24 AM,24.89,16.83,61.0,NNE,5.47,7.4,1020.32,1.27,0.25,0.0,38.5,IMELBO1849.csv
2022/12/28,09:29 AM,24.67,16.78,62.0,North,5.15,6.92,1020.32,1.27,0.25,0.0,52.8,IMELBO1849.csv
2022/12/28,09:34 AM,24.5,16.78,62.0,NNE,6.11,7.56,1020.32,1.27,0.25,0.0,69.7,IMELBO1849.csv
2022/12/28,09:39 AM,24.5,16.72,62.0,NNE,5.47,8.04,1020.32,0.0,0.25,0.0,68.0,IMELBO1849.csv
2022/12/28,09:44 AM,24.78,16.33,59.0,NNE,6.44,8.53,1019.98,0.0,0.25,0.0,85.9,IMELBO1849.csv
2022/12/28,09:49 AM,25.11,16.28,58.0,NNE,6.76,9.01,1019.98,0.0,0.25,1.0,136.2,IMELBO1849.csv
2022/12/28,09:54 AM,25.22,16.83,60.0,NE,3.7,4.99,1020.32,0.0,0.25,1.0,137.9,IMELBO1849.csv
2022/12/28,09:59 AM,25.11,17.06,61.0,NNE,2.9,4.18,1020.32,0.0,0.25,1.0,154.4,IMELBO1849.csv
2022/12/28,10:04 AM,25.11,17.11,61.0,ENE,3.06,4.51,1020.32,0.0,0.25,1.0,147.1,IMELBO1849.csv
2022/12/28,10:09 AM,25.06,17.06,61.0,NNE,3.22,4.34,1020.66,0.0,0.25,0.0,89.8,IMELBO1849.csv
2022/12/28,10:14 AM,25.11,16.78,60.0,North,3.06,4.34,1020.66,0.0,0.25,1.0,101.9,IMELBO1849.csv
2022/12/28,10:19 AM,25.22,16.72,59.0,NNW,3.38,4.99,1021.0,0.0,0.25,1.0,100.6,IMELBO1849.csv
2022/12/28,10:24 AM,25.33,16.56,58.0,NNW,2.57,3.86,1021.0,0.0,0.25,1.0,152.2,IMELBO1849.csv
2022/12/28,10:29 AM,25.39,16.67,58.0,NNW,3.38,4.99,1021.0,0.0,0.25,1.0,103.1,IMELBO1849.csv
2022/12/28,10:34 AM,25.28,16.67,59.0,NW,3.06,4.18,1021.0,0.0,0.25,0.0,51.1,IMELBO1849.csv
2022/12/28,10:39 AM,25.28,16.78,59.0,WNW,2.74,3.54,1021.67,0.0,0.25,1.0,99.3,IMELBO1849.csv
2022/12/28,10:44 AM,25.28,17.22,61.0,WNW,2.9,4.18,1021.33,0.0,0.25,1.0,100.2,IMELBO1849.csv
2022/12/28,10:49 AM,25.22,17.28,61.0,NW,1.45,2.25,1021.33,0.0,0.25,1.0,112.7,IMELBO1849.csv
2022/12/28,10:54 AM,25.28,17.39,62.0,NW,0.97,1.77,1021.33,0.0,0.25,1.0,154.4,IMELBO1849.csv
2022/12/28,10:59 AM,25.0,17.83,65.0,SW,8.04,10.94,1021.67,0.0,0.25,1.0,153.9,IMELBO1849.csv
2022/12/28,11:04 AM,21.56,17.33,77.0,WSW,9.98,14.0,1022.01,1.78,0.51,3.0,308.8,IMELBO1849.csv
2022/12/28,11:09 AM,20.06,16.44,80.0,SW,10.46,16.09,1022.01,1.78,0.51,4.0,485.4,IMELBO1849.csv
2022/12/28,11:14 AM,19.89,16.06,78.0,SW,9.49,13.84,1022.35,1.78,0.51,5.0,521.8,IMELBO1849.csv
2022/12/28,11:19 AM,20.06,15.83,77.0,WSW,10.94,15.12,1022.35,0.0,0.51,3.0,312.7,IMELBO1849.csv
2022/12/28,11:24 AM,19.78,15.5,77.0,WSW,9.98,14.0,1022.69,0.0,0.51,3.0,328.7,IMELBO1849.csv
2022/12/28,11:29 AM,19.83,15.44,76.0,WSW,8.85,13.03,1022.69,0.0,0.51,2.0,294.5,IMELBO1849.csv
2022/12/28,11:34 AM,19.61,15.28,76.0,SW,9.81,14.0,1022.69,0.0,0.51,2.0,257.6,IMELBO1849.csv
2022/12/28,11:39 AM,19.44,15.17,76.0,SW,10.62,14.8,1022.69,0.0,0.51,4.0,499.3,IMELBO1849.csv
2022/12/28,11:44 AM,19.72,15.33,75.0,SW,7.88,12.39,1022.69,0.0,0.51,4.0,483.2,IMELBO1849.csv
2022/12/28,11:49 AM,19.67,15.17,75.0,WSW,9.33,14.0,1022.69,0.0,0.51,4.0,432.9,IMELBO1849.csv
2022/12/28,11:54 AM,19.61,15.06,75.0,WSW,9.33,13.19,1022.69,0.0,0.51,6.0,656.7,IMELBO1849.csv
2022/12/28,11:59 AM,20.11,15.17,73.0,SW,10.62,15.29,1022.69,0.0,0.51,9.0,1013.8,IMELBO1849.csv
2022/12/28,12:04 PM,20.89,15.56,72.0,WSW,8.53,12.23,1022.69,0.0,0.51,9.0,952.1,IMELBO1849.csv
2022/12/28,12:09 PM,21.67,15.83,69.0,SW,10.3,14.48,1023.03,0.0,0.51,10.0,1117.9,IMELBO1849.csv
2022/12/28,12:14 PM,22.0,15.94,69.0,WSW,7.08,10.46,1023.03,0.0,0.51,7.0,815.5,IMELBO1849.csv
2022/12/28,12:19 PM,21.83,15.78,68.0,WSW,7.72,11.26,1022.69,0.0,0.51,7.0,776.0,IMELBO1849.csv
2022/12/28,12:24 PM,21.78,15.67,68.0,WSW,7.24,10.62,1023.03,0.0,0.51,3.0,326.1,IMELBO1849.csv
2022/12/28,12:29 PM,21.39,15.33,69.0,WSW,6.92,10.46,1023.03,0.0,0.51,5.0,520.0,IMELBO1849.csv
2022/12/28,12:34 PM,21.44,15.33,68.0,WSW,7.24,10.46,1023.03,0.0,0.51,9.0,951.3,IMELBO1849.csv
2022/12/28,12:39 PM,22.33,15.56,65.0,WSW,6.44,9.98,1023.37,0.0,0.51,12.0,1276.7,IMELBO1849.csv
2022/12/28,12:44 PM,23.0,15.89,64.0,SW,9.49,14.16,1023.03,0.0,0.51,7.0,777.8,IMELBO1849.csv
2022/12/28,12:49 PM,22.39,15.44,65.0,SW,7.88,12.23,1023.37,0.0,0.51,4.0,486.6,IMELBO1849.csv
2022/12/28,12:54 PM,22.06,15.22,65.0,WSW,7.88,11.26,1023.37,0.0,0.51,4.0,434.7,IMELBO1849.csv
2022/12/28,12:59 PM,22.17,15.22,65.0,SW,7.08,11.1,1023.37,0.0,0.51,4.0,476.7,IMELBO1849.csv
2022/12/28,01:04 PM,22.0,15.06,65.0,SW,6.6,10.46,1023.37,0.0,0.51,5.0,572.5,IMELBO1849.csv
2022/12/28,01:09 PM,22.22,15.17,64.0,SW,7.88,12.23,1023.37,0.0,0.51,6.0,658.0,IMELBO1849.csv
2022/12/28,01:14 PM,21.94,15.0,65.0,WSW,10.78,15.77,1023.37,0.0,0.51,6.0,687.2,IMELBO1849.csv
2022/12/28,01:19 PM,21.78,14.78,64.0,WSW,9.17,13.03,1023.71,0.0,0.51,7.0,787.4,IMELBO1849.csv
2022/12/28,01:24 PM,21.78,14.83,65.0,SW,8.85,12.71,1023.71,0.0,0.51,4.0,511.0,IMELBO1849.csv
2022/12/28,01:29 PM,21.5,14.78,66.0,WSW,11.26,15.12,1023.71,0.0,0.51,2.0,260.7,IMELBO1849.csv
2022/12/28,01:34 PM,20.89,14.56,67.0,WSW,7.56,10.78,1024.04,0.0,0.51,2.0,207.4,IMELBO1849.csv
2022/12/28,01:39 PM,20.56,14.44,68.0,SW,9.17,13.03,1024.04,0.0,0.51,2.0,242.8,IMELBO1849.csv
2022/12/28,01:44 PM,20.06,14.22,69.0,WSW,11.42,15.12,1024.38,0.0,0.51,2.0,296.7,IMELBO1849.csv
2022/12/28,01:49 PM,20.11,14.17,69.0,WSW,9.01,12.87,1024.38,0.0,0.51,2.0,227.3,IMELBO1849.csv
2022/12/28,01:54 PM,19.61,14.0,70.0,SW,9.33,13.68,1024.38,0.0,0.51,2.0,222.9,IMELBO1849.csv
2022/12/28,01:59 PM,19.22,13.89,71.0,SW,11.42,16.57,1024.72,0.0,0.51,1.0,184.7,IMELBO1849.csv
2022/12/28,02:04 PM,18.33,13.44,73.0,SW,13.03,18.02,1025.06,0.0,0.51,1.0,176.5,IMELBO1849.csv
2022/12/28,02:09 PM,18.0,13.11,73.0,SW,10.78,15.93,1025.06,0.0,0.51,1.0,137.9,IMELBO1849.csv
2022/12/28,02:14 PM,17.94,12.89,72.0,WSW,9.49,14.0,1025.06,0.0,0.51,1.0,177.8,IMELBO1849.csv
2022/12/28,02:19 PM,18.0,12.83,72.0,WSW,8.37,12.55,1025.06,0.0,0.51,1.0,146.2,IMELBO1849.csv
2022/12/28,02:24 PM,18.0,12.89,72.0,SW,8.85,12.39,1025.06,0.0,0.51,1.0,122.3,IMELBO1849.csv
2022/12/28,02:29 PM,17.78,12.89,73.0,SW,8.37,12.87,1025.4,0.0,0.51,0.0,82.8,IMELBO1849.csv
2022/12/28,02:34 PM,17.72,13.0,74.0,WSW,9.49,13.84,1025.4,0.0,0.51,0.0,79.8,IMELBO1849.csv
2022/12/28,02:39 PM,17.5,12.94,75.0,WSW,9.81,13.84,1025.4,0.0,0.51,0.0,75.5,IMELBO1849.csv
2022/12/28,02:44 PM,17.22,13.0,76.0,SW,14.0,19.47,1025.4,0.0,0.51,0.0,73.7,IMELBO1849.csv
2022/12/28,02:49 PM,17.11,13.0,77.0,WSW,8.37,12.07,1025.74,0.0,0.51,0.0,77.6,IMELBO1849.csv
2022/12/28,02:54 PM,17.11,12.83,76.0,SW,9.17,12.87,1025.4,0.0,0.51,1.0,110.6,IMELBO1849.csv
2022/12/28,02:59 PM,16.83,12.39,75.0,SW,9.33,13.68,1025.74,0.0,0.51,0.0,98.8,IMELBO1849.csv
2022/12/28,03:04 PM,16.67,11.72,73.0,WSW,8.69,11.26,1025.74,0.0,0.51,0.0,96.3,IMELBO1849.csv
2022/12/28,03:09 PM,16.67,11.56,72.0,SW,11.26,15.61,1026.08,0.0,0.51,0.0,96.7,IMELBO1849.csv
2022/12/28,03:14 PM,16.44,11.61,73.0,SW,10.46,14.96,1026.08,0.0,0.51,1.0,138.7,IMELBO1849.csv
2022/12/28,03:19 PM,16.33,11.56,73.0,WSW,7.56,10.3,1025.74,0.0,0.51,1.0,150.0,IMELBO1849.csv
2022/12/28,03:24 PM,16.61,11.78,73.0,WSW,5.15,7.88,1026.08,0.0,0.51,1.0,111.0,IMELBO1849.csv
2022/12/28,03:29 PM,16.5,11.83,74.0,WSW,7.56,11.1,1026.08,0.0,0.51,0.0,86.2,IMELBO1849.csv
2022/12/28,03:34 PM,16.39,11.78,74.0,WSW,5.95,8.21,1026.08,0.0,0.51,0.0,85.9,IMELBO1849.csv
2022/12/28,03:39 PM,16.61,11.94,74.0,WSW,4.67,6.6,1026.08,0.0,0.51,1.0,105.3,IMELBO1849.csv
2022/12/28,03:44 PM,16.72,11.78,73.0,SW,4.51,6.76,1026.08,0.0,0.51,0.0,57.6,IMELBO1849.csv
2022/12/28,03:49 PM,16.5,11.83,74.0,SW,4.67,6.6,1026.08,0.0,0.51,0.0,57.3,IMELBO1849.csv
2022/12/28,03:54 PM,16.61,11.78,73.0,WSW,4.02,5.47,1026.08,0.0,0.51,0.0,69.4,IMELBO1849.csv
2022/12/28,03:59 PM,16.72,12.0,74.0,SW,4.99,7.4,1026.08,0.0,0.51,0.0,77.2,IMELBO1849.csv
2022/12/28,04:04 PM,16.56,12.11,75.0,SW,5.79,7.72,1026.08,0.0,0.51,0.0,64.6,IMELBO1849.csv
2022/12/28,04:09 PM,16.44,12.17,76.0,SW,4.51,5.79,1026.08,0.0,0.51,0.0,42.9,IMELBO1849.csv
2022/12/28,04:14 PM,16.39,12.22,77.0,SW,5.47,7.56,1026.08,0.0,0.51,0.0,67.7,IMELBO1849.csv
2022/12/28,04:19 PM,16.28,12.22,77.0,SW,4.02,5.63,1026.08,0.0,0.51,0.0,68.5,IMELBO1849.csv
2022/12/28,04:24 PM,16.5,12.28,76.0,SW,3.54,4.83,1026.08,0.0,0.51,0.0,61.2,IMELBO1849.csv
2022/12/28,04:29 PM,16.61,12.28,76.0,WSW,2.74,4.02,1026.08,0.0,0.51,0.0,64.6,IMELBO1849.csv
2022/12/28,04:34 PM,16.61,12.28,76.0,SW,1.93,3.06,1026.08,0.0,0.51,0.0,62.9,IMELBO1849.csv
2022/12/28,04:39 PM,16.56,12.33,76.0,SW,3.86,5.15,1026.08,0.0,0.51,0.0,70.2,IMELBO1849.csv
2022/12/28,04:44 PM,16.56,12.33,76.0,SW,4.18,5.47,1026.08,0.0,0.51,0.0,65.0,IMELBO1849.csv
2022/12/28,04:49 PM,16.61,12.33,76.0,SW,2.9,4.18,1026.41,0.0,0.51,0.0,58.1,IMELBO1849.csv
2022/12/28,04:54 PM,16.61,12.28,76.0,SW,2.57,4.18,1026.08,0.0,0.51,0.0,70.7,IMELBO1849.csv
2022/12/28,04:59 PM,16.72,12.39,76.0,SSW,3.06,4.02,1026.41,0.0,0.51,0.0,57.6,IMELBO1849.csv
2022/12/28,05:04 PM,16.78,12.5,76.0,SW,3.38,4.67,1026.41,0.0,0.51,0.0,54.2,IMELBO1849.csv
2022/12/28,05:09 PM,16.72,12.61,77.0,SW,3.22,4.34,1026.41,0.0,0.51,0.0,54.2,IMELBO1849.csv
2022/12/28,05:14 PM,16.72,12.67,77.0,SW,3.7,4.99,1026.41,0.0,0.51,0.0,91.0,IMELBO1849.csv
2022/12/28,05:19 PM,16.72,12.83,78.0,SW,3.06,4.02,1026.08,0.0,0.51,0.0,82.3,IMELBO1849.csv
2022/12/28,05:24 PM,16.67,12.83,78.0,SW,2.25,3.22,1026.08,0.0,0.51,0.0,91.5,IMELBO1849.csv
2022/12/28,05:29 PM,16.72,12.72,77.0,SW,2.25,3.06,1026.08,0.0,0.51,0.0,72.8,IMELBO1849.csv
2022/12/28,05:34 PM,16.78,12.67,77.0,SW,1.93,2.74,1026.08,0.0,0.51,0.0,65.0,IMELBO1849.csv
2022/12/28,05:39 PM,16.72,12.61,77.0,SW,2.57,3.38,1026.08,0.0,0.51,0.0,65.0,IMELBO1849.csv
2022/12/28,05:44 PM,16.67,12.56,77.0,SSW,2.57,3.38,1026.08,0.0,0.51,0.0,66.3,IMELBO1849.csv
2022/12/28,05:49 PM,16.78,12.72,77.0,South,3.06,4.02,1026.08,0.0,0.51,0.0,65.4,IMELBO1849.csv
2022/12/28,05:54 PM,16.83,13.28,80.0,South,3.86,5.79,1026.41,0.0,0.51,0.0,45.0,IMELBO1849.csv
2022/12/28,05:59 PM,16.33,13.39,83.0,SE,3.22,4.51,1026.41,0.0,0.51,0.0,39.0,IMELBO1849.csv
2022/12/28,06:04 PM,16.11,13.39,84.0,SE,2.41,3.7,1026.41,0.0,0.51,0.0,29.9,IMELBO1849.csv
2022/12/28,06:09 PM,16.11,13.39,84.0,SE,1.45,2.25,1026.75,0.0,0.51,0.0,45.9,IMELBO1849.csv
2022/12/28,06:14 PM,16.11,13.39,84.0,ESE,3.54,5.63,1026.75,0.0,0.51,0.0,71.1,IMELBO1849.csv
2022/12/28,06:19 PM,16.17,13.44,84.0,SSE,2.9,4.18,1026.41,0.0,0.51,0.0,67.7,IMELBO1849.csv
2022/12/28,06:24 PM,16.22,13.33,83.0,SSE,3.38,4.83,1026.75,0.0,0.51,0.0,75.0,IMELBO1849.csv
2022/12/28,06:29 PM,16.28,13.11,81.0,SSE,4.02,5.79,1026.41,0.0,0.51,0.0,73.7,IMELBO1849.csv
2022/12/28,06:34 PM,16.44,13.17,81.0,SSE,2.9,4.18,1026.75,0.0,0.51,0.0,72.8,IMELBO1849.csv
2022/12/28,06:39 PM,16.5,13.06,80.0,SSE,3.7,5.63,1026.75,0.0,0.51,0.0,65.9,IMELBO1849.csv
2022/12/28,06:44 PM,16.5,12.94,79.0,SSE,4.02,5.95,1026.75,0.0,0.51,0.0,55.9,IMELBO1849.csv
2022/12/28,06:49 PM,16.5,12.78,78.0,SSE,5.15,7.72,1026.75,0.0,0.51,0.0,69.7,IMELBO1849.csv
2022/12/28,06:54 PM,16.17,12.17,77.0,South,5.79,8.53,1027.09,0.0,0.51,0.0,83.7,IMELBO1849.csv
2022/12/28,06:59 PM,16.22,12.22,77.0,South,6.11,8.53,1027.09,0.0,0.51,0.0,86.2,IMELBO1849.csv
2022/12/28,07:04 PM,16.22,12.17,77.0,SSE,3.86,5.79,1027.09,0.0,0.51,0.0,50.3,IMELBO1849.csv
2022/12/28,07:09 PM,16.22,12.0,76.0,SE,4.02,6.44,1027.09,0.0,0.51,0.0,54.2,IMELBO1849.csv
2022/12/28,07:14 PM,16.33,11.94,75.0,South,3.7,4.83,1027.43,0.0,0.51,0.0,37.7,IMELBO1849.csv
2022/12/28,07:19 PM,16.44,11.89,74.0,South,5.31,7.08,1027.43,0.0,0.51,0.0,18.1,IMELBO1849.csv
2022/12/28,07:24 PM,16.56,11.78,73.0,South,4.18,6.11,1027.43,0.0,0.51,0.0,18.1,IMELBO1849.csv
2022/12/28,07:29 PM,16.61,11.78,73.0,South,3.86,5.63,1027.43,0.0,0.51,0.0,16.9,IMELBO1849.csv
2022/12/28,07:34 PM,16.61,11.72,73.0,South,5.47,7.88,1027.43,0.0,0.51,0.0,17.3,IMELBO1849.csv
2022/12/28,07:39 PM,16.61,11.72,73.0,South,6.92,10.14,1027.77,0.0,0.51,0.0,17.3,IMELBO1849.csv
2022/12/28,07:44 PM,16.5,11.89,74.0,South,8.21,11.26,1027.77,0.0,0.51,0.0,18.6,IMELBO1849.csv
2022/12/28,07:49 PM,16.5,11.83,74.0,South,4.99,7.72,1028.11,0.0,0.51,0.0,36.8,IMELBO1849.csv
2022/12/28,07:54 PM,16.39,11.5,73.0,South,5.63,8.53,1027.77,0.0,0.51,0.0,36.8,IMELBO1849.csv
2022/12/28,07:59 PM,16.39,11.44,73.0,South,6.11,9.17,1027.77,0.0,0.51,0.0,21.7,IMELBO1849.csv
2022/12/28,08:04 PM,16.5,11.56,73.0,SSE,7.24,11.1,1027.77,0.0,0.51,0.0,20.8,IMELBO1849.csv
2022/12/28,08:09 PM,16.33,11.28,72.0,SSW,8.21,11.91,1027.77,0.0,0.51,0.0,18.6,IMELBO1849.csv
2022/12/28,08:14 PM,16.39,11.28,72.0,SW,8.53,12.07,1028.11,0.0,0.51,0.0,23.4,IMELBO1849.csv
2022/12/28,08:19 PM,16.39,11.28,72.0,SSW,8.53,11.42,1028.11,0.0,0.51,0.0,25.6,IMELBO1849.csv
2022/12/28,08:24 PM,16.33,11.56,73.0,South,5.63,8.69,1028.11,0.0,0.51,0.0,18.1,IMELBO1849.csv
2022/12/28,08:29 PM,16.28,11.44,73.0,SSW,7.24,11.42,1028.11,0.0,0.51,0.0,12.1,IMELBO1849.csv
2022/12/28,08:34 PM,16.17,11.39,73.0,SSW,6.28,9.49,1028.45,0.0,0.51,0.0,8.6,IMELBO1849.csv
2022/12/28,08:39 PM,16.06,11.44,74.0,SSW,8.37,11.75,1028.11,0.0,0.51,0.0,6.0,IMELBO1849.csv
2022/12/28,08:44 PM,15.94,11.33,74.0,SSW,8.85,12.39,1028.45,0.0,0.51,0.0,3.8,IMELBO1849.csv
2022/12/28,08:49 PM,15.83,11.28,74.0,SSW,7.08,10.94,1028.45,0.0,0.51,0.0,1.7,IMELBO1849.csv
2022/12/28,08:54 PM,15.78,11.39,75.0,South,7.56,10.94,1028.45,0.0,0.51,0.0,0.4,IMELBO1849.csv
2022/12/28,08:59 PM,15.78,11.39,75.0,South,6.76,9.81,1028.78,0.0,0.51,0.0,0.0,IMELBO1849.csv
2022/12/28,09:04 PM,15.78,11.39,75.0,SSW,6.44,9.33,1028.45,0.0,0.51,0.0,0.0,IMELBO1849.csv
2022/12/28,09:09 PM,15.78,11.22,74.0,SSW,5.95,7.88,1028.78,0.0,0.51,0.0,0.0,IMELBO1849.csv
2022/12/28,09:14 PM,15.78,11.22,74.0,SSW,9.17,13.19,1028.78,0.0,0.51,0.0,0.0,IMELBO1849.csv
2022/12/28,09:19 PM,15.78,11.22,74.0,SSW,8.04,11.91,1028.78,0.0,0.51,0.0,0.0,IMELBO1849.csv
2022/12/28,09:24 PM,15.83,11.22,74.0,SSW,5.47,8.04,1028.45,0.0,0.51,0.0,0.0,IMELBO1849.csv
2022/12/28,09:29 PM,15.83,10.89,72.0,SW,7.88,11.1,1028.78,0.0,0.51,0.0,0.0,IMELBO1849.csv
2022/12/28,09:34 PM,15.78,10.61,71.0,SSW,8.21,10.62,1028.78,0.0,0.51,0.0,0.0,IMELBO1849.csv
2022/12/28,09:39 PM,15.83,10.44,70.0,SSW,6.6,8.85,1028.78,0.0,0.51,0.0,0.0,IMELBO1849.csv
2022/12/28,09:44 PM,15.78,10.5,70.0,SSW,6.44,8.85,1028.78,0.0,0.51,0.0,0.0,IMELBO1849.csv
2022/12/28,09:49 PM,15.78,10.61,71.0,SSW,6.11,8.53,1029.12,0.0,0.51,0.0,0.0,IMELBO1849.csv
2022/12/28,09:54 PM,15.78,10.67,72.0,South,7.72,11.1,1029.12,0.0,0.51,0.0,0.0,IMELBO1849.csv
2022/12/28,09:59 PM,15.72,10.61,72.0,SSW,7.88,11.26,1029.12,0.0,0.51,0.0,0.0,IMELBO1849.csv
2022/12/28,10:04 PM,15.72,10.61,72.0,SSW,7.88,11.1,1029.12,0.0,0.51,0.0,0.0,IMELBO1849.csv
2022/12/28,10:09 PM,15.67,10.61,72.0,SSW,8.85,12.23,1029.12,0.0,0.51,0.0,0.0,IMELBO1849.csv
2022/12/28,10:14 PM,15.67,10.61,72.0,SSW,6.76,9.81,1029.12,0.0,0.51,0.0,0.0,IMELBO1849.csv
2022/12/28,10:19 PM,15.61,10.61,72.0,South,5.15,7.24,1029.12,0.0,0.51,0.0,0.0,IMELBO1849.csv
2022/12/28,10:24 PM,15.61,10.56,72.0,SW,9.81,13.84,1029.12,0.0,0.51,0.0,0.0,IMELBO1849.csv
2022/12/28,10:29 PM,15.56,10.33,71.0,SSW,10.46,14.64,1029.12,0.0,0.51,0.0,0.0,IMELBO1849.csv
2022/12/28,10:34 PM,15.61,10.39,71.0,SW,8.85,11.75,1029.12,0.0,0.51,0.0,0.0,IMELBO1849.csv
2022/12/28,10:39 PM,15.56,10.44,72.0,SW,8.21,11.26,1029.12,0.0,0.51,0.0,0.0,IMELBO1849.csv
2022/12/28,10:44 PM,15.5,10.33,71.0,SSW,7.72,11.1,1029.12,0.0,0.51,0.0,0.0,IMELBO1849.csv
2022/12/28,10:49 PM,15.61,10.61,72.0,SW,6.92,9.33,1029.12,0.0,0.51,0.0,0.0,IMELBO1849.csv
2022/12/28,10:54 PM,15.56,10.67,72.0,SSW,7.24,9.81,1029.12,0.0,0.51,0.0,0.0,IMELBO1849.csv
2022/12/28,10:59 PM,15.5,10.72,73.0,SSW,8.04,10.94,1029.12,0.0,0.51,0.0,0.0,IMELBO1849.csv
2022/12/28,11:04 PM,15.5,10.72,73.0,SW,6.92,9.17,1029.12,0.0,0.51,0.0,0.0,IMELBO1849.csv
2022/12/28,11:09 PM,15.5,10.72,73.0,SSW,7.72,10.94,1029.12,0.0,0.51,0.0,0.0,IMELBO1849.csv
2022/12/28,11:14 PM,15.5,10.72,73.0,SSW,5.15,6.92,1029.12,0.0,0.51,0.0,0.0,IMELBO1849.csv
2022/12/28,11:19 PM,15.39,10.61,73.0,SW,7.56,10.14,1029.12,0.0,0.51,0.0,0.0,IMELBO1849.csv
2022/12/28,11:24 PM,15.39,10.44,72.0,SW,6.44,8.85,1029.12,0.0,0.51,0.0,0.0,IMELBO1849.csv
2022/12/28,11:29 PM,15.39,10.39,72.0,SSW,5.31,7.24,1029.12,0.0,0.51,0.0,0.0,IMELBO1849.csv
2022/12/28,11:34 PM,15.33,10.28,72.0,SW,5.63,7.56,1029.12,0.0,0.51,0.0,0.0,IMELBO1849.csv
2022/12/28,11:39 PM,15.28,10.11,71.0,SSW,6.28,8.53,1029.12,0.0,0.51,0.0,0.0,IMELBO1849.csv
2022/12/28,11:44 PM,15.28,10.11,71.0,SW,4.51,5.95,1029.12,0.0,0.51,0.0,0.0,IMELBO1849.csv
2022/12/28,11:49 PM,15.28,10.11,71.0,SW,5.31,7.72,1029.12,0.0,0.51,0.0,0.0,IMELBO1849.csv
2022/12/28,11:54 PM,15.28,10.11,71.0,SW,4.67,6.11,1029.12,0.0,0.51,0.0,0.0,IMELBO1849.csv
2022/12/28,11:59 PM,15.28,10.17,72.0,SW,6.11,8.04,1029.12,0.0,0.51,0.0,0.0,IMELBO1849.csv
2022/12/29,12:04 AM,15.22,10.22,72.0,SW,6.11,8.04,1029.12,0.0,0.0,0.0,0.0,IMELBO1849.csv
2022/12/29,12:09 AM,15.22,10.22,72.0,SW,4.99,6.76,1029.46,0.0,0.0,0.0,0.0,IMELBO1849.csv
2022/12/29,12:14 AM,15.22,10.28,72.0,SSW,4.51,6.28,1029.46,0.0,0.0,0.0,0.0,IMELBO1849.csv
2022/12/29,12:19 AM,15.28,10.44,73.0,SW,6.44,8.53,1029.12,0.0,0.0,0.0,0.0,IMELBO1849.csv
2022/12/29,12:24 AM,15.22,10.39,73.0,SW,5.15,6.76,1029.12,0.0,0.0,0.0,0.0,IMELBO1849.csv
2022/12/29,12:29 AM,15.22,10.33,72.0,SSW,6.44,9.17,1029.46,0.0,0.0,0.0,0.0,IMELBO1849.csv
2022/12/29,12:34 AM,15.22,10.28,72.0,South,5.15,7.24,1029.46,0.0,0.0,0.0,0.0,IMELBO1849.csv
2022/12/29,12:39 AM,15.28,10.5,73.0,SW,4.67,6.6,1029.46,0.0,0.0,0.0,0.0,IMELBO1849.csv
2022/12/29,12:44 AM,15.22,10.5,74.0,SSW,4.02,5.47,1029.46,0.0,0.0,0.0,0.0,IMELBO1849.csv
2022/12/29,12:49 AM,15.17,10.44,73.0,SSW,5.47,7.56,1029.46,0.0,0.0,0.0,0.0,IMELBO1849.csv
2022/12/29,12:54 AM,15.11,10.39,73.0,SSW,4.99,6.6,1029.12,0.0,0.0,0.0,0.0,IMELBO1849.csv
2022/12/29,12:59 AM,15.0,10.33,74.0,SW,6.28,8.04,1029.12,0.0,0.0,0.0,0.0,IMELBO1849.csv
2022/12/29,01:04 AM,14.89,10.28,74.0,SW,4.99,6.76,1029.12,0.0,0.0,0.0,0.0,IMELBO1849.csv
2022/12/29,01:09 AM,14.89,10.22,74.0,SSW,5.31,7.24,1029.12,0.0,0.0,0.0,0.0,IMELBO1849.csv
2022/12/29,01:14 AM,14.83,9.89,72.0,SW,6.6,8.37,1029.12,0.0,0.0,0.0,0.0,IMELBO1849.csv
2022/12/29,01:19 AM,14.89,9.89,72.0,SW,5.79,7.4,1029.12,0.0,0.0,0.0,0.0,IMELBO1849.csv
2022/12/29,01:24 AM,14.78,9.89,73.0,SW,4.34,6.28,1029.12,0.0,0.0,0.0,0.0,IMELBO1849.csv
2022/12/29,01:29 AM,14.67,10.11,74.0,SW,4.34,5.95,1029.12,0.0,0.0,0.0,0.0,IMELBO1849.csv
2022/12/29,01:34 AM,14.56,10.06,74.0,SW,4.34,5.63,1029.12,0.0,0.0,0.0,0.0,IMELBO1849.csv
2022/12/29,01:39 AM,14.56,10.17,75.0,SW,2.57,3.54,1029.12,0.0,0.0,0.0,0.0,IMELBO1849.csv
2022/12/29,01:44 AM,14.56,10.17,75.0,SW,3.7,4.67,1029.12,0.0,0.0,0.0,0.0,IMELBO1849.csv
2022/12/29,01:49 AM,14.5,10.11,75.0,SW,4.18,5.63,1028.78,0.0,0.0,0.0,0.0,IMELBO1849.csv
2022/12/29,01:54 AM,14.61,10.17,75.0,SW,4.02,5.31,1029.12,0.0,0.0,0.0,0.0,IMELBO1849.csv
2022/12/29,01:59 AM,14.67,10.28,75.0,SSW,7.56,9.65,1028.78,0.0,0.0,0.0,0.0,IMELBO1849.csv
2022/12/29,02:04 AM,14.5,10.28,76.0,SSW,4.99,6.44,1028.78,0.0,0.0,0.0,0.0,IMELBO1849.csv
2022/12/29,02:09 AM,14.5,10.28,76.0,South,2.41,3.7,1028.78,0.0,0.0,0.0,0.0,IMELBO1849.csv
2022/12/29,02:14 AM,14.61,10.33,76.0,SSW,4.18,5.31,1028.78,0.0,0.0,0.0,0.0,IMELBO1849.csv
2022/12/29,02:19 AM,14.72,10.28,75.0,SSW,3.54,4.67,1028.78,0.0,0.0,0.0,0.0,IMELBO1849.csv
2022/12/29,02:24 AM,14.78,10.11,73.0,SSW,4.99,7.08,1028.78,0.0,0.0,0.0,0.0,IMELBO1849.csv
2022/12/29,02:29 AM,14.89,10.0,73.0,SSW,3.7,5.31,1028.78,0.0,0.0,0.0,0.0,IMELBO1849.csv
2022/12/29,02:34 AM,14.94,9.94,72.0,SSW,5.63,7.72,1028.45,0.0,0.0,0.0,0.0,IMELBO1849.csv
2022/12/29,02:39 AM,15.0,9.83,71.0,SSW,5.63,7.72,1028.78,0.0,0.0,0.0,0.0,IMELBO1849.csv
2022/12/29,02:44 AM,15.0,10.28,73.0,SSW,4.18,5.15,1028.78,0.0,0.0,0.0,0.0,IMELBO1849.csv
2022/12/29,02:49 AM,14.72,10.72,77.0,SSW,2.09,3.06,1028.78,0.0,0.0,0.0,0.0,IMELBO1849.csv
2022/12/29,02:54 AM,14.61,10.72,78.0,South,5.79,8.37,1028.78,0.0,0.0,0.0,0.0,IMELBO1849.csv
2022/12/29,02:59 AM,14.5,10.61,78.0,SSE,4.51,6.28,1028.45,0.0,0.0,0.0,0.0,IMELBO1849.csv
2022/12/29,03:04 AM,14.5,10.72,78.0,South,4.67,6.92,1028.78,0.0,0.0,0.0,0.0,IMELBO1849.csv
2022/12/29,03:09 AM,14.5,10.72,78.0,South,3.86,5.47,1028.78,0.0,0.0,0.0,0.0,IMELBO1849.csv
2022/12/29,03:14 AM,14.5,10.72,78.0,South,4.34,6.28,1028.45,0.0,0.0,0.0,0.0,IMELBO1849.csv
2022/12/29,03:19 AM,14.5,10.72,78.0,South,4.83,6.6,1028.45,0.0,0.0,0.0,0.0,IMELBO1849.csv
2022/12/29,03:24 AM,14.5,10.72,78.0,South,4.02,6.28,1028.45,0.0,0.0,0.0,0.0,IMELBO1849.csv
2022/12/29,03:29 AM,14.5,10.5,77.0,South,5.95,8.69,1028.45,0.0,0.0,0.0,0.0,IMELBO1849.csv
2022/12/29,03:34 AM,14.56,10.33,76.0,SSE,5.95,9.17,1028.45,0.0,0.0,0.0,0.0,IMELBO1849.csv
2022/12/29,03:39 AM,14.61,10.33,76.0,SSE,5.31,7.88,1028.45,0.0,0.0,0.0,0.0,IMELBO1849.csv
2022/12/29,03:44 AM,14.61,10.22,75.0,South,6.92,10.3,1028.45,0.0,0.0,0.0,0.0,IMELBO1849.csv
2022/12/29,03:49 AM,14.61,10.22,75.0,SSE,5.31,7.88,1028.45,0.0,0.0,0.0,0.0,IMELBO1849.csv
2022/12/29,03:54 AM,14.56,10.11,74.0,SSE,3.06,4.83,1028.45,0.0,0.0,0.0,0.0,IMELBO1849.csv
2022/12/29,03:59 AM,14.56,10.11,74.0,South,5.47,7.72,1028.45,0.0,0.0,0.0,0.0,IMELBO1849.csv
2022/12/29,04:04 AM,14.61,10.11,74.0,SE,3.7,5.47,1028.78,0.0,0.0,0.0,0.0,IMELBO1849.csv
2022/12/29,04:09 AM,14.56,10.06,74.0,South,5.79,8.21,1028.45,0.0,0.0,0.0,0.0,IMELBO1849.csv
2022/12/29,04:14 AM,14.56,10.06,74.0,South,2.9,4.51,1028.45,0.0,0.0,0.0,0.0,IMELBO1849.csv
2022/12/29,04:19 AM,14.56,10.06,74.0,South,5.15,7.56,1028.78,0.0,0.0,0.0,0.0,IMELBO1849.csv
2022/12/29,04:24 AM,14.5,10.0,74.0,SE,4.18,6.28,1028.78,0.0,0.0,0.0,0.0,IMELBO1849.csv
2022/12/29,04:29 AM,14.5,9.89,74.0,SSE,5.15,7.56,1028.78,0.0,0.0,0.0,0.0,IMELBO1849.csv
2022/12/29,04:34 AM,14.5,9.72,73.0,SSE,4.67,6.6,1028.78,0.0,0.0,0.0,0.0,IMELBO1849.csv
2022/12/29,04:39 AM,14.5,9.61,73.0,SSW,4.51,6.76,1028.78,0.0,0.0,0.0,0.0,IMELBO1849.csv
2022/12/29,04:44 AM,14.5,9.5,72.0,South,5.95,8.37,1028.45,0.0,0.0,0.0,0.0,IMELBO1849.csv
2022/12/29,04:49 AM,14.39,9.28,71.0,SE,4.83,7.4,1028.78,0.0,0.0,0.0,0.0,IMELBO1849.csv
2022/12/29,04:54 AM,14.5,9.44,72.0,South,3.06,4.83,1028.78,0.0,0.0,0.0,0.0,IMELBO1849.csv
2022/12/29,04:59 AM,14.44,9.33,71.0,SSE,4.34,6.11,1028.78,0.0,0.0,0.0,0.0,IMELBO1849.csv
2022/12/29,05:04 AM,14.5,9.28,71.0,SSE,3.22,4.67,1028.78,0.0,0.0,0.0,0.0,IMELBO1849.csv
2022/12/29,05:09 AM,14.5,9.28,71.0,South,6.44,9.65,1029.12,0.0,0.0,0.0,0.0,IMELBO1849.csv
2022/12/29,05:14 AM,14.44,9.11,70.0,SSE,5.47,8.21,1029.12,0.0,0.0,0.0,0.0,IMELBO1849.csv
2022/12/29,05:19 AM,14.39,9.0,70.0,SSE,4.34,6.11,1029.12,0.0,0.0,0.0,0.0,IMELBO1849.csv
2022/12/29,05:24 AM,14.39,9.11,70.0,SE,3.38,4.83,1029.12,0.0,0.0,0.0,0.0,IMELBO1849.csv
2022/12/29,05:29 AM,14.33,9.17,71.0,SSE,3.38,4.99,1029.12,0.0,0.0,0.0,0.0,IMELBO1849.csv
2022/12/29,05:34 AM,14.28,9.17,71.0,SE,2.9,4.34,1029.12,0.0,0.0,0.0,0.0,IMELBO1849.csv
2022/12/29,05:39 AM,14.22,9.0,71.0,SE,2.74,4.34,1029.12,0.0,0.0,0.0,0.0,IMELBO1849.csv
2022/12/29,05:44 AM,14.22,9.0,71.0,SSE,3.38,5.15,1029.12,0.0,0.0,0.0,0.0,IMELBO1849.csv
2022/12/29,05:49 AM,14.22,9.0,71.0,South,4.34,6.28,1029.12,0.0,0.0,0.0,0.0,IMELBO1849.csv
2022/12/29,05:54 AM,14.22,9.11,72.0,SSE,2.74,3.86,1029.12,0.0,0.0,0.0,0.0,IMELBO1849.csv
2022/12/29,05:59 AM,14.22,9.22,72.0,SSE,4.34,6.92,1029.46,0.0,0.0,0.0,0.9,IMELBO1849.csv
2022/12/29,06:04 AM,14.11,9.11,72.0,SE,4.34,6.6,1029.46,0.0,0.0,0.0,2.1,IMELBO1849.csv
2022/12/29,06:09 AM,14.11,9.17,72.0,SE,5.15,7.56,1029.46,0.0,0.0,0.0,4.8,IMELBO1849.csv
2022/12/29,06:14 AM,14.11,9.28,73.0,SSE,6.44,9.65,1029.46,0.0,0.0,0.0,6.9,IMELBO1849.csv
2022/12/29,06:19 AM,14.06,9.56,74.0,SE,4.18,6.44,1029.8,0.0,0.0,0.0,7.7,IMELBO1849.csv
2022/12/29,06:24 AM,14.0,9.56,74.0,SSE,4.18,6.11,1029.46,0.0,0.0,0.0,10.4,IMELBO1849.csv
2022/12/29,06:29 AM,14.06,9.67,75.0,ESE,4.34,6.11,1029.8,0.0,0.0,0.0,13.0,IMELBO1849.csv
2022/12/29,06:34 AM,14.0,9.61,75.0,SE,4.18,6.28,1029.8,0.0,0.0,0.0,22.5,IMELBO1849.csv
2022/12/29,06:39 AM,14.0,9.61,75.0,SE,3.7,6.11,1029.8,0.0,0.0,0.0,23.4,IMELBO1849.csv
2022/12/29,06:44 AM,13.94,9.56,75.0,South,3.22,4.99,1029.8,0.0,0.0,0.0,30.7,IMELBO1849.csv
2022/12/29,06:49 AM,13.94,9.56,75.0,SSE,3.54,5.79,1029.8,0.0,0.0,0.0,38.5,IMELBO1849.csv
2022/12/29,06:54 AM,14.0,9.61,75.0,SSE,3.7,6.11,1029.8,0.0,0.0,0.0,39.0,IMELBO1849.csv
2022/12/29,06:59 AM,14.0,9.61,75.0,SE,3.54,5.31,1030.14,0.0,0.0,0.0,38.5,IMELBO1849.csv
2022/12/29,07:04 AM,14.0,9.61,75.0,SE,3.38,5.47,1030.14,0.0,0.0,0.0,40.2,IMELBO1849.csv
2022/12/29,07:09 AM,14.06,9.67,75.0,SE,3.54,4.83,1030.14,0.0,0.0,0.0,39.9,IMELBO1849.csv
2022/12/29,07:14 AM,14.06,9.67,75.0,SE,4.67,7.24,1030.48,0.0,0.0,0.0,31.6,IMELBO1849.csv
2022/12/29,07:19 AM,14.0,9.5,74.0,SSE,5.15,7.56,1030.14,0.0,0.0,0.0,32.4,IMELBO1849.csv
2022/12/29,07:24 AM,14.06,9.56,74.0,South,3.38,5.47,1030.14,0.0,0.0,0.0,26.4,IMELBO1849.csv
2022/12/29,07:29 AM,14.0,9.5,74.0,South,5.15,8.69,1030.48,0.0,0.0,0.0,18.6,IMELBO1849.csv
2022/12/29,07:34 AM,13.94,9.44,74.0,SE,4.34,6.44,1030.48,0.0,0.0,0.0,19.5,IMELBO1849.csv
2022/12/29,07:39 AM,14.0,9.56,75.0,SSE,4.34,6.92,1030.48,0.0,0.0,0.0,18.6,IMELBO1849.csv
2022/12/29,07:44 AM,13.89,9.5,75.0,SSE,4.99,7.72,1030.48,0.0,0.0,0.0,22.5,IMELBO1849.csv
2022/12/29,07:49 AM,13.83,9.56,75.0,SE,2.9,4.34,1030.48,0.0,0.0,0.0,23.4,IMELBO1849.csv
2022/12/29,07:54 AM,13.89,9.5,75.0,SE,3.38,4.83,1030.48,0.0,0.0,0.0,29.9,IMELBO1849.csv
2022/12/29,07:59 AM,14.0,9.61,75.0,ESE,2.74,4.34,1030.82,0.0,0.0,0.0,35.1,IMELBO1849.csv
2022/12/29,08:04 AM,14.11,9.56,74.0,South,5.63,8.04,1030.48,0.0,0.0,0.0,38.5,IMELBO1849.csv
2022/12/29,08:09 AM,14.17,8.72,70.0,SE,5.15,7.88,1030.82,0.0,0.0,0.0,43.3,IMELBO1849.csv
2022/12/29,08:14 AM,14.33,8.67,69.0,SSW,4.99,7.24,1030.82,0.0,0.0,0.0,54.6,IMELBO1849.csv
2022/12/29,08:19 AM,14.39,8.39,67.0,SE,6.28,9.49,1030.82,0.0,0.0,0.0,55.9,IMELBO1849.csv
2022/12/29,08:24 AM,14.44,8.28,67.0,South,7.4,11.1,1030.82,0.0,0.0,0.0,60.7,IMELBO1849.csv
2022/12/29,08:29 AM,14.56,8.44,67.0,SSE,4.99,8.04,1030.82,0.0,0.0,0.0,67.2,IMELBO1849.csv
2022/12/29,08:34 AM,14.61,8.39,66.0,SSW,7.56,11.42,1030.82,0.0,0.0,0.0,78.9,IMELBO1849.csv
2022/12/29,08:39 AM,14.67,8.33,66.0,South,7.72,10.94,1030.82,0.0,0.0,0.0,80.3,IMELBO1849.csv
2022/12/29,08:44 AM,14.67,8.33,66.0,SSW,8.21,12.71,1030.82,0.0,0.0,0.0,88.0,IMELBO1849.csv
2022/12/29,08:49 AM,14.72,8.44,66.0,SSE,6.44,9.81,1030.82,0.0,0.0,1.0,102.3,IMELBO1849.csv
2022/12/29,08:54 AM,14.78,8.39,66.0,SE,6.28,9.98,1031.16,0.0,0.0,1.0,112.3,IMELBO1849.csv
2022/12/29,08:59 AM,14.78,8.28,65.0,ESE,5.79,8.37,1031.16,0.0,0.0,1.0,119.6,IMELBO1849.csv
2022/12/29,09:04 AM,14.89,8.39,65.0,SSE,4.67,7.24,1031.16,0.0,0.0,1.0,125.3,IMELBO1849.csv
2022/12/29,09:09 AM,15.11,8.33,64.0,NNW,5.63,8.37,1030.82,0.0,0.0,1.0,128.0,IMELBO1849.csv
2022/12/29,09:14 AM,15.06,8.22,64.0,ESE,5.47,8.21,1031.16,0.0,0.0,1.0,140.1,IMELBO1849.csv
2022/12/29,09:19 AM,15.22,8.22,63.0,SSE,5.47,8.37,1031.16,0.0,0.0,1.0,162.2,IMELBO1849.csv
2022/12/29,09:24 AM,15.28,8.28,63.0,SSW,8.85,13.19,1031.16,0.0,0.0,1.0,181.7,IMELBO1849.csv
2022/12/29,09:29 AM,15.33,8.33,63.0,SSE,4.83,7.4,1031.16,0.0,0.0,1.0,194.8,IMELBO1849.csv
2022/12/29,09:34 AM,15.56,8.28,62.0,South,5.63,8.37,1031.16,0.0,0.0,2.0,217.8,IMELBO1849.csv
2022/12/29,09:39 AM,15.67,8.22,62.0,South,6.6,9.65,1031.16,0.0,0.0,2.0,241.6,IMELBO1849.csv
2022/12/29,09:44 AM,15.78,8.28,61.0,South,6.28,9.33,1031.49,0.0,0.0,2.0,249.4,IMELBO1849.csv
2022/12/29,09:49 AM,15.94,8.33,60.0,South,6.28,9.17,1031.49,0.0,0.0,2.0,242.5,IMELBO1849.csv
2022/12/29,09:54 AM,15.94,8.17,60.0,SSE,7.24,10.94,1031.49,0.0,0.0,2.0,280.6,IMELBO1849.csv
2022/12/29,09:59 AM,16.0,8.11,60.0,South,5.79,8.21,1031.16,0.0,0.0,2.0,291.0,IMELBO1849.csv
2022/12/29,10:04 AM,16.17,8.11,59.0,South,6.28,9.65,1031.16,0.0,0.0,2.0,303.1,IMELBO1849.csv
2022/12/29,10:09 AM,16.28,8.06,58.0,South,6.76,9.98,1030.82,0.0,0.0,3.0,333.5,IMELBO1849.csv
2022/12/29,10:14 AM,16.22,7.94,58.0,South,9.81,13.52,1031.16,0.0,0.0,3.0,361.7,IMELBO1849.csv
2022/12/29,10:19 AM,16.17,7.78,58.0,South,8.04,12.07,1031.16,0.0,0.0,2.0,305.4,IMELBO1849.csv
2022/12/29,10:24 AM,16.17,7.67,57.0,SSW,5.95,8.85,1031.16,0.0,0.0,2.0,291.0,IMELBO1849.csv
2022/12/29,10:29 AM,16.39,8.11,58.0,SSW,7.4,10.78,1031.16,0.0,0.0,2.0,280.6,IMELBO1849.csv
2022/12/29,10:34 AM,16.44,8.11,58.0,South,7.08,9.98,1031.16,0.0,0.0,3.0,308.4,IMELBO1849.csv
2022/12/29,10:39 AM,16.44,8.22,58.0,SSW,7.56,10.62,1031.16,0.0,0.0,3.0,376.5,IMELBO1849.csv
2022/12/29,10:44 AM,16.67,8.5,59.0,South,8.53,11.26,1031.16,0.0,0.0,3.0,375.6,IMELBO1849.csv
2022/12/29,10:49 AM,16.78,8.83,59.0,South,5.95,9.01,1031.16,0.0,0.0,2.0,297.1,IMELBO1849.csv
2022/12/29,10:54 AM,16.61,8.94,60.0,South,7.4,11.75,1031.16,0.0,0.0,2.0,304.5,IMELBO1849.csv
2022/12/29,10:59 AM,16.61,8.78,60.0,SSE,6.92,10.14,1031.16,0.0,0.0,3.0,352.6,IMELBO1849.csv
2022/12/29,11:04 AM,16.78,8.94,60.0,South,6.44,9.98,1031.16,0.0,0.0,3.0,384.7,IMELBO1849.csv
2022/12/29,11:09 AM,17.17,9.06,59.0,SSE,6.28,9.49,1031.16,0.0,0.0,4.0,426.8,IMELBO1849.csv
2022/12/29,11:14 AM,17.06,8.89,59.0,SSE,7.72,10.94,1031.16,0.0,0.0,4.0,435.9,IMELBO1849.csv
2022/12/29,11:19 AM,16.89,8.83,59.0,SSW,9.49,13.84,1030.82,0.0,0.0,4.0,470.6,IMELBO1849.csv
2022/12/29,11:24 AM,17.17,9.0,59.0,South,10.78,15.77,1030.82,0.0,0.0,4.0,457.7,IMELBO1849.csv
2022/12/29,11:29 AM,17.11,8.94,59.0,SSW,6.28,9.49,1030.82,0.0,0.0,6.0,698.8,IMELBO1849.csv
2022/12/29,11:34 AM,17.67,9.0,57.0,South,6.6,9.81,1030.82,0.0,0.0,7.0,758.7,IMELBO1849.csv
2022/12/29,11:39 AM,18.06,9.22,56.0,SSE,5.79,8.69,1030.82,0.0,0.0,6.0,699.6,IMELBO1849.csv
2022/12/29,11:44 AM,17.78,9.11,57.0,South,7.88,11.26,1030.82,0.0,0.0,4.0,429.0,IMELBO1849.csv
2022/12/29,11:49 AM,17.5,8.94,57.0,South,7.72,10.94,1030.82,0.0,0.0,4.0,409.9,IMELBO1849.csv
2022/12/29,11:54 AM,17.33,9.06,58.0,SSW,8.53,11.26,1030.82,0.0,0.0,4.0,491.9,IMELBO1849.csv
2022/12/29,11:59 AM,17.72,9.22,58.0,SSE,6.76,10.14,1030.48,0.0,0.0,4.0,492.3,IMELBO1849.csv
2022/12/29,12:04 PM,17.44,9.56,60.0,South,7.72,11.58,1030.82,0.0,0.0,3.0,335.3,IMELBO1849.csv
2022/12/29,12:09 PM,17.33,9.56,60.0,South,6.76,9.98,1030.82,0.0,0.0,3.0,369.9,IMELBO1849.csv
2022/12/29,12:14 PM,17.22,9.39,60.0,SSW,8.69,12.55,1030.82,0.0,0.0,3.0,371.8,IMELBO1849.csv
2022/12/29,12:19 PM,17.33,9.22,59.0,SE,6.28,9.33,1030.82,0.0,0.0,3.0,363.1,IMELBO1849.csv
2022/12/29,12:24 PM,17.5,9.17,58.0,SSW,6.92,10.3,1030.82,0.0,0.0,3.0,361.3,IMELBO1849.csv
2022/12/29,12:29 PM,17.56,9.22,58.0,SE,5.63,8.69,1030.82,0.0,0.0,3.0,359.5,IMELBO1849.csv
2022/12/29,12:34 PM,17.78,9.44,58.0,South,6.11,8.04,1030.82,0.0,0.0,3.0,345.2,IMELBO1849.csv
2022/12/29,12:39 PM,17.78,9.5,58.0,South,6.28,9.17,1030.48,0.0,0.0,3.0,385.6,IMELBO1849.csv
2022/12/29,12:44 PM,17.61,9.39,59.0,SSW,10.3,14.48,1030.82,0.0,0.0,4.0,417.3,IMELBO1849.csv
2022/12/29,12:49 PM,17.5,9.22,58.0,SSE,6.6,9.49,1030.82,0.0,0.0,3.0,396.9,IMELBO1849.csv
2022/12/29,12:54 PM,17.72,9.39,58.0,SW,9.17,12.23,1030.48,0.0,0.0,3.0,395.6,IMELBO1849.csv
2022/12/29,12:59 PM,17.5,9.28,59.0,SSW,11.42,14.64,1030.48,0.0,0.0,5.0,514.4,IMELBO1849.csv
2022/12/29,01:04 PM,17.83,9.44,58.0,SSE,9.49,14.96,1030.48,0.0,0.0,5.0,607.3,IMELBO1849.csv
2022/12/29,01:09 PM,17.78,9.39,58.0,SSW,9.17,12.71,1030.48,0.0,0.0,5.0,610.7,IMELBO1849.csv
2022/12/29,01:14 PM,17.67,9.22,58.0,SSW,12.07,16.73,1030.48,0.0,0.0,4.0,450.7,IMELBO1849.csv
2022/12/29,01:19 PM,17.67,9.17,57.0,SSW,9.33,12.55,1030.48,0.0,0.0,4.0,503.6,IMELBO1849.csv
2022/12/29,01:24 PM,17.78,9.22,57.0,SSE,9.49,13.35,1030.48,0.0,0.0,4.0,439.8,IMELBO1849.csv
2022/12/29,01:29 PM,18.11,9.39,57.0,SSW,8.69,13.03,1030.48,0.0,0.0,4.0,487.5,IMELBO1849.csv
2022/12/29,01:34 PM,18.17,9.39,57.0,South,7.24,11.1,1030.48,0.0,0.0,4.0,430.3,IMELBO1849.csv
2022/12/29,01:39 PM,18.06,9.33,57.0,South,8.69,13.52,1030.48,0.0,0.0,3.0,408.1,IMELBO1849.csv
2022/12/29,01:44 PM,17.94,9.39,57.0,SSE,9.33,13.52,1030.48,0.0,0.0,3.0,357.0,IMELBO1849.csv
2022/12/29,01:49 PM,17.89,9.33,57.0,SSW,6.92,9.98,1030.48,0.0,0.0,3.0,362.1,IMELBO1849.csv
2022/12/29,01:54 PM,17.89,9.39,57.0,SSW,10.62,14.48,1030.48,0.0,0.0,3.0,388.7,IMELBO1849.csv
2022/12/29,01:59 PM,17.72,9.33,58.0,SSW,10.62,14.64,1030.14,0.0,0.0,4.0,462.8,IMELBO1849.csv
2022/12/29,02:04 PM,17.94,9.39,57.0,South,7.4,10.46,1030.14,0.0,0.0,5.0,563.8,IMELBO1849.csv
2022/12/29,02:09 PM,18.61,9.78,56.0,SSW,8.69,13.35,1030.14,0.0,0.0,4.0,466.7,IMELBO1849.csv
2022/12/29,02:14 PM,18.56,9.72,56.0,SSE,6.92,10.94,1030.14,0.0,0.0,4.0,429.4,IMELBO1849.csv
2022/12/29,02:19 PM,18.5,9.67,56.0,South,6.92,9.98,1030.14,0.0,0.0,4.0,498.9,IMELBO1849.csv
2022/12/29,02:24 PM,18.61,9.72,56.0,South,9.98,15.29,1030.14,0.0,0.0,5.0,555.3,IMELBO1849.csv
2022/12/29,02:29 PM,18.56,9.67,56.0,SSE,8.21,12.23,1030.14,0.0,0.0,5.0,530.9,IMELBO1849.csv
2022/12/29,02:34 PM,18.78,9.83,56.0,South,7.88,11.75,1030.14,0.0,0.0,4.0,442.5,IMELBO1849.csv
2022/12/29,02:39 PM,18.78,9.83,56.0,South,7.4,10.78,1030.14,0.0,0.0,3.0,405.5,IMELBO1849.csv
2022/12/29,02:44 PM,18.44,9.78,57.0,South,7.72,10.94,1030.14,0.0,0.0,5.0,515.3,IMELBO1849.csv
2022/12/29,02:49 PM,18.78,10.06,57.0,SSE,8.04,11.75,1029.8,0.0,0.0,6.0,688.0,IMELBO1849.csv
2022/12/29,02:54 PM,18.67,9.94,57.0,SSW,9.49,13.84,1029.8,0.0,0.0,6.0,711.4,IMELBO1849.csv
2022/12/29,02:59 PM,18.39,10.0,58.0,SSW,11.91,16.57,1029.8,0.0,0.0,6.0,625.0,IMELBO1849.csv
2022/12/29,03:04 PM,18.72,10.06,57.0,SW,9.01,13.19,1029.8,0.0,0.0,5.0,584.8,IMELBO1849.csv
2022/12/29,03:09 PM,18.33,10.17,59.0,South,11.91,16.41,1029.8,0.0,0.0,4.0,466.7,IMELBO1849.csv
2022/12/29,03:14 PM,18.11,10.0,59.0,South,9.33,13.19,1029.8,0.0,0.0,3.0,336.5,IMELBO1849.csv
2022/12/29,03:19 PM,18.06,10.11,60.0,SW,10.62,14.8,1029.8,0.0,0.0,5.0,531.8,IMELBO1849.csv
2022/12/29,03:24 PM,18.22,10.11,59.0,SSW,9.33,12.87,1029.8,0.0,0.0,4.0,503.6,IMELBO1849.csv
2022/12/29,03:29 PM,18.33,10.22,59.0,SW,12.39,17.06,1029.8,0.0,0.0,3.0,377.8,IMELBO1849.csv
2022/12/29,03:34 PM,17.83,9.89,60.0,South,8.21,11.75,1029.8,0.0,0.0,3.0,333.5,IMELBO1849.csv
2022/12/29,03:39 PM,18.17,10.17,59.0,SSW,9.49,14.48,1029.8,0.0,0.0,3.0,307.1,IMELBO1849.csv
2022/12/29,03:44 PM,17.83,10.0,60.0,SSW,10.46,14.48,1029.8,0.0,0.0,3.0,399.4,IMELBO1849.csv
2022/12/29,03:49 PM,17.94,10.11,60.0,SSW,9.49,13.68,1029.8,0.0,0.0,3.0,397.4,IMELBO1849.csv
2022/12/29,03:54 PM,17.89,10.06,60.0,SSE,10.14,14.0,1029.8,0.0,0.0,3.0,355.6,IMELBO1849.csv
2022/12/29,03:59 PM,17.94,10.06,60.0,SSW,10.94,14.8,1029.8,0.0,0.0,3.0,368.7,IMELBO1849.csv
2022/12/29,04:04 PM,17.89,10.11,60.0,South,10.14,14.32,1029.8,0.0,0.0,3.0,354.4,IMELBO1849.csv
2022/12/29,04:09 PM,17.67,10.06,61.0,SSW,12.07,16.09,1029.8,0.0,0.0,3.0,341.0,IMELBO1849.csv
2022/12/29,04:14 PM,17.67,10.17,61.0,SSW,7.88,11.91,1029.46,0.0,0.0,2.0,299.2,IMELBO1849.csv
2022/12/29,04:19 PM,17.83,10.22,61.0,South,8.37,11.1,1029.8,0.0,0.0,3.0,315.8,IMELBO1849.csv
2022/12/29,04:24 PM,17.61,10.22,62.0,SW,14.16,18.34,1029.46,0.0,0.0,2.0,306.2,IMELBO1849.csv
2022/12/29,04:29 PM,17.33,10.06,62.0,SSW,9.49,13.19,1029.46,0.0,0.0,2.0,275.4,IMELBO1849.csv
2022/12/29,04:34 PM,17.33,10.06,62.0,SSW,14.32,19.79,1029.46,0.0,0.0,3.0,359.2,IMELBO1849.csv
2022/12/29,04:39 PM,17.44,10.11,62.0,South,10.62,14.64,1029.8,0.0,0.0,3.0,383.0,IMELBO1849.csv
2022/12/29,04:44 PM,17.72,10.28,62.0,SSW,9.33,13.19,1029.8,0.0,0.0,8.0,861.1,IMELBO1849.csv
2022/12/29,04:49 PM,18.11,10.39,61.0,South,9.65,13.68,1029.8,0.0,0.0,5.0,520.0,IMELBO1849.csv
2022/12/29,04:54 PM,17.89,10.33,61.0,SSW,9.65,13.84,1029.8,0.0,0.0,2.0,276.2,IMELBO1849.csv
2022/12/29,04:59 PM,17.5,10.17,62.0,South,9.33,12.87,1029.46,0.0,0.0,2.0,279.8,IMELBO1849.csv
2022/12/29,05:04 PM,17.44,10.11,62.0,SSW,9.33,13.52,1029.46,0.0,0.0,2.0,243.7,IMELBO1849.csv
2022/12/29,05:09 PM,17.28,10.11,63.0,SW,12.07,16.73,1029.46,0.0,0.0,2.0,206.9,IMELBO1849.csv
2022/12/29,05:14 PM,17.17,10.0,63.0,South,9.98,13.52,1029.8,0.0,0.0,2.0,224.2,IMELBO1849.csv
2022/12/29,05:19 PM,17.17,10.0,63.0,SSW,9.65,13.35,1029.46,0.0,0.0,2.0,228.1,IMELBO1849.csv
2022/12/29,05:24 PM,17.06,9.94,63.0,SW,9.17,13.19,1029.46,0.0,0.0,2.0,222.5,IMELBO1849.csv
2022/12/29,05:29 PM,17.11,10.0,63.0,SSW,8.53,12.55,1029.46,0.0,0.0,1.0,176.5,IMELBO1849.csv
2022/12/29,05:34 PM,17.06,10.0,63.0,South,7.08,9.33,1029.46,0.0,0.0,1.0,177.8,IMELBO1849.csv
2022/12/29,05:39 PM,16.94,10.06,64.0,SSW,10.3,14.32,1029.8,0.0,0.0,1.0,171.3,IMELBO1849.csv
2022/12/29,05:44 PM,16.89,10.11,64.0,SW,9.33,13.35,1029.46,0.0,0.0,1.0,173.5,IMELBO1849.csv
2022/12/29,05:49 PM,16.61,9.89,64.0,SSW,12.39,15.61,1029.46,0.0,0.0,1.0,167.4,IMELBO1849.csv
2022/12/29,05:54 PM,16.83,10.0,64.0,SSW,8.21,12.07,1029.46,0.0,0.0,1.0,158.7,IMELBO1849.csv
2022/12/29,05:59 PM,16.78,10.06,64.0,SSW,11.42,15.77,1029.46,0.0,0.0,1.0,156.6,IMELBO1849.csv
2022/12/29,06:04 PM,16.5,9.89,65.0,SSW,9.49,13.19,1029.46,0.0,0.0,1.0,131.4,IMELBO1849.csv
2022/12/29,06:09 PM,16.72,9.94,64.0,South,7.24,10.62,1029.46,0.0,0.0,1.0,121.4,IMELBO1849.csv
2022/12/29,06:14 PM,16.61,9.94,65.0,SSW,7.72,10.62,1029.46,0.0,0.0,1.0,104.5,IMELBO1849.csv
2022/12/29,06:19 PM,16.67,9.83,64.0,SSW,7.08,10.14,1029.46,0.0,0.0,0.0,98.4,IMELBO1849.csv
2022/12/29,06:24 PM,16.56,9.78,64.0,South,7.08,10.3,1029.46,0.0,0.0,0.0,92.4,IMELBO1849.csv
2022/12/29,06:29 PM,16.56,9.78,64.0,SSW,8.69,11.91,1029.46,0.0,0.0,0.0,92.7,IMELBO1849.csv
2022/12/29,06:34 PM,16.39,9.72,65.0,SSW,10.14,14.64,1029.46,0.0,0.0,0.0,91.5,IMELBO1849.csv
2022/12/29,06:39 PM,16.33,9.83,65.0,SSW,9.33,12.55,1029.46,0.0,0.0,0.0,91.0,IMELBO1849.csv
2022/12/29,06:44 PM,16.28,9.89,66.0,SSW,9.01,12.87,1029.46,0.0,0.0,0.0,87.6,IMELBO1849.csv
2022/12/29,06:49 PM,16.33,10.0,66.0,SW,8.37,12.23,1029.46,0.0,0.0,0.0,82.0,IMELBO1849.csv
2022/12/29,06:54 PM,16.28,9.94,66.0,SSW,11.26,15.29,1029.46,0.0,0.0,0.0,74.5,IMELBO1849.csv
2022/12/29,06:59 PM,16.28,9.94,66.0,SSW,7.72,10.62,1029.46,0.0,0.0,0.0,75.0,IMELBO1849.csv
2022/12/29,07:04 PM,16.28,10.06,66.0,SSW,8.04,11.75,1029.46,0.0,0.0,0.0,70.2,IMELBO1849.csv
2022/12/29,07:09 PM,16.28,10.11,67.0,SW,9.33,12.87,1029.46,0.0,0.0,0.0,68.0,IMELBO1849.csv
2022/12/29,07:14 PM,16.17,10.22,68.0,SW,10.78,14.48,1029.46,0.0,0.0,0.0,69.4,IMELBO1849.csv
2022/12/29,07:19 PM,16.17,10.28,68.0,SSW,7.72,11.42,1029.8,0.0,0.0,0.0,61.5,IMELBO1849.csv
2022/12/29,07:24 PM,16.17,10.28,68.0,SW,8.85,12.07,1029.8,0.0,0.0,0.0,59.3,IMELBO1849.csv
2022/12/29,07:29 PM,16.0,10.28,69.0,SW,10.46,14.8,1029.8,0.0,0.0,0.0,49.8,IMELBO1849.csv
2022/12/29,07:34 PM,15.94,10.22,69.0,SSW,9.33,12.87,1029.8,0.0,0.0,0.0,44.7,IMELBO1849.csv
2022/12/29,07:39 PM,15.78,10.39,70.0,SW,8.04,11.26,1029.46,0.0,0.0,0.0,30.3,IMELBO1849.csv
2022/12/29,07:44 PM,15.78,10.33,70.0,SW,9.81,13.19,1029.46,0.0,0.0,0.0,30.7,IMELBO1849.csv
2022/12/29,07:49 PM,15.78,10.39,70.0,SSW,5.95,8.21,1029.8,0.0,0.0,0.0,30.7,IMELBO1849.csv
2022/12/29,07:54 PM,15.78,10.44,71.0,SW,8.04,11.58,1029.8,0.0,0.0,0.0,30.7,IMELBO1849.csv
2022/12/29,07:59 PM,15.72,10.5,71.0,SW,8.04,11.75,1029.8,0.0,0.0,0.0,28.6,IMELBO1849.csv
2022/12/29,08:04 PM,15.72,10.56,71.0,SW,9.98,12.87,1029.46,0.0,0.0,0.0,25.1,IMELBO1849.csv
2022/12/29,08:09 PM,15.61,10.61,72.0,SW,10.94,13.68,1029.8,0.0,0.0,0.0,23.4,IMELBO1849.csv
2022/12/29,08:14 PM,15.5,10.67,73.0,SSW,10.3,13.52,1029.8,0.0,0.0,0.0,17.3,IMELBO1849.csv
2022/12/29,08:19 PM,15.5,10.72,73.0,SW,7.24,9.49,1029.8,0.0,0.0,0.0,13.0,IMELBO1849.csv
2022/12/29,08:24 PM,15.61,10.78,73.0,SW,7.88,11.26,1029.8,0.0,0.0,0.0,9.9,IMELBO1849.csv
2022/12/29,08:29 PM,15.5,10.72,73.0,SW,9.49,12.71,1029.8,0.0,0.0,0.0,8.2,IMELBO1849.csv
2022/12/29,08:34 PM,15.39,10.61,73.0,SW,8.21,11.26,1029.8,0.0,0.0,0.0,6.9,IMELBO1849.csv
2022/12/29,08:39 PM,15.39,10.61,73.0,SW,5.47,7.72,1029.8,0.0,0.0,0.0,5.1,IMELBO1849.csv
2022/12/29,08:44 PM,15.39,10.61,73.0,SW,6.6,9.17,1029.8,0.0,0.0,0.0,2.9,IMELBO1849.csv
2022/12/29,08:49 PM,15.28,10.72,74.0,SW,6.11,8.21,1029.46,0.0,0.0,0.0,1.2,IMELBO1849.csv
2022/12/29,08:54 PM,15.22,10.67,74.0,SW,6.44,8.69,1029.46,0.0,0.0,0.0,0.0,IMELBO1849.csv
2022/12/29,08:59 PM,15.22,10.61,74.0,SW,5.95,7.88,1029.46,0.0,0.0,0.0,0.0,IMELBO1849.csv
2022/12/29,09:04 PM,15.11,10.67,75.0,SW,6.76,9.17,1029.46,0.0,0.0,0.0,0.0,IMELBO1849.csv
2022/12/29,09:09 PM,15.0,10.72,76.0,WSW,6.28,8.37,1029.46,0.0,0.0,0.0,0.0,IMELBO1849.csv
2022/12/29,09:14 PM,15.0,10.78,76.0,WSW,4.99,6.44,1029.46,0.0,0.0,0.0,0.0,IMELBO1849.csv
2022/12/29,09:19 PM,15.06,10.83,76.0,WSW,4.83,6.92,1029.46,0.0,0.0,0.0,0.0,IMELBO1849.csv
2022/12/29,09:24 PM,15.11,10.89,76.0,SW,5.79,7.72,1029.46,0.0,0.0,0.0,0.0,IMELBO1849.csv
2022/12/29,09:29 PM,15.11,10.89,76.0,SW,4.83,6.44,1029.46,0.0,0.0,0.0,0.0,IMELBO1849.csv
2022/12/29,09:34 PM,15.11,10.89,76.0,WSW,4.67,7.24,1029.46,0.0,0.0,0.0,0.0,IMELBO1849.csv
2022/12/29,09:39 PM,15.17,10.94,76.0,SW,3.54,4.99,1029.46,0.0,0.0,0.0,0.0,IMELBO1849.csv
2022/12/29,09:44 PM,15.22,11.0,76.0,WSW,2.9,4.34,1029.12,0.0,0.0,0.0,0.0,IMELBO1849.csv
2022/12/29,09:49 PM,15.22,11.0,76.0,SW,2.41,3.7,1029.46,0.0,0.0,0.0,0.0,IMELBO1849.csv
2022/12/29,09:54 PM,15.22,11.0,76.0,WSW,2.09,3.38,1029.46,0.0,0.0,0.0,0.0,IMELBO1849.csv
2022/12/29,09:59 PM,15.22,11.0,76.0,WNW,2.25,3.38,1029.46,0.0,0.0,0.0,0.0,IMELBO1849.csv
2022/12/29,10:04 PM,15.22,11.0,76.0,West,2.09,3.38,1029.46,0.0,0.0,0.0,0.0,IMELBO1849.csv
2022/12/29,10:09 PM,15.22,11.11,77.0,West,3.22,4.83,1029.12,0.0,0.0,0.0,0.0,IMELBO1849.csv
2022/12/29,10:14 PM,15.11,11.17,77.0,WSW,3.54,5.47,1029.12,0.0,0.0,0.0,0.0,IMELBO1849.csv
2022/12/29,10:19 PM,15.11,11.22,78.0,West,3.06,4.34,1029.12,0.0,0.0,0.0,0.0,IMELBO1849.csv
2022/12/29,10:24 PM,15.06,11.06,77.0,WNW,4.51,7.08,1029.12,0.0,0.0,0.0,0.0,IMELBO1849.csv
2022/12/29,10:29 PM,15.0,11.0,77.0,WNW,4.18,5.79,1029.12,0.0,0.0,0.0,0.0,IMELBO1849.csv
2022/12/29,10:34 PM,15.0,11.0,77.0,WNW,6.44,8.85,1029.12,0.0,0.0,0.0,0.0,IMELBO1849.csv
2022/12/29,10:39 PM,14.89,11.11,78.0,West,6.44,9.01,1029.12,0.0,0.0,0.0,0.0,IMELBO1849.csv
2022/12/29,10:44 PM,14.83,11.06,78.0,WNW,3.86,5.47,1029.12,0.0,0.0,0.0,0.0,IMELBO1849.csv
2022/12/29,10:49 PM,14.78,11.0,78.0,WNW,3.54,5.31,1029.12,0.0,0.0,0.0,0.0,IMELBO1849.csv
2022/12/29,10:54 PM,14.78,11.0,78.0,WNW,5.95,7.56,1028.78,0.0,0.0,0.0,0.0,IMELBO1849.csv
2022/12/29,10:59 PM,14.83,11.06,78.0,WNW,3.22,4.51,1028.78,0.0,0.0,0.0,0.0,IMELBO1849.csv
2022/12/29,11:04 PM,14.94,11.17,78.0,West,1.93,3.22,1028.78,0.0,0.0,0.0,0.0,IMELBO1849.csv
2022/12/29,11:09 PM,15.0,11.22,78.0,West,3.7,4.83,1029.12,0.0,0.0,0.0,0.0,IMELBO1849.csv
2022/12/29,11:14 PM,15.11,11.28,78.0,West,1.45,2.41,1028.78,0.0,0.0,0.0,0.0,IMELBO1849.csv
2022/12/29,11:19 PM,15.11,11.44,79.0,West,1.93,3.54,1028.78,0.0,0.0,0.0,0.0,IMELBO1849.csv
2022/12/29,11:24 PM,15.11,11.33,78.0,WNW,4.34,5.79,1028.78,0.0,0.0,0.0,0.0,IMELBO1849.csv
2022/12/29,11:29 PM,15.11,11.5,79.0,WSW,1.61,2.57,1028.78,0.0,0.0,0.0,0.0,IMELBO1849.csv
2022/12/29,11:34 PM,15.17,11.56,79.0,WNW,2.41,3.7,1028.78,0.0,0.0,0.0,0.0,IMELBO1849.csv
2022/12/29,11:39 PM,15.22,11.61,79.0,WNW,2.9,4.34,1028.78,0.0,0.0,0.0,0.0,IMELBO1849.csv
2022/12/29,11:44 PM,15.28,11.78,79.0,WNW,4.67,6.28,1028.78,0.0,0.0,0.0,0.0,IMELBO1849.csv
2022/12/29,11:49 PM,15.28,11.89,80.0,WNW,3.86,5.47,1028.78,0.0,0.0,0.0,0.0,IMELBO1849.csv
2022/12/29,11:54 PM,15.28,11.89,80.0,WNW,4.18,5.63,1028.78,0.0,0.0,0.0,0.0,IMELBO1849.csv
2022/12/29,11:59 PM,15.28,11.72,80.0,West,2.74,3.7,1028.78,0.0,0.0,0.0,0.0,IMELBO1849.csv
2022/12/30,12:04 AM,15.28,11.72,79.0,WNW,3.7,5.47,1028.45,0.0,0.0,0.0,0.0,IMELBO1849.csv
2022/12/30,12:09 AM,15.28,11.72,79.0,WNW,5.31,7.24,1028.45,0.0,0.0,0.0,0.0,IMELBO1849.csv
2022/12/30,12:14 AM,15.28,11.72,79.0,WNW,5.95,8.04,1028.45,0.0,0.0,0.0,0.0,IMELBO1849.csv
2022/12/30,12:19 AM,15.28,11.72,79.0,WNW,4.51,6.44,1028.45,0.0,0.0,0.0,0.0,IMELBO1849.csv
2022/12/30,12:24 AM,15.28,11.72,79.0,WNW,3.38,5.31,1028.11,0.0,0.0,0.0,0.0,IMELBO1849.csv
2022/12/30,12:29 AM,15.28,11.83,80.0,WNW,3.7,4.83,1028.11,0.0,0.0,0.0,0.0,IMELBO1849.csv
2022/12/30,12:34 AM,15.28,11.89,80.0,WNW,2.9,4.18,1028.11,0.0,0.0,0.0,0.0,IMELBO1849.csv
2022/12/30,12:39 AM,15.17,11.78,80.0,WNW,4.51,6.6,1028.11,0.0,0.0,0.0,0.0,IMELBO1849.csv
2022/12/30,12:44 AM,15.06,11.72,80.0,WNW,3.86,5.63,1028.11,0.0,0.0,0.0,0.0,IMELBO1849.csv
2022/12/30,12:49 AM,15.06,11.83,81.0,WNW,3.54,5.31,1028.11,0.0,0.0,0.0,0.0,IMELBO1849.csv
2022/12/30,12:54 AM,15.0,12.0,82.0,WNW,4.67,5.95,1028.11,0.0,0.0,0.0,0.0,IMELBO1849.csv
2022/12/30,12:59 AM,14.89,11.94,82.0,WNW,4.51,6.6,1028.11,0.0,0.0,0.0,0.0,IMELBO1849.csv
2022/12/30,01:04 AM,14.89,11.94,83.0,WNW,4.67,6.6,1027.77,0.0,0.0,0.0,0.0,IMELBO1849.csv
2022/12/30,01:09 AM,14.89,12.0,83.0,WNW,4.02,6.28,1027.77,0.0,0.0,0.0,0.0,IMELBO1849.csv
2022/12/30,01:14 AM,14.83,12.0,83.0,WNW,4.51,6.28,1027.77,0.0,0.0,0.0,0.0,IMELBO1849.csv
2022/12/30,01:19 AM,14.83,12.17,84.0,WNW,4.51,5.95,1027.77,0.0,0.0,0.0,0.0,IMELBO1849.csv
2022/12/30,01:24 AM,14.89,12.22,84.0,WNW,3.7,5.31,1027.77,0.0,0.0,0.0,0.0,IMELBO1849.csv
2022/12/30,01:29 AM,14.83,12.17,84.0,WNW,3.86,5.63,1027.43,0.0,0.0,0.0,0.0,IMELBO1849.csv
2022/12/30,01:34 AM,14.89,12.22,84.0,WNW,4.34,5.79,1027.43,0.0,0.0,0.0,0.0,IMELBO1849.csv
2022/12/30,01:39 AM,14.89,12.33,85.0,WNW,3.38,4.83,1027.43,0.0,0.0,0.0,0.0,IMELBO1849.csv
2022/12/30,01:44 AM,15.0,12.5,85.0,WNW,3.22,4.34,1027.43,0.0,0.0,0.0,0.0,IMELBO1849.csv
2022/12/30,01:49 AM,15.0,12.5,85.0,WNW,2.9,3.86,1027.77,0.0,0.0,0.0,0.0,IMELBO1849.csv
2022/12/30,01:54 AM,15.11,12.61,85.0,WNW,2.25,3.38,1027.77,0.0,0.0,0.0,0.0,IMELBO1849.csv
2022/12/30,01:59 AM,15.11,12.61,85.0,WNW,2.41,3.38,1027.43,0.0,0.0,0.0,0.0,IMELBO1849.csv
2022/12/30,02:04 AM,15.11,12.67,85.0,WNW,3.86,5.31,1027.43,0.0,0.0,0.0,0.0,IMELBO1849.csv
2022/12/30,02:09 AM,15.11,12.78,86.0,WNW,3.22,4.18,1027.43,0.0,0.0,0.0,0.0,IMELBO1849.csv
2022/12/30,02:14 AM,15.11,12.78,86.0,WNW,3.54,4.99,1027.43,0.0,0.0,0.0,0.0,IMELBO1849.csv
2022/12/30,02:19 AM,15.06,12.72,86.0,WNW,3.06,4.02,1027.09,0.0,0.0,0.0,0.0,IMELBO1849.csv
2022/12/30,02:24 AM,14.94,12.78,87.0,WNW,3.06,4.34,1027.09,0.0,0.0,0.0,0.0,IMELBO1849.csv
2022/12/30,02:29 AM,14.83,12.78,87.0,WNW,4.02,5.15,1027.09,0.0,0.0,0.0,0.0,IMELBO1849.csv
2022/12/30,02:34 AM,14.78,12.72,87.0,WNW,2.9,4.34,1027.09,0.0,0.0,0.0,0.0,IMELBO1849.csv
2022/12/30,02:39 AM,14.72,12.72,88.0,WNW,3.22,4.83,1027.43,0.0,0.0,0.0,0.0,IMELBO1849.csv
2022/12/30,02:44 AM,14.67,12.67,88.0,WNW,2.57,3.7,1027.09,0.0,0.0,0.0,0.0,IMELBO1849.csv
2022/12/30,02:49 AM,14.61,12.61,88.0,WNW,2.74,3.86,1027.09,0.0,0.0,0.0,0.0,IMELBO1849.csv
2022/12/30,02:54 AM,14.56,12.56,88.0,WNW,2.25,3.06,1027.09,0.0,0.0,0.0,0.0,IMELBO1849.csv
2022/12/30,02:59 AM,14.5,12.67,89.0,WNW,1.93,2.9,1027.09,0.0,0.0,0.0,0.0,IMELBO1849.csv
2022/12/30,03:04 AM,14.5,12.72,89.0,NW,2.9,4.18,1026.75,0.0,0.0,0.0,0.0,IMELBO1849.csv
2022/12/30,03:09 AM,14.39,12.61,89.0,WNW,3.38,4.83,1027.09,0.0,0.0,0.0,0.0,IMELBO1849.csv
2022/12/30,03:14 AM,14.39,12.61,89.0,WNW,3.54,4.83,1027.09,0.0,0.0,0.0,0.0,IMELBO1849.csv
2022/12/30,03:19 AM,14.39,12.61,89.0,WNW,2.74,3.86,1027.09,0.0,0.0,0.0,0.0,IMELBO1849.csv
2022/12/30,03:24 AM,14.33,12.61,89.0,WNW,2.74,3.54,1026.75,0.0,0.0,0.0,0.0,IMELBO1849.csv
2022/12/30,03:29 AM,14.28,12.72,90.0,WNW,1.77,2.74,1027.09,0.0,0.0,0.0,0.0,IMELBO1849.csv
2022/12/30,03:34 AM,14.22,12.67,90.0,NW,1.45,1.93,1026.75,0.0,0.0,0.0,0.0,IMELBO1849.csv
2022/12/30,03:39 AM,14.22,12.61,90.0,WNW,1.93,2.9,1026.75,0.0,0.0,0.0,0.0,IMELBO1849.csv
2022/12/30,03:44 AM,14.22,12.61,90.0,WNW,2.09,3.06,1026.75,0.0,0.0,0.0,0.0,IMELBO1849.csv
2022/12/30,03:49 AM,14.22,12.67,90.0,WNW,2.09,2.74,1026.75,0.0,0.0,0.0,0.0,IMELBO1849.csv
2022/12/30,03:54 AM,14.11,12.72,91.0,WNW,1.29,1.93,1026.75,0.0,0.0,0.0,0.0,IMELBO1849.csv
2022/12/30,03:59 AM,14.11,12.72,91.0,WNW,1.29,2.09,1026.75,0.0,0.0,0.0,0.0,IMELBO1849.csv
2022/12/30,04:04 AM,14.06,12.67,91.0,NW,1.13,1.93,1026.75,0.0,0.0,0.0,0.0,IMELBO1849.csv
2022/12/30,04:09 AM,13.94,12.56,91.0,NW,1.61,2.09,1026.75,0.0,0.0,0.0,0.0,IMELBO1849.csv
2022/12/30,04:14 AM,13.89,12.5,91.0,WNW,0.64,1.13,1026.75,0.0,0.0,0.0,0.0,IMELBO1849.csv
2022/12/30,04:19 AM,13.78,12.39,91.0,WNW,0.48,0.8,1026.41,0.0,0.0,0.0,0.0,IMELBO1849.csv
2022/12/30,04:24 AM,13.72,12.39,91.0,WNW,0.48,0.8,1026.41,0.0,0.0,0.0,0.0,IMELBO1849.csv
2022/12/30,04:29 AM,13.78,12.61,92.0,WNW,1.13,1.77,1026.41,0.0,0.0,0.0,0.0,IMELBO1849.csv
2022/12/30,04:34 AM,13.72,12.5,92.0,WNW,0.48,1.13,1026.75,0.0,0.0,0.0,0.0,IMELBO1849.csv
2022/12/30,04:39 AM,13.67,12.44,92.0,WNW,0.16,0.48,1026.75,0.0,0.0,0.0,0.0,IMELBO1849.csv
2022/12/30,04:44 AM,13.78,12.56,92.0,WNW,0.48,0.97,1026.75,0.0,0.0,0.0,0.0,IMELBO1849.csv
2022/12/30,04:49 AM,13.67,12.44,92.0,WNW,0.0,0.0,1026.75,0.0,0.0,0.0,0.0,IMELBO1849.csv
2022/12/30,04:54 AM,13.61,12.39,92.0,WNW,0.16,0.16,1027.09,0.0,0.0,0.0,0.0,IMELBO1849.csv
2022/12/30,04:59 AM,13.67,12.44,92.0,WNW,0.97,1.45,1026.75,0.0,0.0,0.0,0.0,IMELBO1849.csv
2022/12/30,05:04 AM,13.72,12.5,92.0,WNW,0.48,0.97,1026.75,0.0,0.0,0.0,0.0,IMELBO1849.csv
2022/12/30,05:09 AM,13.72,12.56,92.0,WNW,0.48,0.8,1026.75,0.0,0.0,0.0,0.0,IMELBO1849.csv
2022/12/30,05:14 AM,13.78,12.61,92.0,WNW,0.64,0.97,1027.09,0.0,0.0,0.0,0.0,IMELBO1849.csv
2022/12/30,05:19 AM,13.83,12.67,92.0,WNW,0.8,1.45,1027.09,0.0,0.0,0.0,0.0,IMELBO1849.csv
2022/12/30,05:24 AM,13.94,12.72,92.0,WNW,1.13,1.77,1027.09,0.0,0.0,0.0,0.0,IMELBO1849.csv
2022/12/30,05:29 AM,14.0,12.78,92.0,NW,1.77,2.41,1027.09,0.0,0.0,0.0,0.0,IMELBO1849.csv
2022/12/30,05:34 AM,14.11,12.89,92.0,NW,3.22,4.83,1027.09,0.0,0.0,0.0,0.0,IMELBO1849.csv
2022/12/30,05:39 AM,14.22,13.0,92.0,NW,2.57,3.22,1027.09,0.0,0.0,0.0,0.0,IMELBO1849.csv
2022/12/30,05:44 AM,14.22,12.78,91.0,NW,1.61,2.57,1027.09,0.0,0.0,0.0,0.0,IMELBO1849.csv
2022/12/30,05:49 AM,14.28,12.89,91.0,NW,1.13,1.93,1027.09,0.0,0.0,0.0,0.0,IMELBO1849.csv
2022/12/30,05:54 AM,14.28,12.89,91.0,NW,1.45,2.09,1027.09,0.0,0.0,0.0,0.0,IMELBO1849.csv
2022/12/30,05:59 AM,14.28,12.89,91.0,NW,1.13,1.93,1027.09,0.0,0.0,0.0,1.2,IMELBO1849.csv
2022/12/30,06:04 AM,14.39,13.0,91.0,NW,1.45,2.09,1027.09,0.0,0.0,0.0,3.4,IMELBO1849.csv
2022/12/30,06:09 AM,14.39,12.78,90.0,NW,1.77,2.57,1027.09,0.0,0.0,0.0,6.0,IMELBO1849.csv
2022/12/30,06:14 AM,14.39,12.78,90.0,NW,1.61,2.41,1027.43,0.0,0.0,0.0,9.1,IMELBO1849.csv
2022/12/30,06:19 AM,14.5,12.89,90.0,NW,2.09,3.06,1027.43,0.0,0.0,0.0,12.5,IMELBO1849.csv
2022/12/30,06:24 AM,14.5,12.83,90.0,WNW,1.93,2.74,1027.43,0.0,0.0,0.0,18.1,IMELBO1849.csv
2022/12/30,06:29 AM,14.61,12.78,89.0,WNW,2.57,3.06,1027.43,0.0,0.0,0.0,23.9,IMELBO1849.csv
2022/12/30,06:34 AM,14.61,12.78,89.0,NW,2.09,3.06,1027.43,0.0,0.0,0.0,31.2,IMELBO1849.csv
2022/12/30,06:39 AM,14.72,12.89,89.0,WNW,3.06,4.34,1027.43,0.0,0.0,0.0,32.9,IMELBO1849.csv
2022/12/30,06:44 AM,14.72,12.72,88.0,WNW,2.41,3.22,1027.43,0.0,0.0,0.0,33.8,IMELBO1849.csv
2022/12/30,06:49 AM,14.78,12.78,88.0,WNW,3.38,4.18,1027.43,0.0,0.0,0.0,38.2,IMELBO1849.csv
2022/12/30,06:54 AM,14.89,12.83,88.0,WNW,2.41,3.38,1027.77,0.0,0.0,0.0,40.2,IMELBO1849.csv
2022/12/30,06:59 AM,14.94,12.83,87.0,WNW,2.41,3.7,1027.77,0.0,0.0,0.0,50.7,IMELBO1849.csv
2022/12/30,07:04 AM,15.11,12.83,86.0,WNW,2.9,3.7,1027.77,0.0,0.0,0.0,56.3,IMELBO1849.csv
2022/12/30,07:09 AM,15.33,12.83,85.0,WNW,2.57,3.38,1027.77,0.0,0.0,0.0,71.6,IMELBO1849.csv
2022/12/30,07:14 AM,15.61,13.0,85.0,WNW,1.77,2.57,1027.77,0.0,0.0,0.0,83.2,IMELBO1849.csv
2022/12/30,07:19 AM,15.72,12.94,84.0,NW,2.41,3.22,1027.77,0.0,0.0,0.0,94.6,IMELBO1849.csv
2022/12/30,07:24 AM,15.89,12.94,83.0,WNW,1.93,2.74,1027.77,0.0,0.0,1.0,109.2,IMELBO1849.csv
2022/12/30,07:29 AM,16.17,13.0,82.0,WNW,2.9,4.18,1027.77,0.0,0.0,1.0,124.4,IMELBO1849.csv
2022/12/30,07:34 AM,16.33,13.0,81.0,NW,2.74,3.7,1028.11,0.0,0.0,1.0,135.7,IMELBO1849.csv
2022/12/30,07:39 AM,16.5,13.06,80.0,WNW,2.74,3.86,1028.11,0.0,0.0,1.0,127.1,IMELBO1849.csv
2022/12/30,07:44 AM,16.72,13.11,79.0,NW,3.06,4.34,1027.77,0.0,0.0,1.0,161.7,IMELBO1849.csv
2022/12/30,07:49 AM,17.06,13.17,78.0,WNW,2.09,3.06,1027.77,0.0,0.0,1.0,160.9,IMELBO1849.csv
2022/12/30,07:54 AM,17.22,13.11,77.0,NW,3.7,4.99,1028.11,0.0,0.0,1.0,193.4,IMELBO1849.csv
2022/12/30,07:59 AM,17.28,13.06,76.0,WNW,3.22,4.99,1028.11,0.0,0.0,2.0,210.8,IMELBO1849.csv
2022/12/30,08:04 AM,17.39,13.11,76.0,WNW,3.06,4.34,1028.11,0.0,0.0,2.0,234.6,IMELBO1849.csv
2022/12/30,08:09 AM,17.72,13.22,75.0,NW,3.06,4.18,1028.11,0.0,0.0,2.0,238.1,IMELBO1849.csv
2022/12/30,08:14 AM,17.83,13.28,75.0,WNW,2.9,4.34,1028.11,0.0,0.0,2.0,260.7,IMELBO1849.csv
2022/12/30,08:19 AM,17.78,13.28,75.0,WNW,4.67,6.28,1027.77,0.0,0.0,2.0,282.8,IMELBO1849.csv
2022/12/30,08:24 AM,18.06,13.33,74.0,WNW,1.77,2.74,1028.11,0.0,0.0,2.0,288.0,IMELBO1849.csv
2022/12/30,08:29 AM,18.72,13.44,72.0,NW,2.09,2.9,1028.11,0.0,0.0,3.0,310.6,IMELBO1849.csv
2022/12/30,08:34 AM,18.78,13.5,72.0,NW,3.38,4.99,1027.77,0.0,0.0,3.0,328.7,IMELBO1849.csv
2022/12/30,08:39 AM,18.89,13.61,71.0,NW,2.09,3.38,1028.11,0.0,0.0,3.0,362.6,IMELBO1849.csv
2022/12/30,08:44 AM,19.22,13.67,70.0,NNW,2.25,3.38,1028.11,0.0,0.0,3.0,373.9,IMELBO1849.csv
2022/12/30,08:49 AM,19.28,13.67,70.0,WNW,3.38,4.83,1028.11,0.0,0.0,3.0,387.3,IMELBO1849.csv
2022/12/30,08:54 AM,19.06,13.44,70.0,WNW,2.09,3.06,1028.11,0.0,0.0,3.0,394.7,IMELBO1849.csv
2022/12/30,08:59 AM,19.22,13.61,70.0,NW,2.09,2.9,1028.11,0.0,0.0,3.0,387.3,IMELBO1849.csv
2022/12/30,09:04 AM,19.72,13.61,68.0,NNW,2.09,3.06,1028.11,0.0,0.0,3.0,406.0,IMELBO1849.csv
2022/12/30,09:09 AM,20.22,13.89,67.0,WNW,2.25,3.22,1028.11,0.0,0.0,4.0,426.3,IMELBO1849.csv
2022/12/30,09:14 AM,19.72,13.67,68.0,WNW,2.25,2.9,1028.11,0.0,0.0,4.0,453.7,IMELBO1849.csv
2022/12/30,09:19 AM,20.0,13.83,68.0,WNW,3.54,5.47,1028.11,0.0,0.0,4.0,468.1,IMELBO1849.csv
2022/12/30,09:24 AM,19.89,13.83,68.0,WNW,1.93,2.74,1028.11,0.0,0.0,4.0,476.3,IMELBO1849.csv
2022/12/30,09:29 AM,20.56,13.94,66.0,NNW,1.45,2.57,1027.77,0.0,0.0,4.0,480.7,IMELBO1849.csv
2022/12/30,09:34 AM,20.89,14.06,65.0,NNW,2.41,3.22,1028.11,0.0,0.0,4.0,484.1,IMELBO1849.csv
2022/12/30,09:39 AM,21.17,14.17,64.0,NW,0.97,1.45,1028.11,0.0,0.0,4.0,491.1,IMELBO1849.csv
2022/12/30,09:44 AM,21.44,14.39,64.0,NNE,1.45,2.25,1028.11,0.0,0.0,5.0,522.7,IMELBO1849.csv
2022/12/30,09:49 AM,21.72,14.5,64.0,NW,1.93,3.06,1027.77,0.0,0.0,5.0,540.8,IMELBO1849.csv
2022/12/30,09:54 AM,21.83,14.39,63.0,WNW,1.29,2.09,1027.77,0.0,0.0,5.0,567.8,IMELBO1849.csv
2022/12/30,09:59 AM,22.11,14.5,62.0,West,1.45,2.25,1027.77,0.0,0.0,5.0,577.8,IMELBO1849.csv
2022/12/30,10:04 AM,22.39,14.67,62.0,SW,3.22,4.51,1027.43,0.0,0.0,5.0,594.3,IMELBO1849.csv
2022/12/30,10:09 AM,21.94,14.61,63.0,East,5.15,6.44,1027.43,0.0,0.0,5.0,597.7,IMELBO1849.csv
2022/12/30,10:14 AM,21.67,14.39,63.0,NE,3.22,4.34,1027.43,0.0,0.0,6.0,620.7,IMELBO1849.csv
2022/12/30,10:19 AM,22.0,14.67,63.0,,2.57,3.54,1027.43,0.0,0.0,6.0,627.2,IMELBO1849.csv
2022/12/30,10:24 AM,22.33,14.56,61.0,North,1.13,1.93,1027.43,0.0,0.0,5.0,602.5,IMELBO1849.csv
2022/12/30,10:29 AM,22.67,14.67,61.0,East,1.93,2.9,1027.43,0.0,0.0,6.0,638.1,IMELBO1849.csv
2022/12/30,10:34 AM,22.94,14.89,60.0,ESE,2.74,3.7,1027.09,0.0,0.0,6.0,648.9,IMELBO1849.csv
2022/12/30,10:39 AM,22.94,14.89,60.0,NE,2.57,3.38,1027.09,0.0,0.0,6.0,657.2,IMELBO1849.csv
2022/12/30,10:44 AM,23.17,15.11,61.0,ESE,3.54,4.83,1027.09,0.0,0.0,6.0,679.3,IMELBO1849.csv
2022/12/30,10:49 AM,22.5,14.78,62.0,SE,2.9,3.86,1027.09,0.0,0.0,6.0,685.8,IMELBO1849.csv
2022/12/30,10:54 AM,22.78,14.89,61.0,East,4.67,6.44,1027.09,0.0,0.0,6.0,687.2,IMELBO1849.csv
2022/12/30,10:59 AM,23.11,14.94,60.0,East,2.9,3.7,1027.09,0.0,0.0,6.0,673.7,IMELBO1849.csv
2022/12/30,11:04 AM,23.33,15.06,60.0,ENE,2.9,3.86,1027.09,0.0,0.0,7.0,719.6,IMELBO1849.csv
2022/12/30,11:09 AM,24.0,15.17,58.0,East,2.41,3.54,1026.75,0.0,0.0,7.0,729.6,IMELBO1849.csv
2022/12/30,11:14 AM,24.22,15.28,57.0,SE,3.06,4.34,1026.75,0.0,0.0,7.0,729.1,IMELBO1849.csv
2022/12/30,11:19 AM,24.39,15.22,56.0,SE,3.38,4.67,1026.75,0.0,0.0,7.0,737.4,IMELBO1849.csv
2022/12/30,11:24 AM,24.44,15.22,56.0,ESE,2.9,3.86,1026.75,0.0,0.0,7.0,747.8,IMELBO1849.csv
2022/12/30,11:29 AM,24.78,15.17,55.0,ESE,2.09,2.74,1026.75,0.0,0.0,7.0,758.7,IMELBO1849.csv
2022/12/30,11:34 AM,25.0,15.11,54.0,SSW,2.74,3.7,1026.41,0.0,0.0,7.0,761.3,IMELBO1849.csv
2022/12/30,11:39 AM,25.17,15.33,54.0,SSW,4.02,5.47,1026.41,0.0,0.0,7.0,777.8,IMELBO1849.csv
2022/12/30,11:44 AM,25.28,15.11,53.0,SSW,3.06,3.86,1026.75,0.0,0.0,7.0,787.4,IMELBO1849.csv
2022/12/30,11:49 AM,26.11,15.56,52.0,SE,2.9,4.34,1026.41,0.0,0.0,7.0,794.7,IMELBO1849.csv
2022/12/30,11:54 AM,26.06,15.22,51.0,SE,3.22,4.51,1026.41,0.0,0.0,7.0,799.0,IMELBO1849.csv
2022/12/30,11:59 AM,26.0,15.28,52.0,SSW,4.34,5.95,1026.08,0.0,0.0,7.0,809.5,IMELBO1849.csv
2022/12/30,12:04 PM,26.11,15.22,51.0,SSW,4.34,6.11,1026.08,0.0,0.0,7.0,812.1,IMELBO1849.csv
2022/12/30,12:09 PM,26.0,15.11,51.0,SW,5.31,7.88,1026.08,0.0,0.0,7.0,812.1,IMELBO1849.csv
2022/12/30,12:14 PM,26.78,15.17,49.0,SE,2.74,4.02,1026.08,0.0,0.0,7.0,810.7,IMELBO1849.csv
2022/12/30,12:19 PM,27.06,15.44,49.0,SSE,4.51,6.28,1026.08,0.0,0.0,7.0,814.3,IMELBO1849.csv
2022/12/30,12:24 PM,26.89,15.28,49.0,ESE,4.99,6.28,1026.08,0.0,0.0,8.0,821.1,IMELBO1849.csv
2022/12/30,12:29 PM,26.83,15.17,49.0,SSE,3.7,5.15,1025.74,0.0,0.0,8.0,824.2,IMELBO1849.csv
2022/12/30,12:34 PM,27.28,15.28,48.0,ESE,4.18,5.95,1025.74,0.0,0.0,7.0,818.5,IMELBO1849.csv
2022/12/30,12:39 PM,27.28,15.56,49.0,SE,3.86,5.47,1025.74,0.0,0.0,7.0,812.4,IMELBO1849.csv
2022/12/30,12:44 PM,26.94,15.61,50.0,SW,7.4,9.98,1025.74,0.0,0.0,7.0,800.8,IMELBO1849.csv
2022/12/30,12:49 PM,26.5,15.11,49.0,SSW,5.95,8.21,1025.74,0.0,0.0,7.0,763.0,IMELBO1849.csv
2022/12/30,12:54 PM,27.17,15.56,49.0,SW,4.34,5.95,1025.74,0.0,0.0,7.0,757.9,IMELBO1849.csv
2022/12/30,12:59 PM,27.39,15.5,48.0,South,3.86,5.31,1025.4,0.0,0.0,7.0,770.8,IMELBO1849.csv
2022/12/30,01:04 PM,27.39,15.39,48.0,ESE,4.34,6.28,1025.4,0.0,0.0,7.0,788.2,IMELBO1849.csv
2022/12/30,01:09 PM,27.67,15.33,47.0,SE,2.57,3.54,1025.4,0.0,0.0,7.0,791.3,IMELBO1849.csv
2022/12/30,01:14 PM,28.28,16.11,48.0,South,4.02,5.95,1025.4,0.0,0.0,7.0,800.8,IMELBO1849.csv
2022/12/30,01:19 PM,28.17,16.22,48.0,South,4.51,6.6,1025.4,0.0,0.0,7.0,809.0,IMELBO1849.csv
2022/12/30,01:24 PM,27.94,16.11,49.0,South,7.4,9.98,1025.4,0.0,0.0,7.0,822.0,IMELBO1849.csv
2022/12/30,01:29 PM,26.72,15.78,51.0,South,6.6,8.85,1025.4,0.0,0.0,7.0,814.6,IMELBO1849.csv
2022/12/30,01:34 PM,26.83,15.61,50.0,SSE,6.6,9.17,1025.4,0.0,0.0,8.0,824.2,IMELBO1849.csv
2022/12/30,01:39 PM,27.06,15.72,50.0,South,5.63,8.37,1025.4,0.0,0.0,8.0,825.0,IMELBO1849.csv
2022/12/30,01:44 PM,27.56,15.94,49.0,SE,5.79,8.53,1025.4,0.0,0.0,7.0,809.5,IMELBO1849.csv
2022/12/30,01:49 PM,27.5,15.89,49.0,South,5.15,7.24,1025.4,0.0,0.0,7.0,788.6,IMELBO1849.csv
2022/12/30,01:54 PM,27.22,15.72,50.0,SSW,6.76,9.81,1025.4,0.0,0.0,7.0,804.7,IMELBO1849.csv
2022/12/30,01:59 PM,26.89,15.56,50.0,South,7.88,11.1,1025.06,0.0,0.0,8.0,830.7,IMELBO1849.csv
2022/12/30,02:04 PM,26.78,15.39,50.0,South,7.4,10.14,1025.06,0.0,0.0,8.0,834.6,IMELBO1849.csv
2022/12/30,02:09 PM,27.5,15.83,49.0,South,5.47,8.37,1025.06,0.0,0.0,8.0,840.2,IMELBO1849.csv
2022/12/30,02:14 PM,27.56,16.0,49.0,SE,5.47,8.21,1025.06,0.0,0.0,8.0,840.7,IMELBO1849.csv
2022/12/30,02:19 PM,27.61,15.78,49.0,SSE,6.11,8.85,1025.06,0.0,0.0,8.0,845.8,IMELBO1849.csv
2022/12/30,02:24 PM,27.56,15.78,49.0,SSW,6.76,9.65,1025.06,0.0,0.0,8.0,841.5,IMELBO1849.csv
2022/12/30,02:29 PM,27.72,15.78,48.0,South,5.95,8.85,1024.72,0.0,0.0,8.0,824.7,IMELBO1849.csv
2022/12/30,02:34 PM,27.39,15.72,49.0,SSE,6.11,9.33,1025.06,0.0,0.0,8.0,834.6,IMELBO1849.csv
2022/12/30,02:39 PM,27.06,15.56,49.0,SSE,6.6,9.17,1025.06,0.0,0.0,7.0,810.7,IMELBO1849.csv
2022/12/30,02:44 PM,26.72,15.39,50.0,SSW,6.11,8.85,1025.06,0.0,0.0,5.0,512.7,IMELBO1849.csv
2022/12/30,02:49 PM,26.39,15.33,51.0,SSW,7.56,9.65,1024.72,0.0,0.0,3.0,367.9,IMELBO1849.csv
2022/12/30,02:54 PM,26.06,15.11,51.0,SE,5.31,8.04,1024.72,0.0,0.0,6.0,651.6,IMELBO1849.csv
2022/12/30,02:59 PM,26.22,15.17,50.0,SSW,7.72,10.62,1024.72,0.0,0.0,5.0,605.9,IMELBO1849.csv
2022/12/30,03:04 PM,26.5,15.28,50.0,South,5.63,8.21,1024.72,0.0,0.0,8.0,851.5,IMELBO1849.csv
2022/12/30,03:09 PM,26.89,15.39,49.0,ESE,5.47,8.37,1024.72,0.0,0.0,8.0,874.5,IMELBO1849.csv
2022/12/30,03:14 PM,27.06,15.56,49.0,SSE,5.79,8.37,1024.72,0.0,0.0,7.0,816.3,IMELBO1849.csv
2022/12/30,03:19 PM,27.39,15.72,49.0,SE,6.28,8.85,1024.38,0.0,0.0,8.0,886.7,IMELBO1849.csv
2022/12/30,03:24 PM,27.28,15.61,49.0,South,5.63,8.85,1024.38,0.0,0.0,7.0,819.0,IMELBO1849.csv
2022/12/30,03:29 PM,27.06,15.39,49.0,ESE,5.31,7.56,1024.38,0.0,0.0,8.0,864.5,IMELBO1849.csv
2022/12/30,03:34 PM,27.22,15.56,49.0,SW,5.95,9.01,1024.38,0.0,0.0,8.0,851.5,IMELBO1849.csv
2022/12/30,03:39 PM,27.56,15.5,48.0,SSE,4.99,7.4,1024.38,0.0,0.0,8.0,865.4,IMELBO1849.csv
2022/12/30,03:44 PM,27.89,15.72,47.0,SSE,5.63,7.56,1024.38,0.0,0.0,8.0,864.9,IMELBO1849.csv
2022/12/30,03:49 PM,27.56,15.89,49.0,SE,6.92,9.49,1024.38,0.0,0.0,8.0,846.7,IMELBO1849.csv
2022/12/30,03:54 PM,27.33,16.11,50.0,SSW,7.24,10.14,1024.38,0.0,0.0,7.0,812.4,IMELBO1849.csv
2022/12/30,03:59 PM,27.56,16.22,50.0,SSE,6.11,8.69,1024.04,0.0,0.0,7.0,812.9,IMELBO1849.csv
2022/12/30,04:04 PM,27.83,16.17,49.0,SE,5.47,7.72,1024.04,0.0,0.0,8.0,825.0,IMELBO1849.csv
2022/12/30,04:09 PM,27.72,16.06,49.0,South,3.54,5.63,1024.04,0.0,0.0,7.0,812.9,IMELBO1849.csv
2022/12/30,04:14 PM,27.94,16.0,48.0,South,6.6,9.17,1024.04,0.0,0.0,7.0,797.8,IMELBO1849.csv
2022/12/30,04:19 PM,27.22,15.72,49.0,SSW,6.44,9.01,1024.04,0.0,0.0,7.0,795.5,IMELBO1849.csv
2022/12/30,04:24 PM,27.33,15.78,49.0,South,5.15,8.04,1024.04,0.0,0.0,7.0,783.0,IMELBO1849.csv
2022/12/30,04:29 PM,27.33,15.72,49.0,SSE,4.51,6.6,1024.04,0.0,0.0,7.0,769.5,IMELBO1849.csv
2022/12/30,04:34 PM,27.67,15.72,48.0,South,5.79,8.53,1024.04,0.0,0.0,7.0,768.6,IMELBO1849.csv
2022/12/30,04:39 PM,27.5,15.56,48.0,South,5.63,8.53,1023.71,0.0,0.0,7.0,768.6,IMELBO1849.csv
2022/12/30,04:44 PM,27.56,15.56,48.0,South,6.28,8.53,1023.71,0.0,0.0,7.0,754.3,IMELBO1849.csv
2022/12/30,04:49 PM,27.33,15.56,48.0,SSW,7.88,11.26,1023.71,0.0,0.0,7.0,734.0,IMELBO1849.csv
2022/12/30,04:54 PM,27.22,15.39,48.0,South,7.08,10.46,1023.71,0.0,0.0,6.0,705.3,IMELBO1849.csv
2022/12/30,04:59 PM,27.06,15.56,49.0,South,7.56,10.78,1023.71,0.0,0.0,6.0,699.6,IMELBO1849.csv
2022/12/30,05:04 PM,27.0,15.39,49.0,South,7.72,11.1,1023.71,0.0,0.0,6.0,671.0,IMELBO1849.csv
2022/12/30,05:09 PM,26.83,15.28,49.0,South,6.28,9.49,1023.71,0.0,0.0,6.0,678.8,IMELBO1849.csv
2022/12/30,05:14 PM,27.0,14.94,48.0,South,5.95,8.69,1023.37,0.0,0.0,6.0,657.5,IMELBO1849.csv
2022/12/30,05:19 PM,27.11,15.06,48.0,SSE,5.31,7.56,1023.71,0.0,0.0,6.0,644.6,IMELBO1849.csv
2022/12/30,05:24 PM,27.22,15.0,47.0,SSE,5.63,8.21,1023.71,0.0,0.0,5.0,609.5,IMELBO1849.csv
2022/12/30,05:29 PM,27.06,15.33,49.0,SSW,7.08,10.3,1023.71,0.0,0.0,5.0,592.1,IMELBO1849.csv
2022/12/30,05:34 PM,26.83,15.17,49.0,South,6.28,8.53,1023.71,0.0,0.0,5.0,591.6,IMELBO1849.csv
2022/12/30,05:39 PM,26.72,15.33,50.0,South,6.28,9.33,1023.71,0.0,0.0,5.0,574.7,IMELBO1849.csv
2022/12/30,05:44 PM,26.67,15.72,51.0,SSW,8.37,12.07,1023.71,0.0,0.0,5.0,549.2,IMELBO1849.csv
2022/12/30,05:49 PM,26.39,15.89,52.0,South,5.95,9.17,1023.71,0.0,0.0,4.0,482.7,IMELBO1849.csv
2022/12/30,05:54 PM,26.17,16.11,54.0,SSW,7.56,10.94,1023.71,0.0,0.0,4.0,430.3,IMELBO1849.csv
2022/12/30,05:59 PM,26.33,16.39,54.0,SSE,5.47,7.4,1023.71,0.0,0.0,3.0,391.2,IMELBO1849.csv
2022/12/30,06:04 PM,25.5,15.94,56.0,ESE,6.28,9.81,1023.71,0.0,0.0,3.0,381.3,IMELBO1849.csv
2022/12/30,06:09 PM,24.89,15.56,56.0,SSE,6.76,10.14,1023.71,0.0,0.0,3.0,355.6,IMELBO1849.csv
2022/12/30,06:14 PM,25.0,15.33,55.0,South,6.76,10.14,1023.71,0.0,0.0,3.0,310.6,IMELBO1849.csv
2022/12/30,06:19 PM,24.5,15.11,56.0,SSW,10.14,13.68,1023.71,0.0,0.0,2.0,302.3,IMELBO1849.csv
2022/12/30,06:24 PM,24.33,14.89,56.0,SSW,9.65,13.52,1023.71,0.0,0.0,3.0,309.6,IMELBO1849.csv
2022/12/30,06:29 PM,24.5,14.72,54.0,SSW,9.98,14.48,1023.71,0.0,0.0,2.0,282.8,IMELBO1849.csv
2022/12/30,06:34 PM,24.33,14.56,55.0,SSW,8.21,11.42,1023.71,0.0,0.0,2.0,251.5,IMELBO1849.csv
2022/12/30,06:39 PM,24.44,14.67,54.0,SSW,9.01,12.55,1024.04,0.0,0.0,2.0,267.5,IMELBO1849.csv
2022/12/30,06:44 PM,24.44,14.67,54.0,SSW,10.46,14.32,1024.04,0.0,0.0,2.0,266.3,IMELBO1849.csv
2022/12/30,06:49 PM,24.56,15.11,56.0,South,7.24,10.46,1024.04,0.0,0.0,2.0,219.5,IMELBO1849.csv
2022/12/30,06:54 PM,24.61,15.06,55.0,SSW,7.56,9.98,1024.04,0.0,0.0,2.0,213.8,IMELBO1849.csv
2022/12/30,06:59 PM,24.22,15.06,56.0,SSW,9.98,14.0,1024.04,0.0,0.0,2.0,204.7,IMELBO1849.csv
2022/12/30,07:04 PM,24.17,14.83,56.0,SW,11.91,15.61,1024.04,0.0,0.0,1.0,171.8,IMELBO1849.csv
2022/12/30,07:09 PM,23.94,14.61,56.0,SSW,9.81,13.68,1024.04,0.0,0.0,1.0,168.2,IMELBO1849.csv
2022/12/30,07:14 PM,23.83,14.44,56.0,SSW,9.49,13.35,1024.38,0.0,0.0,0.0,69.7,IMELBO1849.csv
2022/12/30,07:19 PM,23.72,14.5,56.0,SSW,9.49,12.55,1024.38,0.0,0.0,0.0,61.5,IMELBO1849.csv
2022/12/30,07:24 PM,23.83,14.56,56.0,South,4.67,6.76,1024.38,0.0,0.0,0.0,58.5,IMELBO1849.csv
2022/12/30,07:29 PM,23.78,14.72,57.0,South,7.88,11.42,1024.38,0.0,0.0,0.0,56.3,IMELBO1849.csv
2022/12/30,07:34 PM,23.5,14.56,57.0,SSW,9.01,12.87,1024.38,0.0,0.0,0.0,52.8,IMELBO1849.csv
2022/12/30,07:39 PM,23.22,14.33,57.0,SSW,8.85,13.35,1024.38,0.0,0.0,0.0,49.8,IMELBO1849.csv
2022/12/30,07:44 PM,23.0,14.56,59.0,SW,10.46,13.84,1024.38,0.0,0.0,0.0,46.7,IMELBO1849.csv
2022/12/30,07:49 PM,22.89,14.67,60.0,SSW,6.44,8.85,1024.72,0.0,0.0,0.0,43.3,IMELBO1849.csv
2022/12/30,07:54 PM,23.0,14.94,60.0,South,5.79,9.33,1024.72,0.0,0.0,0.0,40.2,IMELBO1849.csv
2022/12/30,07:59 PM,22.72,14.94,62.0,South,7.08,9.65,1024.38,0.0,0.0,0.0,37.2,IMELBO1849.csv
2022/12/30,08:04 PM,22.61,15.17,63.0,South,5.31,7.88,1024.72,0.0,0.0,0.0,34.3,IMELBO1849.csv
2022/12/30,08:09 PM,22.61,15.11,63.0,South,4.51,6.44,1025.06,0.0,0.0,0.0,30.3,IMELBO1849.csv
2022/12/30,08:14 PM,22.56,14.78,62.0,SSW,6.44,9.01,1024.72,0.0,0.0,0.0,26.8,IMELBO1849.csv
2022/12/30,08:19 PM,22.39,14.94,63.0,SSW,6.11,8.85,1024.72,0.0,0.0,0.0,22.9,IMELBO1849.csv
2022/12/30,08:24 PM,22.22,14.89,63.0,South,5.63,7.88,1024.72,0.0,0.0,0.0,19.5,IMELBO1849.csv
2022/12/30,08:29 PM,22.11,15.0,64.0,SSW,4.34,6.44,1024.72,0.0,0.0,0.0,15.2,IMELBO1849.csv
2022/12/30,08:34 PM,21.94,14.94,65.0,SSW,4.99,6.92,1025.06,0.0,0.0,0.0,11.6,IMELBO1849.csv
2022/12/30,08:39 PM,21.78,14.89,65.0,SW,6.6,9.01,1025.06,0.0,0.0,0.0,8.6,IMELBO1849.csv
2022/12/30,08:44 PM,21.72,14.89,65.0,SW,7.08,9.33,1025.06,0.0,0.0,0.0,5.1,IMELBO1849.csv
2022/12/30,08:49 PM,21.67,14.94,65.0,SW,4.99,6.28,1025.06,0.0,0.0,0.0,3.4,IMELBO1849.csv
2022/12/30,08:54 PM,21.61,15.0,66.0,SW,3.54,4.51,1025.06,0.0,0.0,0.0,0.9,IMELBO1849.csv
2022/12/30,08:59 PM,21.44,14.89,66.0,SW,4.51,5.95,1025.06,0.0,0.0,0.0,0.0,IMELBO1849.csv
2022/12/30,09:04 PM,21.39,14.94,67.0,SW,4.83,6.6,1025.06,0.0,0.0,0.0,0.0,IMELBO1849.csv
2022/12/30,09:09 PM,21.28,15.06,68.0,SW,3.54,5.15,1025.06,0.0,0.0,0.0,0.0,IMELBO1849.csv
2022/12/30,09:14 PM,21.17,15.11,68.0,SW,3.86,5.15,1025.4,0.0,0.0,0.0,0.0,IMELBO1849.csv
2022/12/30,09:19 PM,21.06,15.17,69.0,SW,2.25,3.38,1025.4,0.0,0.0,0.0,0.0,IMELBO1849.csv
2022/12/30,09:24 PM,20.94,15.06,69.0,WSW,2.09,2.74,1025.4,0.0,0.0,0.0,0.0,IMELBO1849.csv
2022/12/30,09:29 PM,20.83,14.94,69.0,WSW,2.74,3.86,1025.4,0.0,0.0,0.0,0.0,IMELBO1849.csv
2022/12/30,09:34 PM,20.78,14.83,69.0,WSW,2.09,3.06,1025.4,0.0,0.0,0.0,0.0,IMELBO1849.csv
2022/12/30,09:39 PM,20.72,14.78,69.0,SW,2.9,3.86,1025.06,0.0,0.0,0.0,0.0,IMELBO1849.csv
2022/12/30,09:44 PM,20.61,14.72,69.0,WSW,2.25,3.54,1025.4,0.0,0.0,0.0,0.0,IMELBO1849.csv
2022/12/30,09:49 PM,20.44,14.61,69.0,WSW,2.41,3.7,1025.4,0.0,0.0,0.0,0.0,IMELBO1849.csv
2022/12/30,09:54 PM,20.28,14.72,70.0,WSW,1.45,2.57,1025.4,0.0,0.0,0.0,0.0,IMELBO1849.csv
2022/12/30,09:59 PM,20.28,14.67,70.0,WSW,2.25,3.38,1025.4,0.0,0.0,0.0,0.0,IMELBO1849.csv
2022/12/30,10:04 PM,20.17,14.56,70.0,WSW,3.06,5.47,1025.4,0.0,0.0,0.0,0.0,IMELBO1849.csv
2022/12/30,10:09 PM,20.0,14.39,70.0,West,2.57,3.86,1025.06,0.0,0.0,0.0,0.0,IMELBO1849.csv
2022/12/30,10:14 PM,19.89,14.28,70.0,West,3.54,5.15,1025.06,0.0,0.0,0.0,0.0,IMELBO1849.csv
2022/12/30,10:19 PM,19.78,14.22,70.0,West,2.25,3.86,1025.06,0.0,0.0,0.0,0.0,IMELBO1849.csv
2022/12/30,10:24 PM,19.67,14.06,70.0,West,3.22,5.31,1024.72,0.0,0.0,0.0,0.0,IMELBO1849.csv
2022/12/30,10:29 PM,19.61,14.0,70.0,West,3.06,4.18,1025.06,0.0,0.0,0.0,0.0,IMELBO1849.csv
2022/12/30,10:34 PM,19.56,13.94,70.0,WNW,3.86,5.31,1025.06,0.0,0.0,0.0,0.0,IMELBO1849.csv
2022/12/30,10:39 PM,19.39,14.0,71.0,WNW,4.02,6.44,1025.06,0.0,0.0,0.0,0.0,IMELBO1849.csv
2022/12/30,10:44 PM,19.28,14.0,72.0,WNW,2.25,3.7,1025.06,0.0,0.0,0.0,0.0,IMELBO1849.csv
2022/12/30,10:49 PM,19.17,14.11,72.0,West,2.25,3.22,1025.06,0.0,0.0,0.0,0.0,IMELBO1849.csv
2022/12/30,10:54 PM,19.06,14.17,73.0,West,2.09,3.06,1025.06,0.0,0.0,0.0,0.0,IMELBO1849.csv
2022/12/30,10:59 PM,18.94,13.94,73.0,WSW,1.45,2.41,1025.06,0.0,0.0,0.0,0.0,IMELBO1849.csv
2022/12/30,11:04 PM,18.89,13.72,72.0,West,2.09,3.38,1025.06,0.0,0.0,0.0,0.0,IMELBO1849.csv
2022/12/30,11:09 PM,18.89,13.94,73.0,WNW,2.25,3.38,1025.06,0.0,0.0,0.0,0.0,IMELBO1849.csv
2022/12/30,11:14 PM,18.78,13.89,73.0,WNW,2.74,4.51,1025.06,0.0,0.0,0.0,0.0,IMELBO1849.csv
2022/12/30,11:19 PM,18.78,13.89,73.0,West,2.74,4.18,1025.06,0.0,0.0,0.0,0.0,IMELBO1849.csv
2022/12/30,11:24 PM,18.78,13.89,73.0,WNW,4.02,5.47,1025.06,0.0,0.0,0.0,0.0,IMELBO1849.csv
2022/12/30,11:29 PM,18.72,13.89,73.0,WNW,3.7,5.47,1025.06,0.0,0.0,0.0,0.0,IMELBO1849.csv
2022/12/30,11:34 PM,18.72,14.0,74.0,WNW,4.99,6.6,1025.06,0.0,0.0,0.0,0.0,IMELBO1849.csv
2022/12/30,11:39 PM,18.61,13.89,74.0,WNW,3.86,5.63,1025.4,0.0,0.0,0.0,0.0,IMELBO1849.csv
2022/12/30,11:44 PM,18.5,13.94,75.0,West,3.54,4.99,1025.4,0.0,0.0,0.0,0.0,IMELBO1849.csv
2022/12/30,11:49 PM,18.33,13.83,75.0,West,3.54,5.15,1025.4,0.0,0.0,0.0,0.0,IMELBO1849.csv
2022/12/30,11:54 PM,18.28,13.78,75.0,West,3.22,4.67,1025.06,0.0,0.0,0.0,0.0,IMELBO1849.csv
2022/12/30,11:59 PM,18.22,13.72,75.0,WNW,4.99,7.56,1025.06,0.0,0.0,0.0,0.0,IMELBO1849.csv
2022/12/31,12:04 AM,18.22,13.72,75.0,WNW,4.51,6.44,1025.4,0.0,0.0,0.0,0.0,IMELBO1849.csv
2022/12/31,12:09 AM,18.22,13.72,75.0,WNW,3.06,4.02,1025.06,0.0,0.0,0.0,0.0,IMELBO1849.csv
2022/12/31,12:14 AM,18.11,13.61,75.0,West,2.09,3.06,1025.06,0.0,0.0,0.0,0.0,IMELBO1849.csv
2022/12/31,12:19 AM,18.11,13.61,75.0,West,1.93,3.06,1025.06,0.0,0.0,0.0,0.0,IMELBO1849.csv
2022/12/31,12:24 AM,18.11,13.61,75.0,WNW,3.7,4.83,1024.72,0.0,0.0,0.0,0.0,IMELBO1849.csv
2022/12/31,12:29 AM,18.11,13.61,75.0,WNW,2.09,3.06,1024.72,0.0,0.0,0.0,0.0,IMELBO1849.csv
2022/12/31,12:34 AM,18.11,13.61,75.0,WNW,2.57,3.86,1024.72,0.0,0.0,0.0,0.0,IMELBO1849.csv
2022/12/31,12:39 AM,18.11,13.61,75.0,WNW,1.61,2.41,1024.38,0.0,0.0,0.0,0.0,IMELBO1849.csv
2022/12/31,12:44 AM,18.06,13.56,75.0,WSW,0.8,1.61,1024.38,0.0,0.0,0.0,0.0,IMELBO1849.csv
2022/12/31,12:49 AM,18.0,13.61,76.0,WSW,0.97,1.45,1024.72,0.0,0.0,0.0,0.0,IMELBO1849.csv
2022/12/31,12:54 AM,17.89,13.61,76.0,WSW,0.48,0.97,1025.06,0.0,0.0,0.0,0.0,IMELBO1849.csv
2022/12/31,12:59 AM,17.78,13.5,76.0,WSW,0.64,0.97,1025.4,0.0,0.0,0.0,0.0,IMELBO1849.csv
2022/12/31,01:04 AM,17.78,13.5,76.0,WSW,0.32,0.64,1025.06,0.0,0.0,0.0,0.0,IMELBO1849.csv
2022/12/31,01:09 AM,17.72,13.5,76.0,WSW,0.0,0.0,1025.06,0.0,0.0,0.0,0.0,IMELBO1849.csv
2022/12/31,01:14 AM,17.61,13.5,77.0,WSW,0.0,0.16,1025.4,0.0,0.0,0.0,0.0,IMELBO1849.csv
2022/12/31,01:19 AM,17.61,13.5,77.0,WSW,0.48,0.64,1025.4,0.0,0.0,0.0,0.0,IMELBO1849.csv
2022/12/31,01:24 AM,17.72,13.61,77.0,WSW,0.32,0.48,1025.4,0.0,0.0,0.0,0.0,IMELBO1849.csv
2022/12/31,01:29 AM,17.72,13.61,77.0,WSW,0.64,0.8,1025.4,0.0,0.0,0.0,0.0,IMELBO1849.csv
2022/12/31,01:34 AM,17.83,13.67,76.0,SW,2.9,3.54,1025.4,0.0,0.0,0.0,0.0,IMELBO1849.csv
2022/12/31,01:39 AM,18.0,13.72,76.0,SW,1.93,2.74,1025.4,0.0,0.0,0.0,0.0,IMELBO1849.csv
2022/12/31,01:44 AM,18.0,13.72,76.0,SW,3.06,4.18,1025.4,0.0,0.0,0.0,0.0,IMELBO1849.csv
2022/12/31,01:49 AM,18.11,13.78,76.0,SW,3.22,4.34,1025.06,0.0,0.0,0.0,0.0,IMELBO1849.csv
2022/12/31,01:54 AM,18.06,13.61,75.0,SW,4.67,6.44,1024.72,0.0,0.0,0.0,0.0,IMELBO1849.csv
2022/12/31,01:59 AM,18.0,13.78,76.0,SW,4.02,5.31,1024.72,0.0,0.0,0.0,0.0,IMELBO1849.csv
2022/12/31,02:04 AM,18.0,13.94,77.0,SW,3.38,4.51,1025.06,0.0,0.0,0.0,0.0,IMELBO1849.csv
2022/12/31,02:09 AM,17.89,13.94,78.0,SW,3.06,4.02,1025.06,0.0,0.0,0.0,0.0,IMELBO1849.csv
2022/12/31,02:14 AM,17.83,14.17,79.0,SW,3.06,3.86,1025.06,0.0,0.0,0.0,0.0,IMELBO1849.csv
2022/12/31,02:19 AM,17.78,14.56,82.0,WSW,3.22,4.67,1025.06,0.0,0.0,0.0,0.0,IMELBO1849.csv
2022/12/31,02:24 AM,17.61,14.56,82.0,SW,1.77,2.41,1025.06,0.0,0.0,0.0,0.0,IMELBO1849.csv
2022/12/31,02:29 AM,17.61,14.72,83.0,WSW,2.9,4.83,1025.06,0.0,0.0,0.0,0.0,IMELBO1849.csv
2022/12/31,02:34 AM,17.44,14.72,84.0,WSW,2.41,3.38,1025.06,0.0,0.0,0.0,0.0,IMELBO1849.csv
2022/12/31,02:39 AM,17.39,14.72,84.0,WSW,0.8,1.13,1025.06,0.0,0.0,0.0,0.0,IMELBO1849.csv
2022/12/31,02:44 AM,17.33,14.44,83.0,SW,2.74,4.18,1025.06,0.0,0.0,0.0,0.0,IMELBO1849.csv
2022/12/31,02:49 AM,17.39,14.28,82.0,SW,1.93,2.74,1025.4,0.0,0.0,0.0,0.0,IMELBO1849.csv
2022/12/31,02:54 AM,17.5,14.61,83.0,WSW,1.61,2.41,1025.06,0.0,0.0,0.0,0.0,IMELBO1849.csv
2022/12/31,02:59 AM,17.44,14.56,83.0,WNW,3.38,4.67,1025.4,0.0,0.0,0.0,0.0,IMELBO1849.csv
2022/12/31,03:04 AM,17.39,14.56,83.0,WNW,2.41,3.7,1025.4,0.0,0.0,0.0,0.0,IMELBO1849.csv
2022/12/31,03:09 AM,17.39,14.61,83.0,WNW,2.09,3.22,1025.4,0.0,0.0,0.0,0.0,IMELBO1849.csv
2022/12/31,03:14 AM,17.28,14.67,84.0,WSW,1.93,2.9,1025.4,0.0,0.0,0.0,0.0,IMELBO1849.csv
2022/12/31,03:19 AM,17.17,14.72,85.0,WSW,1.61,2.25,1025.4,0.0,0.0,0.0,0.0,IMELBO1849.csv
2022/12/31,03:24 AM,17.11,14.78,86.0,WSW,1.29,2.09,1025.4,0.0,0.0,0.0,0.0,IMELBO1849.csv
2022/12/31,03:29 AM,16.94,14.78,87.0,WSW,0.64,0.97,1025.4,0.0,0.0,0.0,0.0,IMELBO1849.csv
2022/12/31,03:34 AM,16.89,14.72,87.0,WSW,1.13,1.93,1025.4,0.0,0.0,0.0,0.0,IMELBO1849.csv
2022/12/31,03:39 AM,16.94,14.72,86.0,WSW,0.8,1.45,1025.4,0.0,0.0,0.0,0.0,IMELBO1849.csv
2022/12/31,03:44 AM,17.0,14.72,86.0,SW,0.32,0.97,1025.4,0.0,0.0,0.0,0.0,IMELBO1849.csv
2022/12/31,03:49 AM,17.0,14.72,86.0,SW,1.61,2.25,1025.4,0.0,0.0,0.0,0.0,IMELBO1849.csv
2022/12/31,03:54 AM,17.0,14.72,86.0,SW,2.74,3.38,1025.06,0.0,0.0,0.0,0.0,IMELBO1849.csv
2022/12/31,03:59 AM,17.06,14.78,86.0,SW,2.57,3.38,1025.4,0.0,0.0,0.0,0.0,IMELBO1849.csv
2022/12/31,04:04 AM,16.94,14.67,86.0,SSW,0.48,0.8,1025.4,0.0,0.0,0.0,0.0,IMELBO1849.csv
2022/12/31,04:09 AM,17.06,14.78,86.0,SSW,0.97,1.61,1025.4,0.0,0.0,0.0,0.0,IMELBO1849.csv
2022/12/31,04:14 AM,17.06,14.56,85.0,SSW,1.93,2.74,1025.4,0.0,0.0,0.0,0.0,IMELBO1849.csv
2022/12/31,04:19 AM,17.06,14.56,85.0,SW,1.45,2.41,1025.4,0.0,0.0,0.0,0.0,IMELBO1849.csv
2022/12/31,04:24 AM,17.06,14.56,85.0,SSW,1.77,2.41,1025.06,0.0,0.0,0.0,0.0,IMELBO1849.csv
2022/12/31,04:29 AM,17.11,14.78,86.0,SSE,1.61,2.41,1025.4,0.0,0.0,0.0,0.0,IMELBO1849.csv
2022/12/31,04:34 AM,17.06,14.83,86.0,SSW,1.29,2.09,1025.4,0.0,0.0,0.0,0.0,IMELBO1849.csv
2022/12/31,04:39 AM,16.94,14.83,87.0,SSE,1.45,1.77,1025.4,0.0,0.0,0.0,0.0,IMELBO1849.csv
2022/12/31,04:44 AM,16.89,14.78,87.0,SE,0.8,1.13,1025.4,0.0,0.0,0.0,0.0,IMELBO1849.csv
2022/12/31,04:49 AM,16.89,14.78,87.0,South,0.8,1.45,1025.4,0.0,0.0,0.0,0.0,IMELBO1849.csv
2022/12/31,04:54 AM,16.89,14.78,87.0,South,1.61,2.41,1025.4,0.0,0.0,0.0,0.0,IMELBO1849.csv
2022/12/31,04:59 AM,16.94,14.83,87.0,SSW,2.09,2.74,1025.4,0.0,0.0,0.0,0.0,IMELBO1849.csv
2022/12/31,05:04 AM,16.89,14.78,87.0,SW,1.29,1.77,1025.4,0.0,0.0,0.0,0.0,IMELBO1849.csv
2022/12/31,05:09 AM,16.89,14.78,87.0,SSW,1.77,2.09,1025.4,0.0,0.0,0.0,0.0,IMELBO1849.csv
2022/12/31,05:14 AM,16.89,14.78,87.0,SSW,3.06,4.18,1025.4,0.0,0.0,0.0,0.0,IMELBO1849.csv
2022/12/31,05:19 AM,16.83,14.78,87.0,SW,3.06,4.18,1025.4,0.0,0.0,0.0,0.0,IMELBO1849.csv
2022/12/31,05:24 AM,16.78,14.72,87.0,SW,1.13,1.77,1025.4,0.0,0.0,0.0,0.0,IMELBO1849.csv
2022/12/31,05:29 AM,16.78,14.67,87.0,SSW,0.32,0.64,1025.74,0.0,0.0,0.0,0.0,IMELBO1849.csv
2022/12/31,05:34 AM,16.78,14.72,87.0,SW,0.64,1.29,1025.4,0.0,0.0,0.0,0.0,IMELBO1849.csv
2022/12/31,05:39 AM,16.72,14.67,87.0,SW,0.48,0.97,1025.4,0.0,0.0,0.0,0.0,IMELBO1849.csv
2022/12/31,05:44 AM,16.72,14.61,87.0,SW,0.16,0.32,1025.4,0.0,0.0,0.0,0.0,IMELBO1849.csv
2022/12/31,05:49 AM,16.72,14.61,87.0,SW,0.16,0.64,1025.4,0.0,0.0,0.0,0.0,IMELBO1849.csv
2022/12/31,05:54 AM,16.61,14.5,87.0,SW,0.97,1.29,1025.4,0.0,0.0,0.0,0.4,IMELBO1849.csv
2022/12/31,05:59 AM,16.5,14.39,87.0,SW,0.8,1.45,1025.4,0.0,0.0,0.0,1.2,IMELBO1849.csv
2022/12/31,06:04 AM,16.5,14.44,88.0,SW,0.48,0.97,1025.4,0.0,0.0,0.0,2.9,IMELBO1849.csv
2022/12/31,06:09 AM,16.33,14.33,88.0,SW,0.32,0.8,1025.4,0.0,0.0,0.0,6.9,IMELBO1849.csv
2022/12/31,06:14 AM,16.28,14.28,88.0,SW,0.16,0.48,1025.4,0.0,0.0,0.0,9.5,IMELBO1849.csv
2022/12/31,06:19 AM,16.22,14.28,88.0,SW,0.0,0.0,1025.4,0.0,0.0,0.0,12.5,IMELBO1849.csv
2022/12/31,06:24 AM,16.22,14.39,89.0,SW,0.32,0.48,1025.4,0.0,0.0,0.0,16.0,IMELBO1849.csv
2022/12/31,06:29 AM,16.28,14.44,89.0,SW,0.0,0.16,1025.4,0.0,0.0,0.0,19.5,IMELBO1849.csv
2022/12/31,06:34 AM,16.28,14.28,88.0,SW,0.0,0.0,1025.74,0.0,0.0,0.0,23.4,IMELBO1849.csv
2022/12/31,06:39 AM,16.28,14.33,88.0,SW,0.16,0.8,1025.74,0.0,0.0,0.0,27.3,IMELBO1849.csv
2022/12/31,06:44 AM,16.33,14.33,88.0,West,2.25,3.06,1025.74,0.0,0.0,0.0,31.2,IMELBO1849.csv
2022/12/31,06:49 AM,16.28,14.28,88.0,North,2.09,2.9,1025.74,0.0,0.0,0.0,33.8,IMELBO1849.csv
2022/12/31,06:54 AM,16.28,14.28,88.0,NNW,1.93,2.74,1025.74,0.0,0.0,0.0,36.3,IMELBO1849.csv
2022/12/31,06:59 AM,16.22,14.22,88.0,NNE,2.57,3.22,1025.74,0.0,0.0,0.0,45.0,IMELBO1849.csv
2022/12/31,07:04 AM,16.33,14.28,88.0,North,2.09,3.06,1025.74,0.0,0.0,0.0,52.8,IMELBO1849.csv
2022/12/31,07:09 AM,16.67,14.56,87.0,North,2.57,3.22,1025.74,0.0,0.0,0.0,64.6,IMELBO1849.csv
2022/12/31,07:14 AM,16.78,14.61,87.0,NNE,2.09,2.9,1025.74,0.0,0.0,0.0,82.3,IMELBO1849.csv
2022/12/31,07:19 AM,17.0,14.67,86.0,NNE,1.13,1.77,1025.74,0.0,0.0,0.0,90.2,IMELBO1849.csv
2022/12/31,07:24 AM,17.17,14.67,85.0,North,1.77,2.57,1026.08,0.0,0.0,1.0,107.0,IMELBO1849.csv
2022/12/31,07:29 AM,17.44,14.83,85.0,North,1.45,2.25,1026.08,0.0,0.0,1.0,122.3,IMELBO1849.csv
2022/12/31,07:34 AM,17.83,14.89,83.0,NNE,1.29,1.93,1026.08,0.0,0.0,1.0,133.6,IMELBO1849.csv
2022/12/31,07:39 AM,18.11,15.0,82.0,NE,2.25,2.9,1026.08,0.0,0.0,1.0,133.9,IMELBO1849.csv
2022/12/31,07:44 AM,18.06,14.94,82.0,NE,2.57,3.38,1026.08,0.0,0.0,1.0,160.5,IMELBO1849.csv
2022/12/31,07:49 AM,18.22,15.0,81.0,NE,1.61,2.25,1026.41,0.0,0.0,1.0,160.5,IMELBO1849.csv
2022/12/31,07:54 AM,18.39,15.06,81.0,NE,1.61,2.41,1026.41,0.0,0.0,1.0,189.5,IMELBO1849.csv
2022/12/31,07:59 AM,18.56,15.11,80.0,NE,2.41,3.38,1026.41,0.0,0.0,2.0,204.7,IMELBO1849.csv
2022/12/31,08:04 AM,18.67,15.17,80.0,NE,2.09,3.06,1026.75,0.0,0.0,2.0,230.7,IMELBO1849.csv
2022/12/31,08:09 AM,18.61,15.11,80.0,NE,3.06,4.02,1026.75,0.0,0.0,2.0,238.6,IMELBO1849.csv
2022/12/31,08:14 AM,18.67,15.17,80.0,ENE,4.34,5.79,1026.41,0.0,0.0,2.0,258.0,IMELBO1849.csv
2022/12/31,08:19 AM,18.5,15.11,81.0,East,3.86,4.83,1026.41,0.0,0.0,2.0,278.4,IMELBO1849.csv
2022/12/31,08:24 AM,18.72,15.28,80.0,East,2.74,3.54,1026.41,0.0,0.0,2.0,291.0,IMELBO1849.csv
2022/12/31,08:29 AM,18.94,15.39,80.0,ESE,2.41,3.38,1026.41,0.0,0.0,3.0,311.8,IMELBO1849.csv
2022/12/31,08:34 AM,19.33,15.44,78.0,ESE,3.06,4.18,1026.41,0.0,0.0,3.0,329.2,IMELBO1849.csv
2022/12/31,08:39 AM,19.28,15.5,78.0,East,3.54,4.51,1026.41,0.0,0.0,3.0,354.8,IMELBO1849.csv
2022/12/31,08:44 AM,19.11,15.39,79.0,East,3.54,4.67,1026.75,0.0,0.0,3.0,361.7,IMELBO1849.csv
2022/12/31,08:49 AM,19.22,15.39,79.0,East,3.38,4.34,1026.41,0.0,0.0,3.0,379.5,IMELBO1849.csv
2022/12/31,08:54 AM,19.39,15.56,78.0,East,1.61,2.57,1026.41,0.0,0.0,3.0,389.5,IMELBO1849.csv
2022/12/31,08:59 AM,20.0,15.78,77.0,East,4.02,5.15,1026.41,0.0,0.0,3.0,385.1,IMELBO1849.csv
2022/12/31,09:04 AM,19.83,15.72,77.0,East,3.22,4.02,1026.41,0.0,0.0,3.0,395.6,IMELBO1849.csv
2022/12/31,09:09 AM,20.0,15.78,77.0,East,3.54,5.15,1026.41,0.0,0.0,4.0,414.2,IMELBO1849.csv
2022/12/31,09:14 AM,20.67,16.06,75.0,East,1.93,3.22,1026.41,0.0,0.0,4.0,448.5,IMELBO1849.csv
2022/12/31,09:19 AM,21.33,16.28,73.0,SE,2.41,3.86,1026.41,0.0,0.0,4.0,464.1,IMELBO1849.csv
2022/12/31,09:24 AM,21.11,16.22,74.0,ESE,5.15,6.76,1026.41,0.0,0.0,4.0,472.0,IMELBO1849.csv
2022/12/31,09:29 AM,20.67,16.06,75.0,East,4.34,5.63,1026.41,0.0,0.0,4.0,472.3,IMELBO1849.csv
2022/12/31,09:34 AM,21.06,16.17,74.0,ESE,4.18,5.63,1026.41,0.0,0.0,4.0,476.3,IMELBO1849.csv
2022/12/31,09:39 AM,21.28,16.33,73.0,ESE,2.9,3.86,1026.41,0.0,0.0,4.0,485.4,IMELBO1849.csv
2022/12/31,09:44 AM,21.67,16.44,72.0,ESE,4.34,5.79,1026.41,0.0,0.0,4.0,511.4,IMELBO1849.csv
2022/12/31,09:49 AM,21.89,16.56,72.0,SSE,2.41,3.22,1026.41,0.0,0.0,5.0,527.5,IMELBO1849.csv
2022/12/31,09:54 AM,22.67,16.83,70.0,ESE,2.57,3.38,1026.41,0.0,0.0,5.0,563.8,IMELBO1849.csv
2022/12/31,09:59 AM,22.78,16.89,69.0,East,2.9,3.86,1026.08,0.0,0.0,5.0,574.4,IMELBO1849.csv
2022/12/31,10:04 AM,22.94,16.83,69.0,East,3.06,4.18,1026.08,0.0,0.0,5.0,584.3,IMELBO1849.csv
2022/12/31,10:09 AM,22.83,16.83,69.0,ESE,3.38,4.67,1026.08,0.0,0.0,5.0,591.3,IMELBO1849.csv
2022/12/31,10:14 AM,23.0,16.89,69.0,ESE,3.06,3.86,1026.08,0.0,0.0,5.0,615.1,IMELBO1849.csv
2022/12/31,10:19 AM,23.39,16.94,67.0,ESE,3.7,5.31,1026.08,0.0,0.0,6.0,616.5,IMELBO1849.csv
2022/12/31,10:24 AM,23.17,17.0,68.0,ESE,5.63,7.08,1026.08,0.0,0.0,5.0,595.5,IMELBO1849.csv
2022/12/31,10:29 AM,23.61,17.06,67.0,East,3.38,4.51,1026.08,0.0,0.0,6.0,633.3,IMELBO1849.csv
2022/12/31,10:34 AM,24.0,17.11,65.0,East,2.74,3.54,1026.08,0.0,0.0,6.0,637.3,IMELBO1849.csv
2022/12/31,10:39 AM,24.22,17.17,65.0,SE,1.61,2.41,1025.74,0.0,0.0,6.0,650.2,IMELBO1849.csv
2022/12/31,10:44 AM,24.67,17.44,64.0,ESE,3.22,4.51,1025.74,0.0,0.0,6.0,669.3,IMELBO1849.csv
2022/12/31,10:49 AM,24.89,17.39,63.0,ENE,2.57,3.7,1025.74,0.0,0.0,6.0,681.4,IMELBO1849.csv
2022/12/31,10:54 AM,25.06,17.5,63.0,ESE,3.7,4.99,1025.74,0.0,0.0,6.0,681.4,IMELBO1849.csv
2022/12/31,10:59 AM,25.39,17.44,62.0,ESE,2.74,3.86,1025.74,0.0,0.0,6.0,669.3,IMELBO1849.csv
2022/12/31,11:04 AM,25.39,17.72,62.0,East,2.09,3.38,1025.4,0.0,0.0,6.0,710.5,IMELBO1849.csv
2022/12/31,11:09 AM,25.78,17.83,61.0,ENE,4.34,6.44,1025.4,0.0,0.0,7.0,724.3,IMELBO1849.csv
2022/12/31,11:14 AM,25.89,17.72,61.0,WNW,3.54,4.83,1025.4,0.0,0.0,7.0,726.5,IMELBO1849.csv
2022/12/31,11:19 AM,26.22,17.83,60.0,SSE,2.57,4.02,1025.4,0.0,0.0,7.0,733.0,IMELBO1849.csv
2022/12/31,11:24 AM,26.67,18.0,59.0,East,2.9,4.18,1025.4,0.0,0.0,7.0,747.8,IMELBO1849.csv
2022/12/31,11:29 AM,26.39,17.94,60.0,East,4.18,5.79,1025.06,0.0,0.0,7.0,756.9,IMELBO1849.csv
2022/12/31,11:34 AM,26.17,17.94,61.0,ESE,6.44,8.21,1025.06,0.0,0.0,7.0,756.5,IMELBO1849.csv
2022/12/31,11:39 AM,26.11,17.72,60.0,ENE,2.41,3.38,1025.06,0.0,0.0,7.0,779.0,IMELBO1849.csv
2022/12/31,11:44 AM,27.22,18.28,58.0,NNW,4.18,5.79,1025.06,0.0,0.0,7.0,784.3,IMELBO1849.csv
2022/12/31,11:49 AM,27.06,18.17,58.0,East,4.99,6.44,1025.06,0.0,0.0,7.0,798.1,IMELBO1849.csv
2022/12/31,11:54 AM,26.56,17.83,59.0,ESE,3.7,5.15,1024.72,0.0,0.0,7.0,801.2,IMELBO1849.csv
2022/12/31,11:59 AM,26.83,18.0,58.0,East,4.99,6.28,1024.72,0.0,0.0,7.0,812.4,IMELBO1849.csv
2022/12/31,12:04 PM,27.22,18.06,57.0,East,4.99,6.28,1024.72,0.0,0.0,8.0,832.9,IMELBO1849.csv
2022/12/31,12:09 PM,27.72,18.06,56.0,SE,3.06,4.83,1024.38,0.0,0.0,8.0,831.5,IMELBO1849.csv
2022/12/31,12:14 PM,28.17,18.39,56.0,East,5.79,7.56,1024.38,0.0,0.0,8.0,858.1,IMELBO1849.csv
2022/12/31,12:19 PM,27.89,18.06,55.0,NE,3.54,4.83,1024.38,0.0,0.0,8.0,904.1,IMELBO1849.csv
2022/12/31,12:24 PM,28.56,18.56,55.0,East,6.11,8.04,1024.38,0.0,0.0,8.0,903.1,IMELBO1849.csv
2022/12/31,12:29 PM,27.78,18.22,56.0,East,5.47,7.24,1024.38,0.0,0.0,9.0,930.5,IMELBO1849.csv
2022/12/31,12:34 PM,28.33,18.39,55.0,East,4.51,5.79,1024.38,0.0,0.0,9.0,935.3,IMELBO1849.csv
2022/12/31,12:39 PM,28.78,18.44,54.0,NNE,3.38,4.83,1024.38,0.0,0.0,9.0,1019.4,IMELBO1849.csv
2022/12/31,12:44 PM,28.94,18.44,53.0,NNE,2.9,4.34,1024.38,0.0,0.0,9.0,1007.7,IMELBO1849.csv
2022/12/31,12:49 PM,29.0,18.61,53.0,ESE,1.93,2.74,1024.04,0.0,0.0,10.0,1068.0,IMELBO1849.csv
2022/12/31,12:54 PM,29.33,18.72,53.0,ENE,4.34,5.95,1024.04,0.0,0.0,10.0,1043.3,IMELBO1849.csv
2022/12/31,12:59 PM,29.67,18.5,51.0,NNE,4.02,5.47,1024.04,0.0,0.0,9.0,1009.0,IMELBO1849.csv
2022/12/31,01:04 PM,29.33,18.44,52.0,NW,2.25,3.22,1024.04,0.0,0.0,8.0,854.2,IMELBO1849.csv
2022/12/31,01:09 PM,28.83,18.28,53.0,WNW,1.93,2.74,1024.04,0.0,0.0,2.0,252.0,IMELBO1849.csv
2022/12/31,01:14 PM,28.83,18.56,54.0,SSW,3.22,4.67,1024.04,0.0,0.0,2.0,227.3,IMELBO1849.csv
2022/12/31,01:19 PM,28.11,18.83,57.0,SSW,4.83,7.08,1024.04,0.0,0.0,3.0,360.9,IMELBO1849.csv
2022/12/31,01:24 PM,27.78,18.72,58.0,ESE,4.34,7.08,1023.71,0.0,0.0,2.0,267.5,IMELBO1849.csv
2022/12/31,01:29 PM,27.89,18.72,57.0,SSE,5.47,7.72,1023.71,0.0,0.0,9.0,1029.3,IMELBO1849.csv
2022/12/31,01:34 PM,28.11,18.89,57.0,SSE,5.47,7.72,1023.71,0.0,0.0,9.0,989.9,IMELBO1849.csv
2022/12/31,01:39 PM,28.06,18.83,57.0,SSW,6.6,9.01,1023.71,0.0,0.0,8.0,923.2,IMELBO1849.csv
2022/12/31,01:44 PM,27.72,18.78,58.0,SSW,5.79,8.04,1023.71,0.0,0.0,2.0,212.1,IMELBO1849.csv
2022/12/31,01:49 PM,27.44,18.61,59.0,SE,3.06,4.34,1023.71,0.0,0.0,8.0,884.0,IMELBO1849.csv
2022/12/31,01:54 PM,27.94,18.83,58.0,South,4.34,5.95,1023.71,0.0,0.0,8.0,920.1,IMELBO1849.csv
2022/12/31,01:59 PM,28.89,19.11,55.0,South,4.83,7.4,1023.71,0.0,0.0,9.0,936.6,IMELBO1849.csv
2022/12/31,02:04 PM,29.39,19.22,54.0,SSE,5.63,8.21,1023.37,0.0,0.0,8.0,886.2,IMELBO1849.csv
2022/12/31,02:09 PM,29.11,19.33,55.0,South,5.31,7.4,1023.37,0.0,0.0,8.0,859.8,IMELBO1849.csv
2022/12/31,02:14 PM,29.0,19.22,55.0,SSE,5.15,8.21,1023.37,0.0,0.0,8.0,900.5,IMELBO1849.csv
2022/12/31,02:19 PM,29.28,19.17,54.0,ESE,4.51,6.11,1023.37,0.0,0.0,8.0,900.5,IMELBO1849.csv
2022/12/31,02:24 PM,29.5,19.28,54.0,SE,4.67,6.28,1023.03,0.0,0.0,8.0,860.6,IMELBO1849.csv
2022/12/31,02:29 PM,29.28,19.11,54.0,South,5.47,7.88,1023.03,0.0,0.0,8.0,829.4,IMELBO1849.csv
2022/12/31,02:34 PM,29.56,19.17,54.0,SSE,4.67,6.92,1023.03,0.0,0.0,8.0,832.9,IMELBO1849.csv
2022/12/31,02:39 PM,30.17,19.44,53.0,SE,5.15,7.72,1022.69,0.0,0.0,8.0,827.6,IMELBO1849.csv
2022/12/31,02:44 PM,30.06,19.33,53.0,South,6.28,9.49,1022.69,0.0,0.0,7.0,806.0,IMELBO1849.csv
2022/12/31,02:49 PM,29.83,19.22,53.0,SE,5.31,7.88,1023.03,0.0,0.0,7.0,816.8,IMELBO1849.csv
2022/12/31,02:54 PM,30.17,19.39,52.0,South,6.28,9.33,1022.69,0.0,0.0,8.0,832.0,IMELBO1849.csv
2022/12/31,02:59 PM,30.0,19.39,53.0,SSE,6.44,9.01,1022.69,0.0,0.0,8.0,838.5,IMELBO1849.csv
2022/12/31,03:04 PM,29.44,19.0,53.0,SSE,8.04,11.26,1023.03,0.0,0.0,8.0,823.8,IMELBO1849.csv
2022/12/31,03:09 PM,29.67,19.0,53.0,South,5.63,8.37,1022.69,0.0,0.0,7.0,816.0,IMELBO1849.csv
2022/12/31,03:14 PM,29.72,19.0,53.0,SSW,8.69,12.39,1022.69,0.0,0.0,7.0,812.1,IMELBO1849.csv
2022/12/31,03:19 PM,29.89,19.22,53.0,SSE,6.76,9.81,1022.69,0.0,0.0,7.0,807.3,IMELBO1849.csv
2022/12/31,03:24 PM,29.61,18.83,52.0,South,6.11,8.85,1022.69,0.0,0.0,7.0,809.5,IMELBO1849.csv
2022/12/31,03:29 PM,29.67,19.06,53.0,South,7.08,9.98,1022.69,0.0,0.0,7.0,801.2,IMELBO1849.csv
2022/12/31,03:34 PM,29.56,18.78,52.0,SSW,7.72,10.62,1022.69,0.0,0.0,7.0,800.0,IMELBO1849.csv
2022/12/31,03:39 PM,29.06,18.72,54.0,SSW,7.88,10.62,1022.69,0.0,0.0,7.0,805.1,IMELBO1849.csv
2022/12/31,03:44 PM,29.33,18.72,53.0,South,5.79,8.21,1022.69,0.0,0.0,7.0,808.2,IMELBO1849.csv
2022/12/31,03:49 PM,29.72,18.89,52.0,SE,5.15,7.88,1022.69,0.0,0.0,7.0,818.5,IMELBO1849.csv
2022/12/31,03:54 PM,29.61,19.0,53.0,SSW,8.21,11.1,1022.69,0.0,0.0,7.0,812.4,IMELBO1849.csv
2022/12/31,03:59 PM,29.0,18.56,53.0,South,7.4,10.78,1022.69,0.0,0.0,7.0,799.0,IMELBO1849.csv
2022/12/31,04:04 PM,28.89,18.56,54.0,SSW,8.69,12.23,1022.69,0.0,0.0,7.0,800.8,IMELBO1849.csv
2022/12/31,04:09 PM,28.72,18.5,54.0,SSW,10.3,14.16,1022.69,0.0,0.0,7.0,805.1,IMELBO1849.csv
2022/12/31,04:14 PM,28.06,18.22,55.0,SSW,7.88,11.42,1022.69,0.0,0.0,7.0,807.3,IMELBO1849.csv
2022/12/31,04:19 PM,28.28,18.33,55.0,SE,8.53,12.71,1022.69,0.0,0.0,7.0,807.7,IMELBO1849.csv
2022/12/31,04:24 PM,27.61,18.22,57.0,South,8.85,12.39,1023.03,0.0,0.0,7.0,788.6,IMELBO1849.csv
2022/12/31,04:29 PM,27.67,18.06,56.0,SSW,8.53,11.75,1022.69,0.0,0.0,7.0,783.8,IMELBO1849.csv
2022/12/31,04:34 PM,28.11,18.22,55.0,SSW,7.4,10.14,1022.69,0.0,0.0,7.0,774.8,IMELBO1849.csv
2022/12/31,04:39 PM,28.33,18.44,55.0,SE,5.95,8.69,1022.69,0.0,0.0,7.0,778.2,IMELBO1849.csv
2022/12/31,04:44 PM,28.17,18.78,57.0,SSW,9.49,13.52,1022.69,0.0,0.0,7.0,766.1,IMELBO1849.csv
2022/12/31,04:49 PM,28.61,19.06,56.0,SSE,5.79,8.69,1022.69,0.0,0.0,7.0,742.2,IMELBO1849.csv
2022/12/31,04:54 PM,28.78,19.39,57.0,SSE,7.72,11.1,1022.35,0.0,0.0,6.0,718.7,IMELBO1849.csv
2022/12/31,04:59 PM,28.39,19.22,58.0,South,8.21,12.07,1022.69,0.0,0.0,6.0,717.5,IMELBO1849.csv
2022/12/31,05:04 PM,28.44,19.44,58.0,SE,6.76,10.46,1022.35,0.0,0.0,6.0,680.2,IMELBO1849.csv
2022/12/31,05:09 PM,28.44,19.67,59.0,SE,6.44,9.17,1022.35,0.0,0.0,6.0,684.1,IMELBO1849.csv
2022/12/31,05:14 PM,28.5,19.78,59.0,SSE,7.56,11.26,1022.35,0.0,0.0,6.0,659.4,IMELBO1849.csv
2022/12/31,05:19 PM,27.94,19.72,61.0,SSW,9.17,12.71,1022.35,0.0,0.0,6.0,651.1,IMELBO1849.csv
2022/12/31,05:24 PM,28.0,19.67,61.0,SE,6.76,10.3,1022.35,0.0,0.0,5.0,608.6,IMELBO1849.csv
2022/12/31,05:29 PM,28.28,19.89,60.0,South,7.24,10.14,1022.35,0.0,0.0,5.0,593.5,IMELBO1849.csv
2022/12/31,05:34 PM,28.06,19.83,61.0,South,8.21,12.07,1022.01,0.0,0.0,5.0,593.5,IMELBO1849.csv
2022/12/31,05:39 PM,27.89,19.94,62.0,SSW,9.01,13.19,1022.01,0.0,0.0,5.0,570.8,IMELBO1849.csv
2022/12/31,05:44 PM,27.61,19.72,62.0,SSW,8.53,12.07,1022.01,0.0,0.0,5.0,553.5,IMELBO1849.csv
2022/12/31,05:49 PM,27.78,19.78,62.0,SSW,8.69,12.87,1022.35,0.0,0.0,4.0,487.1,IMELBO1849.csv
2022/12/31,05:54 PM,27.61,19.67,62.0,SSW,9.65,13.35,1022.01,0.0,0.0,4.0,432.5,IMELBO1849.csv
2022/12/31,05:59 PM,27.61,19.56,62.0,SSW,9.17,13.84,1022.01,0.0,0.0,3.0,397.7,IMELBO1849.csv
2022/12/31,06:04 PM,27.56,19.44,61.0,South,9.98,13.68,1022.01,0.0,0.0,3.0,389.0,IMELBO1849.csv
2022/12/31,06:09 PM,27.56,19.33,61.0,South,8.21,11.75,1022.01,0.0,0.0,3.0,361.7,IMELBO1849.csv
2022/12/31,06:14 PM,27.61,19.44,61.0,South,7.4,10.78,1022.01,0.0,0.0,3.0,315.4,IMELBO1849.csv
2022/12/31,06:19 PM,27.67,19.39,61.0,SSW,8.53,12.07,1022.01,0.0,0.0,3.0,311.5,IMELBO1849.csv
2022/12/31,06:24 PM,27.72,19.33,60.0,SSE,8.04,12.07,1022.01,0.0,0.0,3.0,313.2,IMELBO1849.csv
2022/12/31,06:29 PM,27.39,19.22,61.0,South,8.04,12.55,1022.01,0.0,0.0,2.0,279.3,IMELBO1849.csv
2022/12/31,06:34 PM,27.06,19.17,62.0,SW,10.3,14.32,1022.01,0.0,0.0,2.0,248.1,IMELBO1849.csv
2022/12/31,06:39 PM,27.0,19.06,62.0,SW,11.91,15.61,1022.01,0.0,0.0,2.0,268.9,IMELBO1849.csv
2022/12/31,06:44 PM,27.06,19.06,62.0,SSW,7.08,10.78,1022.01,0.0,0.0,2.0,268.0,IMELBO1849.csv
2022/12/31,06:49 PM,27.28,19.22,61.0,WSW,6.76,9.98,1022.35,0.0,0.0,2.0,209.4,IMELBO1849.csv
2022/12/31,06:54 PM,27.11,19.11,62.0,SSW,9.65,12.87,1022.01,0.0,0.0,2.0,209.4,IMELBO1849.csv
2022/12/31,06:59 PM,26.78,19.0,62.0,SSW,10.14,14.0,1022.01,0.0,0.0,2.0,211.6,IMELBO1849.csv
2022/12/31,07:04 PM,26.72,18.89,62.0,SSW,8.21,11.26,1022.01,0.0,0.0,1.0,173.8,IMELBO1849.csv
2022/12/31,07:09 PM,26.56,18.89,63.0,South,6.76,9.98,1022.01,0.0,0.0,1.0,170.9,IMELBO1849.csv
2022/12/31,07:14 PM,26.33,18.83,64.0,SW,10.94,14.8,1022.01,0.0,0.0,0.0,65.4,IMELBO1849.csv
2022/12/31,07:19 PM,26.0,18.72,64.0,WSW,11.91,15.77,1022.35,0.0,0.0,0.0,58.5,IMELBO1849.csv
2022/12/31,07:24 PM,25.83,18.56,64.0,SW,9.81,14.16,1022.35,0.0,0.0,0.0,56.3,IMELBO1849.csv
2022/12/31,07:29 PM,25.83,18.56,64.0,SSW,9.33,13.03,1022.01,0.0,0.0,0.0,53.7,IMELBO1849.csv
2022/12/31,07:34 PM,25.83,18.56,64.0,SSW,7.08,10.46,1022.35,0.0,0.0,0.0,51.1,IMELBO1849.csv
2022/12/31,07:39 PM,25.67,18.61,65.0,SSW,9.17,13.19,1022.35,0.0,0.0,0.0,49.4,IMELBO1849.csv
2022/12/31,07:44 PM,25.5,18.5,65.0,SW,11.58,14.96,1022.35,0.0,0.0,0.0,46.4,IMELBO1849.csv
2022/12/31,07:49 PM,25.28,18.44,66.0,SSW,9.33,12.55,1022.35,0.0,0.0,0.0,42.9,IMELBO1849.csv
2022/12/31,07:54 PM,25.22,18.39,66.0,SSW,9.65,13.03,1022.35,0.0,0.0,0.0,39.4,IMELBO1849.csv
2022/12/31,07:59 PM,25.11,18.33,66.0,SSW,8.37,11.58,1022.35,0.0,0.0,0.0,36.3,IMELBO1849.csv
2022/12/31,08:04 PM,25.0,18.5,67.0,SSW,7.56,10.3,1022.69,0.0,0.0,0.0,33.4,IMELBO1849.csv
2022/12/31,08:09 PM,24.89,18.39,67.0,SW,7.56,11.1,1022.69,0.0,0.0,0.0,29.9,IMELBO1849.csv
2022/12/31,08:14 PM,24.83,18.33,67.0,SSW,6.28,8.53,1022.69,0.0,0.0,0.0,26.8,IMELBO1849.csv
2022/12/31,08:19 PM,24.72,18.39,68.0,SSW,9.17,11.58,1022.69,0.0,0.0,0.0,22.5,IMELBO1849.csv
2022/12/31,08:24 PM,24.67,18.33,68.0,SW,6.76,8.69,1022.69,0.0,0.0,0.0,19.1,IMELBO1849.csv
2022/12/31,08:29 PM,24.39,18.22,68.0,SSW,7.88,10.46,1022.69,0.0,0.0,0.0,15.2,IMELBO1849.csv
2022/12/31,08:34 PM,24.28,18.22,69.0,SSW,7.56,9.98,1022.69,0.0,0.0,0.0,11.6,IMELBO1849.csv
2022/12/31,08:39 PM,24.17,18.17,69.0,SSW,5.31,7.08,1022.69,0.0,0.0,0.0,8.2,IMELBO1849.csv
2022/12/31,08:44 PM,24.06,18.06,69.0,SSW,7.88,10.78,1022.69,0.0,0.0,0.0,5.1,IMELBO1849.csv
2022/12/31,08:49 PM,23.94,18.11,70.0,SSW,7.72,10.3,1023.03,0.0,0.0,0.0,2.6,IMELBO1849.csv
2022/12/31,08:54 PM,23.78,18.0,70.0,SSW,7.88,10.62,1023.03,0.0,0.0,0.0,1.2,IMELBO1849.csv
2022/12/31,08:59 PM,23.67,18.0,70.0,SSW,7.08,9.65,1023.03,0.0,0.0,0.0,0.0,IMELBO1849.csv
2022/12/31,09:04 PM,23.56,18.06,71.0,SSW,5.95,8.21,1023.03,0.0,0.0,0.0,0.0,IMELBO1849.csv
2022/12/31,09:09 PM,23.5,18.0,71.0,SW,6.44,8.21,1023.03,0.0,0.0,0.0,0.0,IMELBO1849.csv
2022/12/31,09:14 PM,23.5,18.0,71.0,SW,6.28,8.21,1023.03,0.0,0.0,0.0,0.0,IMELBO1849.csv
2022/12/31,09:19 PM,23.39,17.89,71.0,SW,5.31,6.92,1023.03,0.0,0.0,0.0,0.0,IMELBO1849.csv
2022/12/31,09:24 PM,23.33,17.83,71.0,SW,7.4,9.33,1023.03,0.0,0.0,0.0,0.0,IMELBO1849.csv
2022/12/31,09:29 PM,23.28,17.78,71.0,SW,7.4,9.65,1023.03,0.0,0.0,0.0,0.0,IMELBO1849.csv
2022/12/31,09:34 PM,23.22,17.72,71.0,SW,4.34,5.63,1023.37,0.0,0.0,0.0,0.0,IMELBO1849.csv
2022/12/31,09:39 PM,23.11,17.78,72.0,SW,4.83,5.79,1023.37,0.0,0.0,0.0,0.0,IMELBO1849.csv
2022/12/31,09:44 PM,22.94,17.67,72.0,SW,5.15,6.44,1023.37,0.0,0.0,0.0,0.0,IMELBO1849.csv
2022/12/31,09:49 PM,22.78,17.61,73.0,SW,4.51,5.79,1023.37,0.0,0.0,0.0,0.0,IMELBO1849.csv
2022/12/31,09:54 PM,22.61,17.5,73.0,SW,3.22,4.99,1023.37,0.0,0.0,0.0,0.0,IMELBO1849.csv
2022/12/31,09:59 PM,22.5,17.39,73.0,WSW,3.7,5.15,1023.37,0.0,0.0,0.0,0.0,IMELBO1849.csv
2022/12/31,10:04 PM,22.33,17.33,73.0,WSW,3.54,4.34,1023.71,0.0,0.0,0.0,0.0,IMELBO1849.csv
2022/12/31,10:09 PM,22.22,17.44,74.0,SW,2.9,4.02,1023.71,0.0,0.0,0.0,0.0,IMELBO1849.csv
2022/12/31,10:14 PM,22.06,17.28,74.0,WSW,4.67,6.44,1023.71,0.0,0.0,0.0,0.0,IMELBO1849.csv
2022/12/31,10:19 PM,21.94,17.33,75.0,WSW,4.18,5.63,1023.71,0.0,0.0,0.0,0.0,IMELBO1849.csv
2022/12/31,10:24 PM,21.89,17.28,75.0,SW,4.02,5.31,1023.71,0.0,0.0,0.0,0.0,IMELBO1849.csv
2022/12/31,10:29 PM,21.67,17.28,76.0,WSW,4.02,5.95,1023.71,0.0,0.0,0.0,0.0,IMELBO1849.csv
2022/12/31,10:34 PM,20.89,17.17,79.0,SW,2.09,3.54,1023.71,0.0,0.0,0.0,0.0,IMELBO1849.csv
2022/12/31,10:39 PM,20.39,17.0,81.0,WSW,2.74,4.02,1024.04,0.0,0.0,0.0,0.0,IMELBO1849.csv
2022/12/31,10:44 PM,20.0,16.94,83.0,West,3.22,4.34,1023.71,0.0,0.0,0.0,0.0,IMELBO1849.csv
2022/12/31,10:49 PM,19.67,16.89,84.0,West,3.7,5.31,1023.71,0.0,0.0,0.0,0.0,IMELBO1849.csv
2022/12/31,10:54 PM,19.39,16.83,85.0,WNW,3.54,5.47,1023.71,0.0,0.0,0.0,0.0,IMELBO1849.csv
2022/12/31,10:59 PM,19.28,16.89,86.0,WNW,2.57,4.02,1023.71,0.0,0.0,0.0,0.0,IMELBO1849.csv
2022/12/31,11:04 PM,19.22,16.78,86.0,West,3.06,4.67,1023.71,0.0,0.0,0.0,0.0,IMELBO1849.csv
2022/12/31,11:09 PM,19.17,16.89,87.0,West,3.54,5.47,1023.71,0.0,0.0,0.0,0.0,IMELBO1849.csv
2022/12/31,11:14 PM,19.06,16.83,87.0,WNW,2.41,4.02,1023.71,0.0,0.0,0.0,0.0,IMELBO1849.csv
2022/12/31,11:19 PM,19.0,16.78,87.0,West,1.61,2.57,1023.71,0.0,0.0,0.0,0.0,IMELBO1849.csv
2022/12/31,11:24 PM,19.0,16.78,87.0,WNW,2.57,3.86,1023.71,0.0,0.0,0.0,0.0,IMELBO1849.csv
2022/12/31,11:29 PM,18.89,16.78,88.0,West,2.25,3.86,1023.71,0.0,0.0,0.0,0.0,IMELBO1849.csv
2022/12/31,11:34 PM,18.89,16.78,88.0,SW,1.61,2.41,1023.71,0.0,0.0,0.0,0.0,IMELBO1849.csv
2022/12/31,11:39 PM,18.89,16.78,88.0,WNW,2.57,3.86,1023.71,0.0,0.0,0.0,0.0,IMELBO1849.csv
2022/12/31,11:44 PM,18.78,16.72,88.0,WNW,2.25,3.54,1023.71,0.0,0.0,0.0,0.0,IMELBO1849.csv
2022/12/31,11:49 PM,18.78,16.72,88.0,WNW,2.9,3.86,1023.71,0.0,0.0,0.0,0.0,IMELBO1849.csv
2022/12/31,11:54 PM,18.78,16.72,88.0,WNW,0.97,1.77,1023.71,0.0,0.0,0.0,0.0,IMELBO1849.csv
2022/12/31,11:59 PM,18.78,16.72,88.0,WNW,1.13,2.09,1023.71,0.0,0.0,0.0,0.0,IMELBO1849.csv
2023/01/01,12:04 AM,18.78,16.67,88.0,WSW,2.25,3.38,1023.71,0.0,0.0,0.0,0.0,IMELBO1849.csv
2023/01/01,12:09 AM,18.72,16.61,88.0,West,0.97,1.77,1023.71,0.0,0.0,0.0,0.0,IMELBO1849.csv
2023/01/01,12:14 AM,18.72,16.61,88.0,WSW,1.61,3.06,1023.71,0.0,0.0,0.0,0.0,IMELBO1849.csv
2023/01/01,12:19 AM,18.72,16.61,88.0,WNW,1.93,3.22,1023.71,0.0,0.0,0.0,0.0,IMELBO1849.csv
2023/01/01,12:24 AM,18.72,16.61,88.0,SW,1.13,1.77,1023.37,0.0,0.0,0.0,0.0,IMELBO1849.csv
2023/01/01,12:29 AM,18.72,16.61,88.0,WSW,1.61,2.41,1023.37,0.0,0.0,0.0,0.0,IMELBO1849.csv
2023/01/01,12:34 AM,18.72,16.61,88.0,WSW,1.77,2.41,1023.37,0.0,0.0,0.0,0.0,IMELBO1849.csv
2023/01/01,12:39 AM,18.72,16.61,88.0,WNW,0.97,1.61,1023.37,0.0,0.0,0.0,0.0,IMELBO1849.csv
2023/01/01,12:44 AM,18.72,16.61,88.0,West,0.97,1.77,1023.71,0.0,0.0,0.0,0.0,IMELBO1849.csv
2023/01/01,12:49 AM,18.61,16.5,88.0,West,0.8,1.45,1023.71,0.0,0.0,0.0,0.0,IMELBO1849.csv
2023/01/01,12:54 AM,18.61,16.5,88.0,WNW,1.61,2.74,1023.37,0.0,0.0,0.0,0.0,IMELBO1849.csv
2023/01/01,12:59 AM,18.5,16.39,88.0,West,0.97,1.77,1023.37,0.0,0.0,0.0,0.0,IMELBO1849.csv
2023/01/01,01:04 AM,18.44,16.33,88.0,West,0.64,1.13,1023.71,0.0,0.0,0.0,0.0,IMELBO1849.csv
2023/01/01,01:09 AM,18.39,16.28,88.0,WNW,2.09,3.22,1023.37,0.0,0.0,0.0,0.0,IMELBO1849.csv
2023/01/01,01:14 AM,18.33,16.22,88.0,NW,2.41,2.9,1023.37,0.0,0.0,0.0,0.0,IMELBO1849.csv
2023/01/01,01:19 AM,18.28,16.28,88.0,NW,0.64,1.29,1023.37,0.0,0.0,0.0,0.0,IMELBO1849.csv
2023/01/01,01:24 AM,18.22,16.33,89.0,NW,0.16,0.32,1023.03,0.0,0.0,0.0,0.0,IMELBO1849.csv
2023/01/01,01:29 AM,18.17,16.22,89.0,NW,0.32,0.97,1023.37,0.0,0.0,0.0,0.0,IMELBO1849.csv
2023/01/01,01:34 AM,18.11,16.22,89.0,NW,0.48,0.97,1023.37,0.0,0.0,0.0,0.0,IMELBO1849.csv
2023/01/01,01:39 AM,18.06,16.17,89.0,NW,0.64,1.13,1023.03,0.0,0.0,0.0,0.0,IMELBO1849.csv
2023/01/01,01:44 AM,18.0,16.17,89.0,NW,0.64,1.13,1023.03,0.0,0.0,0.0,0.0,IMELBO1849.csv
2023/01/01,01:49 AM,18.0,16.28,90.0,NW,0.8,1.45,1023.03,0.0,0.0,0.0,0.0,IMELBO1849.csv
2023/01/01,01:54 AM,18.0,16.28,90.0,NW,1.77,2.57,1023.03,0.0,0.0,0.0,0.0,IMELBO1849.csv
2023/01/01,01:59 AM,18.0,16.28,90.0,NW,1.93,2.74,1023.03,0.0,0.0,0.0,0.0,IMELBO1849.csv
2023/01/01,02:04 AM,17.94,16.22,90.0,NW,0.8,1.61,1023.03,0.0,0.0,0.0,0.0,IMELBO1849.csv
2023/01/01,02:09 AM,17.89,16.22,90.0,NW,0.64,1.29,1023.03,0.0,0.0,0.0,0.0,IMELBO1849.csv
2023/01/01,02:14 AM,17.89,16.22,90.0,NW,0.32,0.64,1023.03,0.0,0.0,0.0,0.0,IMELBO1849.csv
2023/01/01,02:19 AM,17.89,16.22,90.0,NW,0.16,0.16,1023.03,0.0,0.0,0.0,0.0,IMELBO1849.csv
2023/01/01,02:24 AM,17.78,16.11,90.0,NW,0.32,0.64,1023.03,0.0,0.0,0.0,0.0,IMELBO1849.csv
2023/01/01,02:29 AM,17.78,16.11,90.0,NW,0.16,0.48,1023.03,0.0,0.0,0.0,0.0,IMELBO1849.csv
2023/01/01,02:34 AM,17.78,16.06,90.0,NW,0.32,0.64,1023.03,0.0,0.0,0.0,0.0,IMELBO1849.csv
2023/01/01,02:39 AM,17.72,16.06,90.0,NW,0.0,0.0,1022.69,0.0,0.0,0.0,0.0,IMELBO1849.csv
2023/01/01,02:44 AM,17.72,16.06,90.0,NW,0.16,0.64,1022.69,0.0,0.0,0.0,0.0,IMELBO1849.csv
2023/01/01,02:49 AM,17.67,16.17,91.0,NW,0.16,0.32,1022.69,0.0,0.0,0.0,0.0,IMELBO1849.csv
2023/01/01,02:54 AM,17.61,16.06,91.0,NW,0.97,1.61,1022.69,0.0,0.0,0.0,0.0,IMELBO1849.csv
2023/01/01,02:59 AM,17.61,15.89,90.0,NW,1.29,1.77,1022.69,0.0,0.0,0.0,0.0,IMELBO1849.csv
2023/01/01,03:04 AM,17.44,15.78,90.0,NNW,0.64,1.29,1022.69,0.0,0.0,0.0,0.0,IMELBO1849.csv
2023/01/01,03:09 AM,17.39,15.78,90.0,NNW,1.13,1.61,1022.69,0.0,0.0,0.0,0.0,IMELBO1849.csv
2023/01/01,03:14 AM,17.39,15.78,90.0,NNW,0.32,0.48,1022.35,0.0,0.0,0.0,0.0,IMELBO1849.csv
2023/01/01,03:19 AM,17.33,15.72,90.0,NNW,0.0,0.32,1022.35,0.0,0.0,0.0,0.0,IMELBO1849.csv
2023/01/01,03:24 AM,17.33,15.94,91.0,NNW,0.8,1.45,1022.35,0.0,0.0,0.0,0.0,IMELBO1849.csv
2023/01/01,03:29 AM,17.39,16.0,91.0,NNW,0.0,0.0,1022.35,0.0,0.0,0.0,0.0,IMELBO1849.csv
2023/01/01,03:34 AM,17.39,16.0,91.0,NNW,0.16,0.32,1022.35,0.0,0.0,0.0,0.0,IMELBO1849.csv
2023/01/01,03:39 AM,17.39,16.0,91.0,NNW,0.8,1.13,1022.35,0.0,0.0,0.0,0.0,IMELBO1849.csv
2023/01/01,03:44 AM,17.28,15.89,91.0,NNW,0.32,0.97,1022.35,0.0,0.0,0.0,0.0,IMELBO1849.csv
2023/01/01,03:49 AM,17.28,15.89,91.0,NNW,0.8,1.29,1022.35,0.0,0.0,0.0,0.0,IMELBO1849.csv
2023/01/01,03:54 AM,17.28,15.89,91.0,,1.13,1.77,1022.35,0.0,0.0,0.0,0.0,IMELBO1849.csv
2023/01/01,03:59 AM,17.28,15.89,91.0,,1.13,1.77,1022.35,0.0,0.0,0.0,0.0,IMELBO1849.csv
2023/01/01,04:04 AM,17.28,15.89,91.0,,0.32,0.97,1022.01,0.0,0.0,0.0,0.0,IMELBO1849.csv
2023/01/01,04:09 AM,17.28,15.89,91.0,,1.13,1.45,1022.01,0.0,0.0,0.0,0.0,IMELBO1849.csv
2023/01/01,04:14 AM,17.28,15.83,91.0,,0.0,0.0,1022.35,0.0,0.0,0.0,0.0,IMELBO1849.csv
2023/01/01,04:19 AM,17.22,15.78,91.0,,0.0,0.0,1022.35,0.0,0.0,0.0,0.0,IMELBO1849.csv
2023/01/01,04:24 AM,17.22,15.78,91.0,,0.32,0.97,1022.35,0.0,0.0,0.0,0.0,IMELBO1849.csv
2023/01/01,04:29 AM,17.17,15.72,91.0,,0.64,1.61,1022.35,0.0,0.0,0.0,0.0,IMELBO1849.csv
2023/01/01,04:34 AM,17.11,15.72,91.0,,0.64,1.29,1022.69,0.0,0.0,0.0,0.0,IMELBO1849.csv
2023/01/01,04:39 AM,17.11,15.72,91.0,,0.8,1.45,1022.35,0.0,0.0,0.0,0.0,IMELBO1849.csv
2023/01/01,04:44 AM,17.06,15.67,91.0,North,0.8,1.61,1022.35,0.0,0.0,0.0,0.0,IMELBO1849.csv
2023/01/01,04:49 AM,17.0,15.67,92.0,NNE,1.45,1.93,1022.01,0.0,0.0,0.0,0.0,IMELBO1849.csv
2023/01/01,04:54 AM,17.0,15.67,92.0,NNE,0.8,1.77,1022.01,0.0,0.0,0.0,0.0,IMELBO1849.csv
2023/01/01,04:59 AM,16.94,15.67,92.0,NNE,0.97,1.29,1022.01,0.0,0.0,0.0,0.0,IMELBO1849.csv
2023/01/01,05:04 AM,16.89,15.61,92.0,NNE,0.48,0.8,1022.35,0.0,0.0,0.0,0.0,IMELBO1849.csv
2023/01/01,05:09 AM,16.89,15.61,92.0,NNE,0.0,0.0,1022.35,0.0,0.0,0.0,0.0,IMELBO1849.csv
2023/01/01,05:14 AM,16.78,15.5,92.0,NNE,0.16,0.48,1022.01,0.0,0.0,0.0,0.0,IMELBO1849.csv
2023/01/01,05:19 AM,16.83,15.56,92.0,NNE,0.64,1.45,1022.01,0.0,0.0,0.0,0.0,IMELBO1849.csv
2023/01/01,05:24 AM,16.78,15.5,92.0,NNE,0.0,0.0,1022.01,0.0,0.0,0.0,0.0,IMELBO1849.csv
2023/01/01,05:29 AM,16.78,15.44,92.0,NNE,0.16,0.48,1022.01,0.0,0.0,0.0,0.0,IMELBO1849.csv
2023/01/01,05:34 AM,16.78,15.5,92.0,NNE,0.8,1.61,1022.01,0.0,0.0,0.0,0.0,IMELBO1849.csv
2023/01/01,05:39 AM,16.89,15.61,92.0,NNE,0.8,1.61,1022.01,0.0,0.0,0.0,0.0,IMELBO1849.csv
2023/01/01,05:44 AM,16.89,15.61,92.0,NNE,0.32,0.8,1022.35,0.0,0.0,0.0,0.0,IMELBO1849.csv
2023/01/01,05:49 AM,16.83,15.56,92.0,NNE,0.16,0.48,1022.35,0.0,0.0,0.0,0.0,IMELBO1849.csv
2023/01/01,05:54 AM,16.83,15.56,92.0,NNE,0.32,0.97,1022.35,0.0,0.0,0.0,0.0,IMELBO1849.csv
2023/01/01,05:59 AM,16.89,15.61,92.0,NNE,0.0,0.16,1022.35,0.0,0.0,0.0,0.9,IMELBO1849.csv
2023/01/01,06:04 AM,16.83,15.61,92.0,NNE,0.0,0.16,1022.35,0.0,0.0,0.0,2.9,IMELBO1849.csv
2023/01/01,06:09 AM,16.89,15.61,92.0,NNE,0.0,0.16,1022.35,0.0,0.0,0.0,4.8,IMELBO1849.csv
2023/01/01,06:14 AM,16.89,15.61,92.0,NNE,0.0,0.0,1022.69,0.0,0.0,0.0,6.9,IMELBO1849.csv
2023/01/01,06:19 AM,16.89,15.61,92.0,NNE,0.16,0.32,1022.69,0.0,0.0,0.0,9.1,IMELBO1849.csv
2023/01/01,06:24 AM,17.0,15.67,92.0,NNE,0.32,0.64,1022.69,0.0,0.0,0.0,12.1,IMELBO1849.csv
2023/01/01,06:29 AM,17.17,15.83,92.0,NNE,0.64,1.29,1022.69,0.0,0.0,0.0,15.5,IMELBO1849.csv
2023/01/01,06:34 AM,17.22,15.89,92.0,NNE,0.48,0.97,1022.69,0.0,0.0,0.0,17.7,IMELBO1849.csv
2023/01/01,06:39 AM,17.28,15.94,92.0,NNE,0.97,1.61,1023.03,0.0,0.0,0.0,20.8,IMELBO1849.csv
2023/01/01,06:44 AM,17.33,15.94,91.0,NNE,0.64,1.29,1022.69,0.0,0.0,0.0,22.9,IMELBO1849.csv
2023/01/01,06:49 AM,17.5,15.89,90.0,NNE,0.97,1.45,1022.69,0.0,0.0,0.0,25.9,IMELBO1849.csv
2023/01/01,06:54 AM,17.67,15.89,90.0,NNE,1.29,1.93,1022.69,0.0,0.0,0.0,28.6,IMELBO1849.csv
2023/01/01,06:59 AM,17.83,15.94,89.0,NNE,1.13,1.77,1022.69,0.0,0.0,0.0,36.8,IMELBO1849.csv
2023/01/01,07:04 AM,18.06,16.11,89.0,NNE,1.29,1.61,1023.03,0.0,0.0,0.0,48.9,IMELBO1849.csv
2023/01/01,07:09 AM,18.61,16.33,87.0,NNE,1.13,1.77,1023.03,0.0,0.0,0.0,58.1,IMELBO1849.csv
2023/01/01,07:14 AM,19.11,16.5,85.0,NNE,1.29,1.93,1023.03,0.0,0.0,0.0,82.3,IMELBO1849.csv
2023/01/01,07:19 AM,19.56,16.67,83.0,NNE,1.77,2.57,1023.03,0.0,0.0,0.0,90.2,IMELBO1849.csv
2023/01/01,07:24 AM,19.78,16.5,82.0,NE,3.22,4.18,1023.03,0.0,0.0,1.0,106.2,IMELBO1849.csv
2023/01/01,07:29 AM,20.11,16.67,81.0,NE,3.7,4.83,1023.03,0.0,0.0,1.0,114.0,IMELBO1849.csv
2023/01/01,07:34 AM,20.5,16.83,80.0,NE,2.57,3.38,1023.03,0.0,0.0,1.0,131.9,IMELBO1849.csv
2023/01/01,07:39 AM,20.78,17.06,79.0,NE,3.22,4.34,1023.03,0.0,0.0,1.0,130.9,IMELBO1849.csv
2023/01/01,07:44 AM,21.11,17.06,78.0,NE,3.38,4.02,1023.03,0.0,0.0,1.0,159.5,IMELBO1849.csv
2023/01/01,07:49 AM,21.33,17.17,77.0,ENE,4.51,5.79,1023.03,0.0,0.0,1.0,163.4,IMELBO1849.csv
2023/01/01,07:54 AM,21.72,17.28,76.0,ENE,2.9,3.54,1023.03,0.0,0.0,1.0,183.0,IMELBO1849.csv
2023/01/01,07:59 AM,22.11,17.5,75.0,ENE,4.18,5.31,1023.37,0.0,0.0,2.0,208.6,IMELBO1849.csv
2023/01/01,08:04 AM,22.39,17.67,75.0,ENE,4.02,4.99,1023.37,0.0,0.0,2.0,235.5,IMELBO1849.csv
2023/01/01,08:09 AM,22.94,17.78,73.0,ENE,3.38,4.18,1023.03,0.0,0.0,2.0,235.0,IMELBO1849.csv
2023/01/01,08:14 AM,23.39,18.0,72.0,ENE,4.51,6.76,1023.03,0.0,0.0,2.0,260.2,IMELBO1849.csv
2023/01/01,08:19 AM,24.0,18.17,70.0,NE,3.54,4.67,1023.03,0.0,0.0,2.0,268.5,IMELBO1849.csv
2023/01/01,08:24 AM,24.56,18.33,68.0,ENE,4.02,5.63,1023.03,0.0,0.0,2.0,294.1,IMELBO1849.csv
2023/01/01,08:29 AM,25.28,18.44,66.0,NE,4.51,6.44,1023.03,0.0,0.0,3.0,310.6,IMELBO1849.csv
2023/01/01,08:34 AM,25.89,18.61,64.0,NE,5.47,6.76,1023.03,0.0,0.0,3.0,320.1,IMELBO1849.csv
2023/01/01,08:39 AM,26.39,18.06,60.0,ENE,8.53,12.71,1023.03,0.0,0.0,3.0,356.5,IMELBO1849.csv
2023/01/01,08:44 AM,26.89,18.06,58.0,NE,5.63,7.56,1023.03,0.0,0.0,3.0,367.0,IMELBO1849.csv
2023/01/01,08:49 AM,27.22,18.06,57.0,North,11.1,15.29,1023.03,0.0,0.0,3.0,389.0,IMELBO1849.csv
2023/01/01,08:54 AM,27.11,17.89,57.0,NNE,11.91,16.41,1023.03,0.0,0.0,3.0,396.9,IMELBO1849.csv
2023/01/01,08:59 AM,27.28,17.89,56.0,NNE,10.46,15.29,1023.03,0.0,0.0,3.0,396.9,IMELBO1849.csv
2023/01/01,09:04 AM,27.5,18.0,56.0,NNE,9.33,13.35,1023.03,0.0,0.0,3.0,405.2,IMELBO1849.csv
2023/01/01,09:09 AM,27.67,18.11,56.0,NNE,8.21,11.26,1023.03,0.0,0.0,4.0,425.1,IMELBO1849.csv
2023/01/01,09:14 AM,27.94,18.11,55.0,NNE,9.98,13.84,1023.03,0.0,0.0,4.0,454.6,IMELBO1849.csv
2023/01/01,09:19 AM,27.89,18.11,55.0,NE,10.46,14.96,1023.03,0.0,0.0,4.0,472.8,IMELBO1849.csv
2023/01/01,09:24 AM,27.94,18.11,55.0,NNE,12.07,16.57,1022.69,0.0,0.0,4.0,481.0,IMELBO1849.csv
2023/01/01,09:29 AM,28.11,18.22,55.0,NNE,11.58,15.61,1023.03,0.0,0.0,4.0,486.6,IMELBO1849.csv
2023/01/01,09:34 AM,28.28,18.33,55.0,NE,11.58,15.77,1022.69,0.0,0.0,4.0,488.0,IMELBO1849.csv
2023/01/01,09:39 AM,28.56,18.33,54.0,NNE,11.1,15.45,1022.69,0.0,0.0,4.0,491.1,IMELBO1849.csv
2023/01/01,09:44 AM,28.67,18.44,54.0,NNE,11.1,15.12,1022.69,0.0,0.0,5.0,517.0,IMELBO1849.csv
2023/01/01,09:49 AM,28.78,18.39,53.0,,10.14,14.16,1022.69,0.0,0.0,5.0,534.0,IMELBO1849.csv
2023/01/01,09:54 AM,29.0,18.5,53.0,NNE,12.23,17.22,1022.69,0.0,0.0,5.0,568.3,IMELBO1849.csv
2023/01/01,09:59 AM,29.17,18.61,53.0,NE,10.62,14.64,1022.69,0.0,0.0,5.0,581.7,IMELBO1849.csv
2023/01/01,10:04 AM,29.33,18.67,52.0,NNE,9.65,13.52,1022.69,0.0,0.0,5.0,595.5,IMELBO1849.csv
2023/01/01,10:09 AM,29.56,18.72,52.0,NNE,10.94,15.29,1022.69,0.0,0.0,5.0,600.3,IMELBO1849.csv
2023/01/01,10:14 AM,29.78,18.78,52.0,NNE,9.98,13.03,1022.69,0.0,0.0,6.0,622.9,IMELBO1849.csv
2023/01/01,10:19 AM,29.78,18.72,52.0,NNE,9.81,13.19,1022.35,0.0,0.0,6.0,630.3,IMELBO1849.csv
2023/01/01,10:24 AM,30.11,18.83,51.0,North,10.78,14.32,1022.35,0.0,0.0,6.0,628.9,IMELBO1849.csv
2023/01/01,10:29 AM,30.17,18.89,51.0,NNE,11.26,15.29,1022.35,0.0,0.0,6.0,639.0,IMELBO1849.csv
2023/01/01,10:34 AM,30.11,18.83,51.0,NNE,10.62,14.48,1022.35,0.0,0.0,6.0,642.4,IMELBO1849.csv
2023/01/01,10:39 AM,30.44,18.83,50.0,NE,8.69,12.23,1022.69,0.0,0.0,6.0,664.5,IMELBO1849.csv
2023/01/01,10:44 AM,30.72,19.11,50.0,ENE,10.78,14.8,1022.35,0.0,0.0,6.0,674.9,IMELBO1849.csv
2023/01/01,10:49 AM,30.78,19.06,50.0,NNE,9.98,13.68,1022.35,0.0,0.0,6.0,693.2,IMELBO1849.csv
2023/01/01,10:54 AM,31.11,19.28,49.0,NE,8.85,12.07,1022.35,0.0,0.0,6.0,694.9,IMELBO1849.csv
2023/01/01,10:59 AM,31.39,19.28,49.0,NNE,9.01,12.55,1022.35,0.0,0.0,6.0,679.3,IMELBO1849.csv
2023/01/01,11:04 AM,31.44,19.33,49.0,NE,10.14,13.68,1022.35,0.0,0.0,6.0,713.1,IMELBO1849.csv
2023/01/01,11:09 AM,31.39,19.17,48.0,NE,10.78,15.77,1022.01,0.0,0.0,7.0,731.3,IMELBO1849.csv
2023/01/01,11:14 AM,31.61,19.06,48.0,NNE,10.3,14.48,1022.01,0.0,0.0,7.0,733.0,IMELBO1849.csv
2023/01/01,11:19 AM,31.94,19.33,47.0,NNE,6.92,9.65,1022.35,0.0,0.0,7.0,741.7,IMELBO1849.csv
2023/01/01,11:24 AM,32.11,19.39,47.0,NNE,10.3,13.84,1022.35,0.0,0.0,7.0,753.5,IMELBO1849.csv
2023/01/01,11:29 AM,32.06,19.33,47.0,NNE,10.46,14.64,1022.01,0.0,0.0,7.0,768.6,IMELBO1849.csv
2023/01/01,11:34 AM,32.11,19.5,47.0,NE,9.49,13.52,1022.01,0.0,0.0,7.0,769.1,IMELBO1849.csv
2023/01/01,11:39 AM,32.06,19.44,47.0,NNE,9.81,13.68,1022.01,0.0,0.0,7.0,790.3,IMELBO1849.csv
2023/01/01,11:44 AM,32.28,19.61,47.0,NNE,10.78,14.48,1022.01,0.0,0.0,7.0,797.3,IMELBO1849.csv
2023/01/01,11:49 AM,32.44,19.56,47.0,NNE,8.85,12.23,1022.01,0.0,0.0,7.0,806.8,IMELBO1849.csv
2023/01/01,11:54 AM,32.83,19.78,46.0,NE,10.94,15.45,1022.01,0.0,0.0,7.0,812.1,IMELBO1849.csv
2023/01/01,11:59 AM,32.78,19.61,46.0,NE,9.49,13.35,1022.01,0.0,0.0,8.0,821.1,IMELBO1849.csv
2023/01/01,12:04 PM,33.0,20.0,46.0,ENE,9.98,13.84,1022.01,0.0,0.0,8.0,830.7,IMELBO1849.csv
2023/01/01,12:09 PM,33.06,19.89,46.0,NE,9.01,12.87,1022.01,0.0,0.0,8.0,840.2,IMELBO1849.csv
2023/01/01,12:14 PM,33.61,19.28,43.0,North,6.6,9.33,1022.01,0.0,0.0,8.0,867.1,IMELBO1849.csv
2023/01/01,12:19 PM,33.78,19.5,43.0,North,10.62,14.8,1022.01,0.0,0.0,9.0,928.3,IMELBO1849.csv
2023/01/01,12:24 PM,33.78,19.0,42.0,NNE,8.21,11.58,1022.01,0.0,0.0,9.0,944.0,IMELBO1849.csv
2023/01/01,12:29 PM,34.06,19.56,43.0,NNE,8.37,11.42,1021.67,0.0,0.0,7.0,783.4,IMELBO1849.csv
2023/01/01,12:34 PM,33.39,18.94,42.0,NNE,10.3,14.48,1021.67,0.0,0.0,6.0,619.0,IMELBO1849.csv
2023/01/01,12:39 PM,33.39,18.72,42.0,NNE,9.81,13.03,1021.67,0.0,0.0,7.0,769.5,IMELBO1849.csv
2023/01/01,12:44 PM,33.56,19.39,43.0,,8.69,12.07,1021.67,0.0,0.0,7.0,802.5,IMELBO1849.csv
2023/01/01,12:49 PM,33.83,19.28,42.0,NE,9.49,13.35,1021.67,0.0,0.0,7.0,803.4,IMELBO1849.csv
2023/01/01,12:54 PM,33.72,19.39,43.0,ENE,9.65,14.48,1021.67,0.0,0.0,7.0,791.6,IMELBO1849.csv
2023/01/01,12:59 PM,34.06,19.22,42.0,North,9.17,11.91,1021.67,0.0,0.0,7.0,789.1,IMELBO1849.csv
2023/01/01,01:04 PM,34.11,18.83,41.0,NNE,8.04,11.91,1021.67,0.0,0.0,8.0,827.6,IMELBO1849.csv
2023/01/01,01:09 PM,34.56,19.28,41.0,North,7.56,10.94,1021.33,0.0,0.0,8.0,824.2,IMELBO1849.csv
2023/01/01,01:14 PM,34.72,19.61,41.0,NNE,8.69,12.23,1021.33,0.0,0.0,8.0,845.0,IMELBO1849.csv
2023/01/01,01:19 PM,34.61,19.0,40.0,NNW,6.92,9.81,1021.33,0.0,0.0,8.0,881.1,IMELBO1849.csv
2023/01/01,01:24 PM,35.06,19.67,41.0,NE,7.4,10.46,1021.33,0.0,0.0,8.0,888.4,IMELBO1849.csv
2023/01/01,01:29 PM,34.83,18.5,38.0,NE,11.26,14.64,1021.33,0.0,0.0,9.0,940.0,IMELBO1849.csv
2023/01/01,01:34 PM,34.28,17.72,38.0,NE,9.49,13.03,1021.33,0.0,0.0,4.0,428.2,IMELBO1849.csv
2023/01/01,01:39 PM,33.39,18.28,41.0,ENE,4.99,6.76,1021.0,0.0,0.0,4.0,444.6,IMELBO1849.csv
2023/01/01,01:44 PM,33.17,19.17,44.0,ENE,7.88,11.1,1021.0,0.0,0.0,9.0,980.8,IMELBO1849.csv
2023/01/01,01:49 PM,33.67,18.5,41.0,NE,7.08,9.81,1021.0,0.0,0.0,9.0,979.0,IMELBO1849.csv
2023/01/01,01:54 PM,34.22,18.11,39.0,NE,6.76,9.65,1021.0,0.0,0.0,9.0,947.4,IMELBO1849.csv
2023/01/01,01:59 PM,34.83,17.72,36.0,NW,6.44,9.33,1021.0,0.0,0.0,9.0,989.9,IMELBO1849.csv
2023/01/01,02:04 PM,35.22,18.0,36.0,NNE,7.08,10.14,1021.0,0.0,0.0,9.0,1015.9,IMELBO1849.csv
2023/01/01,02:09 PM,35.28,17.94,36.0,NNE,7.08,9.65,1021.0,0.0,0.0,9.0,982.5,IMELBO1849.csv
2023/01/01,02:14 PM,35.61,18.17,36.0,NE,9.65,13.35,1021.0,0.0,0.0,9.0,955.2,IMELBO1849.csv
2023/01/01,02:19 PM,35.67,16.83,33.0,NNE,8.21,10.94,1021.0,0.0,0.0,9.0,950.4,IMELBO1849.csv
2023/01/01,02:24 PM,36.33,14.72,28.0,NW,7.24,9.65,1021.0,0.0,0.0,9.0,941.4,IMELBO1849.csv
2023/01/01,02:29 PM,36.44,15.67,29.0,NW,5.79,8.85,1020.66,0.0,0.0,8.0,914.8,IMELBO1849.csv
2023/01/01,02:34 PM,36.39,15.94,30.0,NW,4.34,6.28,1020.66,0.0,0.0,8.0,924.4,IMELBO1849.csv
2023/01/01,02:39 PM,36.33,17.06,32.0,NNE,7.56,10.62,1020.32,0.0,0.0,8.0,885.3,IMELBO1849.csv
2023/01/01,02:44 PM,35.89,16.67,32.0,NNW,6.6,9.65,1020.66,0.0,0.0,9.0,995.1,IMELBO1849.csv
2023/01/01,02:49 PM,36.28,16.94,32.0,WNW,6.44,9.01,1020.32,0.0,0.0,9.0,1003.8,IMELBO1849.csv
2023/01/01,02:54 PM,36.28,17.39,33.0,NNE,8.53,11.91,1020.32,0.0,0.0,9.0,996.8,IMELBO1849.csv
2023/01/01,02:59 PM,35.39,17.28,34.0,NNE,5.15,6.76,1020.32,0.0,0.0,2.0,289.7,IMELBO1849.csv
2023/01/01,03:04 PM,34.72,17.33,36.0,,3.06,4.34,1020.32,0.0,0.0,2.0,240.8,IMELBO1849.csv
2023/01/01,03:09 PM,34.78,16.61,34.0,NW,5.63,8.53,1020.32,0.0,0.0,2.0,220.3,IMELBO1849.csv
2023/01/01,03:14 PM,34.56,16.17,33.0,NW,5.47,7.24,1020.32,0.0,0.0,2.0,252.0,IMELBO1849.csv
2023/01/01,03:19 PM,34.67,16.33,34.0,North,2.9,4.51,1020.32,0.0,0.0,6.0,714.8,IMELBO1849.csv
2023/01/01,03:24 PM,34.94,16.83,34.0,NNE,4.67,6.11,1020.32,0.0,0.0,7.0,753.5,IMELBO1849.csv
2023/01/01,03:29 PM,35.22,16.56,33.0,NW,5.15,7.4,1020.32,0.0,0.0,3.0,406.4,IMELBO1849.csv
2023/01/01,03:34 PM,35.06,16.5,33.0,NW,5.31,8.04,1020.32,0.0,0.0,4.0,409.9,IMELBO1849.csv
2023/01/01,03:39 PM,34.89,16.44,33.0,,4.51,6.11,1019.98,0.0,0.0,2.0,279.8,IMELBO1849.csv
2023/01/01,03:44 PM,34.72,16.39,34.0,WNW,4.51,5.79,1019.98,0.0,0.0,3.0,353.1,IMELBO1849.csv
2023/01/01,03:49 PM,34.83,16.28,33.0,NW,2.09,2.57,1019.64,0.0,0.0,6.0,622.5,IMELBO1849.csv
2023/01/01,03:54 PM,35.33,17.0,34.0,NNE,3.06,4.51,1019.98,0.0,0.0,7.0,729.1,IMELBO1849.csv
2023/01/01,03:59 PM,35.44,17.22,34.0,NE,4.83,7.08,1019.64,0.0,0.0,8.0,830.7,IMELBO1849.csv
2023/01/01,04:04 PM,35.56,16.89,33.0,North,5.31,7.72,1019.98,0.0,0.0,8.0,900.5,IMELBO1849.csv
2023/01/01,04:09 PM,35.11,16.56,33.0,,3.38,4.83,1019.64,0.0,0.0,5.0,513.2,IMELBO1849.csv
2023/01/01,04:14 PM,34.89,16.78,34.0,WNW,3.22,4.67,1019.64,0.0,0.0,2.0,232.4,IMELBO1849.csv
2023/01/01,04:19 PM,34.67,16.89,35.0,,3.7,4.83,1019.64,0.0,0.0,6.0,668.0,IMELBO1849.csv
2023/01/01,04:24 PM,35.11,17.06,34.0,NNE,4.99,6.44,1019.3,0.0,0.0,9.0,939.2,IMELBO1849.csv
2023/01/01,04:29 PM,35.94,17.33,33.0,NW,6.6,9.49,1019.3,0.0,0.0,8.0,924.4,IMELBO1849.csv
2023/01/01,04:34 PM,36.22,17.44,33.0,NW,5.79,8.21,1019.3,0.0,0.0,8.0,884.0,IMELBO1849.csv
2023/01/01,04:39 PM,36.28,17.33,33.0,NNW,3.7,5.47,1019.3,0.0,0.0,8.0,859.8,IMELBO1849.csv
2023/01/01,04:44 PM,36.28,17.17,32.0,NNE,5.15,7.24,1019.3,0.0,0.0,7.0,809.5,IMELBO1849.csv
2023/01/01,04:49 PM,35.89,16.83,32.0,North,3.54,4.99,1019.3,0.0,0.0,7.0,774.3,IMELBO1849.csv
2023/01/01,04:54 PM,35.78,17.06,33.0,NNE,5.47,7.4,1019.3,0.0,0.0,8.0,825.0,IMELBO1849.csv
2023/01/01,04:59 PM,36.28,17.22,33.0,NNE,4.83,6.44,1019.3,0.0,0.0,7.0,820.3,IMELBO1849.csv
2023/01/01,05:04 PM,36.44,17.5,33.0,North,8.37,11.58,1019.3,0.0,0.0,7.0,753.5,IMELBO1849.csv
2023/01/01,05:09 PM,36.33,17.39,33.0,NW,4.51,6.28,1018.96,0.0,0.0,7.0,720.9,IMELBO1849.csv
2023/01/01,05:14 PM,36.78,17.5,32.0,NNE,4.18,5.79,1018.96,0.0,0.0,6.0,693.2,IMELBO1849.csv
2023/01/01,05:19 PM,36.22,17.0,32.0,East,1.45,2.25,1018.96,0.0,0.0,6.0,648.5,IMELBO1849.csv
2023/01/01,05:24 PM,36.5,17.33,32.0,NE,3.06,4.02,1018.63,0.0,0.0,6.0,618.5,IMELBO1849.csv
2023/01/01,05:29 PM,36.39,17.22,32.0,NNE,4.51,6.11,1018.96,0.0,0.0,5.0,600.8,IMELBO1849.csv
2023/01/01,05:34 PM,36.78,17.22,32.0,NNE,3.38,4.51,1018.96,0.0,0.0,5.0,601.2,IMELBO1849.csv
2023/01/01,05:39 PM,36.61,17.33,32.0,NNW,5.95,8.53,1018.63,0.0,0.0,5.0,599.5,IMELBO1849.csv
2023/01/01,05:44 PM,36.39,17.5,33.0,NNW,4.67,6.92,1018.63,0.0,0.0,5.0,580.0,IMELBO1849.csv
2023/01/01,05:49 PM,36.33,17.39,33.0,NNW,4.18,5.79,1018.63,0.0,0.0,5.0,512.2,IMELBO1849.csv
2023/01/01,05:54 PM,36.5,17.33,32.0,NNW,4.83,7.24,1018.29,0.0,0.0,4.0,432.9,IMELBO1849.csv
2023/01/01,05:59 PM,36.72,17.22,32.0,,3.7,5.15,1018.29,0.0,0.0,4.0,457.7,IMELBO1849.csv
2023/01/01,06:04 PM,36.17,17.11,32.0,ENE,1.93,2.57,1018.29,0.0,0.0,4.0,415.1,IMELBO1849.csv
2023/01/01,06:09 PM,35.78,17.06,33.0,ENE,2.41,3.38,1018.29,0.0,0.0,3.0,396.9,IMELBO1849.csv
2023/01/01,06:14 PM,35.83,16.83,32.0,ESE,1.61,2.41,1018.29,0.0,0.0,3.0,336.5,IMELBO1849.csv
2023/01/01,06:19 PM,35.67,16.89,33.0,East,2.09,2.74,1018.29,0.0,0.0,3.0,317.1,IMELBO1849.csv
2023/01/01,06:24 PM,35.72,17.11,33.0,ENE,3.86,4.99,1018.29,0.0,0.0,3.0,318.0,IMELBO1849.csv
2023/01/01,06:29 PM,35.61,17.0,33.0,ENE,4.02,5.47,1018.29,0.0,0.0,2.0,291.9,IMELBO1849.csv
2023/01/01,06:34 PM,35.5,16.78,33.0,ENE,5.47,7.24,1018.29,0.0,0.0,2.0,257.1,IMELBO1849.csv
2023/01/01,06:39 PM,35.5,16.67,33.0,,4.02,4.99,1018.29,0.0,0.0,1.0,170.9,IMELBO1849.csv
2023/01/01,06:44 PM,35.17,16.56,33.0,NNW,2.74,3.7,1018.29,0.0,0.0,1.0,140.1,IMELBO1849.csv
2023/01/01,06:49 PM,34.89,16.72,34.0,NNW,1.77,2.57,1018.29,0.0,0.0,1.0,158.7,IMELBO1849.csv
2023/01/01,06:54 PM,34.83,16.39,33.0,NNE,2.9,4.18,1018.29,0.0,0.0,2.0,223.8,IMELBO1849.csv
2023/01/01,06:59 PM,35.11,16.39,33.0,NE,3.86,5.15,1018.29,0.0,0.0,2.0,215.6,IMELBO1849.csv
2023/01/01,07:04 PM,35.17,16.72,33.0,NE,4.34,5.79,1017.95,0.0,0.0,1.0,179.6,IMELBO1849.csv
2023/01/01,07:09 PM,35.11,17.17,35.0,NNE,6.28,8.53,1017.95,0.0,0.0,1.0,174.3,IMELBO1849.csv
2023/01/01,07:14 PM,34.67,17.0,35.0,NE,5.47,7.24,1018.29,0.0,0.0,0.0,68.9,IMELBO1849.csv
2023/01/01,07:19 PM,34.39,17.17,36.0,NE,6.11,8.21,1018.29,0.0,0.0,0.0,61.2,IMELBO1849.csv
2023/01/01,07:24 PM,34.28,17.22,36.0,ENE,5.47,7.4,1017.95,0.0,0.0,0.0,58.1,IMELBO1849.csv
2023/01/01,07:29 PM,34.17,17.28,37.0,NNE,6.28,8.69,1017.95,0.0,0.0,0.0,55.4,IMELBO1849.csv
2023/01/01,07:34 PM,34.06,17.33,37.0,NE,6.6,9.17,1018.29,0.0,0.0,0.0,52.5,IMELBO1849.csv
2023/01/01,07:39 PM,33.89,17.5,38.0,NE,4.83,6.76,1018.29,0.0,0.0,0.0,50.7,IMELBO1849.csv
2023/01/01,07:44 PM,33.78,17.5,38.0,NNE,5.31,7.4,1018.29,0.0,0.0,0.0,47.7,IMELBO1849.csv
2023/01/01,07:49 PM,33.61,17.72,39.0,NE,4.34,6.11,1018.29,0.0,0.0,0.0,43.8,IMELBO1849.csv
2023/01/01,07:54 PM,33.5,17.56,39.0,NNE,4.51,5.79,1018.29,0.0,0.0,0.0,41.1,IMELBO1849.csv
2023/01/01,07:59 PM,33.33,17.44,39.0,NNE,4.99,6.76,1018.29,0.0,0.0,0.0,37.2,IMELBO1849.csv
2023/01/01,08:04 PM,33.22,17.17,38.0,NE,5.15,6.76,1018.29,0.0,0.0,0.0,33.4,IMELBO1849.csv
2023/01/01,08:09 PM,33.11,16.89,38.0,NE,4.67,6.28,1018.29,0.0,0.0,0.0,29.9,IMELBO1849.csv
2023/01/01,08:14 PM,33.0,16.78,38.0,NE,3.86,5.15,1018.29,0.0,0.0,0.0,26.4,IMELBO1849.csv
2023/01/01,08:19 PM,32.83,16.72,38.0,NE,3.86,5.15,1018.29,0.0,0.0,0.0,22.9,IMELBO1849.csv
2023/01/01,08:24 PM,32.67,16.56,38.0,NE,4.51,6.44,1018.29,0.0,0.0,0.0,19.5,IMELBO1849.csv
2023/01/01,08:29 PM,32.44,16.44,38.0,NE,4.67,6.44,1018.29,0.0,0.0,0.0,14.3,IMELBO1849.csv
2023/01/01,08:34 PM,32.22,16.56,39.0,NE,4.02,5.63,1018.29,0.0,0.0,0.0,10.8,IMELBO1849.csv
2023/01/01,08:39 PM,31.94,16.5,39.0,NE,3.22,4.18,1018.29,0.0,0.0,0.0,7.7,IMELBO1849.csv
2023/01/01,08:44 PM,31.67,16.56,40.0,NE,2.09,2.74,1018.29,0.0,0.0,0.0,5.6,IMELBO1849.csv
2023/01/01,08:49 PM,31.39,16.61,41.0,NE,2.57,3.54,1018.63,0.0,0.0,0.0,2.6,IMELBO1849.csv
2023/01/01,08:54 PM,31.11,16.72,42.0,ENE,2.9,3.7,1018.63,0.0,0.0,0.0,1.2,IMELBO1849.csv
2023/01/01,08:59 PM,30.83,16.72,43.0,ENE,2.25,3.06,1018.63,0.0,0.0,0.0,0.0,IMELBO1849.csv
2023/01/01,09:04 PM,30.67,16.72,43.0,NE,2.25,2.9,1018.63,0.0,0.0,0.0,0.0,IMELBO1849.csv
2023/01/01,09:09 PM,30.44,16.89,44.0,NE,1.77,2.74,1018.29,0.0,0.0,0.0,0.0,IMELBO1849.csv
2023/01/01,09:14 PM,30.33,16.78,44.0,NE,2.57,3.54,1018.63,0.0,0.0,0.0,0.0,IMELBO1849.csv
2023/01/01,09:19 PM,30.28,17.06,45.0,NE,1.77,2.57,1018.63,0.0,0.0,0.0,0.0,IMELBO1849.csv
2023/01/01,09:24 PM,30.39,17.0,44.0,NNE,2.25,3.06,1018.63,0.0,0.0,0.0,0.0,IMELBO1849.csv
2023/01/01,09:29 PM,30.33,17.17,45.0,NNE,2.41,3.22,1018.63,0.0,0.0,0.0,0.0,IMELBO1849.csv
2023/01/01,09:34 PM,30.17,17.11,46.0,NE,3.22,4.18,1018.63,0.0,0.0,0.0,0.0,IMELBO1849.csv
2023/01/01,09:39 PM,30.0,17.22,46.0,NNE,3.22,4.02,1018.63,0.0,0.0,0.0,0.0,IMELBO1849.csv
2023/01/01,09:44 PM,29.83,17.28,47.0,NNE,3.06,4.02,1018.63,0.0,0.0,0.0,0.0,IMELBO1849.csv
2023/01/01,09:49 PM,29.78,17.28,47.0,NNE,3.22,4.51,1018.63,0.0,0.0,0.0,0.0,IMELBO1849.csv
2023/01/01,09:54 PM,29.56,17.44,48.0,ENE,2.9,3.54,1018.63,0.0,0.0,0.0,0.0,IMELBO1849.csv
2023/01/01,09:59 PM,29.28,17.5,49.0,East,3.54,4.99,1018.96,0.0,0.0,0.0,0.0,IMELBO1849.csv
2023/01/01,10:04 PM,28.83,17.56,50.0,ENE,2.09,2.9,1018.96,0.0,0.0,0.0,0.0,IMELBO1849.csv
2023/01/01,10:09 PM,28.56,17.5,51.0,ENE,1.93,2.41,1018.96,0.0,0.0,0.0,0.0,IMELBO1849.csv
2023/01/01,10:14 PM,28.39,17.33,51.0,ENE,1.93,2.9,1018.96,0.0,0.0,0.0,0.0,IMELBO1849.csv
2023/01/01,10:19 PM,28.39,17.44,52.0,NE,1.45,2.09,1018.96,0.0,0.0,0.0,0.0,IMELBO1849.csv
2023/01/01,10:24 PM,28.28,17.44,52.0,NE,1.93,2.57,1018.96,0.0,0.0,0.0,0.0,IMELBO1849.csv
2023/01/01,10:29 PM,28.28,17.44,52.0,NE,2.09,3.22,1018.63,0.0,0.0,0.0,0.0,IMELBO1849.csv
2023/01/01,10:34 PM,28.22,17.33,52.0,NE,2.09,3.22,1018.96,0.0,0.0,0.0,0.0,IMELBO1849.csv
2023/01/01,10:39 PM,28.17,17.39,52.0,NE,2.57,3.54,1018.96,0.0,0.0,0.0,0.0,IMELBO1849.csv
2023/01/01,10:44 PM,27.94,17.5,53.0,NE,3.86,4.99,1018.96,0.0,0.0,0.0,0.0,IMELBO1849.csv
2023/01/01,10:49 PM,27.72,17.33,53.0,NE,2.25,3.38,1018.96,0.0,0.0,0.0,0.0,IMELBO1849.csv
2023/01/01,10:54 PM,27.61,17.22,53.0,NE,3.86,5.15,1018.63,0.0,0.0,0.0,0.0,IMELBO1849.csv
2023/01/01,10:59 PM,27.56,17.17,53.0,NE,4.18,5.79,1018.63,0.0,0.0,0.0,0.0,IMELBO1849.csv
2023/01/01,11:04 PM,27.56,17.22,53.0,NNE,3.38,4.51,1018.96,0.0,0.0,0.0,0.0,IMELBO1849.csv
2023/01/01,11:09 PM,27.39,17.17,54.0,NNE,4.67,6.6,1018.96,0.0,0.0,0.0,0.0,IMELBO1849.csv
2023/01/01,11:14 PM,27.44,17.22,54.0,NNE,4.99,6.44,1018.96,0.0,0.0,0.0,0.0,IMELBO1849.csv
2023/01/01,11:19 PM,27.28,17.28,54.0,NNE,4.18,5.63,1018.96,0.0,0.0,0.0,0.0,IMELBO1849.csv
2023/01/01,11:24 PM,27.11,17.28,55.0,NNE,5.47,7.72,1018.96,0.0,0.0,0.0,0.0,IMELBO1849.csv
2023/01/01,11:29 PM,27.11,17.11,55.0,NNE,4.99,6.44,1018.63,0.0,0.0,0.0,0.0,IMELBO1849.csv
2023/01/01,11:34 PM,27.11,17.06,54.0,NE,4.51,6.44,1018.96,0.0,0.0,0.0,0.0,IMELBO1849.csv
2023/01/01,11:39 PM,27.11,17.06,54.0,NE,6.11,7.72,1018.63,0.0,0.0,0.0,0.0,IMELBO1849.csv
2023/01/01,11:44 PM,27.17,17.22,55.0,NNE,4.83,6.76,1018.96,0.0,0.0,0.0,0.0,IMELBO1849.csv
2023/01/01,11:49 PM,27.0,17.22,55.0,NE,3.54,5.15,1018.96,0.0,0.0,0.0,0.0,IMELBO1849.csv
2023/01/01,11:54 PM,26.89,17.11,55.0,NE,1.77,2.57,1019.3,0.0,0.0,0.0,0.0,IMELBO1849.csv
2023/01/01,11:59 PM,27.11,17.06,54.0,WNW,4.83,7.56,1020.32,0.0,0.0,0.0,0.0,IMELBO1849.csv
2023/01/02,12:04 AM,27.56,17.17,53.0,WSW,6.11,9.01,1020.32,0.0,0.0,0.0,0.0,IMELBO1849.csv
2023/01/02,12:09 AM,27.67,17.72,54.0,SW,7.24,10.14,1020.32,0.0,0.0,0.0,0.0,IMELBO1849.csv
2023/01/02,12:14 AM,27.11,19.39,63.0,SSW,9.81,13.68,1019.98,10.16,1.78,0.0,0.0,IMELBO1849.csv
2023/01/02,12:19 AM,25.11,19.61,71.0,SSE,4.99,6.92,1019.64,24.13,4.06,0.0,0.0,IMELBO1849.csv
2023/01/02,12:24 AM,24.67,20.06,76.0,WNW,1.93,2.41,1019.98,24.13,4.06,0.0,0.0,IMELBO1849.csv
2023/01/02,12:29 AM,23.89,20.33,80.0,NW,0.16,0.16,1019.64,13.72,4.06,0.0,0.0,IMELBO1849.csv
2023/01/02,12:34 AM,23.67,20.33,82.0,WNW,0.48,0.97,1019.64,0.0,4.06,0.0,0.0,IMELBO1849.csv
2023/01/02,12:39 AM,23.72,20.44,82.0,NE,0.97,1.61,1019.64,0.0,4.06,0.0,0.0,IMELBO1849.csv
2023/01/02,12:44 AM,23.78,20.83,84.0,NNE,0.16,0.32,1019.64,0.0,4.06,0.0,0.0,IMELBO1849.csv
2023/01/02,12:49 AM,23.72,21.22,86.0,NNW,0.48,0.64,1019.3,0.0,4.06,0.0,0.0,IMELBO1849.csv
2023/01/02,12:54 AM,23.44,21.28,88.0,WNW,0.48,0.64,1019.64,0.0,4.06,0.0,0.0,IMELBO1849.csv
2023/01/02,12:59 AM,23.28,21.33,89.0,ENE,0.8,0.97,1019.3,0.0,4.06,0.0,0.0,IMELBO1849.csv
2023/01/02,01:04 AM,23.11,21.11,89.0,ESE,0.8,1.13,1019.3,0.0,4.06,0.0,0.0,IMELBO1849.csv
2023/01/02,01:09 AM,23.17,21.0,88.0,ENE,0.64,0.97,1019.3,0.0,4.06,0.0,0.0,IMELBO1849.csv
2023/01/02,01:14 AM,23.17,20.94,88.0,East,0.48,0.97,1019.3,0.0,4.06,0.0,0.0,IMELBO1849.csv
2023/01/02,01:19 AM,23.11,20.67,86.0,NNE,0.8,1.29,1018.96,0.0,4.06,0.0,0.0,IMELBO1849.csv
2023/01/02,01:24 AM,23.06,20.56,86.0,NNE,0.32,0.8,1018.96,0.0,4.06,0.0,0.0,IMELBO1849.csv
2023/01/02,01:29 AM,23.11,20.5,85.0,NE,0.8,1.45,1018.96,0.0,4.06,0.0,0.0,IMELBO1849.csv
2023/01/02,01:34 AM,23.11,20.39,85.0,ENE,1.45,1.77,1018.96,0.0,4.06,0.0,0.0,IMELBO1849.csv
2023/01/02,01:39 AM,23.11,20.22,84.0,East,1.45,2.09,1018.96,0.0,4.06,0.0,0.0,IMELBO1849.csv
2023/01/02,01:44 AM,23.11,19.89,82.0,ENE,1.45,1.77,1018.96,0.0,4.06,0.0,0.0,IMELBO1849.csv
2023/01/02,01:49 AM,23.17,19.22,78.0,East,2.09,2.9,1019.3,0.0,4.06,0.0,0.0,IMELBO1849.csv
2023/01/02,01:54 AM,23.44,18.67,74.0,ENE,2.41,3.22,1019.3,0.0,4.06,0.0,0.0,IMELBO1849.csv
2023/01/02,01:59 AM,23.78,18.39,72.0,ENE,2.09,2.9,1019.3,0.0,4.06,0.0,0.0,IMELBO1849.csv
2023/01/02,02:04 AM,23.83,18.17,71.0,ENE,3.22,4.67,1019.3,0.0,4.06,0.0,0.0,IMELBO1849.csv
2023/01/02,02:09 AM,24.22,17.89,68.0,NE,3.54,4.83,1019.3,0.0,4.06,0.0,0.0,IMELBO1849.csv
2023/01/02,02:14 AM,24.39,18.0,68.0,NE,3.38,4.67,1018.96,0.0,4.06,0.0,0.0,IMELBO1849.csv
2023/01/02,02:19 AM,24.56,17.83,66.0,NE,4.34,6.11,1018.96,0.0,4.06,0.0,0.0,IMELBO1849.csv
2023/01/02,02:24 AM,24.83,17.83,65.0,NE,3.7,4.99,1018.96,0.0,4.06,0.0,0.0,IMELBO1849.csv
2023/01/02,02:29 AM,24.94,17.78,64.0,NE,5.79,7.56,1018.96,0.0,4.06,0.0,0.0,IMELBO1849.csv
2023/01/02,02:34 AM,25.28,17.67,63.0,NE,5.47,7.56,1018.63,0.0,4.06,0.0,0.0,IMELBO1849.csv
2023/01/02,02:39 AM,25.5,17.72,62.0,ENE,4.99,7.24,1018.63,0.0,4.06,0.0,0.0,IMELBO1849.csv
2023/01/02,02:44 AM,25.39,17.61,62.0,ENE,5.15,6.76,1018.63,0.0,4.06,0.0,0.0,IMELBO1849.csv
2023/01/02,02:49 AM,25.33,17.72,63.0,ENE,4.18,6.11,1018.63,0.0,4.06,0.0,0.0,IMELBO1849.csv
2023/01/02,02:54 AM,25.17,17.67,63.0,ENE,3.7,4.83,1018.63,0.0,4.06,0.0,0.0,IMELBO1849.csv
2023/01/02,02:59 AM,25.0,17.67,63.0,NE,3.7,5.63,1018.63,0.0,4.06,0.0,0.0,IMELBO1849.csv
2023/01/02,03:04 AM,25.0,17.72,64.0,ENE,3.7,5.15,1018.29,0.0,4.06,0.0,0.0,IMELBO1849.csv
2023/01/02,03:09 AM,24.89,17.67,64.0,ENE,3.54,4.83,1018.29,0.0,4.06,0.0,0.0,IMELBO1849.csv
2023/01/02,03:14 AM,24.89,17.67,64.0,East,3.86,5.47,1018.29,0.0,4.06,0.0,0.0,IMELBO1849.csv
2023/01/02,03:19 AM,24.89,17.61,64.0,ENE,3.86,5.63,1018.29,0.0,4.06,0.0,0.0,IMELBO1849.csv
2023/01/02,03:24 AM,24.89,17.56,64.0,ENE,3.54,4.67,1018.29,0.0,4.06,0.0,0.0,IMELBO1849.csv
2023/01/02,03:29 AM,24.78,17.61,64.0,East,2.25,3.06,1018.29,0.0,4.06,0.0,0.0,IMELBO1849.csv
2023/01/02,03:34 AM,24.56,17.56,65.0,ENE,2.09,2.74,1018.29,0.0,4.06,0.0,0.0,IMELBO1849.csv
2023/01/02,03:39 AM,24.5,17.5,65.0,NE,2.09,3.06,1017.95,0.0,4.06,0.0,0.0,IMELBO1849.csv
2023/01/02,03:44 AM,24.5,17.5,65.0,NE,1.61,2.25,1018.29,0.0,4.06,0.0,0.0,IMELBO1849.csv
2023/01/02,03:49 AM,24.33,17.44,65.0,ENE,0.64,1.13,1017.95,0.0,4.06,0.0,0.0,IMELBO1849.csv
2023/01/02,03:54 AM,24.22,17.5,66.0,NNE,1.61,2.57,1017.95,0.0,4.06,0.0,0.0,IMELBO1849.csv
2023/01/02,03:59 AM,24.33,17.33,65.0,NNE,3.22,4.67,1017.95,0.0,4.06,0.0,0.0,IMELBO1849.csv
2023/01/02,04:04 AM,24.33,17.33,65.0,NE,5.47,7.56,1017.61,0.0,4.06,0.0,0.0,IMELBO1849.csv
2023/01/02,04:09 AM,24.28,17.39,65.0,NE,4.67,6.44,1017.61,0.0,4.06,0.0,0.0,IMELBO1849.csv
2023/01/02,04:14 AM,24.22,17.28,65.0,NE,6.28,9.17,1017.61,0.0,4.06,0.0,0.0,IMELBO1849.csv
2023/01/02,04:19 AM,24.28,17.28,65.0,NE,4.83,6.76,1017.61,0.0,4.06,0.0,0.0,IMELBO1849.csv
2023/01/02,04:24 AM,24.39,17.39,65.0,NNE,3.86,5.47,1017.95,0.0,4.06,0.0,0.0,IMELBO1849.csv
2023/01/02,04:29 AM,24.39,17.28,64.0,NNE,3.06,4.02,1017.61,0.0,4.06,0.0,0.0,IMELBO1849.csv
2023/01/02,04:34 AM,24.67,17.39,64.0,NNE,2.74,3.86,1017.61,0.0,4.06,0.0,0.0,IMELBO1849.csv
2023/01/02,04:39 AM,24.61,17.22,64.0,,1.93,3.06,1017.61,0.0,4.06,0.0,0.0,IMELBO1849.csv
2023/01/02,04:44 AM,24.83,17.22,63.0,NNE,3.7,5.31,1017.61,0.0,4.06,0.0,0.0,IMELBO1849.csv
2023/01/02,04:49 AM,25.28,17.22,61.0,NE,6.6,9.17,1017.61,0.0,4.06,0.0,0.0,IMELBO1849.csv
2023/01/02,04:54 AM,25.56,17.33,60.0,NNE,6.44,9.01,1017.61,0.0,4.06,0.0,0.0,IMELBO1849.csv
2023/01/02,04:59 AM,25.67,17.28,60.0,North,7.88,10.78,1017.61,0.0,4.06,0.0,0.0,IMELBO1849.csv
2023/01/02,05:04 AM,25.83,17.22,59.0,North,8.37,12.07,1017.61,0.0,4.06,0.0,0.0,IMELBO1849.csv
2023/01/02,05:09 AM,25.83,17.17,59.0,NNE,10.62,15.29,1017.61,0.0,4.06,0.0,0.0,IMELBO1849.csv
2023/01/02,05:14 AM,26.0,17.11,58.0,NNE,11.26,15.45,1017.61,0.0,4.06,0.0,0.0,IMELBO1849.csv
2023/01/02,05:19 AM,26.17,17.28,58.0,NNE,10.78,14.8,1017.61,0.0,4.06,0.0,0.0,IMELBO1849.csv
2023/01/02,05:24 AM,26.11,17.44,59.0,NE,13.52,18.5,1017.61,0.0,4.06,0.0,0.0,IMELBO1849.csv
2023/01/02,05:29 AM,26.06,17.44,59.0,North,10.3,14.16,1017.61,0.0,4.06,0.0,0.0,IMELBO1849.csv
2023/01/02,05:34 AM,26.0,17.61,60.0,NNE,11.91,15.93,1017.61,0.0,4.06,0.0,0.0,IMELBO1849.csv
2023/01/02,05:39 AM,26.0,17.67,60.0,NNE,10.46,14.64,1017.61,0.0,4.06,0.0,0.0,IMELBO1849.csv
2023/01/02,05:44 AM,25.89,17.61,60.0,NNE,11.91,17.06,1017.61,0.0,4.06,0.0,0.0,IMELBO1849.csv
2023/01/02,05:49 AM,25.78,17.61,61.0,NNE,10.14,14.32,1017.61,0.0,4.06,0.0,0.0,IMELBO1849.csv
2023/01/02,05:54 AM,25.72,17.61,61.0,NNE,12.87,19.31,1017.61,0.0,4.06,0.0,0.0,IMELBO1849.csv
2023/01/02,05:59 AM,25.72,17.61,61.0,NE,14.64,20.6,1017.61,0.0,4.06,0.0,0.9,IMELBO1849.csv
2023/01/02,06:04 AM,25.61,17.56,61.0,NNE,14.16,19.79,1017.61,0.0,4.06,0.0,2.6,IMELBO1849.csv
2023/01/02,06:09 AM,25.44,17.67,62.0,NE,11.75,16.25,1017.61,0.0,4.06,0.0,5.1,IMELBO1849.csv
2023/01/02,06:14 AM,25.39,17.61,62.0,NNE,12.71,18.34,1017.61,0.0,4.06,0.0,7.7,IMELBO1849.csv
2023/01/02,06:19 AM,25.39,17.61,62.0,NNE,12.23,16.57,1017.95,0.0,4.06,0.0,11.3,IMELBO1849.csv
2023/01/02,06:24 AM,25.28,17.5,62.0,NNE,12.07,16.73,1017.95,0.0,4.06,0.0,15.2,IMELBO1849.csv
2023/01/02,06:29 AM,25.28,17.5,62.0,NE,13.68,18.02,1017.95,0.0,4.06,0.0,19.1,IMELBO1849.csv
2023/01/02,06:34 AM,25.28,17.5,62.0,NNE,15.61,21.08,1017.95,0.0,4.06,0.0,23.4,IMELBO1849.csv
2023/01/02,06:39 AM,25.28,17.5,62.0,NE,14.8,21.24,1017.61,0.0,4.06,0.0,28.1,IMELBO1849.csv
2023/01/02,06:44 AM,25.28,17.56,62.0,North,12.71,18.5,1017.61,0.0,4.06,0.0,35.5,IMELBO1849.csv
2023/01/02,06:49 AM,25.33,17.56,62.0,North,14.64,19.15,1017.95,0.0,4.06,0.0,39.0,IMELBO1849.csv
2023/01/02,06:54 AM,25.39,17.61,62.0,NNE,13.68,18.83,1017.95,0.0,4.06,0.0,39.9,IMELBO1849.csv
2023/01/02,06:59 AM,25.39,17.61,62.0,NNE,14.16,19.47,1017.61,0.0,4.06,0.0,42.0,IMELBO1849.csv
2023/01/02,07:04 AM,25.5,17.72,62.0,NNE,15.77,21.24,1017.61,0.0,4.06,0.0,56.8,IMELBO1849.csv
2023/01/02,07:09 AM,25.67,17.78,62.0,NNE,14.96,21.72,1017.61,0.0,4.06,0.0,65.9,IMELBO1849.csv
2023/01/02,07:14 AM,25.83,17.72,61.0,NNE,15.61,20.92,1017.61,0.0,4.06,0.0,92.7,IMELBO1849.csv
2023/01/02,07:19 AM,25.94,17.83,61.0,NE,17.22,24.13,1017.61,0.0,4.06,1.0,107.9,IMELBO1849.csv
2023/01/02,07:24 AM,26.11,17.89,61.0,NNE,15.77,21.24,1017.61,0.0,4.06,1.0,148.8,IMELBO1849.csv
2023/01/02,07:29 AM,26.28,17.94,60.0,NNE,15.61,21.24,1017.61,0.0,4.06,1.0,153.9,IMELBO1849.csv
2023/01/02,07:34 AM,26.39,18.0,60.0,NNE,16.57,23.49,1017.61,0.0,4.06,1.0,147.9,IMELBO1849.csv
2023/01/02,07:39 AM,26.28,17.89,60.0,NE,18.18,23.81,1017.95,0.0,4.06,0.0,94.1,IMELBO1849.csv
2023/01/02,07:44 AM,26.22,17.94,60.0,NNE,16.73,22.85,1017.95,0.0,4.06,1.0,137.5,IMELBO1849.csv
2023/01/02,07:49 AM,26.39,18.0,60.0,NNE,19.15,26.23,1017.95,0.0,4.06,1.0,142.3,IMELBO1849.csv
2023/01/02,07:54 AM,26.39,18.0,60.0,NNE,17.86,24.3,1017.95,0.0,4.06,1.0,170.1,IMELBO1849.csv
2023/01/02,07:59 AM,26.39,18.0,60.0,NE,19.95,26.23,1017.95,0.0,4.06,2.0,220.3,IMELBO1849.csv
2023/01/02,08:04 AM,26.44,18.0,60.0,NNE,19.31,25.74,1017.61,0.0,4.06,2.0,240.8,IMELBO1849.csv
2023/01/02,08:09 AM,26.56,18.0,59.0,NNE,18.34,24.78,1017.61,0.0,4.06,2.0,252.4,IMELBO1849.csv
2023/01/02,08:14 AM,26.56,18.11,60.0,NNE,19.15,24.78,1017.61,0.0,4.06,2.0,246.8,IMELBO1849.csv
2023/01/02,08:19 AM,26.56,18.11,60.0,NE,18.83,25.26,1017.61,0.0,4.06,2.0,219.8,IMELBO1849.csv
2023/01/02,08:24 AM,26.61,18.0,59.0,NNE,20.11,27.84,1017.61,0.0,4.06,2.0,267.2,IMELBO1849.csv
2023/01/02,08:29 AM,26.78,18.06,59.0,NNE,20.27,27.84,1017.61,0.0,4.06,3.0,316.2,IMELBO1849.csv
2023/01/02,08:34 AM,26.78,18.11,59.0,NNE,20.92,29.61,1017.61,0.0,4.06,3.0,331.4,IMELBO1849.csv
2023/01/02,08:39 AM,26.72,18.11,59.0,NNE,14.16,19.79,1018.29,0.0,4.06,2.0,239.8,IMELBO1849.csv
2023/01/02,08:44 AM,26.56,18.17,60.0,NNE,15.93,22.04,1017.95,0.0,4.06,2.0,294.1,IMELBO1849.csv
2023/01/02,08:49 AM,26.5,18.11,60.0,NE,21.56,28.16,1018.29,0.0,4.06,4.0,412.5,IMELBO1849.csv
2023/01/02,08:54 AM,26.33,18.06,60.0,NE,20.6,27.19,1018.29,0.0,4.06,2.0,220.7,IMELBO1849.csv
2023/01/02,08:59 AM,26.28,18.17,61.0,NNE,16.73,23.81,1018.29,0.0,4.06,1.0,172.6,IMELBO1849.csv
2023/01/02,09:04 AM,26.22,18.11,61.0,NNE,15.77,21.88,1018.29,0.0,4.06,1.0,181.3,IMELBO1849.csv
2023/01/02,09:09 AM,26.17,18.06,61.0,ENE,17.38,24.94,1018.29,0.0,4.06,2.0,302.8,IMELBO1849.csv
2023/01/02,09:14 AM,26.22,18.28,62.0,NNE,19.15,25.26,1018.29,0.0,4.06,4.0,488.0,IMELBO1849.csv
2023/01/02,09:19 AM,26.0,18.22,62.0,NNE,17.38,23.97,1018.29,0.0,4.06,3.0,407.3,IMELBO1849.csv
2023/01/02,09:24 AM,26.0,18.17,62.0,NNE,19.95,26.87,1018.29,0.0,4.06,5.0,539.1,IMELBO1849.csv
2023/01/02,09:29 AM,26.06,18.06,61.0,NE,19.79,27.03,1018.29,0.0,4.06,4.0,437.2,IMELBO1849.csv
2023/01/02,09:34 AM,25.89,18.11,62.0,NNE,16.41,23.49,1018.29,0.0,4.06,4.0,413.7,IMELBO1849.csv
2023/01/02,09:39 AM,26.28,18.17,61.0,NNE,15.77,21.24,1017.95,0.0,4.06,4.0,494.5,IMELBO1849.csv
2023/01/02,09:44 AM,26.33,18.28,61.0,NNE,16.57,22.2,1018.29,0.0,4.06,4.0,490.6,IMELBO1849.csv
2023/01/02,09:49 AM,26.78,18.44,60.0,NNE,13.68,19.15,1018.29,0.0,4.06,5.0,540.5,IMELBO1849.csv
2023/01/02,09:54 AM,27.28,18.61,59.0,NNE,16.25,22.04,1017.95,0.0,4.06,6.0,673.2,IMELBO1849.csv
2023/01/02,09:59 AM,27.56,18.61,58.0,NNE,13.52,19.31,1017.95,0.0,4.06,7.0,729.6,IMELBO1849.csv
2023/01/02,10:04 AM,27.44,18.72,59.0,NNE,14.32,20.11,1018.29,0.0,4.06,4.0,429.4,IMELBO1849.csv
2023/01/02,10:09 AM,27.39,18.61,59.0,North,12.71,18.83,1018.29,0.0,4.06,7.0,733.0,IMELBO1849.csv
2023/01/02,10:14 AM,27.5,18.72,59.0,NNE,14.96,20.43,1018.29,0.0,4.06,3.0,320.1,IMELBO1849.csv
2023/01/02,10:19 AM,26.94,18.56,60.0,NE,13.84,18.99,1017.95,0.0,4.06,6.0,660.6,IMELBO1849.csv
2023/01/02,10:24 AM,27.17,18.5,59.0,NNE,12.39,17.86,1017.95,0.0,4.06,4.0,424.3,IMELBO1849.csv
2023/01/02,10:29 AM,27.17,18.44,59.0,NNE,14.64,19.95,1017.95,0.0,4.06,7.0,732.2,IMELBO1849.csv
2023/01/02,10:34 AM,27.67,18.5,58.0,NNE,12.07,17.22,1017.95,0.0,4.06,7.0,746.5,IMELBO1849.csv
2023/01/02,10:39 AM,28.5,18.89,56.0,NNE,11.42,17.06,1017.95,0.0,4.06,7.0,789.4,IMELBO1849.csv
2023/01/02,10:44 AM,28.89,18.89,55.0,NE,10.94,15.12,1017.95,0.0,4.06,8.0,838.5,IMELBO1849.csv
2023/01/02,10:49 AM,29.83,18.44,50.0,NNE,10.94,16.57,1017.95,0.0,4.06,8.0,886.7,IMELBO1849.csv
2023/01/02,10:54 AM,29.39,18.72,52.0,NNE,11.26,15.61,1018.29,0.0,4.06,3.0,353.5,IMELBO1849.csv
2023/01/02,10:59 AM,28.83,18.5,54.0,NE,9.01,12.23,1018.29,0.0,4.06,6.0,662.3,IMELBO1849.csv
2023/01/02,11:04 AM,28.72,18.5,54.0,NNE,6.44,9.17,1018.29,0.0,4.06,7.0,750.4,IMELBO1849.csv
2023/01/02,11:09 AM,29.67,19.11,53.0,NNE,9.33,12.39,1018.29,0.0,4.06,7.0,759.6,IMELBO1849.csv
2023/01/02,11:14 AM,29.89,19.44,53.0,NE,11.26,16.41,1018.29,0.0,4.06,7.0,777.3,IMELBO1849.csv
2023/01/02,11:19 AM,30.06,19.5,53.0,North,9.98,14.32,1018.29,0.0,4.06,7.0,794.7,IMELBO1849.csv
2023/01/02,11:24 AM,30.39,19.56,52.0,NE,12.71,17.7,1018.29,0.0,4.06,7.0,798.1,IMELBO1849.csv
2023/01/02,11:29 AM,30.5,19.67,52.0,NE,9.65,13.84,1018.63,0.0,4.06,8.0,830.7,IMELBO1849.csv
2023/01/02,11:34 AM,30.44,19.56,52.0,NNE,11.75,17.38,1018.96,0.0,4.06,8.0,899.3,IMELBO1849.csv
2023/01/02,11:39 AM,29.83,19.22,53.0,NE,11.42,16.41,1018.63,0.0,4.06,2.0,219.5,IMELBO1849.csv
2023/01/02,11:44 AM,29.44,19.11,54.0,NNE,11.26,15.77,1018.96,0.0,4.06,8.0,848.9,IMELBO1849.csv
2023/01/02,11:49 AM,29.83,19.11,53.0,NE,12.39,17.86,1018.96,0.0,4.06,8.0,923.5,IMELBO1849.csv
2023/01/02,11:54 AM,30.5,19.61,52.0,NNE,13.35,18.02,1018.96,0.0,4.06,9.0,935.3,IMELBO1849.csv
2023/01/02,11:59 AM,30.0,19.56,54.0,NE,13.35,18.5,1018.96,0.0,4.06,6.0,675.4,IMELBO1849.csv
2023/01/02,12:04 PM,29.67,19.06,53.0,NE,14.0,19.63,1018.96,0.0,4.06,2.0,206.9,IMELBO1849.csv
2023/01/02,12:09 PM,29.67,19.0,53.0,NNE,11.1,14.8,1018.96,0.0,4.06,2.0,219.0,IMELBO1849.csv
2023/01/02,12:14 PM,29.61,18.94,53.0,NW,9.65,13.52,1018.96,0.0,4.06,8.0,892.3,IMELBO1849.csv
2023/01/02,12:19 PM,30.44,19.06,51.0,NNE,9.65,12.55,1018.96,0.0,4.06,8.0,875.8,IMELBO1849.csv
2023/01/02,12:24 PM,30.78,19.17,50.0,NNE,9.81,13.19,1018.63,0.0,4.06,8.0,898.8,IMELBO1849.csv
2023/01/02,12:29 PM,30.94,19.17,49.0,NE,9.81,12.71,1018.63,0.0,4.06,8.0,880.2,IMELBO1849.csv
2023/01/02,12:34 PM,31.83,19.72,49.0,NNE,9.33,13.68,1018.63,0.0,4.06,8.0,853.7,IMELBO1849.csv
2023/01/02,12:39 PM,31.94,19.78,49.0,NNE,10.62,14.32,1018.63,0.0,4.06,8.0,860.1,IMELBO1849.csv
2023/01/02,12:44 PM,32.11,19.67,48.0,North,9.33,13.35,1018.63,0.0,4.06,8.0,836.3,IMELBO1849.csv
2023/01/02,12:49 PM,32.06,20.06,49.0,ENE,10.3,14.8,1018.63,0.0,4.06,7.0,819.9,IMELBO1849.csv
2023/01/02,12:54 PM,31.83,20.0,50.0,ENE,11.42,16.09,1018.63,0.0,4.06,8.0,828.1,IMELBO1849.csv
2023/01/02,12:59 PM,32.11,19.78,48.0,NNE,10.3,15.29,1018.63,0.0,4.06,8.0,874.5,IMELBO1849.csv
2023/01/02,01:04 PM,32.28,20.06,48.0,NNE,11.42,16.09,1018.29,0.0,4.06,8.0,891.0,IMELBO1849.csv
2023/01/02,01:09 PM,32.22,20.22,49.0,North,9.17,12.39,1018.63,0.0,4.06,8.0,892.3,IMELBO1849.csv
2023/01/02,01:14 PM,31.39,19.83,50.0,North,10.14,13.68,1018.63,0.0,4.06,9.0,979.0,IMELBO1849.csv
2023/01/02,01:19 PM,31.5,19.83,50.0,NNE,8.85,12.39,1018.63,0.0,4.06,9.0,970.4,IMELBO1849.csv
2023/01/02,01:24 PM,31.72,19.78,49.0,NE,9.98,14.0,1018.29,0.0,4.06,9.0,978.2,IMELBO1849.csv
2023/01/02,01:29 PM,32.17,19.89,48.0,NNE,8.85,12.55,1018.29,0.0,4.06,10.0,1034.1,IMELBO1849.csv
2023/01/02,01:34 PM,32.28,19.89,48.0,NNE,10.62,15.29,1018.29,0.0,4.06,9.0,997.3,IMELBO1849.csv
2023/01/02,01:39 PM,32.5,19.83,47.0,North,9.98,13.68,1018.29,0.0,4.06,9.0,968.7,IMELBO1849.csv
2023/01/02,01:44 PM,32.5,19.94,47.0,NNE,8.85,11.91,1018.29,0.0,4.06,9.0,956.0,IMELBO1849.csv
2023/01/02,01:49 PM,32.28,19.94,48.0,NE,9.01,12.71,1018.29,0.0,4.06,9.0,934.4,IMELBO1849.csv
2023/01/02,01:54 PM,32.72,19.94,47.0,North,8.53,12.87,1018.29,0.0,4.06,9.0,1000.3,IMELBO1849.csv
2023/01/02,01:59 PM,32.33,19.89,48.0,North,11.1,14.8,1018.29,0.0,4.06,9.0,988.2,IMELBO1849.csv
2023/01/02,02:04 PM,32.06,19.78,48.0,North,9.17,12.07,1018.29,0.0,4.06,9.0,1002.0,IMELBO1849.csv
2023/01/02,02:09 PM,31.94,19.89,49.0,NNE,8.21,11.42,1018.29,0.0,4.06,3.0,323.6,IMELBO1849.csv
2023/01/02,02:14 PM,31.61,19.89,50.0,NNE,10.62,14.16,1018.29,0.0,4.06,3.0,320.1,IMELBO1849.csv
2023/01/02,02:19 PM,31.11,19.78,51.0,NE,8.53,12.87,1018.29,0.0,4.06,2.0,221.7,IMELBO1849.csv
2023/01/02,02:24 PM,31.28,19.61,50.0,NNE,9.17,13.35,1018.29,0.0,4.06,2.0,241.6,IMELBO1849.csv
2023/01/02,02:29 PM,31.28,19.72,50.0,NNE,7.24,10.62,1018.29,0.0,4.06,2.0,229.9,IMELBO1849.csv
2023/01/02,02:34 PM,31.22,19.61,50.0,North,5.47,8.21,1018.29,0.0,4.06,1.0,131.9,IMELBO1849.csv
2023/01/02,02:39 PM,31.11,19.39,50.0,WNW,5.63,8.21,1018.29,0.0,4.06,1.0,162.6,IMELBO1849.csv
2023/01/02,02:44 PM,29.61,20.56,58.0,SSW,4.99,6.92,1018.29,0.0,4.06,1.0,161.4,IMELBO1849.csv
2023/01/02,02:49 PM,27.39,20.0,64.0,ESE,3.7,5.47,1018.63,0.0,4.06,1.0,98.8,IMELBO1849.csv
2023/01/02,02:54 PM,26.78,20.11,67.0,South,5.95,8.21,1018.63,0.0,4.06,0.0,86.7,IMELBO1849.csv
2023/01/02,02:59 PM,26.67,19.83,66.0,SE,5.79,8.04,1018.29,0.0,4.06,1.0,112.7,IMELBO1849.csv
2023/01/02,03:04 PM,26.06,20.28,70.0,ESE,7.24,9.49,1018.29,0.0,4.06,0.0,94.1,IMELBO1849.csv
2023/01/02,03:09 PM,25.94,20.0,70.0,South,4.99,6.92,1018.29,0.0,4.06,0.0,64.6,IMELBO1849.csv
2023/01/02,03:14 PM,25.89,20.17,71.0,South,7.24,10.62,1018.29,0.0,4.06,0.0,82.3,IMELBO1849.csv
2023/01/02,03:19 PM,24.94,19.78,73.0,South,7.24,10.46,1018.29,0.0,4.06,1.0,112.7,IMELBO1849.csv
2023/01/02,03:24 PM,24.33,19.67,75.0,South,7.4,11.26,1018.29,0.0,4.06,6.0,675.4,IMELBO1849.csv
2023/01/02,03:29 PM,23.94,20.11,79.0,SSE,7.4,11.75,1018.29,0.0,4.06,2.0,262.4,IMELBO1849.csv
2023/01/02,03:34 PM,23.28,19.61,80.0,South,6.76,10.78,1018.29,0.0,4.06,6.0,632.0,IMELBO1849.csv
2023/01/02,03:39 PM,23.61,19.44,78.0,SSW,4.99,7.4,1018.29,0.0,4.06,5.0,581.2,IMELBO1849.csv
2023/01/02,03:44 PM,23.67,19.56,78.0,South,7.88,12.07,1018.29,0.0,4.06,1.0,180.4,IMELBO1849.csv
2023/01/02,03:49 PM,23.44,19.11,77.0,SSW,5.79,8.04,1018.29,0.0,4.06,8.0,894.5,IMELBO1849.csv
2023/01/02,03:54 PM,24.5,19.22,72.0,SSE,5.79,7.72,1018.29,0.0,4.06,9.0,971.2,IMELBO1849.csv
2023/01/02,03:59 PM,25.22,19.33,70.0,SSE,6.44,9.49,1018.29,0.0,4.06,8.0,905.8,IMELBO1849.csv
2023/01/02,04:04 PM,24.5,18.83,71.0,SSW,6.44,9.33,1017.95,0.0,4.06,2.0,227.7,IMELBO1849.csv
2023/01/02,04:09 PM,23.89,18.39,71.0,SE,6.44,9.17,1018.29,0.0,4.06,2.0,271.1,IMELBO1849.csv
2023/01/02,04:14 PM,23.33,18.06,72.0,SE,6.28,9.33,1018.29,0.0,4.06,2.0,215.9,IMELBO1849.csv
2023/01/02,04:19 PM,23.11,17.89,73.0,SSE,5.31,7.72,1018.29,0.0,4.06,1.0,179.6,IMELBO1849.csv
2023/01/02,04:24 PM,22.89,17.72,73.0,SSE,5.63,7.72,1017.95,0.0,4.06,1.0,143.5,IMELBO1849.csv
2023/01/02,04:29 PM,22.39,17.5,74.0,SE,5.95,9.01,1017.95,0.0,4.06,1.0,107.0,IMELBO1849.csv
2023/01/02,04:34 PM,21.94,17.33,75.0,SE,8.21,11.42,1018.29,0.0,4.06,0.0,78.9,IMELBO1849.csv
2023/01/02,04:39 PM,21.61,17.06,75.0,South,7.24,10.14,1018.63,0.0,4.06,0.0,63.7,IMELBO1849.csv
2023/01/02,04:44 PM,21.5,16.89,75.0,SSW,8.37,11.58,1018.63,0.0,4.06,0.0,69.7,IMELBO1849.csv
2023/01/02,04:49 PM,21.5,16.89,75.0,SSW,6.92,9.33,1018.96,0.0,4.06,0.0,68.9,IMELBO1849.csv
2023/01/02,04:54 PM,21.39,16.89,76.0,South,5.63,8.04,1018.96,0.0,4.06,0.0,60.2,IMELBO1849.csv
2023/01/02,04:59 PM,21.33,16.94,76.0,SSE,5.15,8.04,1018.96,0.0,4.06,0.0,68.5,IMELBO1849.csv
2023/01/02,05:04 PM,21.06,16.94,77.0,SSW,5.79,8.21,1018.96,0.0,4.06,0.0,89.8,IMELBO1849.csv
2023/01/02,05:09 PM,20.78,16.94,78.0,South,6.11,8.37,1019.3,0.0,4.06,0.0,88.8,IMELBO1849.csv
2023/01/02,05:14 PM,20.5,16.78,79.0,SSW,7.72,10.46,1019.3,0.0,4.06,1.0,109.2,IMELBO1849.csv
2023/01/02,05:19 PM,20.44,16.67,79.0,South,5.31,7.88,1019.3,0.0,4.06,1.0,110.1,IMELBO1849.csv
2023/01/02,05:24 PM,20.67,16.56,77.0,South,3.86,5.79,1019.3,0.0,4.06,0.0,98.0,IMELBO1849.csv
2023/01/02,05:29 PM,20.72,16.67,78.0,SSE,4.02,5.95,1019.3,0.0,4.06,0.0,84.5,IMELBO1849.csv
2023/01/02,05:34 PM,20.39,16.5,78.0,South,5.79,8.37,1019.98,0.0,4.06,0.0,85.9,IMELBO1849.csv
2023/01/02,05:39 PM,20.28,16.22,78.0,SSE,5.31,8.04,1019.98,0.0,4.06,0.0,80.3,IMELBO1849.csv
2023/01/02,05:44 PM,20.22,16.0,77.0,South,6.44,8.53,1019.64,0.0,4.06,0.0,71.1,IMELBO1849.csv
2023/01/02,05:49 PM,20.11,15.89,77.0,South,5.79,7.72,1019.64,0.0,4.06,0.0,85.9,IMELBO1849.csv
2023/01/02,05:54 PM,20.11,15.89,77.0,SSW,7.56,10.3,1019.64,0.0,4.06,0.0,91.9,IMELBO1849.csv
2023/01/02,05:59 PM,20.06,15.83,77.0,SSW,7.08,9.81,1019.64,0.0,4.06,0.0,91.5,IMELBO1849.csv
2023/01/02,06:04 PM,20.06,15.83,77.0,South,6.28,9.17,1019.98,0.0,4.06,0.0,84.5,IMELBO1849.csv
2023/01/02,06:09 PM,19.94,15.72,77.0,SSW,8.37,11.75,1020.32,0.0,4.06,0.0,81.5,IMELBO1849.csv
2023/01/02,06:14 PM,19.94,15.67,76.0,SSW,7.72,10.46,1020.32,0.0,4.06,0.0,75.0,IMELBO1849.csv
2023/01/02,06:19 PM,20.06,15.67,76.0,SSW,5.63,8.69,1020.32,0.0,4.06,0.0,95.8,IMELBO1849.csv
2023/01/02,06:24 PM,20.11,15.72,76.0,South,6.44,9.01,1020.32,0.0,4.06,1.0,192.6,IMELBO1849.csv
2023/01/02,06:29 PM,20.17,15.72,76.0,South,4.67,7.08,1019.98,0.0,4.06,3.0,357.0,IMELBO1849.csv
2023/01/02,06:34 PM,20.89,15.94,73.0,SE,5.47,8.04,1019.98,0.0,4.06,3.0,362.1,IMELBO1849.csv
2023/01/02,06:39 PM,21.0,15.78,72.0,SSW,8.85,12.87,1019.98,0.0,4.06,3.0,372.1,IMELBO1849.csv
2023/01/02,06:44 PM,20.83,15.72,73.0,SSW,8.85,12.07,1019.98,0.0,4.06,3.0,367.0,IMELBO1849.csv
2023/01/02,06:49 PM,20.94,15.72,72.0,South,5.47,8.21,1019.98,0.0,4.06,3.0,330.1,IMELBO1849.csv
2023/01/02,06:54 PM,20.89,15.72,72.0,SSW,6.76,9.49,1020.32,0.0,4.06,2.0,244.2,IMELBO1849.csv
2023/01/02,06:59 PM,20.83,15.72,72.0,South,6.6,8.85,1020.32,0.0,4.06,2.0,231.6,IMELBO1849.csv
2023/01/02,07:04 PM,20.39,15.61,74.0,SW,11.42,15.29,1020.32,0.0,4.06,1.0,183.0,IMELBO1849.csv
2023/01/02,07:09 PM,19.89,15.39,75.0,SSW,8.37,12.55,1020.32,0.0,4.06,1.0,173.5,IMELBO1849.csv
2023/01/02,07:14 PM,19.83,15.39,75.0,South,8.53,12.71,1020.66,0.0,4.06,1.0,110.1,IMELBO1849.csv
2023/01/02,07:19 PM,19.5,15.22,76.0,SW,9.33,13.03,1021.0,0.0,4.06,1.0,105.0,IMELBO1849.csv
2023/01/02,07:24 PM,19.44,15.22,77.0,SW,9.65,13.03,1021.0,0.0,4.06,1.0,105.8,IMELBO1849.csv
2023/01/02,07:29 PM,19.33,15.22,77.0,SW,9.33,12.71,1021.0,0.0,4.06,1.0,113.2,IMELBO1849.csv
2023/01/02,07:34 PM,19.44,15.22,77.0,SSW,7.24,9.98,1021.0,0.0,4.06,1.0,107.0,IMELBO1849.csv
2023/01/02,07:39 PM,19.39,15.06,76.0,SSW,9.98,13.35,1021.0,0.0,4.06,0.0,68.5,IMELBO1849.csv
2023/01/02,07:44 PM,19.11,14.94,77.0,South,8.53,11.26,1021.33,0.0,4.06,0.0,68.5,IMELBO1849.csv
2023/01/02,07:49 PM,19.11,15.0,77.0,SSW,4.83,7.24,1021.33,0.0,4.06,0.0,50.3,IMELBO1849.csv
2023/01/02,07:54 PM,19.0,14.89,77.0,SSW,6.92,9.17,1021.33,0.0,4.06,0.0,22.0,IMELBO1849.csv
2023/01/02,07:59 PM,18.78,14.72,77.0,SSW,5.15,7.08,1021.67,0.0,4.06,0.0,16.4,IMELBO1849.csv
2023/01/02,08:04 PM,18.78,14.78,78.0,SSW,6.6,8.85,1021.67,0.0,4.06,0.0,9.5,IMELBO1849.csv
2023/01/02,08:09 PM,18.61,14.72,78.0,SE,5.15,7.72,1021.67,0.0,4.06,0.0,9.5,IMELBO1849.csv
2023/01/02,08:14 PM,18.44,14.72,79.0,SSW,7.4,10.46,1021.67,0.0,4.06,0.0,6.9,IMELBO1849.csv
2023/01/02,08:19 PM,18.22,14.5,79.0,SSW,8.37,11.26,1021.67,0.0,4.06,0.0,5.1,IMELBO1849.csv
2023/01/02,08:24 PM,18.22,14.39,78.0,SSW,7.24,9.98,1022.01,0.0,4.06,0.0,4.3,IMELBO1849.csv
2023/01/02,08:29 PM,18.22,14.28,78.0,SSW,7.24,10.62,1022.01,0.0,4.06,0.0,2.1,IMELBO1849.csv
2023/01/02,08:34 PM,18.11,14.22,78.0,SSE,5.15,7.56,1022.01,0.0,4.06,0.0,0.9,IMELBO1849.csv
2023/01/02,08:39 PM,18.11,14.33,79.0,SSE,4.99,7.4,1022.01,0.0,4.06,0.0,0.0,IMELBO1849.csv
2023/01/02,08:44 PM,18.11,14.39,79.0,SSW,5.15,7.4,1022.01,0.0,4.06,0.0,0.0,IMELBO1849.csv
2023/01/02,08:49 PM,18.17,14.44,79.0,SSW,5.15,7.72,1022.01,0.0,4.06,0.0,0.0,IMELBO1849.csv
2023/01/02,08:54 PM,18.0,14.11,78.0,SSW,9.01,13.19,1022.01,0.0,4.06,0.0,0.0,IMELBO1849.csv
2023/01/02,08:59 PM,17.89,14.0,78.0,SSW,8.04,11.58,1022.01,0.0,4.06,0.0,0.0,IMELBO1849.csv
2023/01/02,09:04 PM,17.83,13.83,77.0,SW,7.08,9.33,1022.01,0.0,4.06,0.0,0.0,IMELBO1849.csv
2023/01/02,09:09 PM,17.78,13.72,77.0,SW,8.37,11.26,1022.01,0.0,4.06,0.0,0.0,IMELBO1849.csv
2023/01/02,09:14 PM,17.78,13.89,78.0,SW,7.24,10.14,1022.01,0.0,4.06,0.0,0.0,IMELBO1849.csv
2023/01/02,09:19 PM,17.78,13.83,78.0,SW,5.47,7.08,1022.01,0.0,4.06,0.0,0.0,IMELBO1849.csv
2023/01/02,09:24 PM,17.89,13.78,77.0,SSW,6.6,8.69,1022.01,0.0,4.06,0.0,0.0,IMELBO1849.csv
2023/01/02,09:29 PM,17.89,13.78,77.0,South,5.15,7.72,1022.01,0.0,4.06,0.0,0.0,IMELBO1849.csv
2023/01/02,09:34 PM,17.83,13.78,77.0,SSW,5.47,8.04,1022.35,0.0,4.06,0.0,0.0,IMELBO1849.csv
2023/01/02,09:39 PM,17.83,13.89,78.0,SSW,5.47,7.24,1022.35,0.0,4.06,0.0,0.0,IMELBO1849.csv
2023/01/02,09:44 PM,17.78,13.89,78.0,SSW,7.08,9.49,1022.35,0.0,4.06,0.0,0.0,IMELBO1849.csv
2023/01/02,09:49 PM,17.67,13.94,79.0,SW,6.92,9.01,1022.01,0.0,4.06,0.0,0.0,IMELBO1849.csv
2023/01/02,09:54 PM,17.61,13.89,79.0,SW,6.6,9.01,1022.01,0.0,4.06,0.0,0.0,IMELBO1849.csv
2023/01/02,09:59 PM,17.61,13.89,79.0,SSW,4.02,5.95,1022.01,0.0,4.06,0.0,0.0,IMELBO1849.csv
2023/01/02,10:04 PM,17.44,13.72,79.0,SSW,6.6,8.53,1022.01,0.0,4.06,0.0,0.0,IMELBO1849.csv
2023/01/02,10:09 PM,17.33,13.67,79.0,SW,6.76,9.98,1022.35,0.0,4.06,0.0,0.0,IMELBO1849.csv
2023/01/02,10:14 PM,17.28,13.61,79.0,SSW,5.47,7.56,1022.01,0.0,4.06,0.0,0.0,IMELBO1849.csv
2023/01/02,10:19 PM,17.28,13.72,80.0,SSW,6.11,8.85,1022.01,0.0,4.06,0.0,0.0,IMELBO1849.csv
2023/01/02,10:24 PM,17.28,13.78,80.0,SSW,6.76,9.17,1022.35,0.0,4.06,0.0,0.0,IMELBO1849.csv
2023/01/02,10:29 PM,17.28,13.78,80.0,South,3.7,4.83,1022.35,0.0,4.06,0.0,0.0,IMELBO1849.csv
2023/01/02,10:34 PM,17.39,13.89,80.0,South,3.22,4.51,1022.35,0.0,4.06,0.0,0.0,IMELBO1849.csv
2023/01/02,10:39 PM,17.39,13.72,79.0,SSW,4.83,7.56,1022.69,0.0,4.06,0.0,0.0,IMELBO1849.csv
2023/01/02,10:44 PM,17.39,13.72,79.0,SW,5.95,7.88,1022.35,0.0,4.06,0.0,0.0,IMELBO1849.csv
2023/01/02,10:49 PM,17.39,13.72,79.0,SSW,5.31,7.72,1022.35,0.0,4.06,0.0,0.0,IMELBO1849.csv
2023/01/02,10:54 PM,17.39,13.72,79.0,South,4.18,5.95,1022.35,0.0,4.06,0.0,0.0,IMELBO1849.csv
2023/01/02,10:59 PM,17.39,13.72,79.0,SSW,3.7,5.31,1022.35,0.0,4.06,0.0,0.0,IMELBO1849.csv
2023/01/02,11:04 PM,17.39,13.72,79.0,SSW,5.79,8.21,1022.35,0.0,4.06,0.0,0.0,IMELBO1849.csv
2023/01/02,11:09 PM,17.39,13.72,79.0,SSW,4.67,6.44,1022.01,0.0,4.06,0.0,0.0,IMELBO1849.csv
2023/01/02,11:14 PM,17.39,13.83,80.0,SSW,6.11,8.21,1022.01,0.0,4.06,0.0,0.0,IMELBO1849.csv
2023/01/02,11:19 PM,17.39,13.83,80.0,SSW,4.02,5.79,1022.01,0.0,4.06,0.0,0.0,IMELBO1849.csv
2023/01/02,11:24 PM,17.39,13.83,80.0,South,4.34,6.11,1022.35,0.0,4.06,0.0,0.0,IMELBO1849.csv
2023/01/02,11:29 PM,17.33,13.83,80.0,SSW,6.28,8.85,1022.35,0.0,4.06,0.0,0.0,IMELBO1849.csv
2023/01/02,11:34 PM,17.33,13.83,80.0,SSW,4.67,6.92,1022.35,0.0,4.06,0.0,0.0,IMELBO1849.csv
2023/01/02,11:39 PM,17.33,13.78,80.0,SSW,6.44,8.69,1022.35,0.0,4.06,0.0,0.0,IMELBO1849.csv
2023/01/02,11:44 PM,17.28,13.78,80.0,SSW,4.18,5.63,1022.01,0.0,4.06,0.0,0.0,IMELBO1849.csv
2023/01/02,11:49 PM,17.33,13.67,79.0,SSW,5.15,7.56,1022.01,0.0,4.06,0.0,0.0,IMELBO1849.csv
2023/01/02,11:54 PM,17.28,13.56,79.0,SSW,5.95,7.88,1022.01,0.0,4.06,0.0,0.0,IMELBO1849.csv
2023/01/02,11:59 PM,17.33,13.56,78.0,SSW,4.51,6.28,1022.01,0.0,4.06,0.0,0.0,IMELBO1849.csv
2023/01/03,12:04 AM,17.33,13.56,78.0,SW,7.24,9.01,1022.01,0.0,0.0,0.0,0.0,IMELBO1849.csv
2023/01/03,12:09 AM,17.28,13.5,78.0,SSW,5.31,7.4,1022.01,0.0,0.0,0.0,0.0,IMELBO1849.csv
2023/01/03,12:14 AM,17.28,13.44,78.0,South,5.63,7.88,1022.01,0.0,0.0,0.0,0.0,IMELBO1849.csv
2023/01/03,12:19 AM,17.22,13.39,78.0,SSW,4.83,6.6,1022.01,0.0,0.0,0.0,0.0,IMELBO1849.csv
2023/01/03,12:24 AM,17.28,13.39,78.0,SSW,4.02,5.63,1021.67,0.0,0.0,0.0,0.0,IMELBO1849.csv
2023/01/03,12:29 AM,17.28,13.22,77.0,South,5.63,7.56,1021.67,0.0,0.0,0.0,0.0,IMELBO1849.csv
2023/01/03,12:34 AM,17.28,13.33,77.0,SSW,6.11,8.37,1021.67,0.0,0.0,0.0,0.0,IMELBO1849.csv
2023/01/03,12:39 AM,17.28,13.5,78.0,SSW,4.34,6.44,1021.67,0.0,0.0,0.0,0.0,IMELBO1849.csv
2023/01/03,12:44 AM,17.28,13.5,78.0,South,4.51,6.92,1021.67,0.0,0.0,0.0,0.0,IMELBO1849.csv
2023/01/03,12:49 AM,17.28,13.5,78.0,SSW,5.31,7.88,1021.67,0.0,0.0,0.0,0.0,IMELBO1849.csv
2023/01/03,12:54 AM,17.28,13.61,79.0,South,4.02,5.95,1021.67,0.0,0.0,0.0,0.0,IMELBO1849.csv
2023/01/03,12:59 AM,17.22,13.61,79.0,SSW,5.63,7.24,1021.67,0.0,0.0,0.0,0.0,IMELBO1849.csv
2023/01/03,01:04 AM,17.22,13.72,80.0,SSW,3.38,4.83,1021.67,0.0,0.0,0.0,0.0,IMELBO1849.csv
2023/01/03,01:09 AM,17.22,13.72,80.0,SSW,4.99,6.6,1021.67,0.0,0.0,0.0,0.0,IMELBO1849.csv
2023/01/03,01:14 AM,17.22,13.72,80.0,South,3.22,4.34,1021.33,0.0,0.0,0.0,0.0,IMELBO1849.csv
2023/01/03,01:19 AM,17.28,13.78,80.0,SSW,2.74,4.02,1021.33,0.0,0.0,0.0,0.0,IMELBO1849.csv
2023/01/03,01:24 AM,17.22,13.72,80.0,SSW,4.67,6.92,1021.33,0.0,0.0,0.0,0.0,IMELBO1849.csv
2023/01/03,01:29 AM,17.22,13.72,80.0,SSW,4.51,6.44,1021.33,0.0,0.0,0.0,0.0,IMELBO1849.csv
2023/01/03,01:34 AM,17.22,13.72,80.0,SSW,4.83,6.44,1021.33,0.0,0.0,0.0,0.0,IMELBO1849.csv
2023/01/03,01:39 AM,17.17,13.72,80.0,SSW,4.83,6.6,1021.33,0.0,0.0,0.0,0.0,IMELBO1849.csv
2023/01/03,01:44 AM,17.11,13.5,80.0,SSW,5.15,6.76,1021.33,0.0,0.0,0.0,0.0,IMELBO1849.csv
2023/01/03,01:49 AM,17.11,13.67,80.0,SSW,4.51,5.63,1021.0,0.0,0.0,0.0,0.0,IMELBO1849.csv
2023/01/03,01:54 AM,17.06,14.11,83.0,SW,5.95,8.53,1021.33,0.0,0.0,0.0,0.0,IMELBO1849.csv
2023/01/03,01:59 AM,16.72,14.06,84.0,SSW,3.86,5.31,1021.33,0.0,0.0,0.0,0.0,IMELBO1849.csv
2023/01/03,02:04 AM,16.61,14.06,85.0,SSW,4.34,5.79,1021.0,0.0,0.0,0.0,0.0,IMELBO1849.csv
2023/01/03,02:09 AM,16.44,14.0,85.0,SSW,7.08,9.49,1021.0,0.0,0.0,0.0,0.0,IMELBO1849.csv
2023/01/03,02:14 AM,16.33,14.28,87.0,SSW,4.34,6.11,1021.0,0.0,0.0,0.0,0.0,IMELBO1849.csv
2023/01/03,02:19 AM,16.06,14.22,89.0,SSW,4.99,6.76,1021.0,0.0,0.0,0.0,0.0,IMELBO1849.csv
2023/01/03,02:24 AM,15.83,14.06,89.0,SSW,3.86,5.63,1021.0,0.0,0.0,0.0,0.0,IMELBO1849.csv
2023/01/03,02:29 AM,15.78,14.17,90.0,SE,2.41,3.7,1021.0,0.0,0.0,0.0,0.0,IMELBO1849.csv
2023/01/03,02:34 AM,15.72,14.11,90.0,SSW,3.22,5.15,1021.0,0.0,0.0,0.0,0.0,IMELBO1849.csv
2023/01/03,02:39 AM,15.72,14.11,90.0,SSW,3.54,4.83,1021.0,0.0,0.0,0.0,0.0,IMELBO1849.csv
2023/01/03,02:44 AM,15.72,14.11,90.0,SSW,2.41,3.54,1021.0,0.0,0.0,0.0,0.0,IMELBO1849.csv
2023/01/03,02:49 AM,15.72,14.11,90.0,South,2.57,3.38,1021.0,0.0,0.0,0.0,0.0,IMELBO1849.csv
2023/01/03,02:54 AM,15.72,14.11,90.0,South,1.77,2.57,1021.0,0.0,0.0,0.0,0.0,IMELBO1849.csv
2023/01/03,02:59 AM,15.72,14.06,90.0,South,3.22,4.34,1021.0,0.0,0.0,0.0,0.0,IMELBO1849.csv
2023/01/03,03:04 AM,15.78,13.94,89.0,South,1.77,3.06,1020.66,0.0,0.0,0.0,0.0,IMELBO1849.csv
2023/01/03,03:09 AM,15.78,13.89,88.0,South,3.7,4.83,1021.0,0.0,0.0,0.0,0.0,IMELBO1849.csv
2023/01/03,03:14 AM,15.94,13.89,88.0,SSW,1.61,2.41,1020.66,0.0,0.0,0.0,0.0,IMELBO1849.csv
2023/01/03,03:19 AM,16.0,13.89,87.0,SSW,2.74,3.54,1020.66,0.0,0.0,0.0,0.0,IMELBO1849.csv
2023/01/03,03:24 AM,16.11,13.89,86.0,South,2.57,3.7,1020.66,0.0,0.0,0.0,0.0,IMELBO1849.csv
2023/01/03,03:29 AM,16.22,13.89,86.0,SSW,2.9,4.18,1020.66,0.0,0.0,0.0,0.0,IMELBO1849.csv
2023/01/03,03:34 AM,16.22,13.89,86.0,SSW,3.7,5.31,1020.66,0.0,0.0,0.0,0.0,IMELBO1849.csv
2023/01/03,03:39 AM,16.22,13.72,85.0,SSW,3.7,4.83,1020.66,0.0,0.0,0.0,0.0,IMELBO1849.csv
2023/01/03,03:44 AM,16.28,13.89,86.0,SW,7.72,10.3,1020.66,0.0,0.0,0.0,0.0,IMELBO1849.csv
2023/01/03,03:49 AM,16.06,14.11,88.0,SW,7.24,9.81,1020.66,0.0,0.0,0.0,0.0,IMELBO1849.csv
2023/01/03,03:54 AM,15.72,14.17,90.0,SW,6.44,8.04,1020.66,0.0,0.0,0.0,0.0,IMELBO1849.csv
2023/01/03,03:59 AM,15.56,14.17,91.0,SW,5.47,7.08,1021.0,0.0,0.0,0.0,0.0,IMELBO1849.csv
2023/01/03,04:04 AM,15.44,14.06,91.0,SW,5.47,7.72,1020.66,0.0,0.0,0.0,0.0,IMELBO1849.csv
2023/01/03,04:09 AM,15.33,14.0,92.0,SW,7.08,9.01,1020.66,0.0,0.0,0.0,0.0,IMELBO1849.csv
2023/01/03,04:14 AM,15.28,14.0,92.0,SW,3.86,4.67,1020.66,0.0,0.0,0.0,0.0,IMELBO1849.csv
2023/01/03,04:19 AM,15.28,14.11,93.0,SW,2.74,3.38,1020.66,0.0,0.0,0.0,0.0,IMELBO1849.csv
2023/01/03,04:24 AM,15.28,14.11,93.0,SSW,2.09,2.74,1020.66,0.0,0.0,0.0,0.0,IMELBO1849.csv
2023/01/03,04:29 AM,15.22,14.06,93.0,SW,1.61,2.09,1020.66,0.0,0.0,0.0,0.0,IMELBO1849.csv
2023/01/03,04:34 AM,15.28,14.06,93.0,SW,2.09,3.22,1020.66,0.0,0.0,0.0,0.0,IMELBO1849.csv
2023/01/03,04:39 AM,15.22,14.0,93.0,SSW,3.54,4.99,1020.66,0.0,0.0,0.0,0.0,IMELBO1849.csv
2023/01/03,04:44 AM,15.22,14.0,93.0,SW,3.54,4.34,1020.66,0.0,0.0,0.0,0.0,IMELBO1849.csv
2023/01/03,04:49 AM,15.28,14.06,93.0,SSW,2.41,3.22,1021.0,0.0,0.0,0.0,0.0,IMELBO1849.csv
2023/01/03,04:54 AM,15.28,14.06,93.0,SW,2.9,3.86,1020.66,0.0,0.0,0.0,0.0,IMELBO1849.csv
2023/01/03,04:59 AM,15.33,14.28,94.0,SSW,3.22,4.34,1021.0,0.0,0.0,0.0,0.0,IMELBO1849.csv
2023/01/03,05:04 AM,15.33,14.33,94.0,SW,5.95,8.04,1021.0,0.0,0.0,0.0,0.0,IMELBO1849.csv
2023/01/03,05:09 AM,15.17,14.17,94.0,SW,5.79,8.21,1021.0,0.0,0.0,0.0,0.0,IMELBO1849.csv
2023/01/03,05:14 AM,15.0,14.0,94.0,SW,7.4,9.65,1021.0,1.78,0.25,0.0,0.0,IMELBO1849.csv
2023/01/03,05:19 AM,14.94,14.06,95.0,SW,6.6,8.21,1021.0,1.78,0.25,0.0,0.0,IMELBO1849.csv
2023/01/03,05:24 AM,14.89,14.11,95.0,SW,4.67,6.6,1020.66,1.78,0.25,0.0,0.0,IMELBO1849.csv
2023/01/03,05:29 AM,14.83,14.06,95.0,SW,4.18,5.31,1021.0,0.0,0.25,0.0,0.0,IMELBO1849.csv
2023/01/03,05:34 AM,14.83,14.06,95.0,SW,3.86,5.15,1021.0,0.0,0.25,0.0,0.0,IMELBO1849.csv
2023/01/03,05:39 AM,14.78,14.0,95.0,SW,4.34,5.31,1020.66,0.0,0.25,0.0,0.0,IMELBO1849.csv
2023/01/03,05:44 AM,14.78,14.0,95.0,SW,3.22,4.34,1021.0,0.0,0.25,0.0,0.0,IMELBO1849.csv
2023/01/03,05:49 AM,14.83,14.06,95.0,SW,2.41,3.38,1021.0,0.0,0.25,0.0,0.0,IMELBO1849.csv
2023/01/03,05:54 AM,14.83,14.06,95.0,SW,3.38,4.18,1021.0,0.0,0.25,0.0,0.0,IMELBO1849.csv
2023/01/03,05:59 AM,14.78,13.94,95.0,SW,4.02,5.15,1021.33,0.0,0.25,0.0,0.0,IMELBO1849.csv
2023/01/03,06:04 AM,14.78,14.0,95.0,SW,3.38,4.02,1021.33,0.0,0.25,0.0,0.0,IMELBO1849.csv
2023/01/03,06:09 AM,14.83,13.94,94.0,SW,3.86,5.15,1021.33,0.0,0.25,0.0,0.0,IMELBO1849.csv
2023/01/03,06:14 AM,14.83,13.78,94.0,SW,3.54,4.34,1021.33,0.0,0.25,0.0,0.0,IMELBO1849.csv
2023/01/03,06:19 AM,15.0,13.89,93.0,SSW,2.41,2.9,1021.33,0.0,0.25,0.0,0.9,IMELBO1849.csv
2023/01/03,06:24 AM,15.0,13.83,93.0,SW,1.93,2.57,1021.67,0.0,0.25,0.0,1.2,IMELBO1849.csv
2023/01/03,06:29 AM,15.17,13.89,92.0,SSE,1.77,2.41,1021.33,0.0,0.25,0.0,1.2,IMELBO1849.csv
2023/01/03,06:34 AM,15.28,13.94,92.0,SSW,2.41,3.54,1021.33,0.0,0.25,0.0,3.8,IMELBO1849.csv
2023/01/03,06:39 AM,15.22,13.78,91.0,SSW,5.15,7.24,1021.67,0.0,0.25,0.0,4.8,IMELBO1849.csv
2023/01/03,06:44 AM,15.17,13.33,89.0,SSW,4.18,6.11,1021.67,0.0,0.25,0.0,6.0,IMELBO1849.csv
2023/01/03,06:49 AM,15.33,13.22,87.0,South,4.18,5.79,1021.67,0.0,0.25,0.0,6.9,IMELBO1849.csv
2023/01/03,06:54 AM,15.5,13.11,86.0,SW,4.67,6.76,1021.67,0.0,0.25,0.0,13.0,IMELBO1849.csv
2023/01/03,06:59 AM,15.61,13.0,85.0,SW,5.79,8.21,1021.67,0.0,0.25,0.0,13.0,IMELBO1849.csv
2023/01/03,07:04 AM,15.67,12.94,84.0,SSW,5.79,7.72,1021.67,0.0,0.25,0.0,22.0,IMELBO1849.csv
2023/01/03,07:09 AM,15.72,12.94,84.0,SSW,5.47,7.56,1021.67,0.0,0.25,0.0,22.9,IMELBO1849.csv
2023/01/03,07:14 AM,15.67,12.94,84.0,SW,8.04,11.1,1021.67,0.0,0.25,0.0,22.9,IMELBO1849.csv
2023/01/03,07:19 AM,15.61,13.0,85.0,SSW,4.99,7.08,1021.67,0.0,0.25,0.0,22.9,IMELBO1849.csv
2023/01/03,07:24 AM,15.56,13.06,85.0,South,5.31,7.56,1022.01,0.0,0.25,0.0,16.4,IMELBO1849.csv
2023/01/03,07:29 AM,15.5,13.06,85.0,South,4.51,6.6,1022.01,0.0,0.25,0.0,16.0,IMELBO1849.csv
2023/01/03,07:34 AM,15.5,13.33,87.0,South,4.99,7.08,1022.01,0.0,0.25,0.0,20.3,IMELBO1849.csv
2023/01/03,07:39 AM,15.28,13.33,88.0,SSW,2.9,4.02,1022.01,0.0,0.25,0.0,24.2,IMELBO1849.csv
2023/01/03,07:44 AM,15.22,13.39,89.0,South,3.54,5.47,1022.35,0.0,0.25,0.0,29.9,IMELBO1849.csv
2023/01/03,07:49 AM,15.06,13.17,89.0,South,5.31,7.4,1022.01,0.0,0.25,0.0,29.5,IMELBO1849.csv
2023/01/03,07:54 AM,15.11,13.22,89.0,South,7.24,10.14,1022.35,0.0,0.25,0.0,32.4,IMELBO1849.csv
2023/01/03,07:59 AM,14.94,13.33,90.0,South,6.6,9.33,1022.35,0.0,0.25,0.0,45.5,IMELBO1849.csv
2023/01/03,08:04 AM,14.78,13.33,91.0,South,4.18,6.6,1022.35,0.0,0.25,0.0,37.2,IMELBO1849.csv
2023/01/03,08:09 AM,14.72,13.39,91.0,SSW,4.67,6.28,1022.35,0.0,0.25,0.0,35.1,IMELBO1849.csv
2023/01/03,08:14 AM,14.78,13.61,92.0,South,2.25,3.22,1022.69,0.0,0.25,0.0,57.3,IMELBO1849.csv
2023/01/03,08:19 AM,14.72,13.5,92.0,SSE,3.22,5.15,1022.69,0.0,0.25,0.0,69.4,IMELBO1849.csv
2023/01/03,08:24 AM,14.72,13.56,93.0,SSE,2.57,3.54,1022.69,0.0,0.25,0.0,75.8,IMELBO1849.csv
2023/01/03,08:29 AM,14.72,13.61,93.0,SSE,2.74,3.7,1022.35,0.0,0.25,0.0,85.9,IMELBO1849.csv
2023/01/03,08:34 AM,14.78,13.56,92.0,SSW,1.61,2.09,1022.69,0.0,0.25,0.0,89.3,IMELBO1849.csv
2023/01/03,08:39 AM,14.78,13.61,92.0,South,1.93,2.74,1022.69,0.0,0.25,0.0,94.1,IMELBO1849.csv
2023/01/03,08:44 AM,14.83,13.44,91.0,South,1.93,2.9,1022.69,0.0,0.25,0.0,73.7,IMELBO1849.csv
2023/01/03,08:49 AM,15.06,13.33,89.0,South,3.54,4.99,1022.69,0.0,0.25,0.0,74.5,IMELBO1849.csv
2023/01/03,08:54 AM,15.22,12.94,86.0,South,6.28,9.49,1022.69,0.0,0.25,0.0,88.0,IMELBO1849.csv
2023/01/03,08:59 AM,15.44,12.67,83.0,SSW,5.47,8.21,1022.69,0.0,0.25,0.0,94.1,IMELBO1849.csv
2023/01/03,09:04 AM,15.61,12.61,82.0,SW,7.4,9.81,1022.69,0.0,0.25,0.0,98.8,IMELBO1849.csv
2023/01/03,09:09 AM,15.72,12.61,82.0,SSW,6.6,9.33,1022.69,0.0,0.25,0.0,90.7,IMELBO1849.csv
2023/01/03,09:14 AM,15.72,12.67,82.0,SW,5.31,7.56,1022.69,0.0,0.25,0.0,88.4,IMELBO1849.csv
2023/01/03,09:19 AM,15.72,12.61,82.0,South,4.51,6.92,1022.69,0.0,0.25,0.0,85.0,IMELBO1849.csv
2023/01/03,09:24 AM,15.67,12.33,81.0,South,6.92,10.14,1022.69,0.0,0.25,0.0,86.7,IMELBO1849.csv
2023/01/03,09:29 AM,15.61,12.28,81.0,SSE,5.31,7.56,1022.69,0.0,0.25,0.0,92.7,IMELBO1849.csv
2023/01/03,09:34 AM,15.67,12.28,80.0,South,3.54,5.15,1023.03,0.0,0.25,0.0,88.0,IMELBO1849.csv
2023/01/03,09:39 AM,15.94,12.56,80.0,SSE,3.06,4.02,1022.69,0.0,0.25,0.0,90.2,IMELBO1849.csv
2023/01/03,09:44 AM,15.89,12.44,80.0,SSE,3.06,4.34,1022.69,0.0,0.25,0.0,88.8,IMELBO1849.csv
2023/01/03,09:49 AM,16.0,12.22,78.0,SSW,4.83,7.24,1022.69,0.0,0.25,0.0,92.7,IMELBO1849.csv
2023/01/03,09:54 AM,16.17,12.06,77.0,SSW,7.08,10.94,1022.69,0.0,0.25,0.0,96.3,IMELBO1849.csv
2023/01/03,09:59 AM,16.11,11.89,76.0,SW,6.6,8.85,1022.69,0.0,0.25,0.0,92.7,IMELBO1849.csv
2023/01/03,10:04 AM,16.06,11.67,75.0,SSW,7.72,10.78,1023.03,0.0,0.25,1.0,112.3,IMELBO1849.csv
2023/01/03,10:09 AM,16.17,11.72,75.0,SSW,5.31,7.88,1022.69,0.0,0.25,1.0,113.7,IMELBO1849.csv
2023/01/03,10:14 AM,16.22,11.56,74.0,SSW,6.6,9.17,1023.03,0.0,0.25,1.0,117.4,IMELBO1849.csv
2023/01/03,10:19 AM,16.28,11.61,74.0,South,6.28,9.98,1022.69,0.0,0.25,1.0,117.1,IMELBO1849.csv
2023/01/03,10:24 AM,16.11,11.39,73.0,SW,9.65,12.55,1022.69,0.0,0.25,1.0,122.7,IMELBO1849.csv
2023/01/03,10:29 AM,16.22,11.33,73.0,SSW,7.08,9.65,1022.69,0.0,0.25,1.0,128.3,IMELBO1849.csv
2023/01/03,10:34 AM,16.44,11.28,72.0,SSW,5.63,7.72,1022.69,0.0,0.25,1.0,157.4,IMELBO1849.csv
2023/01/03,10:39 AM,16.39,11.11,71.0,SSW,8.04,10.3,1022.69,0.0,0.25,1.0,170.9,IMELBO1849.csv
2023/01/03,10:44 AM,16.61,11.17,70.0,South,4.83,6.76,1022.69,0.0,0.25,1.0,175.2,IMELBO1849.csv
2023/01/03,10:49 AM,16.83,11.28,69.0,SSW,4.34,6.6,1022.69,0.0,0.25,1.0,182.5,IMELBO1849.csv
2023/01/03,10:54 AM,16.89,11.22,69.0,SSW,7.08,9.49,1022.69,0.0,0.25,2.0,205.1,IMELBO1849.csv
2023/01/03,10:59 AM,16.83,11.17,69.0,SSW,6.6,9.33,1022.69,0.0,0.25,2.0,222.9,IMELBO1849.csv
2023/01/03,11:04 AM,17.0,11.17,68.0,SW,6.6,9.17,1022.69,0.0,0.25,2.0,253.2,IMELBO1849.csv
2023/01/03,11:09 AM,17.06,11.11,68.0,SSW,5.47,7.88,1022.69,0.0,0.25,3.0,311.8,IMELBO1849.csv
2023/01/03,11:14 AM,17.56,11.28,67.0,South,5.47,7.88,1022.35,0.0,0.25,3.0,314.0,IMELBO1849.csv
2023/01/03,11:19 AM,17.72,11.28,66.0,SSW,5.95,8.04,1022.35,0.0,0.25,2.0,284.9,IMELBO1849.csv
2023/01/03,11:24 AM,17.56,11.22,66.0,SSW,4.51,5.95,1022.35,0.0,0.25,2.0,290.2,IMELBO1849.csv
2023/01/03,11:29 AM,17.72,11.28,66.0,SSE,5.47,7.72,1022.35,0.0,0.25,2.0,255.4,IMELBO1849.csv
2023/01/03,11:34 AM,17.67,11.33,67.0,South,5.47,8.04,1022.35,0.0,0.25,2.0,219.0,IMELBO1849.csv
2023/01/03,11:39 AM,17.67,11.39,67.0,SSE,3.7,5.47,1022.35,0.0,0.25,2.0,268.9,IMELBO1849.csv
2023/01/03,11:44 AM,17.89,11.67,67.0,SSW,5.47,7.08,1022.35,0.0,0.25,2.0,270.2,IMELBO1849.csv
2023/01/03,11:49 AM,17.56,11.56,68.0,SSW,6.28,8.69,1022.35,0.0,0.25,3.0,339.2,IMELBO1849.csv
2023/01/03,11:54 AM,17.89,11.72,67.0,SSW,3.38,4.83,1022.35,0.0,0.25,3.0,387.0,IMELBO1849.csv
2023/01/03,11:59 AM,18.22,11.89,67.0,South,5.95,8.37,1022.01,0.0,0.25,3.0,377.8,IMELBO1849.csv
2023/01/03,12:04 PM,18.11,11.94,67.0,South,6.76,9.98,1022.01,0.0,0.25,3.0,310.1,IMELBO1849.csv
2023/01/03,12:09 PM,18.0,11.83,67.0,South,5.15,8.04,1022.01,0.0,0.25,3.0,317.5,IMELBO1849.csv
2023/01/03,12:14 PM,18.28,12.0,67.0,South,5.47,7.72,1022.35,0.0,0.25,3.0,323.1,IMELBO1849.csv
2023/01/03,12:19 PM,18.28,11.89,66.0,SSW,6.11,9.33,1022.01,0.0,0.25,3.0,326.6,IMELBO1849.csv
2023/01/03,12:24 PM,18.28,11.89,66.0,SSE,4.51,6.44,1022.01,0.0,0.25,3.0,312.3,IMELBO1849.csv
2023/01/03,12:29 PM,18.61,12.11,66.0,South,4.99,7.24,1022.01,0.0,0.25,3.0,311.8,IMELBO1849.csv
2023/01/03,12:34 PM,18.39,11.83,65.0,SSE,4.34,6.11,1022.01,0.0,0.25,3.0,344.0,IMELBO1849.csv
2023/01/03,12:39 PM,18.61,11.56,63.0,South,6.76,9.81,1022.01,0.0,0.25,4.0,438.9,IMELBO1849.csv
2023/01/03,12:44 PM,19.0,11.56,62.0,SSE,4.51,6.44,1022.01,0.0,0.25,5.0,540.5,IMELBO1849.csv
2023/01/03,12:49 PM,19.22,11.83,62.0,SW,6.6,9.33,1021.67,0.0,0.25,5.0,557.0,IMELBO1849.csv
2023/01/03,12:54 PM,19.5,11.94,62.0,South,6.28,9.33,1022.01,0.0,0.25,5.0,537.9,IMELBO1849.csv
2023/01/03,12:59 PM,19.44,11.83,61.0,SSW,6.28,8.85,1021.67,0.0,0.25,4.0,510.5,IMELBO1849.csv
2023/01/03,01:04 PM,19.83,11.89,60.0,SW,6.6,9.01,1021.67,0.0,0.25,7.0,766.9,IMELBO1849.csv
2023/01/03,01:09 PM,19.78,11.83,60.0,SSW,8.85,11.42,1021.67,0.0,0.25,5.0,555.7,IMELBO1849.csv
2023/01/03,01:14 PM,19.44,11.72,61.0,SSW,7.24,9.98,1021.67,0.0,0.25,4.0,420.4,IMELBO1849.csv
2023/01/03,01:19 PM,19.56,11.83,61.0,SSW,7.56,10.3,1021.67,0.0,0.25,4.0,439.8,IMELBO1849.csv
2023/01/03,01:24 PM,19.5,11.78,61.0,SW,6.6,8.85,1021.67,0.0,0.25,6.0,634.5,IMELBO1849.csv
2023/01/03,01:29 PM,19.89,11.78,60.0,SSW,7.72,10.62,1021.67,0.0,0.25,5.0,612.5,IMELBO1849.csv
2023/01/03,01:34 PM,19.56,11.72,61.0,SSW,8.21,11.91,1021.67,0.0,0.25,3.0,369.1,IMELBO1849.csv
2023/01/03,01:39 PM,19.78,11.78,60.0,SSW,7.08,10.46,1021.67,0.0,0.25,3.0,334.8,IMELBO1849.csv
2023/01/03,01:44 PM,19.44,11.67,61.0,SSW,9.33,12.23,1021.67,0.0,0.25,3.0,396.5,IMELBO1849.csv
2023/01/03,01:49 PM,19.11,11.61,62.0,SW,8.85,12.07,1021.67,0.0,0.25,3.0,335.7,IMELBO1849.csv
2023/01/03,01:54 PM,19.11,11.72,62.0,SSW,10.62,15.29,1021.67,0.0,0.25,3.0,321.4,IMELBO1849.csv
2023/01/03,01:59 PM,18.89,11.72,63.0,SSW,6.76,9.49,1021.67,0.0,0.25,2.0,297.1,IMELBO1849.csv
2023/01/03,02:04 PM,18.89,11.72,63.0,SW,10.62,13.68,1021.67,0.0,0.25,3.0,334.0,IMELBO1849.csv
2023/01/03,02:09 PM,19.28,11.61,61.0,SSW,8.85,11.75,1021.33,0.0,0.25,5.0,514.9,IMELBO1849.csv
2023/01/03,02:14 PM,19.39,11.44,60.0,SSW,9.17,12.55,1021.33,0.0,0.25,6.0,655.8,IMELBO1849.csv
2023/01/03,02:19 PM,19.44,11.56,60.0,SW,8.37,11.58,1021.67,0.0,0.25,7.0,760.0,IMELBO1849.csv
2023/01/03,02:24 PM,19.94,11.83,59.0,SSE,5.63,8.37,1021.33,0.0,0.25,8.0,897.5,IMELBO1849.csv
2023/01/03,02:29 PM,20.17,12.06,60.0,South,7.56,10.3,1021.33,0.0,0.25,4.0,411.7,IMELBO1849.csv
2023/01/03,02:34 PM,19.61,11.56,60.0,South,7.56,11.26,1021.33,0.0,0.25,4.0,420.4,IMELBO1849.csv
2023/01/03,02:39 PM,19.72,11.5,59.0,SSW,8.53,12.23,1021.33,0.0,0.25,11.0,1161.7,IMELBO1849.csv
2023/01/03,02:44 PM,20.06,11.61,58.0,SSW,6.44,9.01,1021.33,0.0,0.25,3.0,402.5,IMELBO1849.csv
2023/01/03,02:49 PM,20.17,11.5,58.0,SSW,8.37,11.58,1021.0,0.0,0.25,10.0,1080.6,IMELBO1849.csv
2023/01/03,02:54 PM,20.22,11.5,57.0,SW,10.14,14.32,1021.33,0.0,0.25,9.0,1016.4,IMELBO1849.csv
2023/01/03,02:59 PM,20.0,11.28,57.0,SSW,8.21,11.42,1021.0,0.0,0.25,10.0,1099.2,IMELBO1849.csv
2023/01/03,03:04 PM,20.0,11.0,56.0,South,6.11,9.49,1021.0,0.0,0.25,9.0,970.9,IMELBO1849.csv
2023/01/03,03:09 PM,20.89,11.33,54.0,SSW,7.72,11.58,1021.0,0.0,0.25,8.0,914.5,IMELBO1849.csv
2023/01/03,03:14 PM,20.94,11.17,53.0,SSW,6.76,9.49,1021.0,0.0,0.25,8.0,888.8,IMELBO1849.csv
2023/01/03,03:19 PM,21.06,11.17,53.0,SSW,8.37,11.58,1021.0,0.0,0.25,9.0,952.6,IMELBO1849.csv
2023/01/03,03:24 PM,20.89,10.61,52.0,South,9.01,13.19,1021.0,0.0,0.25,8.0,907.0,IMELBO1849.csv
2023/01/03,03:29 PM,21.0,10.5,51.0,SSW,7.56,10.3,1021.0,0.0,0.25,8.0,835.1,IMELBO1849.csv
2023/01/03,03:34 PM,21.22,10.56,50.0,South,6.92,9.65,1021.33,0.0,0.25,9.0,982.1,IMELBO1849.csv
2023/01/03,03:39 PM,21.11,10.39,50.0,South,8.53,12.55,1021.33,0.0,0.25,8.0,910.9,IMELBO1849.csv
2023/01/03,03:44 PM,20.67,10.28,51.0,South,10.14,14.16,1021.0,0.0,0.25,9.0,1002.5,IMELBO1849.csv
2023/01/03,03:49 PM,20.83,10.33,51.0,SW,9.98,14.0,1021.0,0.0,0.25,9.0,993.0,IMELBO1849.csv
2023/01/03,03:54 PM,20.22,9.72,51.0,SW,10.46,13.84,1021.33,0.0,0.25,7.0,789.9,IMELBO1849.csv
2023/01/03,03:59 PM,20.33,9.89,51.0,South,8.85,12.71,1021.33,0.0,0.25,9.0,1024.6,IMELBO1849.csv
2023/01/03,04:04 PM,20.44,10.89,54.0,SSW,10.3,14.64,1021.0,0.0,0.25,5.0,606.4,IMELBO1849.csv
2023/01/03,04:09 PM,20.0,11.44,58.0,SW,10.46,14.48,1021.33,0.0,0.25,3.0,356.1,IMELBO1849.csv
2023/01/03,04:14 PM,19.5,11.06,58.0,SW,10.78,14.32,1021.0,0.0,0.25,8.0,858.9,IMELBO1849.csv
2023/01/03,04:19 PM,19.67,11.0,57.0,SSW,9.01,13.19,1021.0,0.0,0.25,8.0,877.5,IMELBO1849.csv
2023/01/03,04:24 PM,19.72,11.22,58.0,South,8.04,11.75,1021.33,0.0,0.25,6.0,655.5,IMELBO1849.csv
2023/01/03,04:29 PM,19.72,11.39,59.0,SSW,8.53,12.23,1021.0,0.0,0.25,8.0,848.0,IMELBO1849.csv
2023/01/03,04:34 PM,19.5,11.56,60.0,South,7.24,10.62,1021.0,0.0,0.25,8.0,854.5,IMELBO1849.csv
2023/01/03,04:39 PM,19.5,11.28,59.0,SW,11.26,14.96,1021.0,0.0,0.25,8.0,871.9,IMELBO1849.csv
2023/01/03,04:44 PM,19.78,11.56,59.0,South,8.53,11.42,1021.0,0.0,0.25,8.0,874.5,IMELBO1849.csv
2023/01/03,04:49 PM,19.83,11.67,59.0,SSW,5.63,8.04,1021.0,0.0,0.25,8.0,838.1,IMELBO1849.csv
2023/01/03,04:54 PM,19.67,11.83,61.0,South,9.01,12.71,1021.0,0.0,0.25,8.0,869.7,IMELBO1849.csv
2023/01/03,04:59 PM,19.78,11.72,60.0,South,6.76,10.94,1021.0,0.0,0.25,8.0,899.7,IMELBO1849.csv
2023/01/03,05:04 PM,19.94,11.83,60.0,South,5.95,9.17,1021.0,0.0,0.25,7.0,771.2,IMELBO1849.csv
2023/01/03,05:09 PM,20.0,11.83,59.0,SSE,5.95,8.53,1021.0,0.0,0.25,2.0,259.0,IMELBO1849.csv
2023/01/03,05:14 PM,19.39,11.61,61.0,SSW,9.65,13.68,1021.0,0.0,0.25,3.0,321.0,IMELBO1849.csv
2023/01/03,05:19 PM,19.17,11.72,62.0,South,7.72,11.1,1021.0,0.0,0.25,5.0,610.3,IMELBO1849.csv
2023/01/03,05:24 PM,19.06,11.83,63.0,SSW,9.33,14.0,1021.0,0.0,0.25,2.0,236.4,IMELBO1849.csv
2023/01/03,05:29 PM,18.78,12.0,65.0,SW,11.1,14.96,1020.66,0.0,0.25,4.0,428.2,IMELBO1849.csv
2023/01/03,05:34 PM,18.83,12.06,64.0,SSW,8.04,11.91,1020.66,0.0,0.25,2.0,298.9,IMELBO1849.csv
2023/01/03,05:39 PM,18.83,12.11,65.0,SSW,7.88,11.75,1021.0,0.0,0.25,3.0,401.6,IMELBO1849.csv
2023/01/03,05:44 PM,18.56,11.83,65.0,SSW,9.98,14.48,1021.0,0.0,0.25,2.0,284.9,IMELBO1849.csv
2023/01/03,05:49 PM,18.44,11.94,66.0,SSW,9.65,13.52,1020.66,0.0,0.25,3.0,390.4,IMELBO1849.csv
2023/01/03,05:54 PM,18.56,11.94,66.0,SSW,9.98,14.16,1020.66,0.0,0.25,5.0,604.7,IMELBO1849.csv
2023/01/03,05:59 PM,18.94,12.17,65.0,South,8.21,11.91,1020.66,0.0,0.25,5.0,592.1,IMELBO1849.csv
2023/01/03,06:04 PM,18.94,12.33,66.0,SW,9.33,12.87,1020.66,0.0,0.25,4.0,478.0,IMELBO1849.csv
2023/01/03,06:09 PM,18.78,12.28,66.0,SSW,8.37,12.39,1020.66,0.0,0.25,3.0,389.5,IMELBO1849.csv
2023/01/03,06:14 PM,18.89,12.44,66.0,SSW,9.33,12.87,1020.66,0.0,0.25,3.0,378.6,IMELBO1849.csv
2023/01/03,06:19 PM,18.5,12.0,66.0,SSW,12.39,16.57,1020.66,0.0,0.25,3.0,332.6,IMELBO1849.csv
2023/01/03,06:24 PM,18.44,11.89,66.0,SW,10.14,14.16,1020.66,0.0,0.25,3.0,349.6,IMELBO1849.csv
2023/01/03,06:29 PM,18.61,11.94,65.0,SSW,10.14,13.84,1021.0,0.0,0.25,3.0,352.6,IMELBO1849.csv
2023/01/03,06:34 PM,18.39,11.89,66.0,SSW,9.17,14.0,1021.0,0.0,0.25,3.0,327.0,IMELBO1849.csv
2023/01/03,06:39 PM,18.06,11.94,67.0,SSW,9.17,12.71,1021.0,0.0,0.25,1.0,107.9,IMELBO1849.csv
2023/01/03,06:44 PM,17.78,11.78,68.0,SW,8.04,12.39,1021.0,0.0,0.25,0.0,98.4,IMELBO1849.csv
2023/01/03,06:49 PM,17.5,11.67,69.0,SSW,8.85,12.07,1021.0,0.0,0.25,0.0,87.1,IMELBO1849.csv
2023/01/03,06:54 PM,17.61,11.72,69.0,SSW,9.65,14.96,1021.0,0.0,0.25,2.0,279.3,IMELBO1849.csv
2023/01/03,06:59 PM,17.56,11.67,68.0,South,9.81,13.68,1021.0,0.0,0.25,1.0,133.9,IMELBO1849.csv
2023/01/03,07:04 PM,17.33,11.67,69.0,South,10.78,15.29,1021.33,0.0,0.25,1.0,123.6,IMELBO1849.csv
2023/01/03,07:09 PM,17.22,11.72,70.0,SW,9.98,14.0,1021.0,0.0,0.25,0.0,98.8,IMELBO1849.csv
2023/01/03,07:14 PM,17.17,11.78,71.0,SSE,8.69,12.55,1021.33,0.0,0.25,0.0,88.0,IMELBO1849.csv
2023/01/03,07:19 PM,17.28,11.83,70.0,SSW,8.53,12.39,1021.0,0.0,0.25,0.0,83.7,IMELBO1849.csv
2023/01/03,07:24 PM,17.06,11.67,71.0,SW,12.07,16.89,1021.0,0.0,0.25,0.0,72.4,IMELBO1849.csv
2023/01/03,07:29 PM,16.83,11.5,71.0,SSW,10.94,14.96,1021.33,0.0,0.25,0.0,58.5,IMELBO1849.csv
2023/01/03,07:34 PM,16.78,11.39,71.0,SSW,10.3,14.0,1021.33,0.0,0.25,0.0,51.1,IMELBO1849.csv
2023/01/03,07:39 PM,16.72,11.44,71.0,SSW,12.87,17.22,1021.0,0.0,0.25,0.0,42.9,IMELBO1849.csv
2023/01/03,07:44 PM,16.67,11.33,71.0,South,8.21,11.58,1021.0,0.0,0.25,0.0,38.2,IMELBO1849.csv
2023/01/03,07:49 PM,16.67,11.28,71.0,South,9.17,13.35,1021.33,0.0,0.25,0.0,36.8,IMELBO1849.csv
2023/01/03,07:54 PM,16.61,11.17,70.0,South,7.88,11.26,1021.33,0.0,0.25,0.0,32.1,IMELBO1849.csv
2023/01/03,07:59 PM,16.44,11.17,71.0,SSW,9.65,14.0,1021.33,0.0,0.25,0.0,26.8,IMELBO1849.csv
2023/01/03,08:04 PM,16.28,10.94,71.0,SSW,12.87,18.02,1021.67,0.0,0.25,0.0,21.7,IMELBO1849.csv
2023/01/03,08:09 PM,16.22,10.89,71.0,SSW,6.76,9.98,1021.67,0.0,0.25,0.0,18.1,IMELBO1849.csv
2023/01/03,08:14 PM,16.28,10.78,70.0,South,8.69,13.19,1021.67,0.0,0.25,0.0,15.2,IMELBO1849.csv
2023/01/03,08:19 PM,16.22,10.78,70.0,SSW,7.72,11.26,1021.67,0.0,0.25,0.0,12.5,IMELBO1849.csv
2023/01/03,08:24 PM,16.11,10.72,70.0,SSW,9.17,13.19,1021.67,0.0,0.25,0.0,9.9,IMELBO1849.csv
2023/01/03,08:29 PM,16.06,10.72,71.0,SSW,8.69,12.55,1021.67,0.0,0.25,0.0,7.7,IMELBO1849.csv
2023/01/03,08:34 PM,16.06,10.72,71.0,SSW,10.78,13.84,1022.01,0.0,0.25,0.0,5.1,IMELBO1849.csv
2023/01/03,08:39 PM,16.0,10.72,71.0,SSW,11.1,14.96,1021.67,0.0,0.25,0.0,3.4,IMELBO1849.csv
2023/01/03,08:44 PM,16.0,10.72,71.0,SSW,7.56,11.42,1022.01,0.0,0.25,0.0,2.1,IMELBO1849.csv
2023/01/03,08:49 PM,15.94,10.67,71.0,South,9.01,12.71,1022.01,0.0,0.25,0.0,0.4,IMELBO1849.csv
2023/01/03,08:54 PM,15.83,10.61,71.0,SSW,10.94,15.12,1021.67,0.0,0.25,0.0,0.0,IMELBO1849.csv
2023/01/03,08:59 PM,15.78,10.61,71.0,SW,8.69,12.39,1022.01,0.0,0.25,0.0,0.0,IMELBO1849.csv
2023/01/03,09:04 PM,15.89,10.61,71.0,South,5.31,7.88,1022.01,0.0,0.25,0.0,0.0,IMELBO1849.csv
2023/01/03,09:09 PM,15.89,10.61,71.0,SSW,8.04,11.42,1022.01,0.0,0.25,0.0,0.0,IMELBO1849.csv
2023/01/03,09:14 PM,15.78,10.61,71.0,SW,8.69,11.75,1022.01,0.0,0.25,0.0,0.0,IMELBO1849.csv
2023/01/03,09:19 PM,15.78,10.61,71.0,SW,7.24,9.65,1021.67,0.0,0.25,0.0,0.0,IMELBO1849.csv
2023/01/03,09:24 PM,15.78,10.61,71.0,SSW,7.56,10.62,1022.01,0.0,0.25,0.0,0.0,IMELBO1849.csv
2023/01/03,09:29 PM,15.72,10.56,71.0,SSW,9.49,13.35,1022.01,0.0,0.25,0.0,0.0,IMELBO1849.csv
2023/01/03,09:34 PM,15.72,10.5,71.0,SSW,7.56,11.26,1022.01,0.0,0.25,0.0,0.0,IMELBO1849.csv
2023/01/03,09:39 PM,15.67,10.44,71.0,South,10.14,14.0,1022.35,0.0,0.25,0.0,0.0,IMELBO1849.csv
2023/01/03,09:44 PM,15.61,10.44,71.0,SSW,7.56,10.78,1022.35,0.0,0.25,0.0,0.0,IMELBO1849.csv
2023/01/03,09:49 PM,15.67,10.61,72.0,SSW,8.37,11.42,1022.35,0.0,0.25,0.0,0.0,IMELBO1849.csv
2023/01/03,09:54 PM,15.61,10.72,73.0,SW,9.01,13.03,1022.35,0.0,0.25,0.0,0.0,IMELBO1849.csv
2023/01/03,09:59 PM,15.5,10.56,72.0,SSW,7.56,11.1,1022.35,0.0,0.25,0.0,0.0,IMELBO1849.csv
2023/01/03,10:04 PM,15.61,10.61,72.0,SSW,6.44,8.37,1022.35,0.0,0.25,0.0,0.0,IMELBO1849.csv
2023/01/03,10:09 PM,15.61,10.61,72.0,SSW,7.4,10.78,1022.35,0.0,0.25,0.0,0.0,IMELBO1849.csv
2023/01/03,10:14 PM,15.56,10.56,72.0,SSW,5.63,7.88,1022.35,0.0,0.25,0.0,0.0,IMELBO1849.csv
2023/01/03,10:19 PM,15.5,10.5,72.0,SW,7.4,10.78,1022.35,0.0,0.25,0.0,0.0,IMELBO1849.csv
2023/01/03,10:24 PM,15.5,10.56,72.0,SSW,5.31,7.88,1022.35,0.0,0.25,0.0,0.0,IMELBO1849.csv
2023/01/03,10:29 PM,15.44,10.78,74.0,SSW,7.88,11.91,1022.35,0.0,0.25,0.0,0.0,IMELBO1849.csv
2023/01/03,10:34 PM,15.22,10.67,74.0,SSW,8.53,11.91,1022.35,0.0,0.25,0.0,0.0,IMELBO1849.csv
2023/01/03,10:39 PM,15.22,10.61,74.0,SSW,8.85,12.23,1022.35,0.0,0.25,0.0,0.0,IMELBO1849.csv
2023/01/03,10:44 PM,15.17,10.33,73.0,SSW,9.17,12.71,1022.35,0.0,0.25,0.0,0.0,IMELBO1849.csv
2023/01/03,10:49 PM,15.17,10.33,73.0,SSW,9.81,12.87,1022.35,0.0,0.25,0.0,0.0,IMELBO1849.csv
2023/01/03,10:54 PM,15.06,10.39,74.0,SW,8.04,10.94,1022.35,0.0,0.25,0.0,0.0,IMELBO1849.csv
2023/01/03,10:59 PM,14.89,10.56,75.0,SW,7.24,9.01,1022.35,0.0,0.25,0.0,0.0,IMELBO1849.csv
2023/01/03,11:04 PM,14.72,10.5,76.0,SSW,5.79,8.21,1022.35,0.0,0.25,0.0,0.0,IMELBO1849.csv
2023/01/03,11:09 PM,14.78,10.61,76.0,SW,7.88,10.62,1022.35,0.0,0.25,0.0,0.0,IMELBO1849.csv
2023/01/03,11:14 PM,14.61,10.33,76.0,SSW,8.37,11.91,1022.35,0.0,0.25,0.0,0.0,IMELBO1849.csv
2023/01/03,11:19 PM,14.67,10.11,74.0,SSW,8.04,11.42,1022.01,0.0,0.25,0.0,0.0,IMELBO1849.csv
2023/01/03,11:24 PM,14.72,10.06,74.0,SSW,7.08,9.98,1022.01,0.0,0.25,0.0,0.0,IMELBO1849.csv
2023/01/03,11:29 PM,14.83,10.0,73.0,SW,7.24,9.65,1022.01,0.0,0.25,0.0,0.0,IMELBO1849.csv
2023/01/03,11:34 PM,14.94,9.94,72.0,SSW,11.58,14.96,1022.01,0.0,0.25,0.0,0.0,IMELBO1849.csv
2023/01/03,11:39 PM,15.0,10.0,72.0,SW,8.85,12.23,1022.01,0.0,0.25,0.0,0.0,IMELBO1849.csv
2023/01/03,11:44 PM,15.06,9.83,71.0,SW,8.53,11.91,1022.01,0.0,0.25,0.0,0.0,IMELBO1849.csv
2023/01/03,11:49 PM,15.11,10.0,72.0,SSW,10.14,12.87,1022.01,0.0,0.25,0.0,0.0,IMELBO1849.csv
2023/01/03,11:54 PM,15.0,10.11,73.0,SSW,7.88,11.42,1022.01,0.0,0.25,0.0,0.0,IMELBO1849.csv
2023/01/03,11:59 PM,14.94,10.17,73.0,SW,7.72,11.1,1022.01,0.0,0.25,0.0,0.0,IMELBO1849.csv
2023/01/04,12:04 AM,14.89,10.0,72.0,SSW,10.3,14.64,1022.01,0.0,0.0,0.0,0.0,IMELBO1849.csv
2023/01/04,12:09 AM,14.89,9.89,72.0,SSW,8.37,12.23,1022.01,0.0,0.0,0.0,0.0,IMELBO1849.csv
2023/01/04,12:14 AM,14.83,9.72,71.0,South,6.92,10.78,1022.01,0.0,0.0,0.0,0.0,IMELBO1849.csv
2023/01/04,12:19 AM,14.89,9.72,71.0,SSW,7.88,10.62,1022.01,0.0,0.0,0.0,0.0,IMELBO1849.csv
2023/01/04,12:24 AM,14.89,9.67,71.0,South,7.88,10.94,1022.01,0.0,0.0,0.0,0.0,IMELBO1849.csv
2023/01/04,12:29 AM,15.0,9.61,70.0,SSW,8.69,11.75,1022.01,0.0,0.0,0.0,0.0,IMELBO1849.csv
2023/01/04,12:34 AM,14.94,9.56,70.0,SSW,7.24,10.3,1022.01,0.0,0.0,0.0,0.0,IMELBO1849.csv
2023/01/04,12:39 AM,15.0,9.61,70.0,SSW,8.21,11.75,1022.01,0.0,0.0,0.0,0.0,IMELBO1849.csv
2023/01/04,12:44 AM,14.94,9.56,70.0,SSW,8.37,11.42,1021.67,0.0,0.0,0.0,0.0,IMELBO1849.csv
2023/01/04,12:49 AM,14.89,9.5,70.0,SSW,7.4,10.3,1021.67,0.0,0.0,0.0,0.0,IMELBO1849.csv
2023/01/04,12:54 AM,14.89,9.5,70.0,SSW,8.04,11.1,1021.67,0.0,0.0,0.0,0.0,IMELBO1849.csv
2023/01/04,12:59 AM,14.89,9.72,71.0,South,7.4,10.94,1021.67,0.0,0.0,0.0,0.0,IMELBO1849.csv
2023/01/04,01:04 AM,14.89,9.72,71.0,SSW,8.69,12.87,1021.67,0.0,0.0,0.0,0.0,IMELBO1849.csv
2023/01/04,01:09 AM,14.89,9.72,71.0,South,5.31,8.69,1021.67,0.0,0.0,0.0,0.0,IMELBO1849.csv
2023/01/04,01:14 AM,14.83,9.67,71.0,SSW,8.04,11.26,1021.33,0.0,0.0,0.0,0.0,IMELBO1849.csv
2023/01/04,01:19 AM,14.78,9.61,71.0,SSW,4.51,6.92,1021.33,0.0,0.0,0.0,0.0,IMELBO1849.csv
2023/01/04,01:24 AM,14.78,9.61,71.0,SW,7.24,10.46,1021.33,0.0,0.0,0.0,0.0,IMELBO1849.csv
2023/01/04,01:29 AM,14.78,9.78,72.0,SW,11.91,15.77,1021.33,0.0,0.0,0.0,0.0,IMELBO1849.csv
2023/01/04,01:34 AM,14.78,9.94,73.0,SSW,12.23,16.57,1021.33,0.0,0.0,0.0,0.0,IMELBO1849.csv
2023/01/04,01:39 AM,14.72,9.89,73.0,South,8.21,11.42,1021.33,0.0,0.0,0.0,0.0,IMELBO1849.csv
2023/01/04,01:44 AM,14.67,9.67,72.0,SSW,10.14,14.48,1021.33,0.0,0.0,0.0,0.0,IMELBO1849.csv
2023/01/04,01:49 AM,14.61,9.61,72.0,SSW,6.28,9.65,1021.33,0.0,0.0,0.0,0.0,IMELBO1849.csv
2023/01/04,01:54 AM,14.61,9.44,71.0,SSW,9.65,12.87,1021.33,0.0,0.0,0.0,0.0,IMELBO1849.csv
2023/01/04,01:59 AM,14.61,9.39,71.0,SSW,8.04,11.75,1021.33,0.0,0.0,0.0,0.0,IMELBO1849.csv
2023/01/04,02:04 AM,14.67,9.44,71.0,SSW,9.33,12.55,1021.33,0.0,0.0,0.0,0.0,IMELBO1849.csv
2023/01/04,02:09 AM,14.72,9.5,71.0,SSW,6.44,9.81,1021.33,0.0,0.0,0.0,0.0,IMELBO1849.csv
2023/01/04,02:14 AM,14.72,9.5,71.0,SSW,8.69,12.87,1021.33,0.0,0.0,0.0,0.0,IMELBO1849.csv
2023/01/04,02:19 AM,14.67,9.44,71.0,SW,10.94,14.8,1021.67,0.0,0.0,0.0,0.0,IMELBO1849.csv
2023/01/04,02:24 AM,14.72,9.56,71.0,SSW,8.21,12.87,1021.67,0.0,0.0,0.0,0.0,IMELBO1849.csv
2023/01/04,02:29 AM,14.39,9.39,72.0,SW,11.91,16.09,1021.33,0.0,0.0,0.0,0.0,IMELBO1849.csv
2023/01/04,02:34 AM,14.22,9.22,72.0,SW,8.85,12.07,1021.33,0.0,0.0,0.0,0.0,IMELBO1849.csv
2023/01/04,02:39 AM,14.17,9.06,71.0,SSW,11.1,14.96,1021.33,0.0,0.0,0.0,0.0,IMELBO1849.csv
2023/01/04,02:44 AM,14.22,9.0,71.0,SSW,9.17,11.75,1021.33,0.0,0.0,0.0,0.0,IMELBO1849.csv
2023/01/04,02:49 AM,14.11,8.72,70.0,SSW,9.49,12.87,1021.33,0.0,0.0,0.0,0.0,IMELBO1849.csv
2023/01/04,02:54 AM,14.11,8.56,69.0,SW,7.4,10.14,1021.33,0.0,0.0,0.0,0.0,IMELBO1849.csv
2023/01/04,02:59 AM,14.11,8.33,68.0,SW,9.01,12.39,1021.33,0.0,0.0,0.0,0.0,IMELBO1849.csv
2023/01/04,03:04 AM,14.11,8.17,68.0,SW,7.72,11.1,1021.33,0.0,0.0,0.0,0.0,IMELBO1849.csv
2023/01/04,03:09 AM,14.11,7.94,66.0,SW,9.33,13.03,1021.33,0.0,0.0,0.0,0.0,IMELBO1849.csv
2023/01/04,03:14 AM,14.11,7.83,66.0,SW,12.71,16.57,1021.33,0.0,0.0,0.0,0.0,IMELBO1849.csv
2023/01/04,03:19 AM,14.11,7.61,65.0,SW,9.49,13.03,1021.33,0.0,0.0,0.0,0.0,IMELBO1849.csv
2023/01/04,03:24 AM,14.11,7.61,65.0,SW,8.21,11.58,1021.33,0.0,0.0,0.0,0.0,IMELBO1849.csv
2023/01/04,03:29 AM,14.0,7.39,65.0,SW,10.94,14.8,1021.33,0.0,0.0,0.0,0.0,IMELBO1849.csv
2023/01/04,03:34 AM,14.0,7.28,64.0,SSW,10.94,14.8,1021.33,0.0,0.0,0.0,0.0,IMELBO1849.csv
2023/01/04,03:39 AM,14.0,7.28,64.0,SSW,7.72,10.46,1021.33,0.0,0.0,0.0,0.0,IMELBO1849.csv
2023/01/04,03:44 AM,13.89,7.0,63.0,SW,9.98,13.35,1021.0,0.0,0.0,0.0,0.0,IMELBO1849.csv
2023/01/04,03:49 AM,13.89,7.0,63.0,SSW,9.98,14.0,1021.33,0.0,0.0,0.0,0.0,IMELBO1849.csv
2023/01/04,03:54 AM,13.83,6.67,62.0,SW,12.87,16.89,1021.33,0.0,0.0,0.0,0.0,IMELBO1849.csv
2023/01/04,03:59 AM,13.78,6.61,62.0,SSW,9.17,12.07,1021.33,0.0,0.0,0.0,0.0,IMELBO1849.csv
2023/01/04,04:04 AM,13.78,6.61,62.0,SSW,8.04,10.78,1021.0,0.0,0.0,0.0,0.0,IMELBO1849.csv
2023/01/04,04:09 AM,13.78,6.61,62.0,SSW,10.14,13.03,1021.33,0.0,0.0,0.0,0.0,IMELBO1849.csv
2023/01/04,04:14 AM,13.78,6.61,62.0,SW,9.49,13.19,1021.33,0.0,0.0,0.0,0.0,IMELBO1849.csv
2023/01/04,04:19 AM,13.72,6.61,62.0,SW,7.56,11.26,1021.33,0.0,0.0,0.0,0.0,IMELBO1849.csv
2023/01/04,04:24 AM,13.72,6.67,62.0,SW,5.95,8.21,1021.33,0.0,0.0,0.0,0.0,IMELBO1849.csv
2023/01/04,04:29 AM,13.72,6.61,62.0,SSW,8.85,11.42,1021.33,0.0,0.0,0.0,0.0,IMELBO1849.csv
2023/01/04,04:34 AM,13.72,6.61,62.0,SW,7.24,9.98,1021.33,0.0,0.0,0.0,0.0,IMELBO1849.csv
2023/01/04,04:39 AM,13.72,6.78,63.0,SW,6.11,8.37,1021.0,0.0,0.0,0.0,0.0,IMELBO1849.csv
2023/01/04,04:44 AM,13.72,6.78,63.0,SW,7.4,9.49,1021.0,0.0,0.0,0.0,0.0,IMELBO1849.csv
2023/01/04,04:49 AM,13.61,6.72,63.0,SW,5.95,8.21,1021.33,0.0,0.0,0.0,0.0,IMELBO1849.csv
2023/01/04,04:54 AM,13.67,6.72,63.0,SW,7.24,9.98,1021.33,0.0,0.0,0.0,0.0,IMELBO1849.csv
2023/01/04,04:59 AM,13.72,6.67,62.0,SW,8.69,11.75,1021.33,0.0,0.0,0.0,0.0,IMELBO1849.csv
2023/01/04,05:04 AM,13.72,6.61,62.0,SW,8.21,10.78,1021.0,0.0,0.0,0.0,0.0,IMELBO1849.csv
2023/01/04,05:09 AM,13.78,6.56,62.0,SW,6.6,9.01,1021.33,0.0,0.0,0.0,0.0,IMELBO1849.csv
2023/01/04,05:14 AM,13.78,6.39,61.0,SW,8.04,11.42,1021.33,0.0,0.0,0.0,0.0,IMELBO1849.csv
2023/01/04,05:19 AM,13.78,6.22,60.0,SW,8.37,11.26,1021.67,0.0,0.0,0.0,0.0,IMELBO1849.csv
2023/01/04,05:24 AM,13.78,6.22,60.0,SW,8.85,11.58,1021.33,0.0,0.0,0.0,0.0,IMELBO1849.csv
2023/01/04,05:29 AM,13.78,6.22,60.0,SW,7.24,9.81,1021.33,0.0,0.0,0.0,0.0,IMELBO1849.csv
2023/01/04,05:34 AM,13.78,6.22,60.0,SW,8.04,11.1,1021.67,0.0,0.0,0.0,0.0,IMELBO1849.csv
2023/01/04,05:39 AM,13.78,6.22,60.0,SW,8.53,11.58,1021.67,0.0,0.0,0.0,0.0,IMELBO1849.csv
2023/01/04,05:44 AM,13.78,6.33,61.0,SW,7.24,9.65,1021.67,0.0,0.0,0.0,0.0,IMELBO1849.csv
2023/01/04,05:49 AM,13.72,6.22,60.0,SW,10.62,13.68,1021.67,0.0,0.0,0.0,0.0,IMELBO1849.csv
2023/01/04,05:54 AM,13.78,6.39,61.0,SW,7.88,10.94,1022.01,0.0,0.0,0.0,0.0,IMELBO1849.csv
2023/01/04,05:59 AM,13.78,6.33,61.0,SW,9.01,13.03,1022.01,0.0,0.0,0.0,0.0,IMELBO1849.csv
2023/01/04,06:04 AM,13.78,6.22,60.0,SW,7.88,10.94,1022.01,0.0,0.0,0.0,0.0,IMELBO1849.csv
2023/01/04,06:09 AM,13.78,6.22,60.0,SW,9.17,12.71,1022.01,0.0,0.0,0.0,0.4,IMELBO1849.csv
2023/01/04,06:14 AM,13.72,6.11,60.0,SW,8.69,11.75,1022.01,0.0,0.0,0.0,1.2,IMELBO1849.csv
2023/01/04,06:19 AM,13.72,6.11,60.0,SW,7.4,9.81,1022.01,0.0,0.0,0.0,2.6,IMELBO1849.csv
2023/01/04,06:24 AM,13.72,5.94,59.0,SW,8.21,11.26,1022.01,0.0,0.0,0.0,4.3,IMELBO1849.csv
2023/01/04,06:29 AM,13.72,5.72,58.0,SW,9.01,13.52,1022.01,0.0,0.0,0.0,6.0,IMELBO1849.csv
2023/01/04,06:34 AM,13.72,5.61,58.0,SW,7.56,10.62,1022.01,0.0,0.0,0.0,8.6,IMELBO1849.csv
2023/01/04,06:39 AM,13.72,5.61,58.0,SW,7.88,10.46,1022.35,0.0,0.0,0.0,12.1,IMELBO1849.csv
2023/01/04,06:44 AM,13.72,5.61,58.0,SW,9.81,13.52,1022.35,0.0,0.0,0.0,16.4,IMELBO1849.csv
2023/01/04,06:49 AM,13.61,5.72,59.0,SW,7.72,10.3,1022.35,0.0,0.0,0.0,18.1,IMELBO1849.csv
2023/01/04,06:54 AM,13.61,5.78,59.0,SW,6.92,9.65,1022.35,0.0,0.0,0.0,19.5,IMELBO1849.csv
2023/01/04,06:59 AM,13.61,5.78,59.0,SW,6.76,8.69,1022.35,0.0,0.0,0.0,22.9,IMELBO1849.csv
2023/01/04,07:04 AM,13.72,5.89,59.0,SW,7.72,10.3,1022.35,0.0,0.0,0.0,25.1,IMELBO1849.csv
2023/01/04,07:09 AM,13.72,5.89,59.0,SW,6.11,8.21,1022.69,0.0,0.0,0.0,28.1,IMELBO1849.csv
2023/01/04,07:14 AM,13.72,5.89,59.0,SW,7.24,9.81,1022.35,0.0,0.0,0.0,26.8,IMELBO1849.csv
2023/01/04,07:19 AM,13.72,5.78,58.0,SW,7.72,10.62,1022.35,0.0,0.0,0.0,31.2,IMELBO1849.csv
2023/01/04,07:24 AM,13.78,5.72,58.0,SW,6.28,9.17,1022.35,0.0,0.0,0.0,35.5,IMELBO1849.csv
2023/01/04,07:29 AM,13.89,6.0,59.0,SW,6.11,8.53,1022.69,0.0,0.0,0.0,37.7,IMELBO1849.csv
2023/01/04,07:34 AM,13.89,6.0,59.0,SW,9.01,12.55,1022.69,0.0,0.0,0.0,40.2,IMELBO1849.csv
2023/01/04,07:39 AM,13.89,5.89,59.0,SW,8.85,12.55,1022.69,0.0,0.0,0.0,48.9,IMELBO1849.csv
2023/01/04,07:44 AM,14.06,5.83,58.0,SW,8.04,10.78,1022.69,0.0,0.0,0.0,64.1,IMELBO1849.csv
2023/01/04,07:49 AM,14.11,5.83,57.0,SW,8.85,11.75,1022.69,0.0,0.0,0.0,68.5,IMELBO1849.csv
2023/01/04,07:54 AM,14.11,5.72,57.0,SSW,9.01,12.23,1022.69,0.0,0.0,0.0,84.0,IMELBO1849.csv
2023/01/04,07:59 AM,14.17,5.72,57.0,SW,7.24,10.3,1022.69,0.0,0.0,0.0,88.0,IMELBO1849.csv
2023/01/04,08:04 AM,14.22,5.72,57.0,SW,6.11,8.21,1022.69,0.0,0.0,0.0,82.0,IMELBO1849.csv
2023/01/04,08:09 AM,14.22,5.78,57.0,SW,7.08,9.33,1022.69,0.0,0.0,0.0,68.5,IMELBO1849.csv
2023/01/04,08:14 AM,14.28,5.89,57.0,SW,6.28,8.37,1022.69,0.0,0.0,0.0,72.8,IMELBO1849.csv
2023/01/04,08:19 AM,14.28,5.94,57.0,SW,7.4,10.14,1023.03,0.0,0.0,0.0,95.8,IMELBO1849.csv
2023/01/04,08:24 AM,14.28,6.11,58.0,SW,7.72,11.1,1023.03,0.0,0.0,0.0,96.7,IMELBO1849.csv
2023/01/04,08:29 AM,14.39,6.5,59.0,SW,8.37,11.26,1023.03,0.0,0.0,1.0,102.8,IMELBO1849.csv
2023/01/04,08:34 AM,14.44,7.39,62.0,SW,9.01,11.58,1022.69,0.0,0.0,1.0,107.9,IMELBO1849.csv
2023/01/04,08:39 AM,14.56,7.72,64.0,SW,10.14,14.0,1023.03,0.0,0.0,1.0,107.5,IMELBO1849.csv
2023/01/04,08:44 AM,14.61,7.78,64.0,SW,7.88,11.1,1023.03,0.0,0.0,1.0,126.6,IMELBO1849.csv
2023/01/04,08:49 AM,14.72,7.78,63.0,SW,8.85,12.39,1023.03,0.0,0.0,1.0,126.6,IMELBO1849.csv
2023/01/04,08:54 AM,14.67,7.72,63.0,SW,9.81,14.0,1023.03,0.0,0.0,1.0,144.4,IMELBO1849.csv
2023/01/04,08:59 AM,14.72,7.72,63.0,SW,10.14,14.48,1023.03,0.0,0.0,1.0,156.9,IMELBO1849.csv
2023/01/04,09:04 AM,14.89,7.72,62.0,SW,11.75,16.09,1023.37,0.0,0.0,1.0,173.5,IMELBO1849.csv
2023/01/04,09:09 AM,15.0,7.56,61.0,SW,10.94,14.0,1023.37,0.0,0.0,1.0,187.8,IMELBO1849.csv
2023/01/04,09:14 AM,15.17,7.72,61.0,SW,10.46,14.0,1023.03,0.0,0.0,1.0,194.8,IMELBO1849.csv
2023/01/04,09:19 AM,15.17,7.67,61.0,SW,12.39,17.06,1023.37,0.0,0.0,1.0,201.6,IMELBO1849.csv
2023/01/04,09:24 AM,15.22,7.67,61.0,SSW,10.62,14.16,1023.37,0.0,0.0,2.0,217.8,IMELBO1849.csv
2023/01/04,09:29 AM,15.22,7.5,60.0,SW,14.64,20.11,1023.37,0.0,0.0,2.0,254.2,IMELBO1849.csv
2023/01/04,09:34 AM,15.33,7.39,59.0,SSW,14.16,18.34,1023.37,0.0,0.0,2.0,261.1,IMELBO1849.csv
2023/01/04,09:39 AM,15.61,7.56,59.0,SW,7.88,11.75,1023.37,0.0,0.0,2.0,205.5,IMELBO1849.csv
2023/01/04,09:44 AM,15.61,7.78,60.0,SW,10.78,15.29,1023.37,0.0,0.0,1.0,194.8,IMELBO1849.csv
2023/01/04,09:49 AM,15.56,7.78,60.0,SW,9.65,13.84,1023.37,0.0,0.0,1.0,202.1,IMELBO1849.csv
2023/01/04,09:54 AM,15.56,7.61,59.0,SW,10.62,14.16,1023.37,0.0,0.0,2.0,270.2,IMELBO1849.csv
2023/01/04,09:59 AM,15.72,7.72,59.0,SSW,11.26,16.09,1023.37,0.0,0.0,3.0,337.4,IMELBO1849.csv
2023/01/04,10:04 AM,15.72,8.0,60.0,SW,11.26,15.29,1023.03,0.0,0.0,2.0,288.5,IMELBO1849.csv
2023/01/04,10:09 AM,15.78,8.11,60.0,SW,10.78,14.48,1023.37,0.0,0.0,2.0,265.0,IMELBO1849.csv
2023/01/04,10:14 AM,15.67,7.94,60.0,SW,13.84,18.18,1023.37,0.0,0.0,2.0,244.7,IMELBO1849.csv
2023/01/04,10:19 AM,15.72,8.0,60.0,SW,11.42,15.12,1023.37,0.0,0.0,2.0,268.0,IMELBO1849.csv
2023/01/04,10:24 AM,15.67,7.94,60.0,SSW,12.23,16.73,1023.37,0.0,0.0,2.0,284.9,IMELBO1849.csv
2023/01/04,10:29 AM,15.78,8.11,60.0,SW,10.46,14.32,1023.37,0.0,0.0,2.0,286.3,IMELBO1849.csv
2023/01/04,10:34 AM,16.06,8.28,60.0,SSW,10.94,14.96,1023.37,0.0,0.0,4.0,449.3,IMELBO1849.csv
2023/01/04,10:39 AM,16.0,8.22,60.0,SW,10.94,14.96,1023.03,0.0,0.0,3.0,333.1,IMELBO1849.csv
2023/01/04,10:44 AM,16.28,8.11,59.0,SSW,9.81,14.0,1023.37,0.0,0.0,2.0,266.7,IMELBO1849.csv
2023/01/04,10:49 AM,15.83,8.0,60.0,SSW,13.84,19.31,1023.37,0.0,0.0,2.0,227.7,IMELBO1849.csv
2023/01/04,10:54 AM,15.89,8.17,60.0,SW,9.17,12.87,1023.37,0.0,0.0,2.0,248.5,IMELBO1849.csv
2023/01/04,10:59 AM,15.89,8.22,60.0,SSW,11.75,15.93,1023.37,0.0,0.0,2.0,289.3,IMELBO1849.csv
2023/01/04,11:04 AM,15.94,8.22,60.0,SW,11.75,16.25,1023.37,0.0,0.0,3.0,338.3,IMELBO1849.csv
2023/01/04,11:09 AM,16.06,8.39,61.0,SSW,11.75,15.61,1023.37,0.0,0.0,3.0,343.5,IMELBO1849.csv
2023/01/04,11:14 AM,16.11,8.56,61.0,SW,12.39,16.57,1023.37,0.0,0.0,4.0,417.3,IMELBO1849.csv
2023/01/04,11:19 AM,16.28,8.67,61.0,SSW,14.64,19.15,1023.37,0.0,0.0,4.0,449.8,IMELBO1849.csv
2023/01/04,11:24 AM,16.22,8.67,61.0,SW,13.52,19.47,1023.37,0.0,0.0,3.0,332.6,IMELBO1849.csv
2023/01/04,11:29 AM,16.0,8.5,61.0,SW,13.35,17.86,1023.71,0.0,0.0,3.0,331.4,IMELBO1849.csv
2023/01/04,11:34 AM,16.0,8.56,61.0,SW,12.87,17.86,1023.37,0.0,0.0,3.0,378.6,IMELBO1849.csv
2023/01/04,11:39 AM,16.06,8.78,62.0,SW,14.16,19.79,1023.71,0.0,0.0,2.0,298.0,IMELBO1849.csv
2023/01/04,11:44 AM,15.89,8.89,63.0,SSW,12.39,17.06,1023.71,0.0,0.0,2.0,249.4,IMELBO1849.csv
2023/01/04,11:49 AM,15.83,8.72,63.0,SSW,11.26,15.77,1023.71,0.0,0.0,3.0,339.6,IMELBO1849.csv
2023/01/04,11:54 AM,16.06,8.72,62.0,SW,11.26,14.8,1023.71,0.0,0.0,5.0,583.9,IMELBO1849.csv
2023/01/04,11:59 AM,16.22,8.72,61.0,SSW,15.45,21.4,1023.71,0.0,0.0,4.0,442.5,IMELBO1849.csv
2023/01/04,12:04 PM,16.11,8.67,61.0,SSW,13.84,18.99,1023.71,0.0,0.0,2.0,275.4,IMELBO1849.csv
2023/01/04,12:09 PM,15.94,8.78,63.0,SW,14.32,18.5,1023.71,0.0,0.0,2.0,283.2,IMELBO1849.csv
2023/01/04,12:14 PM,15.83,8.78,63.0,SW,13.03,17.54,1023.71,0.0,0.0,3.0,308.4,IMELBO1849.csv
2023/01/04,12:19 PM,15.83,8.83,63.0,SSW,16.41,23.17,1023.71,0.0,0.0,2.0,303.1,IMELBO1849.csv
2023/01/04,12:24 PM,15.56,8.78,64.0,SW,16.41,22.04,1023.71,0.0,0.0,2.0,210.8,IMELBO1849.csv
2023/01/04,12:29 PM,15.56,8.78,64.0,SSW,11.58,16.09,1023.71,0.0,0.0,1.0,200.8,IMELBO1849.csv
2023/01/04,12:34 PM,15.61,9.06,65.0,SW,12.23,17.22,1023.71,0.0,0.0,2.0,284.5,IMELBO1849.csv
2023/01/04,12:39 PM,15.5,9.28,66.0,SSW,13.68,20.11,1023.71,0.0,0.0,2.0,239.8,IMELBO1849.csv
2023/01/04,12:44 PM,15.39,9.28,67.0,SW,11.91,16.57,1023.71,0.0,0.0,2.0,239.4,IMELBO1849.csv
2023/01/04,12:49 PM,15.33,9.33,68.0,SW,13.19,17.38,1023.71,0.0,0.0,2.0,281.0,IMELBO1849.csv
2023/01/04,12:54 PM,15.22,9.39,68.0,SSW,12.39,16.09,1023.71,0.0,0.0,2.0,211.1,IMELBO1849.csv
2023/01/04,12:59 PM,15.06,9.22,68.0,SW,12.87,17.38,1023.71,0.0,0.0,2.0,242.0,IMELBO1849.csv
2023/01/04,01:04 PM,15.11,9.22,68.0,SW,14.48,20.6,1023.71,0.0,0.0,2.0,275.4,IMELBO1849.csv
2023/01/04,01:09 PM,15.22,9.22,68.0,SSW,14.16,18.66,1023.71,0.0,0.0,3.0,322.2,IMELBO1849.csv
2023/01/04,01:14 PM,15.39,9.17,67.0,SW,13.68,20.27,1023.71,0.0,0.0,2.0,304.5,IMELBO1849.csv
2023/01/04,01:19 PM,15.5,9.17,66.0,SW,12.71,18.5,1023.71,0.0,0.0,2.0,303.6,IMELBO1849.csv
2023/01/04,01:24 PM,15.67,9.33,66.0,SW,15.12,20.11,1023.71,0.0,0.0,3.0,328.7,IMELBO1849.csv
2023/01/04,01:29 PM,15.61,9.5,67.0,SSW,12.55,17.38,1023.71,0.0,0.0,2.0,281.5,IMELBO1849.csv
2023/01/04,01:34 PM,15.56,9.39,67.0,SW,16.09,22.2,1023.71,0.0,0.0,1.0,199.0,IMELBO1849.csv
2023/01/04,01:39 PM,15.61,9.33,66.0,SW,12.87,17.7,1023.71,0.0,0.0,2.0,219.5,IMELBO1849.csv
2023/01/04,01:44 PM,15.78,9.33,65.0,SW,12.07,15.45,1023.71,0.0,0.0,2.0,261.9,IMELBO1849.csv
2023/01/04,01:49 PM,15.83,9.22,65.0,SW,14.48,20.11,1023.71,0.0,0.0,2.0,232.4,IMELBO1849.csv
2023/01/04,01:54 PM,15.72,9.22,65.0,SSW,12.71,17.06,1023.37,0.0,0.0,1.0,160.5,IMELBO1849.csv
2023/01/04,01:59 PM,15.78,9.5,66.0,SSW,12.71,17.38,1023.71,0.0,0.0,1.0,140.1,IMELBO1849.csv
2023/01/04,02:04 PM,15.61,9.5,67.0,SW,11.75,15.93,1023.71,0.0,0.0,1.0,154.4,IMELBO1849.csv
2023/01/04,02:09 PM,15.61,9.39,67.0,SW,11.75,16.57,1023.71,0.0,0.0,1.0,193.1,IMELBO1849.csv
2023/01/04,02:14 PM,15.61,9.44,67.0,SW,14.8,19.95,1023.71,0.0,0.0,1.0,201.6,IMELBO1849.csv
2023/01/04,02:19 PM,15.61,9.44,67.0,SW,13.84,18.83,1023.71,0.0,0.0,1.0,196.0,IMELBO1849.csv
2023/01/04,02:24 PM,15.5,9.44,67.0,SW,13.84,18.5,1023.71,0.0,0.0,1.0,180.4,IMELBO1849.csv
2023/01/04,02:29 PM,15.39,9.78,69.0,SW,14.96,20.43,1023.71,0.0,0.0,1.0,196.8,IMELBO1849.csv
2023/01/04,02:34 PM,15.44,9.72,69.0,SW,12.07,15.93,1023.71,0.0,0.0,1.0,199.5,IMELBO1849.csv
2023/01/04,02:39 PM,15.61,9.72,68.0,SW,9.65,13.68,1023.71,0.0,0.0,2.0,229.0,IMELBO1849.csv
2023/01/04,02:44 PM,15.89,9.67,66.0,SSW,12.07,16.25,1023.71,0.0,0.0,1.0,190.8,IMELBO1849.csv
2023/01/04,02:49 PM,15.83,9.56,66.0,SW,10.3,14.96,1023.71,0.0,0.0,1.0,156.1,IMELBO1849.csv
2023/01/04,02:54 PM,15.78,9.78,67.0,SW,11.58,16.09,1023.71,0.0,0.0,1.0,130.9,IMELBO1849.csv
2023/01/04,02:59 PM,15.72,9.78,68.0,SSW,11.75,16.57,1023.71,0.0,0.0,1.0,163.1,IMELBO1849.csv
2023/01/04,03:04 PM,15.72,9.61,67.0,SW,15.77,21.24,1023.71,0.0,0.0,1.0,169.6,IMELBO1849.csv
2023/01/04,03:09 PM,15.61,9.83,69.0,SW,12.23,16.41,1023.71,0.0,0.0,1.0,129.2,IMELBO1849.csv
2023/01/04,03:14 PM,15.61,10.39,71.0,SSW,11.58,16.09,1023.71,0.0,0.0,1.0,132.7,IMELBO1849.csv
2023/01/04,03:19 PM,15.56,10.17,70.0,SW,13.84,18.18,1023.71,0.0,0.0,1.0,189.5,IMELBO1849.csv
2023/01/04,03:24 PM,15.5,9.67,68.0,SW,13.84,18.66,1023.71,0.0,0.0,2.0,245.9,IMELBO1849.csv
2023/01/04,03:29 PM,15.83,9.67,67.0,SW,9.01,12.39,1023.71,0.0,0.0,2.0,301.4,IMELBO1849.csv
2023/01/04,03:34 PM,16.22,9.61,65.0,SW,12.71,17.38,1023.71,0.0,0.0,3.0,327.9,IMELBO1849.csv
2023/01/04,03:39 PM,16.28,9.89,66.0,SSW,14.48,19.79,1023.71,0.0,0.0,2.0,254.2,IMELBO1849.csv
2023/01/04,03:44 PM,16.11,9.78,66.0,SW,15.45,20.92,1023.71,0.0,0.0,2.0,213.8,IMELBO1849.csv
2023/01/04,03:49 PM,16.33,9.78,65.0,SW,8.37,11.91,1023.71,0.0,0.0,1.0,175.7,IMELBO1849.csv
2023/01/04,03:54 PM,16.39,9.72,65.0,SSW,10.14,13.35,1023.71,0.0,0.0,1.0,175.2,IMELBO1849.csv
2023/01/04,03:59 PM,16.22,9.56,65.0,SW,10.94,14.8,1023.71,0.0,0.0,1.0,145.2,IMELBO1849.csv
2023/01/04,04:04 PM,16.22,9.5,64.0,SSW,12.71,17.86,1023.71,0.0,0.0,1.0,138.7,IMELBO1849.csv
2023/01/04,04:09 PM,15.89,9.72,67.0,SSW,14.96,20.6,1023.71,0.0,0.0,2.0,225.5,IMELBO1849.csv
2023/01/04,04:14 PM,15.89,9.67,66.0,SW,9.98,14.48,1023.71,0.0,0.0,2.0,254.2,IMELBO1849.csv
2023/01/04,04:19 PM,16.33,9.72,65.0,SSW,11.75,17.22,1023.71,0.0,0.0,2.0,261.5,IMELBO1849.csv
2023/01/04,04:24 PM,16.28,9.61,65.0,SW,14.16,19.47,1023.71,0.0,0.0,2.0,220.7,IMELBO1849.csv
2023/01/04,04:29 PM,16.33,9.72,65.0,SSW,10.78,14.96,1023.71,0.0,0.0,1.0,190.0,IMELBO1849.csv
2023/01/04,04:34 PM,16.5,9.72,64.0,SW,11.91,17.38,1023.71,0.0,0.0,2.0,231.2,IMELBO1849.csv
2023/01/04,04:39 PM,16.33,9.61,64.0,SSW,11.58,17.22,1023.71,0.0,0.0,1.0,190.4,IMELBO1849.csv
2023/01/04,04:44 PM,16.17,9.61,65.0,SSW,13.35,19.63,1024.04,0.0,0.0,1.0,137.5,IMELBO1849.csv
2023/01/04,04:49 PM,15.83,9.5,66.0,SSW,11.75,17.54,1024.04,0.0,0.0,1.0,180.8,IMELBO1849.csv
2023/01/04,04:54 PM,15.89,9.33,65.0,SSW,12.87,19.31,1024.04,0.0,0.0,1.0,183.0,IMELBO1849.csv
2023/01/04,04:59 PM,15.78,9.44,66.0,SSW,12.55,18.34,1024.04,0.0,0.0,1.0,145.7,IMELBO1849.csv
2023/01/04,05:04 PM,15.78,9.22,65.0,SSW,12.07,18.18,1024.04,0.0,0.0,1.0,190.0,IMELBO1849.csv
2023/01/04,05:09 PM,16.22,9.5,64.0,SW,9.98,13.84,1024.04,0.0,0.0,2.0,249.4,IMELBO1849.csv
2023/01/04,05:14 PM,16.0,9.39,65.0,SSW,17.54,23.33,1024.04,0.0,0.0,2.0,250.3,IMELBO1849.csv
2023/01/04,05:19 PM,15.83,9.28,65.0,SSW,14.0,19.63,1024.04,0.0,0.0,2.0,204.7,IMELBO1849.csv
2023/01/04,05:24 PM,15.89,9.33,65.0,SW,12.71,18.18,1024.04,0.0,0.0,1.0,187.3,IMELBO1849.csv
2023/01/04,05:29 PM,15.89,9.33,65.0,SSW,10.94,15.77,1023.71,0.0,0.0,1.0,134.4,IMELBO1849.csv
2023/01/04,05:34 PM,15.94,9.33,65.0,SW,11.1,15.77,1024.04,0.0,0.0,1.0,125.8,IMELBO1849.csv
2023/01/04,05:39 PM,15.83,9.39,65.0,SSW,13.84,20.27,1024.04,0.0,0.0,0.0,85.0,IMELBO1849.csv
2023/01/04,05:44 PM,15.56,9.33,67.0,SW,14.96,20.92,1024.04,0.0,0.0,1.0,103.6,IMELBO1849.csv
2023/01/04,05:49 PM,15.44,9.39,67.0,SSW,15.12,20.92,1024.04,0.0,0.0,1.0,114.0,IMELBO1849.csv
2023/01/04,05:54 PM,15.11,9.56,69.0,SW,15.77,23.17,1024.04,0.0,0.0,1.0,155.7,IMELBO1849.csv
2023/01/04,05:59 PM,14.78,9.56,71.0,SW,17.06,22.69,1024.04,0.0,0.0,1.0,152.7,IMELBO1849.csv
2023/01/04,06:04 PM,14.83,9.44,70.0,SW,13.68,18.99,1024.38,0.0,0.0,1.0,112.7,IMELBO1849.csv
2023/01/04,06:09 PM,14.83,9.61,71.0,SSW,9.49,13.52,1024.04,0.0,0.0,0.0,97.5,IMELBO1849.csv
2023/01/04,06:14 PM,15.0,9.5,70.0,SW,11.75,16.25,1024.04,0.0,0.0,0.0,72.8,IMELBO1849.csv
2023/01/04,06:19 PM,15.11,9.11,68.0,SW,14.48,21.08,1024.38,0.0,0.0,0.0,76.3,IMELBO1849.csv
2023/01/04,06:24 PM,15.11,9.17,68.0,SW,12.87,17.38,1024.04,0.0,0.0,0.0,75.0,IMELBO1849.csv
2023/01/04,06:29 PM,15.22,9.22,67.0,SSW,12.23,16.73,1024.38,0.0,0.0,0.0,63.2,IMELBO1849.csv
2023/01/04,06:34 PM,15.22,9.17,67.0,SW,15.29,21.08,1024.04,0.0,0.0,0.0,64.6,IMELBO1849.csv
2023/01/04,06:39 PM,15.28,9.22,67.0,SSW,12.71,16.41,1024.04,0.0,0.0,0.0,47.2,IMELBO1849.csv
2023/01/04,06:44 PM,15.39,9.22,67.0,SSW,9.49,12.87,1024.38,0.0,0.0,0.0,54.2,IMELBO1849.csv
2023/01/04,06:49 PM,15.39,9.17,66.0,SW,11.1,14.64,1024.04,0.0,0.0,0.0,34.6,IMELBO1849.csv
2023/01/04,06:54 PM,15.39,9.28,67.0,SW,10.94,15.12,1024.04,0.0,0.0,0.0,40.7,IMELBO1849.csv
2023/01/04,06:59 PM,15.44,9.33,67.0,SSW,11.58,16.09,1024.04,0.0,0.0,0.0,40.7,IMELBO1849.csv
2023/01/04,07:04 PM,15.28,9.22,67.0,SSW,12.23,16.57,1024.38,0.0,0.0,0.0,42.0,IMELBO1849.csv
2023/01/04,07:09 PM,15.33,9.22,67.0,SW,9.17,12.55,1024.38,0.0,0.0,0.0,45.5,IMELBO1849.csv
2023/01/04,07:14 PM,15.33,9.56,68.0,SW,9.98,13.68,1024.38,0.0,0.0,0.0,36.8,IMELBO1849.csv
2023/01/04,07:19 PM,15.33,9.94,70.0,SSW,11.26,16.09,1024.38,0.0,0.0,0.0,28.1,IMELBO1849.csv
2023/01/04,07:24 PM,15.28,9.89,70.0,SSW,8.04,12.07,1024.38,0.0,0.0,0.0,24.2,IMELBO1849.csv
2023/01/04,07:29 PM,15.33,9.83,70.0,SSW,8.53,11.75,1024.38,0.0,0.0,0.0,19.5,IMELBO1849.csv
2023/01/04,07:34 PM,15.39,9.33,67.0,SW,11.58,15.77,1024.38,0.0,0.0,0.0,16.9,IMELBO1849.csv
2023/01/04,07:39 PM,15.44,9.17,66.0,SSW,8.85,12.07,1024.72,0.0,0.0,0.0,15.2,IMELBO1849.csv
2023/01/04,07:44 PM,15.5,9.11,65.0,SSW,11.26,15.93,1024.72,0.0,0.0,0.0,14.7,IMELBO1849.csv
2023/01/04,07:49 PM,15.5,9.11,66.0,SSW,12.07,18.34,1024.72,0.0,0.0,0.0,13.8,IMELBO1849.csv
2023/01/04,07:54 PM,15.5,9.22,66.0,SSW,12.87,17.06,1024.72,0.0,0.0,0.0,14.3,IMELBO1849.csv
2023/01/04,07:59 PM,15.39,9.28,67.0,SW,10.78,14.64,1024.38,0.0,0.0,0.0,12.5,IMELBO1849.csv
2023/01/04,08:04 PM,15.39,9.5,68.0,SSW,10.3,14.0,1024.72,0.0,0.0,0.0,10.4,IMELBO1849.csv
2023/01/04,08:09 PM,15.39,9.61,68.0,SW,10.62,14.64,1024.72,0.0,0.0,0.0,8.2,IMELBO1849.csv
2023/01/04,08:14 PM,15.44,9.89,70.0,SW,11.42,16.09,1024.72,0.0,0.0,0.0,6.5,IMELBO1849.csv
2023/01/04,08:19 PM,15.44,10.17,71.0,SW,8.21,12.07,1024.72,0.0,0.0,0.0,6.0,IMELBO1849.csv
2023/01/04,08:24 PM,15.39,10.22,71.0,SSW,11.26,14.8,1024.72,0.0,0.0,0.0,3.8,IMELBO1849.csv
2023/01/04,08:29 PM,15.5,10.5,72.0,SSW,8.53,12.55,1025.06,0.0,0.0,0.0,2.6,IMELBO1849.csv
2023/01/04,08:34 PM,15.39,10.39,72.0,SW,9.81,13.84,1024.72,0.0,0.0,0.0,1.2,IMELBO1849.csv
2023/01/04,08:39 PM,15.39,10.56,73.0,SW,11.58,15.61,1025.06,0.0,0.0,0.0,0.4,IMELBO1849.csv
2023/01/04,08:44 PM,15.39,10.61,73.0,SW,12.55,17.38,1024.72,0.0,0.0,0.0,0.0,IMELBO1849.csv
2023/01/04,08:49 PM,15.39,10.72,74.0,SSW,10.46,13.68,1025.06,0.0,0.0,0.0,0.0,IMELBO1849.csv
2023/01/04,08:54 PM,15.39,10.78,74.0,SW,8.21,11.26,1025.06,0.0,0.0,0.0,0.0,IMELBO1849.csv
2023/01/04,08:59 PM,15.39,10.78,74.0,SSW,10.62,14.32,1025.06,0.0,0.0,0.0,0.0,IMELBO1849.csv
2023/01/04,09:04 PM,15.28,10.56,73.0,SSW,10.46,14.64,1025.06,0.0,0.0,0.0,0.0,IMELBO1849.csv
2023/01/04,09:09 PM,15.28,10.56,73.0,SSW,12.07,16.57,1025.06,0.0,0.0,0.0,0.0,IMELBO1849.csv
2023/01/04,09:14 PM,15.28,10.72,74.0,SW,11.42,15.93,1025.4,0.0,0.0,0.0,0.0,IMELBO1849.csv
2023/01/04,09:19 PM,15.39,10.78,74.0,SSW,9.65,12.71,1025.06,0.0,0.0,0.0,0.0,IMELBO1849.csv
2023/01/04,09:24 PM,15.28,10.72,74.0,SW,8.53,11.58,1025.4,0.0,0.0,0.0,0.0,IMELBO1849.csv
2023/01/04,09:29 PM,15.39,10.78,74.0,South,7.56,11.75,1025.4,0.0,0.0,0.0,0.0,IMELBO1849.csv
2023/01/04,09:34 PM,15.39,10.78,74.0,SSW,6.6,10.3,1025.4,0.0,0.0,0.0,0.0,IMELBO1849.csv
2023/01/04,09:39 PM,15.39,10.78,74.0,SSW,9.01,13.35,1025.4,0.0,0.0,0.0,0.0,IMELBO1849.csv
2023/01/04,09:44 PM,15.28,10.72,74.0,SSW,8.69,11.75,1025.74,0.0,0.0,0.0,0.0,IMELBO1849.csv
2023/01/04,09:49 PM,15.33,10.78,74.0,South,5.15,8.53,1025.74,0.0,0.0,0.0,0.0,IMELBO1849.csv
2023/01/04,09:54 PM,15.28,10.83,75.0,SSW,8.53,12.23,1025.4,0.0,0.0,0.0,0.0,IMELBO1849.csv
2023/01/04,09:59 PM,15.28,10.89,75.0,SSW,12.55,17.06,1025.4,0.0,0.0,0.0,0.0,IMELBO1849.csv
2023/01/04,10:04 PM,15.28,10.89,75.0,SSW,7.72,10.78,1025.4,0.0,0.0,0.0,0.0,IMELBO1849.csv
2023/01/04,10:09 PM,15.28,10.89,75.0,SSW,7.88,11.58,1025.74,0.0,0.0,0.0,0.0,IMELBO1849.csv
2023/01/04,10:14 PM,15.28,10.89,75.0,SW,10.94,14.64,1025.74,0.0,0.0,0.0,0.0,IMELBO1849.csv
2023/01/04,10:19 PM,15.28,10.89,75.0,South,9.01,13.84,1025.74,0.0,0.0,0.0,0.0,IMELBO1849.csv
2023/01/04,10:24 PM,15.39,11.0,75.0,SSW,7.88,11.1,1025.74,0.0,0.0,0.0,0.0,IMELBO1849.csv
2023/01/04,10:29 PM,15.39,11.0,75.0,SSW,8.04,11.58,1026.08,0.0,0.0,0.0,0.0,IMELBO1849.csv
2023/01/04,10:34 PM,15.39,11.17,76.0,SSW,7.56,11.75,1025.74,0.0,0.0,0.0,0.0,IMELBO1849.csv
2023/01/04,10:39 PM,15.28,11.11,76.0,SW,12.71,17.22,1025.74,0.0,0.0,0.0,0.0,IMELBO1849.csv
2023/01/04,10:44 PM,15.28,11.11,76.0,SSW,8.85,12.07,1026.08,0.0,0.0,0.0,0.0,IMELBO1849.csv
2023/01/04,10:49 PM,15.28,11.11,76.0,SSW,4.83,7.56,1026.08,0.0,0.0,0.0,0.0,IMELBO1849.csv
2023/01/04,10:54 PM,15.28,11.11,76.0,SW,12.07,18.02,1026.08,0.0,0.0,0.0,0.0,IMELBO1849.csv
2023/01/04,10:59 PM,15.28,11.11,76.0,SSW,10.14,14.16,1025.74,0.0,0.0,0.0,0.0,IMELBO1849.csv
2023/01/04,11:04 PM,15.28,11.11,76.0,SW,9.98,13.84,1025.74,0.0,0.0,0.0,0.0,IMELBO1849.csv
2023/01/04,11:09 PM,15.22,11.22,77.0,SSW,10.3,14.48,1025.74,0.0,0.0,0.0,0.0,IMELBO1849.csv
2023/01/04,11:14 PM,15.22,11.22,77.0,SSW,8.85,12.55,1025.74,0.0,0.0,0.0,0.0,IMELBO1849.csv
2023/01/04,11:19 PM,15.22,11.17,77.0,SSW,9.49,12.87,1026.08,0.0,0.0,0.0,0.0,IMELBO1849.csv
2023/01/04,11:24 PM,15.22,11.17,77.0,SSW,9.98,13.03,1026.08,0.0,0.0,0.0,0.0,IMELBO1849.csv
2023/01/04,11:29 PM,15.22,11.22,77.0,SSW,7.08,10.46,1025.74,0.0,0.0,0.0,0.0,IMELBO1849.csv
2023/01/04,11:34 PM,15.28,11.28,77.0,SSW,7.24,9.81,1026.08,0.0,0.0,0.0,0.0,IMELBO1849.csv
2023/01/04,11:39 PM,15.22,11.11,76.0,SSW,10.94,15.29,1025.74,0.0,0.0,0.0,0.0,IMELBO1849.csv
2023/01/04,11:44 PM,15.22,11.0,76.0,SW,9.98,13.19,1025.74,0.0,0.0,0.0,0.0,IMELBO1849.csv
2023/01/04,11:49 PM,15.22,11.0,76.0,SSW,8.69,12.39,1025.74,0.0,0.0,0.0,0.0,IMELBO1849.csv
2023/01/04,11:54 PM,15.22,11.11,77.0,SW,9.33,13.35,1025.74,0.0,0.0,0.0,0.0,IMELBO1849.csv
2023/01/04,11:59 PM,15.22,11.22,77.0,SSW,7.24,10.62,1025.74,0.0,0.0,0.0,0.0,IMELBO1849.csv
2023/01/05,12:04 AM,15.17,11.17,77.0,SSW,9.17,13.03,1025.74,0.0,0.0,0.0,0.0,IMELBO1849.csv
2023/01/05,12:09 AM,15.17,11.11,77.0,South,7.72,11.58,1026.08,0.0,0.0,0.0,0.0,IMELBO1849.csv
2023/01/05,12:14 AM,14.94,11.5,80.0,SSW,8.37,12.07,1026.08,0.0,0.0,0.0,0.0,IMELBO1849.csv
2023/01/05,12:19 AM,14.61,11.39,81.0,SW,9.49,14.32,1025.74,0.0,0.0,0.0,0.0,IMELBO1849.csv
2023/01/05,12:24 AM,14.67,11.33,80.0,South,8.85,13.03,1026.08,0.0,0.0,0.0,0.0,IMELBO1849.csv
2023/01/05,12:29 AM,14.56,11.56,82.0,SSW,8.53,13.03,1026.08,0.0,0.0,0.0,0.0,IMELBO1849.csv
2023/01/05,12:34 AM,14.17,11.78,86.0,SSW,6.76,9.65,1026.08,0.0,0.0,0.0,0.0,IMELBO1849.csv
2023/01/05,12:39 AM,13.83,11.89,88.0,SSW,6.11,8.53,1026.08,1.27,0.25,0.0,0.0,IMELBO1849.csv
2023/01/05,12:44 AM,13.61,11.94,90.0,SSW,7.88,10.62,1026.08,1.27,0.25,0.0,0.0,IMELBO1849.csv
2023/01/05,12:49 AM,13.5,12.0,91.0,SSW,7.24,10.14,1026.08,1.27,0.25,0.0,0.0,IMELBO1849.csv
2023/01/05,12:54 AM,13.44,12.06,91.0,SSW,10.14,13.35,1026.08,0.0,0.25,0.0,0.0,IMELBO1849.csv
2023/01/05,12:59 AM,13.28,12.0,91.0,SW,8.21,11.1,1026.08,0.0,0.25,0.0,0.0,IMELBO1849.csv
2023/01/05,01:04 AM,13.28,12.11,92.0,SW,8.69,10.78,1026.08,0.0,0.25,0.0,0.0,IMELBO1849.csv
2023/01/05,01:09 AM,13.28,12.11,92.0,SSW,8.85,11.42,1026.08,0.0,0.25,0.0,0.0,IMELBO1849.csv
2023/01/05,01:14 AM,13.22,12.06,93.0,SW,7.4,10.3,1026.08,1.78,0.51,0.0,0.0,IMELBO1849.csv
2023/01/05,01:19 AM,13.22,12.11,93.0,SW,8.53,11.26,1026.08,1.78,0.51,0.0,0.0,IMELBO1849.csv
2023/01/05,01:24 AM,13.22,12.11,93.0,SW,6.6,8.21,1026.08,1.78,0.51,0.0,0.0,IMELBO1849.csv
2023/01/05,01:29 AM,13.11,12.0,93.0,SW,6.28,8.21,1026.08,0.0,0.51,0.0,0.0,IMELBO1849.csv
2023/01/05,01:34 AM,13.11,12.06,94.0,SW,5.15,6.76,1026.08,1.27,0.76,0.0,0.0,IMELBO1849.csv
2023/01/05,01:39 AM,13.11,12.11,94.0,SW,4.67,5.79,1026.08,3.05,1.02,0.0,0.0,IMELBO1849.csv
2023/01/05,01:44 AM,13.11,12.11,94.0,WSW,4.18,5.63,1026.08,3.05,1.02,0.0,0.0,IMELBO1849.csv
2023/01/05,01:49 AM,13.11,12.11,94.0,WSW,4.18,5.95,1026.08,1.78,1.02,0.0,0.0,IMELBO1849.csv
2023/01/05,01:54 AM,13.11,12.11,94.0,SW,4.51,5.95,1026.08,0.0,1.02,0.0,0.0,IMELBO1849.csv
2023/01/05,01:59 AM,13.11,12.11,94.0,WSW,3.86,5.31,1026.08,1.78,1.27,0.0,0.0,IMELBO1849.csv
2023/01/05,02:04 AM,13.22,12.22,94.0,SSW,4.99,6.92,1026.08,1.78,1.27,0.0,0.0,IMELBO1849.csv
2023/01/05,02:09 AM,13.28,12.28,94.0,SSW,4.99,7.24,1026.08,3.05,1.52,0.0,0.0,IMELBO1849.csv
2023/01/05,02:14 AM,13.39,12.39,94.0,SSW,3.86,5.31,1026.08,3.05,1.78,0.0,0.0,IMELBO1849.csv
2023/01/05,02:19 AM,13.39,12.39,94.0,SSW,4.18,5.47,1026.08,3.05,1.78,0.0,0.0,IMELBO1849.csv
2023/01/05,02:24 AM,13.44,12.39,94.0,South,5.31,7.24,1026.08,1.78,1.78,0.0,0.0,IMELBO1849.csv
2023/01/05,02:29 AM,13.5,12.5,94.0,South,6.28,8.37,1026.08,0.0,1.78,0.0,0.0,IMELBO1849.csv
2023/01/05,02:34 AM,13.5,12.5,94.0,SSW,4.67,6.76,1026.08,0.0,1.78,0.0,0.0,IMELBO1849.csv
2023/01/05,02:39 AM,13.5,12.5,94.0,SSW,5.95,7.88,1025.74,0.0,1.78,0.0,0.0,IMELBO1849.csv
2023/01/05,02:44 AM,13.5,12.5,94.0,SSW,6.76,9.17,1025.74,0.0,1.78,0.0,0.0,IMELBO1849.csv
2023/01/05,02:49 AM,13.5,12.5,94.0,SSW,7.24,9.49,1025.74,0.0,1.78,0.0,0.0,IMELBO1849.csv
2023/01/05,02:54 AM,13.5,12.5,94.0,SSW,6.6,8.69,1025.74,0.0,1.78,0.0,0.0,IMELBO1849.csv
2023/01/05,02:59 AM,13.61,12.56,94.0,SSW,5.31,7.56,1025.4,0.0,1.78,0.0,0.0,IMELBO1849.csv
2023/01/05,03:04 AM,13.67,12.56,93.0,SSW,4.18,5.79,1025.4,0.0,1.78,0.0,0.0,IMELBO1849.csv
2023/01/05,03:09 AM,13.72,12.61,93.0,SSW,4.67,6.76,1025.4,0.0,1.78,0.0,0.0,IMELBO1849.csv
2023/01/05,03:14 AM,13.78,12.72,93.0,SSW,5.63,7.4,1025.4,0.0,1.78,0.0,0.0,IMELBO1849.csv
2023/01/05,03:19 AM,13.89,12.72,92.0,South,6.6,10.14,1025.4,0.0,1.78,0.0,0.0,IMELBO1849.csv
2023/01/05,03:24 AM,14.06,12.72,91.0,SSW,6.28,8.37,1025.4,0.0,1.78,0.0,0.0,IMELBO1849.csv
2023/01/05,03:29 AM,14.17,12.78,91.0,South,4.67,6.44,1025.4,0.0,1.78,0.0,0.0,IMELBO1849.csv
2023/01/05,03:34 AM,14.22,12.78,91.0,SSW,5.47,7.56,1025.4,0.0,1.78,0.0,0.0,IMELBO1849.csv
2023/01/05,03:39 AM,14.22,12.67,90.0,South,4.99,7.56,1025.4,0.0,1.78,0.0,0.0,IMELBO1849.csv
2023/01/05,03:44 AM,14.22,12.61,90.0,South,4.83,6.6,1025.4,0.0,1.78,0.0,0.0,IMELBO1849.csv
2023/01/05,03:49 AM,14.28,12.72,90.0,South,4.99,7.88,1025.4,0.0,1.78,0.0,0.0,IMELBO1849.csv
2023/01/05,03:54 AM,14.33,12.67,90.0,SSW,4.67,7.24,1025.4,0.0,1.78,0.0,0.0,IMELBO1849.csv
2023/01/05,03:59 AM,14.39,12.61,89.0,South,5.15,6.76,1025.4,0.0,1.78,0.0,0.0,IMELBO1849.csv
2023/01/05,04:04 AM,14.5,12.67,89.0,South,3.54,5.31,1025.4,0.0,1.78,0.0,0.0,IMELBO1849.csv
2023/01/05,04:09 AM,14.5,12.72,89.0,South,4.02,5.47,1025.4,0.0,1.78,0.0,0.0,IMELBO1849.csv
2023/01/05,04:14 AM,14.5,12.72,89.0,South,4.51,6.28,1025.4,0.0,1.78,0.0,0.0,IMELBO1849.csv
2023/01/05,04:19 AM,14.56,12.61,88.0,SSW,5.79,7.88,1025.4,0.0,1.78,0.0,0.0,IMELBO1849.csv
2023/01/05,04:24 AM,14.61,12.61,88.0,South,3.22,4.34,1025.74,0.0,1.78,0.0,0.0,IMELBO1849.csv
2023/01/05,04:29 AM,14.61,12.61,88.0,South,3.38,4.67,1025.4,0.0,1.78,0.0,0.0,IMELBO1849.csv
2023/01/05,04:34 AM,14.72,12.72,88.0,South,4.34,6.28,1025.4,0.0,1.78,0.0,0.0,IMELBO1849.csv
2023/01/05,04:39 AM,14.72,12.72,88.0,SSW,5.95,8.04,1025.4,0.0,1.78,0.0,0.0,IMELBO1849.csv
2023/01/05,04:44 AM,14.72,12.67,87.0,SSW,6.11,8.21,1025.4,0.0,1.78,0.0,0.0,IMELBO1849.csv
2023/01/05,04:49 AM,14.78,12.72,87.0,South,5.63,7.88,1025.4,0.0,1.78,0.0,0.0,IMELBO1849.csv
2023/01/05,04:54 AM,14.72,12.61,87.0,SSW,5.63,8.37,1025.74,0.0,1.78,0.0,0.0,IMELBO1849.csv
2023/01/05,04:59 AM,14.78,12.67,87.0,South,4.51,6.44,1025.4,0.0,1.78,0.0,0.0,IMELBO1849.csv
2023/01/05,05:04 AM,14.78,12.72,87.0,SSW,4.51,6.44,1025.74,0.0,1.78,0.0,0.0,IMELBO1849.csv
2023/01/05,05:09 AM,14.78,12.72,87.0,South,4.67,6.92,1025.74,0.0,1.78,0.0,0.0,IMELBO1849.csv
2023/01/05,05:14 AM,14.78,12.72,87.0,South,4.51,6.92,1025.74,0.0,1.78,0.0,0.0,IMELBO1849.csv
2023/01/05,05:19 AM,14.78,12.72,87.0,SSW,4.67,7.4,1025.74,0.0,1.78,0.0,0.0,IMELBO1849.csv
2023/01/05,05:24 AM,14.78,12.72,87.0,South,4.83,7.24,1025.74,0.0,1.78,0.0,0.0,IMELBO1849.csv
2023/01/05,05:29 AM,14.78,12.72,87.0,SSW,4.51,6.76,1025.74,0.0,1.78,0.0,0.0,IMELBO1849.csv
2023/01/05,05:34 AM,14.83,12.78,87.0,South,2.9,4.18,1025.74,0.0,1.78,0.0,0.0,IMELBO1849.csv
2023/01/05,05:39 AM,14.78,12.72,87.0,SSW,4.34,6.28,1025.74,0.0,1.78,0.0,0.0,IMELBO1849.csv
2023/01/05,05:44 AM,14.78,12.72,87.0,SSW,4.67,6.28,1026.08,0.0,1.78,0.0,0.0,IMELBO1849.csv
2023/01/05,05:49 AM,14.78,12.72,87.0,SSW,7.08,9.65,1026.08,0.0,1.78,0.0,0.0,IMELBO1849.csv
2023/01/05,05:54 AM,14.78,12.72,87.0,SSW,4.51,6.6,1026.08,0.0,1.78,0.0,0.0,IMELBO1849.csv
2023/01/05,05:59 AM,14.83,12.78,87.0,SSW,4.99,6.92,1026.08,0.0,1.78,0.0,0.0,IMELBO1849.csv
2023/01/05,06:04 AM,14.78,12.78,88.0,SSW,4.51,6.6,1026.08,0.0,1.78,0.0,1.2,IMELBO1849.csv
2023/01/05,06:09 AM,14.78,12.78,88.0,South,5.15,7.24,1026.08,0.0,1.78,0.0,4.3,IMELBO1849.csv
2023/01/05,06:14 AM,14.72,12.83,89.0,SSW,5.15,7.24,1026.08,0.0,1.78,0.0,7.3,IMELBO1849.csv
2023/01/05,06:19 AM,14.72,12.89,89.0,SSW,4.99,6.6,1026.08,0.0,1.78,0.0,9.1,IMELBO1849.csv
2023/01/05,06:24 AM,14.72,12.89,89.0,South,5.15,7.4,1026.08,0.0,1.78,0.0,13.3,IMELBO1849.csv
2023/01/05,06:29 AM,14.72,12.89,89.0,South,4.18,5.79,1026.08,0.0,1.78,0.0,16.9,IMELBO1849.csv
2023/01/05,06:34 AM,14.72,12.89,89.0,SW,5.79,7.88,1026.08,0.0,1.78,0.0,23.9,IMELBO1849.csv
2023/01/05,06:39 AM,14.72,12.89,89.0,SSW,5.31,7.24,1026.08,0.0,1.78,0.0,24.7,IMELBO1849.csv
2023/01/05,06:44 AM,14.72,12.94,89.0,SSW,3.22,4.51,1026.08,0.0,1.78,0.0,30.7,IMELBO1849.csv
2023/01/05,06:49 AM,14.78,12.94,89.0,SSW,4.67,6.28,1026.08,0.0,1.78,0.0,37.2,IMELBO1849.csv
2023/01/05,06:54 AM,14.94,12.94,88.0,SW,6.76,8.53,1026.41,0.0,1.78,0.0,52.0,IMELBO1849.csv
2023/01/05,06:59 AM,15.06,13.06,88.0,SSW,5.79,7.88,1026.41,0.0,1.78,0.0,71.1,IMELBO1849.csv
2023/01/05,07:04 AM,15.11,13.0,87.0,SW,8.69,11.91,1026.41,0.0,1.78,0.0,69.7,IMELBO1849.csv
2023/01/05,07:09 AM,15.28,13.17,87.0,SSW,3.86,5.63,1026.41,0.0,1.78,0.0,68.9,IMELBO1849.csv
2023/01/05,07:14 AM,15.28,13.22,87.0,SSW,3.7,5.15,1026.41,0.0,1.78,0.0,66.8,IMELBO1849.csv
2023/01/05,07:19 AM,15.33,13.28,87.0,SSW,4.02,5.31,1026.41,0.0,1.78,0.0,69.4,IMELBO1849.csv
2023/01/05,07:24 AM,15.39,13.28,87.0,SSW,3.7,4.99,1026.41,0.0,1.78,0.0,59.0,IMELBO1849.csv
2023/01/05,07:29 AM,15.44,13.33,87.0,SSW,5.95,8.85,1026.41,0.0,1.78,0.0,80.6,IMELBO1849.csv
2023/01/05,07:34 AM,15.5,13.33,87.0,South,5.79,8.53,1026.75,0.0,1.78,1.0,102.8,IMELBO1849.csv
2023/01/05,07:39 AM,15.72,13.44,86.0,SSW,2.41,3.54,1026.41,0.0,1.78,1.0,139.6,IMELBO1849.csv
2023/01/05,07:44 AM,16.0,13.67,86.0,SSW,4.18,6.28,1026.75,0.0,1.78,1.0,124.9,IMELBO1849.csv
2023/01/05,07:49 AM,15.89,13.61,86.0,South,5.15,7.72,1027.09,0.0,1.78,1.0,107.5,IMELBO1849.csv
2023/01/05,07:54 AM,15.72,13.44,86.0,South,4.51,6.6,1027.09,0.0,1.78,0.0,94.1,IMELBO1849.csv
2023/01/05,07:59 AM,15.72,13.61,87.0,SSW,7.08,9.98,1026.75,0.0,1.78,1.0,121.4,IMELBO1849.csv
2023/01/05,08:04 AM,15.78,13.72,87.0,South,6.28,9.17,1026.75,0.0,1.78,1.0,113.7,IMELBO1849.csv
2023/01/05,08:09 AM,15.89,13.72,87.0,SSW,7.24,9.33,1027.09,0.0,1.78,1.0,143.1,IMELBO1849.csv
2023/01/05,08:14 AM,15.94,13.72,86.0,SSW,7.24,8.85,1027.09,0.0,1.78,1.0,171.8,IMELBO1849.csv
2023/01/05,08:19 AM,16.22,13.83,86.0,SSW,6.28,8.85,1027.09,0.0,1.78,1.0,189.1,IMELBO1849.csv
2023/01/05,08:24 AM,16.39,13.83,85.0,SSW,5.95,8.37,1027.09,0.0,1.78,2.0,204.3,IMELBO1849.csv
2023/01/05,08:29 AM,16.94,13.22,79.0,SSW,8.69,11.91,1027.09,0.0,1.78,2.0,255.9,IMELBO1849.csv
2023/01/05,08:34 AM,17.56,13.22,76.0,SSW,5.95,9.17,1027.09,0.0,1.78,2.0,208.6,IMELBO1849.csv
2023/01/05,08:39 AM,17.89,13.22,74.0,SSW,7.72,10.78,1027.09,0.0,1.78,2.0,211.6,IMELBO1849.csv
2023/01/05,08:44 AM,18.0,13.0,72.0,SSE,5.47,8.21,1027.09,0.0,1.78,1.0,126.1,IMELBO1849.csv
2023/01/05,08:49 AM,18.22,13.06,72.0,SSE,4.99,6.44,1027.09,0.0,1.78,1.0,124.9,IMELBO1849.csv
2023/01/05,08:54 AM,18.22,12.94,71.0,ESE,4.18,6.28,1027.09,0.0,1.78,1.0,140.1,IMELBO1849.csv
2023/01/05,08:59 AM,18.61,13.22,71.0,SSW,6.28,9.49,1027.09,0.0,1.78,1.0,158.7,IMELBO1849.csv
2023/01/05,09:04 AM,18.56,13.17,71.0,SSE,4.99,7.4,1027.43,0.0,1.78,1.0,147.1,IMELBO1849.csv
2023/01/05,09:09 AM,18.5,13.11,71.0,SSE,6.28,9.17,1027.09,0.0,1.78,1.0,154.4,IMELBO1849.csv
2023/01/05,09:14 AM,18.22,12.94,71.0,SSW,5.63,8.53,1027.09,0.0,1.78,6.0,695.7,IMELBO1849.csv
2023/01/05,09:19 AM,18.67,13.11,70.0,South,4.51,7.08,1027.09,0.0,1.78,7.0,724.3,IMELBO1849.csv
2023/01/05,09:24 AM,18.94,13.33,70.0,South,6.44,9.33,1027.09,0.0,1.78,6.0,703.2,IMELBO1849.csv
2023/01/05,09:29 AM,19.0,13.5,70.0,South,6.6,10.46,1027.43,0.0,1.78,6.0,658.4,IMELBO1849.csv
2023/01/05,09:34 AM,18.44,13.22,72.0,SSW,5.95,8.53,1027.09,0.0,1.78,6.0,642.4,IMELBO1849.csv
2023/01/05,09:39 AM,18.5,13.06,70.0,South,7.4,10.62,1027.43,0.0,1.78,6.0,653.6,IMELBO1849.csv
2023/01/05,09:44 AM,18.72,13.11,70.0,SSW,7.88,11.26,1027.43,0.0,1.78,6.0,660.6,IMELBO1849.csv
2023/01/05,09:49 AM,18.39,13.06,71.0,South,6.11,9.33,1027.09,0.0,1.78,6.0,624.7,IMELBO1849.csv
2023/01/05,09:54 AM,18.83,13.0,69.0,SE,6.6,9.49,1027.09,0.0,1.78,6.0,651.6,IMELBO1849.csv
2023/01/05,09:59 AM,18.5,12.94,70.0,SSW,8.53,12.23,1027.43,0.0,1.78,7.0,735.2,IMELBO1849.csv
2023/01/05,10:04 AM,18.94,13.22,70.0,South,5.63,8.37,1027.43,0.0,1.78,6.0,662.0,IMELBO1849.csv
2023/01/05,10:09 AM,18.89,13.28,70.0,SSW,7.88,10.78,1027.43,0.0,1.78,6.0,688.4,IMELBO1849.csv
2023/01/05,10:14 AM,18.67,13.11,70.0,SSW,8.53,11.91,1027.43,0.0,1.78,6.0,684.5,IMELBO1849.csv
2023/01/05,10:19 AM,18.67,13.11,70.0,South,8.21,11.26,1027.43,0.0,1.78,6.0,653.3,IMELBO1849.csv
2023/01/05,10:24 AM,18.78,12.89,69.0,South,8.69,12.71,1027.09,0.0,1.78,6.0,655.0,IMELBO1849.csv
2023/01/05,10:29 AM,19.28,13.11,67.0,SSW,7.88,11.58,1027.43,0.0,1.78,6.0,711.0,IMELBO1849.csv
2023/01/05,10:34 AM,18.72,12.83,69.0,SW,8.21,11.91,1027.43,0.0,1.78,7.0,806.0,IMELBO1849.csv
2023/01/05,10:39 AM,18.94,13.0,68.0,South,7.4,10.94,1027.43,0.0,1.78,7.0,812.1,IMELBO1849.csv
2023/01/05,10:44 AM,19.72,13.28,66.0,South,7.08,10.14,1027.43,0.0,1.78,8.0,840.2,IMELBO1849.csv
2023/01/05,10:49 AM,19.83,13.39,67.0,South,6.11,8.21,1027.43,0.0,1.78,8.0,835.9,IMELBO1849.csv
2023/01/05,10:54 AM,20.22,13.56,66.0,SSE,6.76,9.33,1027.43,0.0,1.78,7.0,811.6,IMELBO1849.csv
2023/01/05,10:59 AM,20.06,13.44,66.0,SSW,7.24,10.3,1027.43,0.0,1.78,7.0,778.2,IMELBO1849.csv
2023/01/05,11:04 AM,19.61,13.28,67.0,SSW,9.81,13.19,1027.43,0.0,1.78,8.0,841.5,IMELBO1849.csv
2023/01/05,11:09 AM,19.67,13.33,67.0,SSW,8.85,12.71,1027.43,0.0,1.78,7.0,806.0,IMELBO1849.csv
2023/01/05,11:14 AM,19.72,13.17,66.0,SSW,9.81,13.84,1027.09,0.0,1.78,7.0,787.7,IMELBO1849.csv
2023/01/05,11:19 AM,20.28,13.33,64.0,SSW,6.76,10.78,1027.43,0.0,1.78,7.0,743.6,IMELBO1849.csv
2023/01/05,11:24 AM,20.39,13.5,65.0,SSW,10.3,14.16,1027.43,0.0,1.78,7.0,775.6,IMELBO1849.csv
2023/01/05,11:29 AM,20.06,13.56,66.0,South,9.01,12.71,1027.09,0.0,1.78,7.0,783.0,IMELBO1849.csv
2023/01/05,11:34 AM,20.22,13.72,66.0,SSW,9.98,13.03,1027.43,0.0,1.78,7.0,810.7,IMELBO1849.csv
2023/01/05,11:39 AM,20.17,13.39,65.0,SSW,9.33,13.35,1027.09,0.0,1.78,8.0,863.2,IMELBO1849.csv
2023/01/05,11:44 AM,20.78,13.72,64.0,SE,5.15,7.72,1027.09,0.0,1.78,8.0,864.1,IMELBO1849.csv
2023/01/05,11:49 AM,20.83,13.78,64.0,SSE,7.4,10.94,1027.43,0.0,1.78,8.0,873.2,IMELBO1849.csv
2023/01/05,11:54 AM,20.72,13.72,64.0,SSE,7.4,10.3,1027.43,0.0,1.78,9.0,966.5,IMELBO1849.csv
2023/01/05,11:59 AM,20.22,13.39,65.0,South,6.92,10.46,1027.43,0.0,1.78,3.0,353.5,IMELBO1849.csv
2023/01/05,12:04 PM,19.89,13.22,65.0,SSE,7.72,11.91,1027.43,0.0,1.78,4.0,462.8,IMELBO1849.csv
2023/01/05,12:09 PM,20.17,13.44,65.0,SW,9.17,13.19,1027.43,0.0,1.78,10.0,1079.3,IMELBO1849.csv
2023/01/05,12:14 PM,20.61,13.56,64.0,South,8.21,12.23,1027.43,0.0,1.78,10.0,1110.1,IMELBO1849.csv
2023/01/05,12:19 PM,20.22,13.39,65.0,South,7.88,11.1,1027.43,0.0,1.78,3.0,367.0,IMELBO1849.csv
2023/01/05,12:24 PM,19.94,13.22,65.0,South,9.17,13.52,1027.43,0.0,1.78,3.0,393.4,IMELBO1849.csv
2023/01/05,12:29 PM,19.44,13.28,68.0,SSW,9.17,12.87,1027.43,0.0,1.78,4.0,424.6,IMELBO1849.csv
2023/01/05,12:34 PM,20.06,13.61,66.0,SSW,8.69,12.39,1027.43,0.0,1.78,10.0,1095.8,IMELBO1849.csv
2023/01/05,12:39 PM,21.22,14.06,64.0,SSW,7.88,11.75,1027.43,0.0,1.78,9.0,1019.4,IMELBO1849.csv
2023/01/05,12:44 PM,21.28,14.0,63.0,South,7.88,11.91,1027.43,0.0,1.78,8.0,858.9,IMELBO1849.csv
2023/01/05,12:49 PM,20.89,13.39,62.0,SSE,8.21,12.07,1027.43,0.0,1.78,5.0,517.0,IMELBO1849.csv
2023/01/05,12:54 PM,20.67,13.17,62.0,South,6.76,9.98,1027.43,0.0,1.78,5.0,597.3,IMELBO1849.csv
2023/01/05,12:59 PM,20.89,13.72,64.0,SSW,8.53,12.07,1027.43,0.0,1.78,9.0,1014.2,IMELBO1849.csv
2023/01/05,01:04 PM,20.83,13.72,64.0,SSW,10.62,15.93,1027.43,0.0,1.78,9.0,1001.2,IMELBO1849.csv
2023/01/05,01:09 PM,20.72,13.67,64.0,SSW,8.04,12.07,1027.09,0.0,1.78,9.0,984.7,IMELBO1849.csv
2023/01/05,01:14 PM,20.83,13.67,63.0,SSW,11.75,16.09,1027.09,0.0,1.78,7.0,808.2,IMELBO1849.csv
2023/01/05,01:19 PM,21.0,13.61,63.0,SW,9.17,13.03,1027.43,0.0,1.78,7.0,756.0,IMELBO1849.csv
2023/01/05,01:24 PM,21.56,13.61,60.0,SSW,10.14,14.16,1027.09,0.0,1.78,8.0,887.5,IMELBO1849.csv
2023/01/05,01:29 PM,21.22,13.5,62.0,SW,9.98,14.0,1027.09,0.0,1.78,10.0,1037.2,IMELBO1849.csv
2023/01/05,01:34 PM,21.56,13.39,60.0,SSW,9.49,14.16,1027.09,0.0,1.78,9.0,1011.1,IMELBO1849.csv
2023/01/05,01:39 PM,21.11,13.44,62.0,SW,11.26,15.29,1027.09,0.0,1.78,5.0,563.8,IMELBO1849.csv
2023/01/05,01:44 PM,21.0,13.56,63.0,SSW,7.88,11.42,1026.75,0.0,1.78,10.0,1087.1,IMELBO1849.csv
2023/01/05,01:49 PM,21.44,13.72,61.0,SW,9.98,14.32,1027.09,0.0,1.78,10.0,1118.8,IMELBO1849.csv
2023/01/05,01:54 PM,21.06,13.44,62.0,SW,11.26,15.77,1027.09,0.0,1.78,9.0,988.2,IMELBO1849.csv
2023/01/05,01:59 PM,20.56,13.33,63.0,SSW,11.91,15.93,1027.09,0.0,1.78,9.0,976.5,IMELBO1849.csv
2023/01/05,02:04 PM,21.11,13.33,61.0,SSW,10.46,14.96,1026.75,0.0,1.78,10.0,1042.4,IMELBO1849.csv
2023/01/05,02:09 PM,20.72,13.39,63.0,SW,14.0,18.5,1026.75,0.0,1.78,4.0,494.1,IMELBO1849.csv
2023/01/05,02:14 PM,20.56,13.11,62.0,SSW,11.58,15.77,1027.09,0.0,1.78,3.0,400.4,IMELBO1849.csv
2023/01/05,02:19 PM,20.67,13.28,63.0,South,10.62,15.12,1027.09,0.0,1.78,5.0,587.3,IMELBO1849.csv
2023/01/05,02:24 PM,20.67,13.17,62.0,SSW,11.42,16.09,1026.75,0.0,1.78,9.0,977.3,IMELBO1849.csv
2023/01/05,02:29 PM,21.17,13.33,61.0,SSW,9.33,13.52,1026.75,0.0,1.78,8.0,887.1,IMELBO1849.csv
2023/01/05,02:34 PM,21.17,13.28,61.0,SW,11.26,16.73,1026.75,0.0,1.78,9.0,937.5,IMELBO1849.csv
2023/01/05,02:39 PM,21.39,13.78,62.0,SSW,12.87,18.18,1026.75,0.0,1.78,9.0,1009.4,IMELBO1849.csv
2023/01/05,02:44 PM,20.94,13.83,64.0,SW,12.07,17.54,1027.09,0.0,1.78,7.0,763.5,IMELBO1849.csv
2023/01/05,02:49 PM,20.89,13.61,63.0,SW,13.35,18.83,1026.75,0.0,1.78,7.0,817.7,IMELBO1849.csv
2023/01/05,02:54 PM,21.28,13.72,62.0,SSW,9.98,14.48,1026.75,0.0,1.78,8.0,913.6,IMELBO1849.csv
2023/01/05,02:59 PM,21.39,13.89,63.0,SSE,9.81,15.45,1026.75,0.0,1.78,8.0,871.0,IMELBO1849.csv
2023/01/05,03:04 PM,20.78,13.83,64.0,WSW,10.78,16.41,1026.75,0.0,1.78,3.0,311.0,IMELBO1849.csv
2023/01/05,03:09 PM,20.17,13.67,66.0,SSW,13.68,18.83,1026.75,0.0,1.78,4.0,432.0,IMELBO1849.csv
2023/01/05,03:14 PM,20.0,13.72,67.0,SW,12.23,17.22,1026.75,0.0,1.78,3.0,337.0,IMELBO1849.csv
2023/01/05,03:19 PM,19.78,13.67,68.0,SW,14.32,19.47,1026.75,0.0,1.78,2.0,257.1,IMELBO1849.csv
2023/01/05,03:24 PM,19.89,13.61,67.0,SSW,9.65,13.52,1026.75,0.0,1.78,3.0,322.7,IMELBO1849.csv
2023/01/05,03:29 PM,20.06,13.72,67.0,South,9.81,14.32,1026.75,0.0,1.78,8.0,885.0,IMELBO1849.csv
2023/01/05,03:34 PM,20.83,14.06,65.0,SSW,10.3,14.48,1026.75,0.0,1.78,8.0,899.7,IMELBO1849.csv
2023/01/05,03:39 PM,21.06,14.28,65.0,South,10.78,15.61,1026.75,0.0,1.78,9.0,963.4,IMELBO1849.csv
2023/01/05,03:44 PM,20.83,14.17,66.0,SSW,13.19,18.5,1026.75,0.0,1.78,8.0,900.5,IMELBO1849.csv
2023/01/05,03:49 PM,21.06,14.39,66.0,South,10.62,14.96,1026.41,0.0,1.78,9.0,929.6,IMELBO1849.csv
2023/01/05,03:54 PM,21.11,14.11,64.0,SSW,13.68,20.11,1026.75,0.0,1.78,9.0,1002.0,IMELBO1849.csv
2023/01/05,03:59 PM,20.89,14.0,65.0,East,11.58,17.22,1026.75,0.0,1.78,3.0,365.7,IMELBO1849.csv
2023/01/05,04:04 PM,20.5,14.0,66.0,SSW,10.46,14.48,1026.41,0.0,1.78,3.0,361.3,IMELBO1849.csv
2023/01/05,04:09 PM,20.67,14.06,66.0,SSW,8.53,12.39,1026.41,0.0,1.78,2.0,266.7,IMELBO1849.csv
2023/01/05,04:14 PM,20.33,13.89,67.0,South,10.62,15.61,1026.75,0.0,1.78,3.0,312.7,IMELBO1849.csv
2023/01/05,04:19 PM,20.0,13.72,67.0,SSW,10.94,15.29,1026.75,0.0,1.78,3.0,312.3,IMELBO1849.csv
2023/01/05,04:24 PM,19.94,14.06,69.0,SSW,10.94,15.45,1026.75,0.0,1.78,3.0,314.9,IMELBO1849.csv
2023/01/05,04:29 PM,20.06,14.22,69.0,SSW,9.65,14.48,1026.75,0.0,1.78,6.0,619.9,IMELBO1849.csv
2023/01/05,04:34 PM,20.22,14.33,69.0,SSW,12.07,16.25,1026.41,0.0,1.78,3.0,355.3,IMELBO1849.csv
2023/01/05,04:39 PM,19.78,14.28,70.0,SSW,13.19,17.86,1026.75,0.0,1.78,2.0,282.8,IMELBO1849.csv
2023/01/05,04:44 PM,19.78,14.06,69.0,SSW,10.14,14.8,1026.75,0.0,1.78,2.0,244.7,IMELBO1849.csv
2023/01/05,04:49 PM,19.94,13.78,68.0,SSW,10.78,14.64,1026.75,0.0,1.78,2.0,219.5,IMELBO1849.csv
2023/01/05,04:54 PM,20.0,13.83,68.0,SSW,10.14,14.32,1026.75,0.0,1.78,1.0,178.6,IMELBO1849.csv
2023/01/05,04:59 PM,19.89,13.89,68.0,SW,9.81,14.96,1026.75,0.0,1.78,2.0,225.1,IMELBO1849.csv
2023/01/05,05:04 PM,19.89,13.83,68.0,SSW,13.84,19.63,1026.75,0.0,1.78,2.0,263.3,IMELBO1849.csv
2023/01/05,05:09 PM,19.78,13.72,68.0,SW,14.0,19.63,1026.75,0.0,1.78,2.0,290.2,IMELBO1849.csv
2023/01/05,05:14 PM,19.78,13.89,69.0,SSW,11.26,15.45,1026.75,0.0,1.78,3.0,338.3,IMELBO1849.csv
2023/01/05,05:19 PM,20.06,14.17,69.0,South,10.3,15.12,1026.41,0.0,1.78,7.0,780.8,IMELBO1849.csv
2023/01/05,05:24 PM,20.33,14.33,69.0,SSW,11.75,18.5,1026.41,0.0,1.78,4.0,491.9,IMELBO1849.csv
2023/01/05,05:29 PM,20.0,14.06,69.0,South,11.91,17.22,1026.75,0.0,1.78,2.0,262.8,IMELBO1849.csv
2023/01/05,05:34 PM,20.0,13.89,68.0,SSW,11.58,17.38,1026.75,0.0,1.78,4.0,484.1,IMELBO1849.csv
2023/01/05,05:39 PM,20.11,13.89,67.0,SE,9.33,14.0,1026.41,0.0,1.78,4.0,491.9,IMELBO1849.csv
2023/01/05,05:44 PM,20.22,14.17,68.0,SSW,9.98,14.16,1026.41,0.0,1.78,4.0,448.1,IMELBO1849.csv
2023/01/05,05:49 PM,19.94,14.28,70.0,SW,13.19,17.54,1026.75,0.0,1.78,5.0,523.6,IMELBO1849.csv
2023/01/05,05:54 PM,20.11,14.22,69.0,SSW,13.84,20.76,1026.75,0.0,1.78,5.0,570.0,IMELBO1849.csv
2023/01/05,05:59 PM,20.0,13.94,68.0,SSW,10.3,15.29,1026.75,0.0,1.78,3.0,360.0,IMELBO1849.csv
2023/01/05,06:04 PM,20.0,14.17,69.0,SSW,10.94,15.61,1026.75,0.0,1.78,4.0,478.5,IMELBO1849.csv
2023/01/05,06:09 PM,20.28,14.11,68.0,SSE,8.69,13.19,1026.75,0.0,1.78,2.0,209.4,IMELBO1849.csv
2023/01/05,06:14 PM,19.94,13.89,68.0,SSW,10.62,14.48,1026.75,0.0,1.78,2.0,225.1,IMELBO1849.csv
2023/01/05,06:19 PM,19.78,13.5,67.0,SSW,9.33,13.19,1026.75,0.0,1.78,1.0,186.1,IMELBO1849.csv
2023/01/05,06:24 PM,19.83,13.67,68.0,SSW,11.1,15.93,1026.75,0.0,1.78,1.0,171.3,IMELBO1849.csv
2023/01/05,06:29 PM,19.39,13.39,68.0,South,11.42,16.25,1026.75,0.0,1.78,3.0,358.3,IMELBO1849.csv
2023/01/05,06:34 PM,19.67,13.56,68.0,SSW,11.58,17.06,1026.75,0.0,1.78,3.0,371.8,IMELBO1849.csv
2023/01/05,06:39 PM,20.22,13.94,67.0,SSE,8.69,12.71,1026.75,0.0,1.78,3.0,353.9,IMELBO1849.csv
2023/01/05,06:44 PM,19.67,13.72,68.0,SSW,12.23,17.06,1026.75,0.0,1.78,1.0,108.9,IMELBO1849.csv
2023/01/05,06:49 PM,19.28,13.67,70.0,SSW,12.07,17.22,1026.75,0.0,1.78,1.0,105.3,IMELBO1849.csv
2023/01/05,06:54 PM,19.22,13.83,71.0,SSW,12.23,17.06,1026.75,0.0,1.78,1.0,117.4,IMELBO1849.csv
2023/01/05,06:59 PM,19.22,13.72,71.0,SW,9.33,14.0,1027.09,0.0,1.78,2.0,211.6,IMELBO1849.csv
2023/01/05,07:04 PM,19.17,13.56,70.0,SSW,9.49,12.71,1027.09,0.0,1.78,0.0,57.6,IMELBO1849.csv
2023/01/05,07:09 PM,18.94,13.39,70.0,SSW,10.62,14.96,1027.09,0.0,1.78,0.0,49.4,IMELBO1849.csv
2023/01/05,07:14 PM,18.89,13.28,70.0,SSW,10.14,14.0,1027.09,0.0,1.78,0.0,59.8,IMELBO1849.csv
2023/01/05,07:19 PM,18.78,13.28,70.0,SSW,11.26,16.25,1027.09,0.0,1.78,0.0,66.3,IMELBO1849.csv
2023/01/05,07:24 PM,18.78,13.22,70.0,SW,10.3,14.48,1027.09,0.0,1.78,0.0,65.4,IMELBO1849.csv
2023/01/05,07:29 PM,18.78,13.22,70.0,SW,8.04,11.58,1027.43,0.0,1.78,0.0,64.6,IMELBO1849.csv
2023/01/05,07:34 PM,18.78,13.33,71.0,SSW,11.1,14.96,1027.43,0.0,1.78,0.0,63.7,IMELBO1849.csv
2023/01/05,07:39 PM,18.72,13.33,71.0,SSW,12.07,16.25,1027.43,0.0,1.78,0.0,55.9,IMELBO1849.csv
2023/01/05,07:44 PM,18.72,12.89,69.0,SSW,12.55,18.02,1027.43,0.0,1.78,0.0,35.5,IMELBO1849.csv
2023/01/05,07:49 PM,19.0,12.72,67.0,SSW,11.58,16.89,1027.43,0.0,1.78,0.0,44.7,IMELBO1849.csv
2023/01/05,07:54 PM,19.0,12.72,67.0,SSW,10.14,15.29,1027.43,0.0,1.78,0.0,45.9,IMELBO1849.csv
2023/01/05,07:59 PM,19.11,12.78,67.0,SW,10.94,15.61,1027.43,0.0,1.78,0.0,42.0,IMELBO1849.csv
2023/01/05,08:04 PM,19.0,12.78,67.0,SSW,11.58,16.41,1027.77,0.0,1.78,0.0,32.9,IMELBO1849.csv
2023/01/05,08:09 PM,18.78,12.78,68.0,SSW,7.4,10.94,1027.77,0.0,1.78,0.0,32.4,IMELBO1849.csv
2023/01/05,08:14 PM,18.72,12.83,69.0,SSW,10.78,14.96,1027.77,0.0,1.78,0.0,31.6,IMELBO1849.csv
2023/01/05,08:19 PM,18.78,12.83,68.0,South,9.01,12.39,1027.77,0.0,1.78,0.0,34.3,IMELBO1849.csv
2023/01/05,08:24 PM,18.72,12.89,69.0,SW,10.3,14.32,1027.77,0.0,1.78,0.0,29.5,IMELBO1849.csv
2023/01/05,08:29 PM,18.56,12.94,70.0,SSW,10.3,14.8,1027.77,0.0,1.78,0.0,17.7,IMELBO1849.csv
2023/01/05,08:34 PM,18.39,13.06,71.0,SSW,9.65,14.64,1027.77,0.0,1.78,0.0,12.1,IMELBO1849.csv
2023/01/05,08:39 PM,18.28,13.0,71.0,SSW,9.33,13.19,1027.77,0.0,1.78,0.0,8.6,IMELBO1849.csv
2023/01/05,08:44 PM,18.28,13.06,71.0,South,7.24,9.98,1027.77,0.0,1.78,0.0,5.6,IMELBO1849.csv
2023/01/05,08:49 PM,18.22,13.17,72.0,SSE,6.6,9.17,1027.77,0.0,1.78,0.0,2.6,IMELBO1849.csv
2023/01/05,08:54 PM,18.11,13.0,72.0,SSW,9.49,14.32,1027.77,0.0,1.78,0.0,1.2,IMELBO1849.csv
2023/01/05,08:59 PM,18.0,12.94,72.0,SSW,9.01,13.52,1028.11,0.0,1.78,0.0,0.0,IMELBO1849.csv
2023/01/05,09:04 PM,18.06,13.06,73.0,South,7.88,11.91,1028.11,0.0,1.78,0.0,0.0,IMELBO1849.csv
2023/01/05,09:09 PM,18.0,13.11,73.0,SSW,8.85,12.71,1027.77,0.0,1.78,0.0,0.0,IMELBO1849.csv
2023/01/05,09:14 PM,17.94,13.17,74.0,SSW,6.6,9.65,1028.11,0.0,1.78,0.0,0.0,IMELBO1849.csv
2023/01/05,09:19 PM,17.89,13.22,74.0,SSW,5.63,8.53,1028.11,0.0,1.78,0.0,0.0,IMELBO1849.csv
2023/01/05,09:24 PM,17.83,13.17,74.0,SSW,4.83,7.24,1028.11,0.0,1.78,0.0,0.0,IMELBO1849.csv
2023/01/05,09:29 PM,17.72,13.06,74.0,South,5.95,8.53,1028.11,0.0,1.78,0.0,0.0,IMELBO1849.csv
2023/01/05,09:34 PM,17.72,13.06,74.0,SSW,6.28,9.17,1028.11,0.0,1.78,0.0,0.0,IMELBO1849.csv
2023/01/05,09:39 PM,17.72,13.0,74.0,SSW,5.95,8.21,1028.11,0.0,1.78,0.0,0.0,IMELBO1849.csv
2023/01/05,09:44 PM,17.72,13.0,74.0,South,6.6,9.33,1028.45,0.0,1.78,0.0,0.0,IMELBO1849.csv
2023/01/05,09:49 PM,17.67,12.94,74.0,SSW,5.79,8.04,1028.45,0.0,1.78,0.0,0.0,IMELBO1849.csv
2023/01/05,09:54 PM,17.61,12.89,74.0,South,5.63,8.53,1028.45,0.0,1.78,0.0,0.0,IMELBO1849.csv
2023/01/05,09:59 PM,17.61,12.89,74.0,South,4.51,6.6,1028.78,0.0,1.78,0.0,0.0,IMELBO1849.csv
2023/01/05,10:04 PM,17.61,12.89,74.0,South,5.15,8.21,1028.78,0.0,1.78,0.0,0.0,IMELBO1849.csv
2023/01/05,10:09 PM,17.5,12.89,74.0,SSW,5.63,8.21,1028.45,0.0,1.78,0.0,0.0,IMELBO1849.csv
2023/01/05,10:14 PM,17.5,12.89,74.0,SSW,5.31,7.56,1028.78,0.0,1.78,0.0,0.0,IMELBO1849.csv
2023/01/05,10:19 PM,17.44,12.61,73.0,South,5.95,8.37,1028.78,0.0,1.78,0.0,0.0,IMELBO1849.csv
2023/01/05,10:24 PM,17.33,12.39,73.0,SSE,3.06,4.99,1028.78,0.0,1.78,0.0,0.0,IMELBO1849.csv
2023/01/05,10:29 PM,17.28,11.56,69.0,SSE,4.51,6.76,1028.78,0.0,1.78,0.0,0.0,IMELBO1849.csv
2023/01/05,10:34 PM,17.39,10.83,65.0,SSE,4.67,6.92,1028.78,0.0,1.78,0.0,0.0,IMELBO1849.csv
2023/01/05,10:39 PM,17.39,10.67,65.0,SSE,4.02,5.79,1028.78,0.0,1.78,0.0,0.0,IMELBO1849.csv
2023/01/05,10:44 PM,17.33,10.56,64.0,SSE,4.34,6.76,1028.78,0.0,1.78,0.0,0.0,IMELBO1849.csv
2023/01/05,10:49 PM,17.28,10.67,65.0,SSW,4.02,5.95,1028.78,0.0,1.78,0.0,0.0,IMELBO1849.csv
2023/01/05,10:54 PM,17.22,10.61,65.0,SSE,3.06,4.83,1028.78,0.0,1.78,0.0,0.0,IMELBO1849.csv
2023/01/05,10:59 PM,17.11,10.5,65.0,SSE,3.22,4.67,1029.12,0.0,1.78,0.0,0.0,IMELBO1849.csv
2023/01/05,11:04 PM,17.0,10.56,66.0,SSE,3.38,4.67,1028.78,0.0,1.78,0.0,0.0,IMELBO1849.csv
2023/01/05,11:09 PM,16.83,10.44,66.0,South,2.74,4.34,1028.78,0.0,1.78,0.0,0.0,IMELBO1849.csv
2023/01/05,11:14 PM,16.72,10.44,66.0,SSE,2.9,4.51,1028.78,0.0,1.78,0.0,0.0,IMELBO1849.csv
2023/01/05,11:19 PM,16.67,10.44,67.0,South,4.02,5.63,1028.78,0.0,1.78,0.0,0.0,IMELBO1849.csv
2023/01/05,11:24 PM,16.61,10.39,67.0,SSE,3.38,4.83,1029.12,0.0,1.78,0.0,0.0,IMELBO1849.csv
2023/01/05,11:29 PM,16.5,10.28,67.0,South,3.86,5.95,1028.78,0.0,1.78,0.0,0.0,IMELBO1849.csv
2023/01/05,11:34 PM,16.44,10.5,68.0,South,2.57,3.7,1028.78,0.0,1.78,0.0,0.0,IMELBO1849.csv
2023/01/05,11:39 PM,16.22,10.28,68.0,South,2.57,3.7,1028.78,0.0,1.78,0.0,0.0,IMELBO1849.csv
2023/01/05,11:44 PM,16.22,10.28,68.0,South,2.57,3.54,1028.78,0.0,1.78,0.0,0.0,IMELBO1849.csv
2023/01/05,11:49 PM,16.17,10.22,68.0,SE,2.25,3.38,1028.78,0.0,1.78,0.0,0.0,IMELBO1849.csv
2023/01/05,11:54 PM,16.11,10.22,68.0,SSE,2.9,4.51,1028.78,0.0,1.78,0.0,0.0,IMELBO1849.csv
2023/01/05,11:59 PM,16.0,10.11,68.0,SE,2.09,3.22,1028.78,0.0,1.78,0.0,0.0,IMELBO1849.csv
2023/01/06,12:04 AM,15.83,9.94,68.0,SE,1.77,2.9,1028.78,0.0,0.0,0.0,0.0,IMELBO1849.csv
2023/01/06,12:09 AM,15.72,9.94,69.0,SE,1.93,3.06,1028.78,0.0,0.0,0.0,0.0,IMELBO1849.csv
2023/01/06,12:14 AM,15.72,9.83,68.0,SSE,2.09,3.86,1028.78,0.0,0.0,0.0,0.0,IMELBO1849.csv
2023/01/06,12:19 AM,15.72,9.78,68.0,SSE,2.09,3.22,1028.78,0.0,0.0,0.0,0.0,IMELBO1849.csv
2023/01/06,12:24 AM,15.72,9.83,69.0,SE,2.25,3.54,1028.78,0.0,0.0,0.0,0.0,IMELBO1849.csv
2023/01/06,12:29 AM,15.56,9.83,69.0,SSE,1.77,2.74,1028.78,0.0,0.0,0.0,0.0,IMELBO1849.csv
2023/01/06,12:34 AM,15.5,9.78,69.0,SE,2.09,2.9,1028.78,0.0,0.0,0.0,0.0,IMELBO1849.csv
2023/01/06,12:39 AM,15.44,9.94,70.0,SSE,1.61,2.57,1028.78,0.0,0.0,0.0,0.0,IMELBO1849.csv
2023/01/06,12:44 AM,15.33,9.89,70.0,SSE,1.61,2.57,1028.78,0.0,0.0,0.0,0.0,IMELBO1849.csv
2023/01/06,12:49 AM,15.22,10.0,71.0,South,2.09,3.7,1028.78,0.0,0.0,0.0,0.0,IMELBO1849.csv
2023/01/06,12:54 AM,15.22,10.0,71.0,South,3.54,5.15,1028.78,0.0,0.0,0.0,0.0,IMELBO1849.csv
2023/01/06,12:59 AM,15.17,9.94,71.0,SSE,3.38,4.83,1028.45,0.0,0.0,0.0,0.0,IMELBO1849.csv
2023/01/06,01:04 AM,15.06,10.06,72.0,SSW,3.06,4.34,1028.78,0.0,0.0,0.0,0.0,IMELBO1849.csv
2023/01/06,01:09 AM,15.0,10.0,72.0,SSE,3.38,4.83,1028.45,0.0,0.0,0.0,0.0,IMELBO1849.csv
2023/01/06,01:14 AM,15.0,10.0,72.0,South,3.54,4.83,1028.78,0.0,0.0,0.0,0.0,IMELBO1849.csv
2023/01/06,01:19 AM,14.94,10.06,72.0,South,3.22,4.99,1028.45,0.0,0.0,0.0,0.0,IMELBO1849.csv
2023/01/06,01:24 AM,14.89,10.11,73.0,SE,3.54,5.15,1028.45,0.0,0.0,0.0,0.0,IMELBO1849.csv
2023/01/06,01:29 AM,14.78,10.06,73.0,South,3.38,5.15,1028.45,0.0,0.0,0.0,0.0,IMELBO1849.csv
2023/01/06,01:34 AM,14.78,10.22,74.0,South,4.83,7.72,1028.45,0.0,0.0,0.0,0.0,IMELBO1849.csv
2023/01/06,01:39 AM,14.78,10.22,74.0,South,4.99,7.4,1028.45,0.0,0.0,0.0,0.0,IMELBO1849.csv
2023/01/06,01:44 AM,14.78,10.22,74.0,South,6.28,8.21,1028.45,0.0,0.0,0.0,0.0,IMELBO1849.csv
2023/01/06,01:49 AM,14.72,10.17,74.0,South,4.18,5.79,1028.11,0.0,0.0,0.0,0.0,IMELBO1849.csv
2023/01/06,01:54 AM,14.67,10.17,74.0,South,3.86,5.79,1028.45,0.0,0.0,0.0,0.0,IMELBO1849.csv
2023/01/06,01:59 AM,14.61,10.22,75.0,SSE,4.67,6.92,1028.45,0.0,0.0,0.0,0.0,IMELBO1849.csv
2023/01/06,02:04 AM,14.61,10.22,75.0,SSE,4.51,6.76,1028.11,0.0,0.0,0.0,0.0,IMELBO1849.csv
2023/01/06,02:09 AM,14.44,10.22,76.0,South,3.7,5.79,1028.11,0.0,0.0,0.0,0.0,IMELBO1849.csv
2023/01/06,02:14 AM,14.33,10.22,76.0,SSE,2.9,4.34,1028.11,0.0,0.0,0.0,0.0,IMELBO1849.csv
2023/01/06,02:19 AM,14.28,10.28,77.0,South,4.51,6.44,1028.11,0.0,0.0,0.0,0.0,IMELBO1849.csv
2023/01/06,02:24 AM,14.22,10.28,77.0,SSE,2.9,4.34,1028.11,0.0,0.0,0.0,0.0,IMELBO1849.csv
2023/01/06,02:29 AM,14.11,10.28,78.0,South,3.38,4.83,1028.45,0.0,0.0,0.0,0.0,IMELBO1849.csv
2023/01/06,02:34 AM,14.06,10.28,78.0,SSE,3.54,5.31,1028.11,0.0,0.0,0.0,0.0,IMELBO1849.csv
2023/01/06,02:39 AM,13.94,10.33,79.0,South,1.61,2.25,1028.11,0.0,0.0,0.0,0.0,IMELBO1849.csv
2023/01/06,02:44 AM,13.78,10.22,79.0,SSE,2.9,4.51,1028.11,0.0,0.0,0.0,0.0,IMELBO1849.csv
2023/01/06,02:49 AM,13.72,10.33,80.0,SSE,2.25,3.54,1028.11,0.0,0.0,0.0,0.0,IMELBO1849.csv
2023/01/06,02:54 AM,13.72,10.28,80.0,SSE,2.57,3.7,1028.11,0.0,0.0,0.0,0.0,IMELBO1849.csv
2023/01/06,02:59 AM,13.67,10.22,80.0,SSE,1.93,3.06,1028.11,0.0,0.0,0.0,0.0,IMELBO1849.csv
2023/01/06,03:04 AM,13.56,10.28,81.0,South,2.25,3.38,1028.11,0.0,0.0,0.0,0.0,IMELBO1849.csv
2023/01/06,03:09 AM,13.5,10.28,81.0,South,3.22,5.31,1028.11,0.0,0.0,0.0,0.0,IMELBO1849.csv
2023/01/06,03:14 AM,13.44,10.28,81.0,South,2.09,2.57,1028.11,0.0,0.0,0.0,0.0,IMELBO1849.csv
2023/01/06,03:19 AM,13.39,10.39,82.0,South,2.74,4.02,1028.11,0.0,0.0,0.0,0.0,IMELBO1849.csv
2023/01/06,03:24 AM,13.33,10.33,82.0,South,3.06,5.31,1028.11,0.0,0.0,0.0,0.0,IMELBO1849.csv
2023/01/06,03:29 AM,13.28,10.28,82.0,SSE,3.38,5.47,1028.11,0.0,0.0,0.0,0.0,IMELBO1849.csv
2023/01/06,03:34 AM,13.28,10.28,82.0,SSE,2.57,4.02,1028.11,0.0,0.0,0.0,0.0,IMELBO1849.csv
2023/01/06,03:39 AM,13.22,10.44,83.0,South,2.41,3.86,1028.11,0.0,0.0,0.0,0.0,IMELBO1849.csv
2023/01/06,03:44 AM,13.28,10.44,83.0,South,2.9,4.51,1028.11,0.0,0.0,0.0,0.0,IMELBO1849.csv
2023/01/06,03:49 AM,13.22,10.39,83.0,South,2.25,3.54,1028.11,0.0,0.0,0.0,0.0,IMELBO1849.csv
2023/01/06,03:54 AM,13.22,10.39,83.0,SSE,2.09,3.38,1028.11,0.0,0.0,0.0,0.0,IMELBO1849.csv
2023/01/06,03:59 AM,13.11,10.28,83.0,South,2.9,4.51,1028.11,0.0,0.0,0.0,0.0,IMELBO1849.csv
2023/01/06,04:04 AM,13.11,10.28,83.0,SSE,2.41,4.18,1028.11,0.0,0.0,0.0,0.0,IMELBO1849.csv
2023/01/06,04:09 AM,13.11,10.33,84.0,SSE,3.38,4.51,1028.11,0.0,0.0,0.0,0.0,IMELBO1849.csv
2023/01/06,04:14 AM,13.11,10.39,84.0,South,3.22,4.67,1028.11,0.0,0.0,0.0,0.0,IMELBO1849.csv
2023/01/06,04:19 AM,13.06,10.39,84.0,South,3.22,4.51,1028.11,0.0,0.0,0.0,0.0,IMELBO1849.csv
2023/01/06,04:24 AM,13.0,10.39,84.0,SSE,3.7,5.63,1027.77,0.0,0.0,0.0,0.0,IMELBO1849.csv
2023/01/06,04:29 AM,12.94,10.33,84.0,South,2.25,4.02,1028.11,0.0,0.0,0.0,0.0,IMELBO1849.csv
2023/01/06,04:34 AM,12.89,10.28,84.0,South,2.09,2.9,1028.11,0.0,0.0,0.0,0.0,IMELBO1849.csv
2023/01/06,04:39 AM,12.89,10.28,84.0,South,1.93,2.9,1028.11,0.0,0.0,0.0,0.0,IMELBO1849.csv
2023/01/06,04:44 AM,12.83,10.22,84.0,SE,1.93,2.74,1028.11,0.0,0.0,0.0,0.0,IMELBO1849.csv
2023/01/06,04:49 AM,12.78,10.22,84.0,SSE,2.09,3.54,1028.45,0.0,0.0,0.0,0.0,IMELBO1849.csv
2023/01/06,04:54 AM,12.78,10.22,84.0,SSE,1.29,2.41,1028.45,0.0,0.0,0.0,0.0,IMELBO1849.csv
2023/01/06,04:59 AM,12.78,10.28,85.0,SSE,1.93,2.74,1028.45,0.0,0.0,0.0,0.0,IMELBO1849.csv
2023/01/06,05:04 AM,12.78,10.28,85.0,SSE,1.93,2.74,1028.45,0.0,0.0,0.0,0.0,IMELBO1849.csv
2023/01/06,05:09 AM,12.72,10.33,85.0,ESE,2.09,3.22,1028.45,0.0,0.0,0.0,0.0,IMELBO1849.csv
2023/01/06,05:14 AM,12.72,10.39,86.0,SSE,1.13,1.77,1028.45,0.0,0.0,0.0,0.0,IMELBO1849.csv
2023/01/06,05:19 AM,12.67,10.33,86.0,ESE,0.48,1.29,1028.45,0.0,0.0,0.0,0.0,IMELBO1849.csv
2023/01/06,05:24 AM,12.61,10.28,86.0,SSE,0.8,1.45,1028.78,0.0,0.0,0.0,0.0,IMELBO1849.csv
2023/01/06,05:29 AM,12.5,10.33,87.0,SSE,0.97,1.93,1028.78,0.0,0.0,0.0,0.0,IMELBO1849.csv
2023/01/06,05:34 AM,12.5,10.39,87.0,SSE,1.13,1.77,1028.45,0.0,0.0,0.0,0.0,IMELBO1849.csv
2023/01/06,05:39 AM,12.5,10.39,87.0,South,1.77,2.74,1028.45,0.0,0.0,0.0,0.0,IMELBO1849.csv
2023/01/06,05:44 AM,12.5,10.39,87.0,SSE,1.93,3.22,1028.45,0.0,0.0,0.0,0.0,IMELBO1849.csv
2023/01/06,05:49 AM,12.5,10.39,87.0,SSE,1.77,2.74,1028.45,0.0,0.0,0.0,0.0,IMELBO1849.csv
2023/01/06,05:54 AM,12.5,10.39,87.0,South,2.74,3.54,1028.45,0.0,0.0,0.0,0.0,IMELBO1849.csv
2023/01/06,05:59 AM,12.44,10.33,87.0,South,2.41,3.54,1028.45,0.0,0.0,0.0,0.4,IMELBO1849.csv
2023/01/06,06:04 AM,12.39,10.28,87.0,SSE,1.45,2.41,1028.78,0.0,0.0,0.0,1.7,IMELBO1849.csv
2023/01/06,06:09 AM,12.28,10.28,88.0,South,1.45,2.41,1028.78,0.0,0.0,0.0,3.8,IMELBO1849.csv
2023/01/06,06:14 AM,12.28,10.28,88.0,SE,0.64,1.29,1028.78,0.0,0.0,0.0,6.5,IMELBO1849.csv
2023/01/06,06:19 AM,12.28,10.28,88.0,SE,0.64,1.13,1028.78,0.0,0.0,0.0,9.1,IMELBO1849.csv
2023/01/06,06:24 AM,12.11,10.11,88.0,SE,0.0,0.0,1028.78,0.0,0.0,0.0,10.8,IMELBO1849.csv
2023/01/06,06:29 AM,12.11,10.17,88.0,SE,0.0,0.16,1028.78,0.0,0.0,0.0,14.3,IMELBO1849.csv
2023/01/06,06:34 AM,12.17,10.17,88.0,SE,0.0,0.0,1028.78,0.0,0.0,0.0,16.9,IMELBO1849.csv
2023/01/06,06:39 AM,12.11,10.17,88.0,SE,0.0,0.0,1029.12,0.0,0.0,0.0,19.1,IMELBO1849.csv
2023/01/06,06:44 AM,12.11,10.28,89.0,SE,0.0,0.0,1028.78,0.0,0.0,0.0,20.8,IMELBO1849.csv
2023/01/06,06:49 AM,12.11,10.28,89.0,SE,0.0,0.0,1029.12,0.0,0.0,0.0,23.9,IMELBO1849.csv
2023/01/06,06:54 AM,12.17,10.39,89.0,SE,0.48,1.13,1029.12,0.0,0.0,0.0,26.4,IMELBO1849.csv
2023/01/06,06:59 AM,12.33,10.56,89.0,SE,0.0,0.0,1029.12,0.0,0.0,0.0,29.0,IMELBO1849.csv
2023/01/06,07:04 AM,12.44,10.67,89.0,SE,0.16,0.32,1029.12,0.0,0.0,0.0,44.2,IMELBO1849.csv
2023/01/06,07:09 AM,12.61,10.61,88.0,SE,0.0,0.16,1029.46,0.0,0.0,0.0,52.0,IMELBO1849.csv
2023/01/06,07:14 AM,12.94,10.89,87.0,SE,0.32,0.64,1029.46,0.0,0.0,0.0,67.2,IMELBO1849.csv
2023/01/06,07:19 AM,13.56,11.28,86.0,SE,0.16,0.16,1029.46,0.0,0.0,0.0,91.5,IMELBO1849.csv
2023/01/06,07:24 AM,14.22,11.56,84.0,SE,0.16,0.48,1029.46,0.0,0.0,0.0,85.4,IMELBO1849.csv
2023/01/06,07:29 AM,14.67,11.56,81.0,South,1.45,1.93,1029.46,0.0,0.0,0.0,90.7,IMELBO1849.csv
2023/01/06,07:34 AM,14.61,11.39,81.0,South,1.13,1.77,1029.46,0.0,0.0,0.0,99.7,IMELBO1849.csv
2023/01/06,07:39 AM,15.39,11.67,78.0,SE,0.64,1.45,1029.46,0.0,0.0,1.0,122.7,IMELBO1849.csv
2023/01/06,07:44 AM,15.78,11.67,76.0,SSE,0.32,0.8,1029.46,0.0,0.0,1.0,149.6,IMELBO1849.csv
2023/01/06,07:49 AM,16.11,11.72,75.0,SSE,0.97,1.29,1029.46,0.0,0.0,1.0,170.4,IMELBO1849.csv
2023/01/06,07:54 AM,15.94,11.56,75.0,South,1.45,2.25,1029.46,0.0,0.0,1.0,171.3,IMELBO1849.csv
2023/01/06,07:59 AM,16.0,11.72,76.0,ESE,2.74,3.38,1029.8,0.0,0.0,2.0,203.4,IMELBO1849.csv
2023/01/06,08:04 AM,15.78,11.67,76.0,SSE,1.29,1.93,1029.8,0.0,0.0,2.0,210.8,IMELBO1849.csv
2023/01/06,08:09 AM,16.17,11.67,75.0,ESE,2.41,3.22,1029.8,0.0,0.0,2.0,229.0,IMELBO1849.csv
2023/01/06,08:14 AM,16.22,11.78,75.0,East,2.9,3.54,1029.8,0.0,0.0,2.0,256.8,IMELBO1849.csv
2023/01/06,08:19 AM,16.28,11.78,74.0,ESE,2.9,3.54,1029.8,0.0,0.0,2.0,268.9,IMELBO1849.csv
2023/01/06,08:24 AM,16.33,11.78,74.0,SSE,1.93,3.06,1030.14,0.0,0.0,3.0,311.8,IMELBO1849.csv
2023/01/06,08:29 AM,16.44,11.78,74.0,SSE,1.77,2.74,1030.14,0.0,0.0,3.0,324.9,IMELBO1849.csv
2023/01/06,08:34 AM,16.72,11.83,73.0,East,3.38,4.67,1029.8,0.0,0.0,2.0,279.8,IMELBO1849.csv
2023/01/06,08:39 AM,16.94,11.94,72.0,East,3.38,4.67,1029.8,0.0,0.0,2.0,303.6,IMELBO1849.csv
2023/01/06,08:44 AM,17.0,11.94,72.0,ESE,3.06,4.83,1030.14,0.0,0.0,3.0,339.6,IMELBO1849.csv
2023/01/06,08:49 AM,17.11,11.94,72.0,ESE,4.67,6.11,1029.8,0.0,0.0,3.0,369.6,IMELBO1849.csv
2023/01/06,08:54 AM,16.78,11.72,72.0,ESE,5.79,7.88,1030.14,0.0,0.0,3.0,369.1,IMELBO1849.csv
2023/01/06,08:59 AM,17.11,11.78,71.0,ESE,4.83,6.6,1029.8,0.0,0.0,2.0,296.7,IMELBO1849.csv
2023/01/06,09:04 AM,17.44,11.94,70.0,ESE,3.86,5.31,1030.14,0.0,0.0,3.0,327.5,IMELBO1849.csv
2023/01/06,09:09 AM,17.72,12.11,70.0,ESE,4.99,6.92,1030.14,0.0,0.0,3.0,388.2,IMELBO1849.csv
2023/01/06,09:14 AM,17.61,11.89,69.0,South,4.51,5.95,1030.14,0.0,0.0,4.0,460.2,IMELBO1849.csv
2023/01/06,09:19 AM,17.61,11.89,69.0,ESE,5.31,6.92,1030.14,0.0,0.0,4.0,478.5,IMELBO1849.csv
2023/01/06,09:24 AM,18.11,11.89,67.0,ESE,4.83,6.11,1030.14,0.0,0.0,4.0,478.5,IMELBO1849.csv
2023/01/06,09:29 AM,18.5,12.0,66.0,SE,3.22,4.34,1030.14,0.0,0.0,4.0,502.3,IMELBO1849.csv
2023/01/06,09:34 AM,18.83,12.22,65.0,ESE,5.15,6.76,1030.14,0.0,0.0,4.0,450.7,IMELBO1849.csv
2023/01/06,09:39 AM,18.78,12.11,65.0,ESE,6.11,7.88,1030.14,0.0,0.0,5.0,528.7,IMELBO1849.csv
2023/01/06,09:44 AM,18.83,12.17,65.0,ESE,4.51,6.44,1030.14,0.0,0.0,5.0,537.9,IMELBO1849.csv
2023/01/06,09:49 AM,18.83,12.0,65.0,SE,4.18,6.11,1030.14,0.0,0.0,6.0,626.0,IMELBO1849.csv
2023/01/06,09:54 AM,19.56,12.44,63.0,SE,3.86,5.15,1030.14,0.0,0.0,6.0,625.0,IMELBO1849.csv
2023/01/06,09:59 AM,19.5,12.17,63.0,ESE,6.6,8.85,1030.14,0.0,0.0,6.0,635.0,IMELBO1849.csv
2023/01/06,10:04 AM,19.44,12.33,63.0,ESE,7.08,9.33,1030.14,0.0,0.0,5.0,588.7,IMELBO1849.csv
2023/01/06,10:09 AM,18.72,11.89,64.0,ESE,4.67,6.76,1029.8,0.0,0.0,6.0,715.8,IMELBO1849.csv
2023/01/06,10:14 AM,19.06,11.89,63.0,ESE,5.31,7.24,1029.8,0.0,0.0,7.0,730.5,IMELBO1849.csv
2023/01/06,10:19 AM,18.78,11.78,64.0,ESE,5.31,6.76,1029.8,0.0,0.0,7.0,810.4,IMELBO1849.csv
2023/01/06,10:24 AM,19.61,12.06,62.0,ESE,5.47,8.04,1029.8,0.0,0.0,7.0,760.8,IMELBO1849.csv
2023/01/06,10:29 AM,19.44,11.94,62.0,ESE,4.99,7.72,1029.8,0.0,0.0,6.0,681.0,IMELBO1849.csv
2023/01/06,10:34 AM,19.33,11.94,62.0,ESE,4.99,6.92,1029.8,0.0,0.0,7.0,752.6,IMELBO1849.csv
2023/01/06,10:39 AM,19.61,11.78,60.0,ESE,5.79,8.53,1029.8,0.0,0.0,7.0,810.7,IMELBO1849.csv
2023/01/06,10:44 AM,19.78,11.56,59.0,ESE,3.7,5.47,1029.8,0.0,0.0,8.0,922.7,IMELBO1849.csv
2023/01/06,10:49 AM,20.5,11.56,56.0,SE,3.7,5.63,1029.8,0.0,0.0,8.0,896.6,IMELBO1849.csv
2023/01/06,10:54 AM,20.72,11.67,56.0,ESE,5.79,7.88,1029.8,0.0,0.0,9.0,955.7,IMELBO1849.csv
2023/01/06,10:59 AM,20.33,11.67,57.0,ESE,8.04,10.78,1029.8,0.0,0.0,9.0,936.6,IMELBO1849.csv
2023/01/06,11:04 AM,20.56,11.61,56.0,ESE,7.24,10.3,1029.8,0.0,0.0,8.0,900.2,IMELBO1849.csv
2023/01/06,11:09 AM,20.33,11.39,56.0,SE,4.83,7.08,1029.8,0.0,0.0,9.0,980.8,IMELBO1849.csv
2023/01/06,11:14 AM,20.94,11.39,54.0,SE,6.76,9.81,1029.8,0.0,0.0,9.0,957.8,IMELBO1849.csv
2023/01/06,11:19 AM,21.78,11.67,53.0,SE,6.92,11.1,1029.46,0.0,0.0,8.0,855.0,IMELBO1849.csv
2023/01/06,11:24 AM,21.28,11.61,54.0,ESE,8.53,11.58,1029.8,0.0,0.0,4.0,467.2,IMELBO1849.csv
2023/01/06,11:29 AM,20.72,11.33,55.0,ESE,6.76,9.17,1029.8,0.0,0.0,9.0,1009.0,IMELBO1849.csv
2023/01/06,11:34 AM,21.17,11.44,54.0,South,3.06,4.34,1029.8,0.0,0.0,4.0,481.0,IMELBO1849.csv
2023/01/06,11:39 AM,21.44,11.56,53.0,ESE,5.63,7.4,1029.46,0.0,0.0,10.0,1056.3,IMELBO1849.csv
2023/01/06,11:44 AM,21.33,11.56,54.0,East,6.76,8.69,1029.46,0.0,0.0,10.0,1092.3,IMELBO1849.csv
2023/01/06,11:49 AM,21.83,11.56,52.0,ESE,5.47,7.56,1029.46,0.0,0.0,11.0,1146.9,IMELBO1849.csv
2023/01/06,11:54 AM,21.89,11.56,52.0,SE,5.31,7.56,1029.46,0.0,0.0,11.0,1178.2,IMELBO1849.csv
2023/01/06,11:59 AM,22.0,11.67,52.0,ESE,5.79,8.21,1029.46,0.0,0.0,11.0,1162.6,IMELBO1849.csv
2023/01/06,12:04 PM,21.39,11.39,53.0,ESE,3.38,4.83,1029.12,0.0,0.0,10.0,1068.0,IMELBO1849.csv
2023/01/06,12:09 PM,22.67,11.67,50.0,ESE,5.47,7.24,1029.12,0.0,0.0,9.0,925.7,IMELBO1849.csv
2023/01/06,12:14 PM,22.67,11.78,50.0,East,9.49,12.23,1029.12,0.0,0.0,9.0,1006.3,IMELBO1849.csv
2023/01/06,12:19 PM,22.17,11.44,51.0,East,7.56,9.81,1029.12,0.0,0.0,9.0,986.4,IMELBO1849.csv
2023/01/06,12:24 PM,22.17,11.44,51.0,ESE,4.99,6.76,1029.12,0.0,0.0,10.0,1064.6,IMELBO1849.csv
2023/01/06,12:29 PM,22.67,11.56,49.0,SSW,4.34,6.44,1029.12,0.0,0.0,10.0,1063.7,IMELBO1849.csv
2023/01/06,12:34 PM,22.44,11.5,50.0,SE,5.31,7.4,1028.78,0.0,0.0,9.0,959.5,IMELBO1849.csv
2023/01/06,12:39 PM,22.11,11.28,50.0,SSW,4.83,6.76,1028.78,0.0,0.0,8.0,900.5,IMELBO1849.csv
2023/01/06,12:44 PM,21.94,11.11,50.0,SE,6.6,9.33,1029.12,0.0,0.0,8.0,891.0,IMELBO1849.csv
2023/01/06,12:49 PM,22.89,11.44,49.0,SSE,4.02,5.31,1028.78,0.0,0.0,8.0,918.4,IMELBO1849.csv
2023/01/06,12:54 PM,23.22,11.67,48.0,South,4.67,6.44,1028.45,0.0,0.0,8.0,890.1,IMELBO1849.csv
2023/01/06,12:59 PM,23.39,11.89,48.0,ESE,4.99,7.4,1028.78,0.0,0.0,8.0,861.1,IMELBO1849.csv
2023/01/06,01:04 PM,23.72,11.72,47.0,East,4.99,7.08,1028.45,0.0,0.0,8.0,839.3,IMELBO1849.csv
2023/01/06,01:09 PM,23.78,11.61,46.0,ESE,6.11,8.37,1028.45,0.0,0.0,7.0,811.2,IMELBO1849.csv
2023/01/06,01:14 PM,23.39,11.56,47.0,South,6.28,8.53,1028.45,0.0,0.0,8.0,828.6,IMELBO1849.csv
2023/01/06,01:19 PM,23.56,11.67,47.0,SSW,5.15,7.88,1028.45,0.0,0.0,8.0,842.9,IMELBO1849.csv
2023/01/06,01:24 PM,23.72,11.72,47.0,SSE,4.18,5.95,1028.45,0.0,0.0,8.0,843.8,IMELBO1849.csv
2023/01/06,01:29 PM,24.0,11.78,46.0,ESE,4.83,7.56,1028.45,0.0,0.0,7.0,756.9,IMELBO1849.csv
2023/01/06,01:34 PM,24.22,11.83,46.0,SSE,4.51,6.44,1028.45,0.0,0.0,7.0,777.3,IMELBO1849.csv
2023/01/06,01:39 PM,24.56,11.83,45.0,SSE,6.76,9.65,1028.45,0.0,0.0,7.0,812.1,IMELBO1849.csv
2023/01/06,01:44 PM,24.39,11.72,45.0,SE,5.63,8.21,1028.11,0.0,0.0,7.0,810.7,IMELBO1849.csv
2023/01/06,01:49 PM,24.28,11.56,45.0,SSE,5.79,8.21,1028.11,0.0,0.0,7.0,792.1,IMELBO1849.csv
2023/01/06,01:54 PM,24.28,11.56,45.0,SE,4.83,6.76,1028.11,0.0,0.0,7.0,797.8,IMELBO1849.csv
2023/01/06,01:59 PM,24.5,11.5,44.0,SE,6.6,8.85,1028.11,0.0,0.0,8.0,838.5,IMELBO1849.csv
2023/01/06,02:04 PM,24.33,11.67,45.0,ESE,6.44,8.21,1027.77,0.0,0.0,8.0,838.1,IMELBO1849.csv
2023/01/06,02:09 PM,23.89,11.33,45.0,ESE,4.51,6.6,1027.77,0.0,0.0,7.0,800.0,IMELBO1849.csv
2023/01/06,02:14 PM,24.5,11.56,44.0,South,7.56,11.1,1027.77,0.0,0.0,7.0,737.4,IMELBO1849.csv
2023/01/06,02:19 PM,25.22,11.78,43.0,South,6.76,9.49,1027.77,0.0,0.0,6.0,715.8,IMELBO1849.csv
2023/01/06,02:24 PM,25.06,11.78,44.0,SSW,7.88,10.62,1027.43,0.0,0.0,7.0,740.5,IMELBO1849.csv
2023/01/06,02:29 PM,25.39,11.94,43.0,SSE,7.08,10.14,1027.77,0.0,0.0,7.0,793.0,IMELBO1849.csv
2023/01/06,02:34 PM,25.11,11.83,43.0,South,8.85,12.39,1027.43,0.0,0.0,7.0,805.6,IMELBO1849.csv
2023/01/06,02:39 PM,24.67,11.78,44.0,South,5.63,8.21,1027.43,0.0,0.0,7.0,779.5,IMELBO1849.csv
2023/01/06,02:44 PM,25.06,11.78,43.0,ESE,6.28,9.17,1027.43,0.0,0.0,7.0,787.7,IMELBO1849.csv
2023/01/06,02:49 PM,25.28,12.0,44.0,North,9.65,13.03,1027.43,0.0,0.0,8.0,830.7,IMELBO1849.csv
2023/01/06,02:54 PM,25.11,12.0,44.0,SE,7.08,11.1,1027.43,0.0,0.0,7.0,755.2,IMELBO1849.csv
2023/01/06,02:59 PM,24.89,11.72,44.0,South,5.63,8.21,1027.09,0.0,0.0,7.0,743.1,IMELBO1849.csv
2023/01/06,03:04 PM,25.28,11.89,43.0,SSW,10.78,16.25,1027.09,0.0,0.0,7.0,738.8,IMELBO1849.csv
2023/01/06,03:09 PM,25.0,11.89,44.0,South,9.17,12.87,1027.09,0.0,0.0,6.0,685.3,IMELBO1849.csv
2023/01/06,03:14 PM,25.28,11.94,43.0,South,9.01,13.03,1027.09,0.0,0.0,6.0,709.2,IMELBO1849.csv
2023/01/06,03:19 PM,25.72,12.22,43.0,SE,7.08,10.3,1027.09,0.0,0.0,7.0,758.7,IMELBO1849.csv
2023/01/06,03:24 PM,25.67,12.39,44.0,SSE,6.28,8.37,1027.09,0.0,0.0,7.0,795.5,IMELBO1849.csv
2023/01/06,03:29 PM,25.72,12.44,44.0,SSW,8.53,13.35,1027.09,0.0,0.0,7.0,804.7,IMELBO1849.csv
2023/01/06,03:34 PM,25.22,12.17,44.0,SSW,10.46,14.64,1026.75,0.0,0.0,7.0,802.5,IMELBO1849.csv
2023/01/06,03:39 PM,25.28,12.17,44.0,South,9.81,13.19,1026.75,0.0,0.0,7.0,815.5,IMELBO1849.csv
2023/01/06,03:44 PM,25.11,12.0,44.0,SE,7.56,11.26,1026.75,0.0,0.0,7.0,822.5,IMELBO1849.csv
2023/01/06,03:49 PM,25.39,12.28,44.0,SE,9.01,11.75,1026.75,0.0,0.0,7.0,809.9,IMELBO1849.csv
2023/01/06,03:54 PM,25.28,12.11,44.0,South,9.01,13.19,1026.75,0.0,0.0,7.0,757.9,IMELBO1849.csv
2023/01/06,03:59 PM,25.22,12.06,44.0,South,8.37,12.23,1026.41,0.0,0.0,7.0,737.0,IMELBO1849.csv
2023/01/06,04:04 PM,25.56,12.22,44.0,SSE,9.01,12.71,1026.41,0.0,0.0,7.0,760.0,IMELBO1849.csv
2023/01/06,04:09 PM,25.5,12.11,43.0,South,6.76,9.81,1026.75,0.0,0.0,7.0,750.4,IMELBO1849.csv
2023/01/06,04:14 PM,25.5,12.11,43.0,SSE,7.72,10.94,1026.41,0.0,0.0,6.0,682.4,IMELBO1849.csv
2023/01/06,04:19 PM,25.44,12.0,43.0,South,6.28,9.01,1026.41,0.0,0.0,6.0,682.4,IMELBO1849.csv
2023/01/06,04:24 PM,25.78,12.22,43.0,SSE,5.63,8.37,1026.41,0.0,0.0,6.0,691.0,IMELBO1849.csv
2023/01/06,04:29 PM,25.67,12.17,43.0,South,7.24,10.3,1026.41,0.0,0.0,7.0,767.4,IMELBO1849.csv
2023/01/06,04:34 PM,25.61,12.11,43.0,SE,6.6,10.46,1026.41,0.0,0.0,7.0,787.4,IMELBO1849.csv
2023/01/06,04:39 PM,25.33,12.06,44.0,South,8.37,11.58,1026.41,0.0,0.0,7.0,794.2,IMELBO1849.csv
2023/01/06,04:44 PM,25.56,12.17,43.0,SSE,6.6,10.3,1026.41,0.0,0.0,7.0,791.3,IMELBO1849.csv
2023/01/06,04:49 PM,25.67,12.17,43.0,SE,6.92,9.81,1026.41,0.0,0.0,7.0,768.3,IMELBO1849.csv
2023/01/06,04:54 PM,25.28,11.94,43.0,South,6.44,9.81,1026.41,0.0,0.0,7.0,760.8,IMELBO1849.csv
2023/01/06,04:59 PM,25.39,11.94,43.0,SE,5.31,7.4,1026.08,0.0,0.0,6.0,715.3,IMELBO1849.csv
2023/01/06,05:04 PM,25.67,12.17,43.0,SE,6.44,9.33,1026.08,0.0,0.0,6.0,625.0,IMELBO1849.csv
2023/01/06,05:09 PM,25.39,11.94,43.0,SSE,6.6,9.33,1026.08,0.0,0.0,6.0,626.4,IMELBO1849.csv
2023/01/06,05:14 PM,25.06,11.78,43.0,SSW,8.21,12.07,1026.08,0.0,0.0,6.0,630.8,IMELBO1849.csv
2023/01/06,05:19 PM,25.28,11.78,43.0,,9.17,14.0,1026.08,0.0,0.0,6.0,628.6,IMELBO1849.csv
2023/01/06,05:24 PM,25.5,11.94,43.0,SE,6.44,9.33,1026.08,0.0,0.0,5.0,576.5,IMELBO1849.csv
2023/01/06,05:29 PM,25.61,12.0,43.0,SSE,6.6,9.65,1026.08,0.0,0.0,5.0,518.3,IMELBO1849.csv
2023/01/06,05:34 PM,25.56,11.89,42.0,SSE,7.56,10.3,1025.74,0.0,0.0,5.0,518.3,IMELBO1849.csv
2023/01/06,05:39 PM,25.33,11.83,43.0,South,6.92,10.46,1025.74,0.0,0.0,5.0,529.6,IMELBO1849.csv
2023/01/06,05:44 PM,25.5,11.89,43.0,ESE,5.15,6.92,1026.08,0.0,0.0,4.0,511.4,IMELBO1849.csv
2023/01/06,05:49 PM,25.17,11.83,43.0,SSE,6.44,9.65,1025.74,0.0,0.0,4.0,458.9,IMELBO1849.csv
2023/01/06,05:54 PM,25.0,11.78,44.0,South,7.08,9.81,1025.74,0.0,0.0,4.0,445.4,IMELBO1849.csv
2023/01/06,05:59 PM,25.0,11.72,43.0,SE,5.47,7.88,1025.74,0.0,0.0,4.0,462.4,IMELBO1849.csv
2023/01/06,06:04 PM,25.11,11.67,43.0,SSE,6.11,8.69,1025.74,0.0,0.0,4.0,437.2,IMELBO1849.csv
2023/01/06,06:09 PM,24.83,11.5,43.0,South,8.69,13.19,1025.74,0.0,0.0,3.0,377.4,IMELBO1849.csv
2023/01/06,06:14 PM,24.67,11.61,44.0,SSE,6.28,9.01,1025.74,0.0,0.0,2.0,268.0,IMELBO1849.csv
2023/01/06,06:19 PM,24.72,11.72,44.0,NNW,4.67,7.4,1025.74,0.0,0.0,3.0,317.5,IMELBO1849.csv
2023/01/06,06:24 PM,24.67,11.67,44.0,SSE,5.95,9.33,1025.74,0.0,0.0,3.0,327.9,IMELBO1849.csv
2023/01/06,06:29 PM,24.72,11.67,44.0,SSE,5.31,8.53,1025.74,0.0,0.0,2.0,295.3,IMELBO1849.csv
2023/01/06,06:34 PM,24.72,11.5,44.0,SSE,7.08,10.46,1026.08,0.0,0.0,2.0,275.4,IMELBO1849.csv
2023/01/06,06:39 PM,24.17,11.44,45.0,SSW,9.17,12.87,1025.74,0.0,0.0,2.0,290.2,IMELBO1849.csv
2023/01/06,06:44 PM,24.22,11.44,45.0,South,6.76,9.81,1026.08,0.0,0.0,2.0,279.8,IMELBO1849.csv
2023/01/06,06:49 PM,24.17,11.5,45.0,SSE,6.92,10.78,1025.74,0.0,0.0,2.0,275.4,IMELBO1849.csv
2023/01/06,06:54 PM,24.06,11.44,45.0,SSE,6.6,9.81,1025.74,0.0,0.0,2.0,253.2,IMELBO1849.csv
2023/01/06,06:59 PM,23.78,11.44,46.0,South,8.04,11.75,1025.74,0.0,0.0,2.0,218.1,IMELBO1849.csv
2023/01/06,07:04 PM,23.83,11.5,46.0,SSE,5.47,8.53,1025.74,0.0,0.0,1.0,163.9,IMELBO1849.csv
2023/01/06,07:09 PM,23.67,11.44,46.0,SSE,5.31,7.56,1026.08,0.0,0.0,1.0,163.4,IMELBO1849.csv
2023/01/06,07:14 PM,23.39,11.56,47.0,SSE,7.72,11.26,1025.74,0.0,0.0,0.0,87.6,IMELBO1849.csv
2023/01/06,07:19 PM,23.22,11.33,47.0,SSW,7.08,10.94,1026.08,0.0,0.0,0.0,47.7,IMELBO1849.csv
2023/01/06,07:24 PM,23.28,11.56,48.0,SSE,5.63,8.69,1026.08,0.0,0.0,0.0,45.5,IMELBO1849.csv
2023/01/06,07:29 PM,23.17,11.56,48.0,NNW,5.15,7.72,1026.08,0.0,0.0,0.0,43.8,IMELBO1849.csv
2023/01/06,07:34 PM,23.06,11.61,49.0,SSE,7.88,12.23,1025.74,0.0,0.0,0.0,42.0,IMELBO1849.csv
2023/01/06,07:39 PM,22.83,11.61,49.0,SSE,6.6,9.33,1026.08,0.0,0.0,0.0,40.2,IMELBO1849.csv
2023/01/06,07:44 PM,22.78,11.67,49.0,South,5.95,8.85,1026.08,0.0,0.0,0.0,38.2,IMELBO1849.csv
2023/01/06,07:49 PM,22.56,11.67,50.0,South,7.08,10.78,1026.08,0.0,0.0,0.0,36.0,IMELBO1849.csv
2023/01/06,07:54 PM,22.33,11.78,51.0,South,7.4,11.1,1026.08,0.0,0.0,0.0,34.3,IMELBO1849.csv
2023/01/06,07:59 PM,22.28,11.83,52.0,South,4.51,6.92,1026.08,0.0,0.0,0.0,31.6,IMELBO1849.csv
2023/01/06,08:04 PM,22.22,11.89,52.0,SE,4.18,6.6,1026.08,0.0,0.0,0.0,29.0,IMELBO1849.csv
2023/01/06,08:09 PM,22.0,11.72,52.0,SSE,4.83,7.4,1026.08,0.0,0.0,0.0,26.8,IMELBO1849.csv
2023/01/06,08:14 PM,21.78,11.72,53.0,South,4.83,7.24,1026.08,0.0,0.0,0.0,23.9,IMELBO1849.csv
2023/01/06,08:19 PM,21.61,11.61,53.0,SSE,4.99,7.08,1026.08,0.0,0.0,0.0,20.3,IMELBO1849.csv
2023/01/06,08:24 PM,21.44,11.72,54.0,SSE,5.95,9.17,1026.08,0.0,0.0,0.0,18.1,IMELBO1849.csv
2023/01/06,08:29 PM,21.28,11.83,55.0,South,4.02,5.95,1026.08,0.0,0.0,0.0,15.2,IMELBO1849.csv
2023/01/06,08:34 PM,21.11,12.17,57.0,SSE,4.67,7.56,1026.08,0.0,0.0,0.0,12.1,IMELBO1849.csv
2023/01/06,08:39 PM,20.83,12.17,57.0,SSE,6.44,9.49,1026.08,0.0,0.0,0.0,8.2,IMELBO1849.csv
2023/01/06,08:44 PM,20.67,12.11,58.0,South,5.31,7.88,1026.08,0.0,0.0,0.0,5.6,IMELBO1849.csv
2023/01/06,08:49 PM,20.5,12.0,58.0,SSW,6.44,9.33,1026.08,0.0,0.0,0.0,2.9,IMELBO1849.csv
2023/01/06,08:54 PM,20.33,12.06,59.0,SSE,3.54,5.31,1026.08,0.0,0.0,0.0,1.2,IMELBO1849.csv
2023/01/06,08:59 PM,20.22,12.11,60.0,SE,3.22,4.67,1026.08,0.0,0.0,0.0,0.0,IMELBO1849.csv
2023/01/06,09:04 PM,20.11,12.11,60.0,South,3.7,5.47,1026.08,0.0,0.0,0.0,0.0,IMELBO1849.csv
2023/01/06,09:09 PM,20.0,12.0,60.0,SSE,4.02,5.95,1026.08,0.0,0.0,0.0,0.0,IMELBO1849.csv
2023/01/06,09:14 PM,19.89,12.17,61.0,SSE,2.9,4.51,1026.08,0.0,0.0,0.0,0.0,IMELBO1849.csv
2023/01/06,09:19 PM,19.72,12.06,61.0,South,3.86,5.63,1026.41,0.0,0.0,0.0,0.0,IMELBO1849.csv
2023/01/06,09:24 PM,19.89,12.22,61.0,South,3.22,4.34,1026.41,0.0,0.0,0.0,0.0,IMELBO1849.csv
2023/01/06,09:29 PM,19.78,12.06,61.0,SSE,2.25,3.22,1026.41,0.0,0.0,0.0,0.0,IMELBO1849.csv
2023/01/06,09:34 PM,19.56,12.06,62.0,SSE,2.25,3.54,1026.41,0.0,0.0,0.0,0.0,IMELBO1849.csv
2023/01/06,09:39 PM,19.39,11.89,62.0,SSE,2.9,4.02,1026.41,0.0,0.0,0.0,0.0,IMELBO1849.csv
2023/01/06,09:44 PM,19.28,12.11,63.0,South,1.93,3.06,1026.75,0.0,0.0,0.0,0.0,IMELBO1849.csv
2023/01/06,09:49 PM,19.22,12.0,63.0,South,2.9,4.67,1026.75,0.0,0.0,0.0,0.0,IMELBO1849.csv
2023/01/06,09:54 PM,19.11,11.94,63.0,SSE,2.25,3.06,1026.75,0.0,0.0,0.0,0.0,IMELBO1849.csv
2023/01/06,09:59 PM,19.0,12.0,64.0,SSE,2.57,3.86,1026.75,0.0,0.0,0.0,0.0,IMELBO1849.csv
2023/01/06,10:04 PM,18.94,12.06,64.0,South,2.9,4.34,1026.75,0.0,0.0,0.0,0.0,IMELBO1849.csv
2023/01/06,10:09 PM,18.83,11.94,64.0,South,1.93,2.57,1026.75,0.0,0.0,0.0,0.0,IMELBO1849.csv
2023/01/06,10:14 PM,18.78,11.89,64.0,SSE,2.25,3.54,1026.75,0.0,0.0,0.0,0.0,IMELBO1849.csv
2023/01/06,10:19 PM,18.67,11.94,65.0,SSE,1.77,2.74,1026.75,0.0,0.0,0.0,0.0,IMELBO1849.csv
2023/01/06,10:24 PM,18.5,11.78,65.0,SSE,2.57,3.54,1026.75,0.0,0.0,0.0,0.0,IMELBO1849.csv
2023/01/06,10:29 PM,18.61,11.89,65.0,South,2.57,4.34,1026.75,0.0,0.0,0.0,0.0,IMELBO1849.csv
2023/01/06,10:34 PM,18.44,11.78,65.0,SSE,1.77,2.57,1026.75,0.0,0.0,0.0,0.0,IMELBO1849.csv
2023/01/06,10:39 PM,18.28,11.83,66.0,South,1.13,1.93,1026.75,0.0,0.0,0.0,0.0,IMELBO1849.csv
2023/01/06,10:44 PM,18.17,11.83,66.0,South,1.13,1.93,1026.75,0.0,0.0,0.0,0.0,IMELBO1849.csv
2023/01/06,10:49 PM,18.0,11.78,67.0,South,2.74,3.86,1026.75,0.0,0.0,0.0,0.0,IMELBO1849.csv
2023/01/06,10:54 PM,17.89,11.78,67.0,South,2.25,2.9,1026.75,0.0,0.0,0.0,0.0,IMELBO1849.csv
2023/01/06,10:59 PM,17.72,11.72,68.0,South,1.61,3.06,1027.09,0.0,0.0,0.0,0.0,IMELBO1849.csv
2023/01/06,11:04 PM,17.61,11.89,69.0,South,1.45,2.41,1026.75,0.0,0.0,0.0,0.0,IMELBO1849.csv
2023/01/06,11:09 PM,17.61,11.89,69.0,South,1.61,2.74,1027.09,0.0,0.0,0.0,0.0,IMELBO1849.csv
2023/01/06,11:14 PM,17.44,11.78,69.0,South,1.13,2.09,1027.09,0.0,0.0,0.0,0.0,IMELBO1849.csv
2023/01/06,11:19 PM,17.28,11.72,70.0,South,1.29,1.93,1026.75,0.0,0.0,0.0,0.0,IMELBO1849.csv
2023/01/06,11:24 PM,17.28,11.78,70.0,South,1.77,2.25,1026.75,0.0,0.0,0.0,0.0,IMELBO1849.csv
2023/01/06,11:29 PM,17.22,11.72,70.0,South,1.61,2.41,1026.75,0.0,0.0,0.0,0.0,IMELBO1849.csv
2023/01/06,11:34 PM,17.06,11.67,71.0,South,0.8,1.29,1026.75,0.0,0.0,0.0,0.0,IMELBO1849.csv
2023/01/06,11:39 PM,16.89,11.61,71.0,South,1.77,2.57,1026.75,0.0,0.0,0.0,0.0,IMELBO1849.csv
2023/01/06,11:44 PM,16.83,11.72,72.0,South,1.13,1.61,1026.75,0.0,0.0,0.0,0.0,IMELBO1849.csv
2023/01/06,11:49 PM,16.72,11.67,72.0,South,0.64,1.13,1026.75,0.0,0.0,0.0,0.0,IMELBO1849.csv
2023/01/06,11:54 PM,16.67,11.56,72.0,South,0.32,0.64,1026.75,0.0,0.0,0.0,0.0,IMELBO1849.csv
2023/01/06,11:59 PM,16.44,11.61,73.0,South,0.16,0.16,1026.75,0.0,0.0,0.0,0.0,IMELBO1849.csv
2023/01/07,12:04 AM,16.39,11.61,73.0,South,0.64,1.29,1026.75,0.0,0.0,0.0,0.0,IMELBO1849.csv
2023/01/07,12:09 AM,16.39,11.61,73.0,South,0.48,0.8,1026.41,0.0,0.0,0.0,0.0,IMELBO1849.csv
2023/01/07,12:14 AM,16.33,11.72,74.0,South,0.16,0.8,1026.75,0.0,0.0,0.0,0.0,IMELBO1849.csv
2023/01/07,12:19 AM,16.28,11.72,74.0,South,0.0,0.16,1026.41,0.0,0.0,0.0,0.0,IMELBO1849.csv
2023/01/07,12:24 AM,16.22,11.61,74.0,South,0.32,0.97,1026.41,0.0,0.0,0.0,0.0,IMELBO1849.csv
2023/01/07,12:29 AM,16.17,11.56,74.0,South,0.0,0.16,1026.41,0.0,0.0,0.0,0.0,IMELBO1849.csv
2023/01/07,12:34 AM,16.0,11.44,74.0,South,0.0,0.0,1026.41,0.0,0.0,0.0,0.0,IMELBO1849.csv
2023/01/07,12:39 AM,15.83,11.39,75.0,South,0.0,0.0,1026.41,0.0,0.0,0.0,0.0,IMELBO1849.csv
2023/01/07,12:44 AM,15.72,11.5,76.0,South,0.0,0.0,1026.41,0.0,0.0,0.0,0.0,IMELBO1849.csv
2023/01/07,12:49 AM,15.56,11.5,77.0,South,0.64,1.13,1026.41,0.0,0.0,0.0,0.0,IMELBO1849.csv
2023/01/07,12:54 AM,15.61,11.39,76.0,SSW,1.29,1.77,1026.41,0.0,0.0,0.0,0.0,IMELBO1849.csv
2023/01/07,12:59 AM,15.5,11.44,77.0,SW,2.41,3.06,1026.41,0.0,0.0,0.0,0.0,IMELBO1849.csv
2023/01/07,01:04 AM,15.28,11.28,77.0,SW,1.77,2.41,1026.41,0.0,0.0,0.0,0.0,IMELBO1849.csv
2023/01/07,01:09 AM,15.17,11.28,78.0,SW,0.48,0.8,1026.41,0.0,0.0,0.0,0.0,IMELBO1849.csv
2023/01/07,01:14 AM,14.94,11.17,78.0,SW,0.0,0.0,1026.41,0.0,0.0,0.0,0.0,IMELBO1849.csv
2023/01/07,01:19 AM,14.78,11.22,79.0,SW,1.29,2.09,1026.41,0.0,0.0,0.0,0.0,IMELBO1849.csv
2023/01/07,01:24 AM,14.72,11.17,79.0,SW,0.16,0.64,1026.41,0.0,0.0,0.0,0.0,IMELBO1849.csv
2023/01/07,01:29 AM,14.61,11.11,80.0,SW,0.48,0.97,1026.08,0.0,0.0,0.0,0.0,IMELBO1849.csv
2023/01/07,01:34 AM,14.5,11.11,80.0,SW,1.93,2.9,1026.08,0.0,0.0,0.0,0.0,IMELBO1849.csv
2023/01/07,01:39 AM,14.39,11.0,80.0,WSW,1.29,1.93,1026.41,0.0,0.0,0.0,0.0,IMELBO1849.csv
2023/01/07,01:44 AM,14.28,11.06,81.0,WSW,1.29,2.41,1026.41,0.0,0.0,0.0,0.0,IMELBO1849.csv
2023/01/07,01:49 AM,14.22,11.0,81.0,WSW,0.8,1.45,1026.08,0.0,0.0,0.0,0.0,IMELBO1849.csv
2023/01/07,01:54 AM,14.11,11.06,82.0,WSW,1.29,1.77,1026.41,0.0,0.0,0.0,0.0,IMELBO1849.csv
2023/01/07,01:59 AM,14.0,11.0,82.0,WSW,0.48,0.97,1026.41,0.0,0.0,0.0,0.0,IMELBO1849.csv
2023/01/07,02:04 AM,14.0,11.0,82.0,WSW,0.32,0.8,1026.08,0.0,0.0,0.0,0.0,IMELBO1849.csv
2023/01/07,02:09 AM,13.94,11.0,82.0,WSW,2.41,3.06,1026.41,0.0,0.0,0.0,0.0,IMELBO1849.csv
2023/01/07,02:14 AM,13.89,11.11,83.0,West,3.06,4.67,1026.08,0.0,0.0,0.0,0.0,IMELBO1849.csv
2023/01/07,02:19 AM,13.83,11.06,83.0,WNW,3.22,4.34,1026.08,0.0,0.0,0.0,0.0,IMELBO1849.csv
2023/01/07,02:24 AM,13.78,11.06,84.0,WNW,1.61,2.25,1026.08,0.0,0.0,0.0,0.0,IMELBO1849.csv
2023/01/07,02:29 AM,13.72,11.0,84.0,WNW,2.57,3.38,1026.08,0.0,0.0,0.0,0.0,IMELBO1849.csv
2023/01/07,02:34 AM,13.61,10.89,84.0,WNW,2.41,3.38,1026.08,0.0,0.0,0.0,0.0,IMELBO1849.csv
2023/01/07,02:39 AM,13.61,11.06,85.0,WNW,2.57,3.7,1026.08,0.0,0.0,0.0,0.0,IMELBO1849.csv
2023/01/07,02:44 AM,13.61,11.11,85.0,WNW,1.77,2.74,1026.08,0.0,0.0,0.0,0.0,IMELBO1849.csv
2023/01/07,02:49 AM,13.56,11.06,85.0,WNW,1.77,2.57,1026.08,0.0,0.0,0.0,0.0,IMELBO1849.csv
2023/01/07,02:54 AM,13.44,10.94,85.0,WNW,1.61,2.41,1026.08,0.0,0.0,0.0,0.0,IMELBO1849.csv
2023/01/07,02:59 AM,13.39,11.0,85.0,WNW,1.45,1.93,1026.08,0.0,0.0,0.0,0.0,IMELBO1849.csv
2023/01/07,03:04 AM,13.33,11.06,86.0,WNW,2.25,3.06,1026.08,0.0,0.0,0.0,0.0,IMELBO1849.csv
2023/01/07,03:09 AM,13.28,11.0,86.0,WNW,2.41,3.22,1026.08,0.0,0.0,0.0,0.0,IMELBO1849.csv
2023/01/07,03:14 AM,13.28,10.94,86.0,WNW,2.57,3.38,1026.08,0.0,0.0,0.0,0.0,IMELBO1849.csv
2023/01/07,03:19 AM,13.22,10.94,86.0,WNW,2.09,3.54,1025.74,0.0,0.0,0.0,0.0,IMELBO1849.csv
2023/01/07,03:24 AM,13.22,11.11,87.0,WNW,3.38,4.67,1026.08,0.0,0.0,0.0,0.0,IMELBO1849.csv
2023/01/07,03:29 AM,13.22,11.11,87.0,WNW,2.74,3.86,1025.74,0.0,0.0,0.0,0.0,IMELBO1849.csv
2023/01/07,03:34 AM,13.22,11.11,87.0,WNW,3.06,4.34,1025.74,0.0,0.0,0.0,0.0,IMELBO1849.csv
2023/01/07,03:39 AM,13.22,11.11,87.0,WNW,3.38,4.51,1026.08,0.0,0.0,0.0,0.0,IMELBO1849.csv
2023/01/07,03:44 AM,13.22,11.11,87.0,WNW,3.86,5.31,1025.74,0.0,0.0,0.0,0.0,IMELBO1849.csv
2023/01/07,03:49 AM,13.22,11.11,87.0,WNW,3.06,4.34,1025.74,0.0,0.0,0.0,0.0,IMELBO1849.csv
2023/01/07,03:54 AM,13.22,11.17,87.0,WNW,3.06,4.18,1025.74,0.0,0.0,0.0,0.0,IMELBO1849.csv
2023/01/07,03:59 AM,13.22,11.11,87.0,WNW,3.86,4.83,1025.74,0.0,0.0,0.0,0.0,IMELBO1849.csv
2023/01/07,04:04 AM,13.22,11.11,87.0,WNW,3.38,4.34,1025.74,0.0,0.0,0.0,0.0,IMELBO1849.csv
2023/01/07,04:09 AM,13.28,11.22,87.0,WNW,2.9,3.86,1025.74,0.0,0.0,0.0,0.0,IMELBO1849.csv
2023/01/07,04:14 AM,13.28,11.22,87.0,WNW,2.74,3.86,1025.74,0.0,0.0,0.0,0.0,IMELBO1849.csv
2023/01/07,04:19 AM,13.22,11.17,87.0,WNW,1.61,2.41,1025.74,0.0,0.0,0.0,0.0,IMELBO1849.csv
2023/01/07,04:24 AM,13.22,11.11,87.0,WNW,2.25,3.22,1025.74,0.0,0.0,0.0,0.0,IMELBO1849.csv
2023/01/07,04:29 AM,13.22,11.11,87.0,WNW,3.06,3.86,1025.74,0.0,0.0,0.0,0.0,IMELBO1849.csv
2023/01/07,04:34 AM,13.22,11.11,87.0,WNW,2.9,4.02,1025.4,0.0,0.0,0.0,0.0,IMELBO1849.csv
2023/01/07,04:39 AM,13.22,11.11,87.0,NW,2.74,3.86,1025.74,0.0,0.0,0.0,0.0,IMELBO1849.csv
2023/01/07,04:44 AM,13.22,11.11,87.0,WNW,1.61,2.41,1025.74,0.0,0.0,0.0,0.0,IMELBO1849.csv
2023/01/07,04:49 AM,13.17,11.11,87.0,WNW,0.32,0.48,1025.74,0.0,0.0,0.0,0.0,IMELBO1849.csv
2023/01/07,04:54 AM,13.11,11.11,88.0,NNW,0.64,1.29,1025.74,0.0,0.0,0.0,0.0,IMELBO1849.csv
2023/01/07,04:59 AM,13.06,11.06,88.0,NNW,0.8,1.45,1025.74,0.0,0.0,0.0,0.0,IMELBO1849.csv
2023/01/07,05:04 AM,13.0,11.0,88.0,NNW,0.48,0.97,1025.74,0.0,0.0,0.0,0.0,IMELBO1849.csv
2023/01/07,05:09 AM,13.0,11.0,88.0,NNW,1.77,2.57,1025.74,0.0,0.0,0.0,0.0,IMELBO1849.csv
2023/01/07,05:14 AM,12.78,10.78,88.0,NNW,2.25,3.38,1025.74,0.0,0.0,0.0,0.0,IMELBO1849.csv
2023/01/07,05:19 AM,12.67,10.67,88.0,NNW,1.77,2.41,1025.74,0.0,0.0,0.0,0.0,IMELBO1849.csv
2023/01/07,05:24 AM,12.56,10.61,88.0,NNW,1.61,2.09,1026.08,0.0,0.0,0.0,0.0,IMELBO1849.csv
2023/01/07,05:29 AM,12.39,10.61,89.0,NNW,1.45,1.93,1026.08,0.0,0.0,0.0,0.0,IMELBO1849.csv
2023/01/07,05:34 AM,12.33,10.56,89.0,NNW,0.48,1.29,1026.08,0.0,0.0,0.0,0.0,IMELBO1849.csv
2023/01/07,05:39 AM,12.28,10.44,89.0,NNW,1.13,1.77,1026.08,0.0,0.0,0.0,0.0,IMELBO1849.csv
2023/01/07,05:44 AM,12.22,10.5,90.0,NNW,1.13,1.77,1026.08,0.0,0.0,0.0,0.0,IMELBO1849.csv
2023/01/07,05:49 AM,12.06,10.44,90.0,NNW,0.16,0.48,1026.08,0.0,0.0,0.0,0.0,IMELBO1849.csv
2023/01/07,05:54 AM,11.89,10.28,90.0,NNW,0.64,1.13,1026.08,0.0,0.0,0.0,0.0,IMELBO1849.csv
2023/01/07,05:59 AM,12.0,10.39,90.0,NNW,0.64,1.29,1026.08,0.0,0.0,0.0,0.0,IMELBO1849.csv
2023/01/07,06:04 AM,11.89,10.28,90.0,NNW,1.29,1.93,1026.08,0.0,0.0,0.0,1.2,IMELBO1849.csv
2023/01/07,06:09 AM,11.89,10.28,90.0,NNW,1.29,1.93,1026.08,0.0,0.0,0.0,3.4,IMELBO1849.csv
2023/01/07,06:14 AM,11.89,10.28,90.0,NNW,1.77,2.57,1026.08,0.0,0.0,0.0,5.6,IMELBO1849.csv
2023/01/07,06:19 AM,11.89,10.28,90.0,,0.64,1.13,1026.08,0.0,0.0,0.0,7.7,IMELBO1849.csv
2023/01/07,06:24 AM,11.78,10.22,90.0,,0.16,0.48,1026.08,0.0,0.0,0.0,10.4,IMELBO1849.csv
2023/01/07,06:29 AM,11.72,10.11,90.0,,0.16,0.48,1026.08,0.0,0.0,0.0,13.3,IMELBO1849.csv
2023/01/07,06:34 AM,11.78,10.22,90.0,,0.32,1.29,1026.08,0.0,0.0,0.0,16.0,IMELBO1849.csv
2023/01/07,06:39 AM,11.78,10.22,90.0,,0.48,1.13,1026.41,0.0,0.0,0.0,18.6,IMELBO1849.csv
2023/01/07,06:44 AM,11.89,10.11,89.0,,0.32,0.64,1026.41,0.0,0.0,0.0,20.8,IMELBO1849.csv
2023/01/07,06:49 AM,11.89,10.11,89.0,,1.13,1.93,1026.41,0.0,0.0,0.0,24.2,IMELBO1849.csv
2023/01/07,06:54 AM,12.06,10.22,89.0,NNE,1.29,1.77,1026.41,0.0,0.0,0.0,26.4,IMELBO1849.csv
2023/01/07,06:59 AM,12.17,10.22,88.0,ENE,1.61,2.41,1026.41,0.0,0.0,0.0,29.5,IMELBO1849.csv
2023/01/07,07:04 AM,12.28,10.28,88.0,ENE,1.13,1.93,1026.41,0.0,0.0,0.0,43.8,IMELBO1849.csv
2023/01/07,07:09 AM,12.5,10.39,87.0,ENE,1.93,3.06,1026.41,0.0,0.0,0.0,50.7,IMELBO1849.csv
2023/01/07,07:14 AM,12.94,10.56,86.0,ENE,1.77,2.09,1026.75,0.0,0.0,0.0,62.4,IMELBO1849.csv
2023/01/07,07:19 AM,13.5,10.78,84.0,East,1.93,2.74,1026.75,0.0,0.0,0.0,91.9,IMELBO1849.csv
2023/01/07,07:24 AM,14.0,10.94,82.0,ENE,1.93,2.41,1026.75,0.0,0.0,0.0,79.8,IMELBO1849.csv
2023/01/07,07:29 AM,14.33,11.06,81.0,ENE,2.25,3.06,1026.75,0.0,0.0,0.0,90.7,IMELBO1849.csv
2023/01/07,07:34 AM,14.56,11.11,80.0,East,2.74,3.54,1026.75,0.0,0.0,1.0,103.6,IMELBO1849.csv
2023/01/07,07:39 AM,14.78,11.22,79.0,ENE,2.25,3.06,1026.75,0.0,0.0,1.0,122.7,IMELBO1849.csv
2023/01/07,07:44 AM,15.22,11.44,78.0,East,3.38,4.51,1026.75,0.0,0.0,1.0,147.4,IMELBO1849.csv
2023/01/07,07:49 AM,15.28,11.56,78.0,East,4.51,5.63,1027.09,0.0,0.0,1.0,165.3,IMELBO1849.csv
2023/01/07,07:54 AM,15.39,11.61,78.0,East,4.02,5.31,1027.09,0.0,0.0,1.0,168.2,IMELBO1849.csv
2023/01/07,07:59 AM,15.72,11.72,77.0,East,4.83,6.11,1027.09,0.0,0.0,1.0,198.7,IMELBO1849.csv
2023/01/07,08:04 AM,15.89,11.89,77.0,East,5.95,7.4,1027.09,0.0,0.0,2.0,208.6,IMELBO1849.csv
2023/01/07,08:09 AM,16.06,12.06,77.0,ESE,5.95,7.56,1027.09,0.0,0.0,2.0,224.6,IMELBO1849.csv
2023/01/07,08:14 AM,16.5,12.28,76.0,ESE,6.28,8.04,1027.09,0.0,0.0,2.0,253.2,IMELBO1849.csv
2023/01/07,08:19 AM,16.83,12.44,75.0,East,5.47,7.08,1027.09,0.0,0.0,2.0,261.1,IMELBO1849.csv
2023/01/07,08:24 AM,17.17,12.56,74.0,ESE,6.11,7.56,1027.09,0.0,0.0,2.0,285.8,IMELBO1849.csv
2023/01/07,08:29 AM,17.56,12.67,73.0,East,5.63,7.4,1027.09,0.0,0.0,2.0,288.5,IMELBO1849.csv
2023/01/07,08:34 AM,17.94,12.78,72.0,East,5.15,7.08,1027.09,0.0,0.0,2.0,280.6,IMELBO1849.csv
2023/01/07,08:39 AM,18.78,13.06,69.0,East,4.34,5.95,1027.09,0.0,0.0,2.0,291.9,IMELBO1849.csv
2023/01/07,08:44 AM,19.33,13.22,68.0,East,5.47,7.56,1027.09,0.0,0.0,2.0,305.8,IMELBO1849.csv
2023/01/07,08:49 AM,19.67,13.06,65.0,ENE,5.95,8.37,1027.09,0.0,0.0,3.0,345.2,IMELBO1849.csv
2023/01/07,08:54 AM,19.94,13.0,64.0,East,7.56,10.3,1027.09,0.0,0.0,3.0,355.6,IMELBO1849.csv
2023/01/07,08:59 AM,20.17,13.22,64.0,ENE,6.44,8.53,1027.09,0.0,0.0,2.0,293.6,IMELBO1849.csv
2023/01/07,09:04 AM,20.44,13.22,63.0,East,5.95,7.72,1027.09,0.0,0.0,3.0,320.1,IMELBO1849.csv
2023/01/07,09:09 AM,21.06,13.22,61.0,ENE,6.44,9.01,1027.09,0.0,0.0,4.0,415.9,IMELBO1849.csv
2023/01/07,09:14 AM,21.56,13.33,60.0,ENE,6.11,8.85,1027.09,0.0,0.0,4.0,451.0,IMELBO1849.csv
2023/01/07,09:19 AM,21.94,13.44,58.0,NE,5.31,7.4,1026.75,0.0,0.0,4.0,477.6,IMELBO1849.csv
2023/01/07,09:24 AM,22.28,13.44,57.0,ENE,6.76,9.98,1026.75,0.0,0.0,4.0,459.4,IMELBO1849.csv
2023/01/07,09:29 AM,22.5,13.17,56.0,NE,7.08,8.85,1026.75,0.0,0.0,4.0,464.5,IMELBO1849.csv
2023/01/07,09:34 AM,22.89,13.06,54.0,NNE,7.88,10.94,1026.75,0.0,0.0,4.0,412.5,IMELBO1849.csv
2023/01/07,09:39 AM,22.94,12.72,53.0,NNE,8.69,12.07,1026.75,0.0,0.0,4.0,461.1,IMELBO1849.csv
2023/01/07,09:44 AM,23.22,12.83,52.0,NE,8.69,12.23,1026.75,0.0,0.0,4.0,507.1,IMELBO1849.csv
2023/01/07,09:49 AM,23.33,12.89,52.0,ENE,8.21,11.42,1026.75,0.0,0.0,4.0,510.1,IMELBO1849.csv
2023/01/07,09:54 AM,23.5,12.94,52.0,NE,7.24,9.65,1026.75,0.0,0.0,5.0,536.1,IMELBO1849.csv
2023/01/07,09:59 AM,23.94,13.11,51.0,ENE,6.6,9.81,1026.41,0.0,0.0,5.0,549.2,IMELBO1849.csv
2023/01/07,10:04 AM,24.17,13.17,50.0,ENE,7.72,10.14,1026.41,0.0,0.0,5.0,552.2,IMELBO1849.csv
2023/01/07,10:09 AM,24.0,13.0,50.0,NE,6.92,10.14,1026.41,0.0,0.0,5.0,570.8,IMELBO1849.csv
2023/01/07,10:14 AM,24.22,13.11,50.0,ENE,8.04,10.3,1026.41,0.0,0.0,5.0,568.6,IMELBO1849.csv
2023/01/07,10:19 AM,24.61,13.11,49.0,NNE,4.99,6.76,1026.41,0.0,0.0,5.0,543.5,IMELBO1849.csv
2023/01/07,10:24 AM,24.83,13.22,48.0,NNE,6.92,9.01,1026.41,0.0,0.0,5.0,537.9,IMELBO1849.csv
2023/01/07,10:29 AM,24.83,13.33,49.0,ENE,5.79,8.04,1026.08,0.0,0.0,5.0,605.6,IMELBO1849.csv
2023/01/07,10:34 AM,24.78,13.39,49.0,ENE,7.24,9.81,1026.08,0.0,0.0,6.0,626.0,IMELBO1849.csv
2023/01/07,10:39 AM,25.11,13.33,48.0,NE,7.08,9.81,1026.08,0.0,0.0,6.0,621.2,IMELBO1849.csv
2023/01/07,10:44 AM,25.33,13.44,48.0,NNE,5.15,6.92,1026.08,0.0,0.0,6.0,638.1,IMELBO1849.csv
2023/01/07,10:49 AM,25.89,13.5,46.0,NNW,3.86,5.63,1026.08,0.0,0.0,6.0,670.7,IMELBO1849.csv
2023/01/07,10:54 AM,25.94,13.44,46.0,NNW,3.38,4.83,1026.08,0.0,0.0,6.0,706.2,IMELBO1849.csv
2023/01/07,10:59 AM,26.44,13.89,46.0,NE,5.31,7.56,1026.08,0.0,0.0,6.0,715.8,IMELBO1849.csv
2023/01/07,11:04 AM,26.06,13.78,47.0,ENE,6.11,8.37,1026.08,0.0,0.0,6.0,709.7,IMELBO1849.csv
2023/01/07,11:09 AM,26.22,13.78,46.0,ENE,5.63,7.88,1026.08,0.0,0.0,6.0,708.3,IMELBO1849.csv
2023/01/07,11:14 AM,26.44,13.83,46.0,NE,4.51,6.44,1026.08,0.0,0.0,6.0,693.7,IMELBO1849.csv
2023/01/07,11:19 AM,26.78,13.94,45.0,NE,4.34,6.44,1026.08,0.0,0.0,6.0,665.9,IMELBO1849.csv
2023/01/07,11:24 AM,26.83,13.83,45.0,North,5.31,7.08,1026.08,0.0,0.0,6.0,658.0,IMELBO1849.csv
2023/01/07,11:29 AM,26.78,13.89,45.0,NNE,3.06,4.51,1026.08,0.0,0.0,6.0,691.9,IMELBO1849.csv
2023/01/07,11:34 AM,27.33,14.0,44.0,North,3.86,5.31,1026.08,0.0,0.0,6.0,701.0,IMELBO1849.csv
2023/01/07,11:39 AM,27.11,13.78,44.0,NNE,2.9,4.34,1025.74,0.0,0.0,7.0,721.8,IMELBO1849.csv
2023/01/07,11:44 AM,26.5,13.5,45.0,WNW,1.77,2.57,1025.74,0.0,0.0,6.0,717.0,IMELBO1849.csv
2023/01/07,11:49 AM,27.61,13.89,43.0,NNW,3.06,4.34,1025.74,0.0,0.0,6.0,712.7,IMELBO1849.csv
2023/01/07,11:54 AM,27.89,13.94,42.0,NNE,1.61,2.9,1025.74,0.0,0.0,7.0,736.1,IMELBO1849.csv
2023/01/07,11:59 AM,28.06,14.11,42.0,SE,2.9,3.7,1025.74,0.0,0.0,7.0,783.4,IMELBO1849.csv
2023/01/07,12:04 PM,27.72,14.0,43.0,SE,3.22,4.67,1025.4,0.0,0.0,7.0,816.3,IMELBO1849.csv
2023/01/07,12:09 PM,27.39,13.72,43.0,NNW,4.02,5.31,1025.74,0.0,0.0,7.0,815.5,IMELBO1849.csv
2023/01/07,12:14 PM,27.61,13.83,43.0,East,4.02,5.31,1025.4,0.0,0.0,7.0,800.0,IMELBO1849.csv
2023/01/07,12:19 PM,27.61,13.78,43.0,SSE,3.54,4.83,1025.4,0.0,0.0,7.0,788.6,IMELBO1849.csv
2023/01/07,12:24 PM,27.56,13.83,43.0,WSW,3.22,4.18,1025.4,0.0,0.0,7.0,778.7,IMELBO1849.csv
2023/01/07,12:29 PM,28.33,14.17,42.0,ENE,5.95,8.21,1025.4,0.0,0.0,8.0,825.0,IMELBO1849.csv
2023/01/07,12:34 PM,28.44,14.06,41.0,NE,5.63,7.72,1025.4,0.0,0.0,8.0,845.5,IMELBO1849.csv
2023/01/07,12:39 PM,28.67,14.17,41.0,ENE,3.86,5.63,1025.06,0.0,0.0,8.0,848.5,IMELBO1849.csv
2023/01/07,12:44 PM,28.5,14.0,41.0,East,5.63,7.08,1025.06,0.0,0.0,8.0,901.4,IMELBO1849.csv
2023/01/07,12:49 PM,28.56,13.78,40.0,NE,4.83,6.6,1025.06,0.0,0.0,8.0,924.0,IMELBO1849.csv
2023/01/07,12:54 PM,28.56,13.83,41.0,NE,4.83,6.44,1025.06,0.0,0.0,9.0,937.8,IMELBO1849.csv
2023/01/07,12:59 PM,28.78,13.78,40.0,NE,2.9,4.18,1025.06,0.0,0.0,9.0,930.5,IMELBO1849.csv
2023/01/07,01:04 PM,29.56,14.17,39.0,NNE,4.02,5.47,1025.06,0.0,0.0,9.0,938.3,IMELBO1849.csv
2023/01/07,01:09 PM,29.78,14.17,38.0,,3.06,4.51,1024.72,0.0,0.0,9.0,962.2,IMELBO1849.csv
2023/01/07,01:14 PM,29.5,14.11,39.0,ESE,3.38,4.51,1024.72,0.0,0.0,9.0,993.0,IMELBO1849.csv
2023/01/07,01:19 PM,29.06,13.94,40.0,NE,3.54,4.99,1025.06,0.0,0.0,9.0,1015.9,IMELBO1849.csv
2023/01/07,01:24 PM,28.56,13.72,40.0,NE,4.83,7.08,1025.06,0.0,0.0,9.0,1008.5,IMELBO1849.csv
2023/01/07,01:29 PM,28.5,13.78,41.0,ENE,5.31,7.24,1024.72,0.0,0.0,9.0,978.2,IMELBO1849.csv
2023/01/07,01:34 PM,28.5,13.89,41.0,ENE,4.18,5.63,1024.72,0.0,0.0,2.0,262.8,IMELBO1849.csv
2023/01/07,01:39 PM,28.11,13.56,41.0,NNE,2.74,3.54,1024.72,0.0,0.0,2.0,247.6,IMELBO1849.csv
2023/01/07,01:44 PM,27.89,13.44,41.0,East,2.74,3.7,1024.38,0.0,0.0,5.0,580.8,IMELBO1849.csv
2023/01/07,01:49 PM,27.44,13.22,42.0,East,3.7,4.67,1024.72,0.0,0.0,3.0,313.5,IMELBO1849.csv
2023/01/07,01:54 PM,27.61,13.11,41.0,ESE,2.09,3.06,1024.38,0.0,0.0,2.0,242.5,IMELBO1849.csv
2023/01/07,01:59 PM,27.78,13.28,41.0,ESE,2.41,3.22,1024.38,0.0,0.0,9.0,1007.3,IMELBO1849.csv
2023/01/07,02:04 PM,27.83,13.22,40.0,East,1.45,2.57,1024.38,0.0,0.0,9.0,946.2,IMELBO1849.csv
2023/01/07,02:09 PM,28.17,13.5,40.0,East,0.8,1.61,1024.38,0.0,0.0,9.0,971.2,IMELBO1849.csv
2023/01/07,02:14 PM,29.06,13.83,39.0,SSW,4.34,5.95,1024.38,0.0,0.0,8.0,866.8,IMELBO1849.csv
2023/01/07,02:19 PM,28.28,13.44,40.0,SSW,3.7,5.31,1024.38,0.0,0.0,8.0,825.5,IMELBO1849.csv
2023/01/07,02:24 PM,29.22,13.61,38.0,NW,2.74,4.51,1024.38,0.0,0.0,7.0,774.3,IMELBO1849.csv
2023/01/07,02:29 PM,29.39,13.78,38.0,NNW,3.22,4.51,1024.04,0.0,0.0,8.0,885.0,IMELBO1849.csv
2023/01/07,02:34 PM,29.67,13.67,38.0,WSW,2.74,3.86,1024.04,0.0,0.0,9.0,946.5,IMELBO1849.csv
2023/01/07,02:39 PM,29.83,13.72,37.0,SSE,3.7,5.47,1024.04,0.0,0.0,8.0,910.9,IMELBO1849.csv
2023/01/07,02:44 PM,29.89,13.56,37.0,SSW,7.08,9.17,1024.04,0.0,0.0,8.0,867.1,IMELBO1849.csv
2023/01/07,02:49 PM,29.5,13.11,37.0,SSW,2.41,3.54,1023.71,0.0,0.0,8.0,857.2,IMELBO1849.csv
2023/01/07,02:54 PM,29.78,13.5,37.0,SE,4.83,6.44,1023.71,0.0,0.0,8.0,861.1,IMELBO1849.csv
2023/01/07,02:59 PM,28.83,13.22,38.0,ESE,3.38,4.99,1023.71,0.0,0.0,6.0,678.8,IMELBO1849.csv
2023/01/07,03:04 PM,28.94,13.0,37.0,ESE,3.06,4.51,1023.71,0.0,0.0,2.0,228.1,IMELBO1849.csv
2023/01/07,03:09 PM,28.83,13.06,38.0,ESE,4.83,6.92,1023.71,0.0,0.0,1.0,190.8,IMELBO1849.csv
2023/01/07,03:14 PM,28.61,12.89,38.0,SE,3.22,4.18,1023.71,0.0,0.0,1.0,189.5,IMELBO1849.csv
2023/01/07,03:19 PM,28.44,12.67,38.0,SSE,3.7,5.47,1023.71,0.0,0.0,1.0,170.1,IMELBO1849.csv
2023/01/07,03:24 PM,28.28,12.5,38.0,SW,2.74,3.54,1023.37,0.0,0.0,1.0,190.0,IMELBO1849.csv
2023/01/07,03:29 PM,28.33,12.72,38.0,South,4.18,5.47,1023.37,0.0,0.0,8.0,865.4,IMELBO1849.csv
2023/01/07,03:34 PM,28.72,13.0,38.0,East,4.51,6.11,1023.37,0.0,0.0,7.0,779.0,IMELBO1849.csv
2023/01/07,03:39 PM,29.0,12.78,37.0,ENE,3.38,4.83,1023.37,0.0,0.0,8.0,852.8,IMELBO1849.csv
2023/01/07,03:44 PM,29.94,13.11,36.0,East,2.09,2.9,1023.37,0.0,0.0,8.0,878.4,IMELBO1849.csv
2023/01/07,03:49 PM,30.61,13.22,35.0,South,2.9,4.34,1023.37,0.0,0.0,8.0,875.8,IMELBO1849.csv
2023/01/07,03:54 PM,30.44,13.72,36.0,ESE,8.21,10.94,1023.03,0.0,0.0,7.0,805.1,IMELBO1849.csv
2023/01/07,03:59 PM,30.44,13.5,36.0,South,5.79,8.53,1023.03,0.0,0.0,7.0,804.7,IMELBO1849.csv
2023/01/07,04:04 PM,30.33,13.39,36.0,SE,4.18,5.95,1023.37,0.0,0.0,7.0,789.1,IMELBO1849.csv
2023/01/07,04:09 PM,30.44,13.44,35.0,SSE,7.56,10.46,1023.37,0.0,0.0,7.0,784.3,IMELBO1849.csv
2023/01/07,04:14 PM,30.83,13.61,35.0,SSE,7.4,10.62,1023.03,0.0,0.0,7.0,751.8,IMELBO1849.csv
2023/01/07,04:19 PM,30.5,13.33,35.0,NE,5.47,7.4,1023.03,0.0,0.0,7.0,735.2,IMELBO1849.csv
2023/01/07,04:24 PM,30.5,13.5,35.0,SSE,7.72,10.78,1023.03,0.0,0.0,7.0,735.2,IMELBO1849.csv
2023/01/07,04:29 PM,30.22,13.17,35.0,SSE,7.72,11.42,1023.03,0.0,0.0,7.0,739.6,IMELBO1849.csv
2023/01/07,04:34 PM,30.33,13.22,35.0,South,7.24,10.62,1023.03,0.0,0.0,7.0,767.4,IMELBO1849.csv
2023/01/07,04:39 PM,30.28,13.22,35.0,SE,6.92,11.42,1023.03,0.0,0.0,7.0,808.5,IMELBO1849.csv
2023/01/07,04:44 PM,30.22,13.33,36.0,SE,6.6,9.81,1023.03,0.0,0.0,7.0,804.2,IMELBO1849.csv
2023/01/07,04:49 PM,30.0,13.28,36.0,South,8.53,12.39,1022.69,0.0,0.0,7.0,786.9,IMELBO1849.csv
2023/01/07,04:54 PM,29.61,13.06,36.0,South,7.72,11.26,1022.69,0.0,0.0,7.0,771.7,IMELBO1849.csv
2023/01/07,04:59 PM,29.72,13.11,36.0,South,6.28,9.81,1022.69,0.0,0.0,7.0,731.3,IMELBO1849.csv
2023/01/07,05:04 PM,30.17,13.22,36.0,South,6.76,10.14,1022.69,0.0,0.0,6.0,639.3,IMELBO1849.csv
2023/01/07,05:09 PM,30.22,13.22,35.0,South,7.72,11.1,1022.69,0.0,0.0,6.0,627.2,IMELBO1849.csv
2023/01/07,05:14 PM,29.67,13.11,36.0,SSE,7.24,10.94,1022.69,0.0,0.0,5.0,611.7,IMELBO1849.csv
2023/01/07,05:19 PM,29.56,13.22,37.0,SSE,5.79,9.49,1022.69,0.0,0.0,5.0,584.3,IMELBO1849.csv
2023/01/07,05:24 PM,29.72,13.28,36.0,SE,6.44,9.81,1022.69,0.0,0.0,5.0,567.4,IMELBO1849.csv
2023/01/07,05:29 PM,29.94,13.5,37.0,SSE,6.6,10.3,1022.35,0.0,0.0,5.0,522.7,IMELBO1849.csv
2023/01/07,05:34 PM,29.39,13.22,37.0,SE,7.24,10.62,1022.69,0.0,0.0,5.0,539.6,IMELBO1849.csv
2023/01/07,05:39 PM,29.56,12.94,36.0,SE,5.63,8.37,1022.69,0.0,0.0,5.0,556.5,IMELBO1849.csv
2023/01/07,05:44 PM,29.56,13.22,37.0,SE,5.79,8.37,1022.69,0.0,0.0,5.0,531.8,IMELBO1849.csv
2023/01/07,05:49 PM,29.56,13.17,37.0,SSE,6.28,9.98,1022.69,0.0,0.0,4.0,479.3,IMELBO1849.csv
2023/01/07,05:54 PM,29.28,13.17,37.0,SSE,5.15,8.21,1022.35,0.0,0.0,4.0,454.1,IMELBO1849.csv
2023/01/07,05:59 PM,29.28,13.22,37.0,SSE,5.79,8.85,1022.35,0.0,0.0,4.0,464.1,IMELBO1849.csv
2023/01/07,06:04 PM,29.28,13.11,37.0,SSW,6.76,9.98,1022.35,0.0,0.0,4.0,425.5,IMELBO1849.csv
2023/01/07,06:09 PM,29.17,13.06,37.0,South,6.44,9.01,1022.35,0.0,0.0,3.0,323.1,IMELBO1849.csv
2023/01/07,06:14 PM,28.94,12.83,37.0,SSW,6.6,9.49,1022.69,0.0,0.0,2.0,277.1,IMELBO1849.csv
2023/01/07,06:19 PM,28.94,12.78,37.0,SSE,6.76,10.14,1022.35,0.0,0.0,2.0,300.6,IMELBO1849.csv
2023/01/07,06:24 PM,29.0,12.89,37.0,SE,5.63,8.53,1022.69,0.0,0.0,3.0,330.9,IMELBO1849.csv
2023/01/07,06:29 PM,28.89,12.78,37.0,SSE,5.31,8.04,1022.35,0.0,0.0,3.0,314.9,IMELBO1849.csv
2023/01/07,06:34 PM,28.83,12.78,37.0,SSE,5.95,8.04,1022.69,0.0,0.0,2.0,275.0,IMELBO1849.csv
2023/01/07,06:39 PM,28.89,12.78,37.0,South,6.44,9.33,1022.35,0.0,0.0,2.0,293.2,IMELBO1849.csv
2023/01/07,06:44 PM,28.67,12.56,37.0,South,5.95,9.17,1022.35,0.0,0.0,2.0,280.1,IMELBO1849.csv
2023/01/07,06:49 PM,28.61,12.72,38.0,SSE,5.63,8.04,1022.69,0.0,0.0,2.0,275.0,IMELBO1849.csv
2023/01/07,06:54 PM,28.67,12.94,38.0,SSE,7.08,10.3,1022.69,0.0,0.0,2.0,252.0,IMELBO1849.csv
2023/01/07,06:59 PM,28.39,12.89,38.0,SSE,6.11,9.33,1022.69,0.0,0.0,2.0,220.7,IMELBO1849.csv
2023/01/07,07:04 PM,28.44,13.22,39.0,SSE,5.95,8.85,1022.69,0.0,0.0,1.0,162.6,IMELBO1849.csv
2023/01/07,07:09 PM,28.11,13.0,39.0,South,7.08,9.98,1022.69,0.0,0.0,1.0,135.7,IMELBO1849.csv
2023/01/07,07:14 PM,27.78,12.5,39.0,SSE,5.95,9.01,1022.69,0.0,0.0,1.0,101.4,IMELBO1849.csv
2023/01/07,07:19 PM,27.67,12.44,39.0,South,7.24,10.78,1022.69,0.0,0.0,0.0,48.1,IMELBO1849.csv
2023/01/07,07:24 PM,27.61,12.39,39.0,South,7.24,10.3,1022.69,0.0,0.0,0.0,46.4,IMELBO1849.csv
2023/01/07,07:29 PM,27.56,12.39,39.0,SSE,6.44,9.98,1022.69,0.0,0.0,0.0,44.2,IMELBO1849.csv
2023/01/07,07:34 PM,27.44,12.39,39.0,South,6.44,9.81,1022.69,0.0,0.0,0.0,42.5,IMELBO1849.csv
2023/01/07,07:39 PM,27.33,12.39,39.0,South,5.95,9.01,1022.69,0.0,0.0,0.0,40.2,IMELBO1849.csv
2023/01/07,07:44 PM,27.28,12.44,40.0,SSE,5.95,8.69,1022.69,0.0,0.0,0.0,38.2,IMELBO1849.csv
2023/01/07,07:49 PM,27.22,12.5,40.0,South,6.76,9.98,1022.69,0.0,0.0,0.0,36.0,IMELBO1849.csv
2023/01/07,07:54 PM,27.06,12.33,40.0,South,5.79,8.85,1022.69,0.0,0.0,0.0,34.3,IMELBO1849.csv
2023/01/07,07:59 PM,26.89,12.28,40.0,South,5.63,7.88,1023.03,0.0,0.0,0.0,31.2,IMELBO1849.csv
2023/01/07,08:04 PM,26.78,12.17,40.0,SSE,5.63,9.01,1023.03,0.0,0.0,0.0,29.0,IMELBO1849.csv
2023/01/07,08:09 PM,26.67,12.33,41.0,ESE,4.99,7.24,1023.37,0.0,0.0,0.0,26.4,IMELBO1849.csv
2023/01/07,08:14 PM,26.5,12.39,42.0,SE,4.18,5.47,1023.03,0.0,0.0,0.0,23.4,IMELBO1849.csv
2023/01/07,08:19 PM,26.33,12.56,42.0,SE,3.7,5.47,1023.37,0.0,0.0,0.0,20.8,IMELBO1849.csv
2023/01/07,08:24 PM,26.22,12.83,43.0,SE,2.74,4.18,1023.37,0.0,0.0,0.0,17.3,IMELBO1849.csv
2023/01/07,08:29 PM,26.0,12.78,44.0,SE,3.7,5.47,1023.37,0.0,0.0,0.0,14.7,IMELBO1849.csv
2023/01/07,08:34 PM,25.78,13.0,45.0,SE,4.83,7.56,1023.37,0.0,0.0,0.0,11.6,IMELBO1849.csv
2023/01/07,08:39 PM,25.56,12.78,45.0,ESE,6.6,9.33,1023.37,0.0,0.0,0.0,8.6,IMELBO1849.csv
2023/01/07,08:44 PM,25.44,13.0,46.0,ESE,4.34,6.6,1023.37,0.0,0.0,0.0,6.0,IMELBO1849.csv
2023/01/07,08:49 PM,25.28,12.83,46.0,SE,5.31,7.56,1023.71,0.0,0.0,0.0,3.4,IMELBO1849.csv
2023/01/07,08:54 PM,25.11,12.78,46.0,SE,3.22,4.67,1023.71,0.0,0.0,0.0,2.1,IMELBO1849.csv
2023/01/07,08:59 PM,24.89,12.94,47.0,ESE,3.06,4.34,1023.71,0.0,0.0,0.0,0.4,IMELBO1849.csv
2023/01/07,09:04 PM,24.72,13.0,48.0,SE,3.06,4.18,1023.71,0.0,0.0,0.0,0.0,IMELBO1849.csv
2023/01/07,09:09 PM,24.61,13.0,48.0,SE,1.93,3.22,1023.71,0.0,0.0,0.0,0.0,IMELBO1849.csv
2023/01/07,09:14 PM,24.39,13.0,49.0,ESE,2.57,3.54,1023.71,0.0,0.0,0.0,0.0,IMELBO1849.csv
2023/01/07,09:19 PM,24.28,13.06,50.0,ESE,2.9,4.02,1023.71,0.0,0.0,0.0,0.0,IMELBO1849.csv
2023/01/07,09:24 PM,24.17,13.06,50.0,ESE,2.57,3.7,1023.71,0.0,0.0,0.0,0.0,IMELBO1849.csv
2023/01/07,09:29 PM,23.94,12.94,50.0,ESE,2.9,3.86,1023.71,0.0,0.0,0.0,0.0,IMELBO1849.csv
2023/01/07,09:34 PM,23.78,13.11,51.0,ESE,3.38,5.15,1023.71,0.0,0.0,0.0,0.0,IMELBO1849.csv
2023/01/07,09:39 PM,23.78,13.06,51.0,ESE,3.54,5.31,1023.71,0.0,0.0,0.0,0.0,IMELBO1849.csv
2023/01/07,09:44 PM,23.67,13.11,51.0,ESE,3.38,4.51,1024.38,0.0,0.0,0.0,0.0,IMELBO1849.csv
2023/01/07,09:49 PM,23.5,13.11,52.0,SE,3.38,4.83,1024.38,0.0,0.0,0.0,0.0,IMELBO1849.csv
2023/01/07,09:54 PM,23.28,13.17,53.0,ESE,2.25,3.38,1024.04,0.0,0.0,0.0,0.0,IMELBO1849.csv
2023/01/07,09:59 PM,23.17,13.06,53.0,SE,1.77,2.9,1024.04,0.0,0.0,0.0,0.0,IMELBO1849.csv
2023/01/07,10:04 PM,23.0,13.17,54.0,ESE,2.09,2.9,1024.04,0.0,0.0,0.0,0.0,IMELBO1849.csv
2023/01/07,10:09 PM,22.89,13.11,54.0,SSE,1.61,2.74,1024.38,0.0,0.0,0.0,0.0,IMELBO1849.csv
2023/01/07,10:14 PM,22.78,13.06,54.0,SE,1.77,2.74,1024.38,0.0,0.0,0.0,0.0,IMELBO1849.csv
2023/01/07,10:19 PM,22.72,12.89,54.0,ESE,2.57,3.7,1024.38,0.0,0.0,0.0,0.0,IMELBO1849.csv
2023/01/07,10:24 PM,22.56,12.78,54.0,ESE,1.93,2.74,1024.38,0.0,0.0,0.0,0.0,IMELBO1849.csv
2023/01/07,10:29 PM,22.39,12.72,54.0,SE,0.8,1.45,1024.38,0.0,0.0,0.0,0.0,IMELBO1849.csv
2023/01/07,10:34 PM,22.22,12.72,55.0,SSE,0.8,1.45,1024.38,0.0,0.0,0.0,0.0,IMELBO1849.csv
2023/01/07,10:39 PM,22.17,12.67,55.0,SSE,0.64,1.77,1024.38,0.0,0.0,0.0,0.0,IMELBO1849.csv
2023/01/07,10:44 PM,22.0,12.72,56.0,ESE,0.8,1.77,1024.04,0.0,0.0,0.0,0.0,IMELBO1849.csv
2023/01/07,10:49 PM,21.78,12.67,56.0,East,0.64,0.97,1024.04,0.0,0.0,0.0,0.0,IMELBO1849.csv
2023/01/07,10:54 PM,21.67,12.67,57.0,East,0.48,0.97,1024.04,0.0,0.0,0.0,0.0,IMELBO1849.csv
2023/01/07,10:59 PM,21.5,12.72,57.0,East,0.0,0.32,1024.04,0.0,0.0,0.0,0.0,IMELBO1849.csv
2023/01/07,11:04 PM,21.33,12.72,58.0,East,0.0,0.0,1024.38,0.0,0.0,0.0,0.0,IMELBO1849.csv
2023/01/07,11:09 PM,21.0,12.61,59.0,East,0.0,0.0,1024.04,0.0,0.0,0.0,0.0,IMELBO1849.csv
2023/01/07,11:14 PM,20.61,12.56,60.0,East,0.0,0.0,1024.38,0.0,0.0,0.0,0.0,IMELBO1849.csv
2023/01/07,11:19 PM,20.56,12.67,61.0,East,0.0,0.0,1024.38,0.0,0.0,0.0,0.0,IMELBO1849.csv
2023/01/07,11:24 PM,20.39,12.61,61.0,East,0.0,0.0,1024.38,0.0,0.0,0.0,0.0,IMELBO1849.csv
2023/01/07,11:29 PM,20.22,12.61,62.0,East,0.0,0.0,1024.04,0.0,0.0,0.0,0.0,IMELBO1849.csv
2023/01/07,11:34 PM,20.17,12.67,62.0,East,0.0,0.0,1024.04,0.0,0.0,0.0,0.0,IMELBO1849.csv
2023/01/07,11:39 PM,19.72,12.39,63.0,East,0.0,0.0,1024.04,0.0,0.0,0.0,0.0,IMELBO1849.csv
2023/01/07,11:44 PM,19.72,12.5,63.0,East,0.16,0.64,1024.04,0.0,0.0,0.0,0.0,IMELBO1849.csv
2023/01/07,11:49 PM,19.89,12.61,63.0,East,0.0,0.0,1024.38,0.0,0.0,0.0,0.0,IMELBO1849.csv
2023/01/07,11:54 PM,19.72,12.5,63.0,East,0.0,0.0,1024.38,0.0,0.0,0.0,0.0,IMELBO1849.csv
2023/01/07,11:59 PM,19.61,12.56,64.0,East,0.0,0.0,1024.04,0.0,0.0,0.0,0.0,IMELBO1849.csv
2023/01/08,12:04 AM,19.33,12.67,65.0,East,0.0,0.0,1024.04,0.0,0.0,0.0,0.0,IMELBO1849.csv
2023/01/08,12:09 AM,19.39,12.5,64.0,SE,0.0,0.32,1024.38,0.0,0.0,0.0,0.0,IMELBO1849.csv
2023/01/08,12:14 AM,19.39,12.5,64.0,SE,0.0,0.0,1024.38,0.0,0.0,0.0,0.0,IMELBO1849.csv
2023/01/08,12:19 AM,19.22,12.56,65.0,SE,0.0,0.0,1024.38,0.0,0.0,0.0,0.0,IMELBO1849.csv
2023/01/08,12:24 AM,19.17,12.39,65.0,South,1.61,2.09,1024.38,0.0,0.0,0.0,0.0,IMELBO1849.csv
2023/01/08,12:29 AM,19.5,12.5,64.0,SSW,2.09,2.74,1024.38,0.0,0.0,0.0,0.0,IMELBO1849.csv
2023/01/08,12:34 AM,19.44,12.5,64.0,WSW,0.8,1.29,1024.38,0.0,0.0,0.0,0.0,IMELBO1849.csv
2023/01/08,12:39 AM,19.28,12.56,65.0,WSW,0.48,1.29,1024.38,0.0,0.0,0.0,0.0,IMELBO1849.csv
2023/01/08,12:44 AM,19.11,12.44,65.0,WSW,0.16,0.64,1024.38,0.0,0.0,0.0,0.0,IMELBO1849.csv
2023/01/08,12:49 AM,18.89,12.39,66.0,WSW,0.0,0.32,1024.04,0.0,0.0,0.0,0.0,IMELBO1849.csv
2023/01/08,12:54 AM,18.67,12.39,67.0,WSW,0.0,0.0,1024.38,0.0,0.0,0.0,0.0,IMELBO1849.csv
2023/01/08,12:59 AM,18.5,12.39,68.0,WSW,0.48,0.8,1024.04,0.0,0.0,0.0,0.0,IMELBO1849.csv
2023/01/08,01:04 AM,18.39,12.61,69.0,WSW,1.93,2.57,1024.04,0.0,0.0,0.0,0.0,IMELBO1849.csv
2023/01/08,01:09 AM,18.33,12.56,69.0,WSW,0.48,0.8,1024.04,0.0,0.0,0.0,0.0,IMELBO1849.csv
2023/01/08,01:14 AM,18.22,12.5,69.0,WSW,0.32,0.8,1024.04,0.0,0.0,0.0,0.0,IMELBO1849.csv
2023/01/08,01:19 AM,18.11,12.61,70.0,WSW,0.0,0.0,1024.04,0.0,0.0,0.0,0.0,IMELBO1849.csv
2023/01/08,01:24 AM,17.89,12.61,71.0,WSW,0.48,0.8,1024.38,0.0,0.0,0.0,0.0,IMELBO1849.csv
2023/01/08,01:29 AM,17.83,12.67,71.0,WSW,0.16,0.64,1024.04,0.0,0.0,0.0,0.0,IMELBO1849.csv
2023/01/08,01:34 AM,17.72,12.67,72.0,WSW,0.64,1.13,1024.04,0.0,0.0,0.0,0.0,IMELBO1849.csv
2023/01/08,01:39 AM,17.72,12.78,73.0,WSW,0.32,0.8,1024.04,0.0,0.0,0.0,0.0,IMELBO1849.csv
2023/01/08,01:44 AM,17.67,12.78,73.0,WSW,1.13,1.61,1024.04,0.0,0.0,0.0,0.0,IMELBO1849.csv
2023/01/08,01:49 AM,17.61,12.72,73.0,WSW,1.45,2.09,1024.04,0.0,0.0,0.0,0.0,IMELBO1849.csv
2023/01/08,01:54 AM,17.5,12.61,73.0,WSW,0.8,1.93,1024.04,0.0,0.0,0.0,0.0,IMELBO1849.csv
2023/01/08,01:59 AM,17.39,12.5,73.0,West,1.61,2.41,1024.04,0.0,0.0,0.0,0.0,IMELBO1849.csv
2023/01/08,02:04 AM,17.33,12.44,73.0,West,3.06,3.86,1024.38,0.0,0.0,0.0,0.0,IMELBO1849.csv
2023/01/08,02:09 AM,17.22,12.39,73.0,WNW,3.22,4.18,1024.04,0.0,0.0,0.0,0.0,IMELBO1849.csv
2023/01/08,02:14 AM,17.11,12.5,74.0,WNW,3.7,4.83,1024.04,0.0,0.0,0.0,0.0,IMELBO1849.csv
2023/01/08,02:19 AM,17.06,12.44,74.0,WNW,2.09,3.06,1024.04,0.0,0.0,0.0,0.0,IMELBO1849.csv
2023/01/08,02:24 AM,16.89,12.33,74.0,NW,0.8,1.45,1023.71,0.0,0.0,0.0,0.0,IMELBO1849.csv
2023/01/08,02:29 AM,16.83,12.44,75.0,NW,2.09,2.74,1023.71,0.0,0.0,0.0,0.0,IMELBO1849.csv
2023/01/08,02:34 AM,16.72,12.39,76.0,NW,2.57,3.22,1024.04,0.0,0.0,0.0,0.0,IMELBO1849.csv
2023/01/08,02:39 AM,16.61,12.44,77.0,NW,1.29,1.93,1024.04,0.0,0.0,0.0,0.0,IMELBO1849.csv
2023/01/08,02:44 AM,16.5,12.5,77.0,WNW,2.9,3.7,1024.04,0.0,0.0,0.0,0.0,IMELBO1849.csv
2023/01/08,02:49 AM,16.39,12.67,78.0,WNW,3.22,4.51,1024.04,0.0,0.0,0.0,0.0,IMELBO1849.csv
2023/01/08,02:54 AM,16.28,12.72,79.0,WNW,3.06,4.02,1023.71,0.0,0.0,0.0,0.0,IMELBO1849.csv
2023/01/08,02:59 AM,16.22,12.78,80.0,WNW,3.54,4.83,1023.71,0.0,0.0,0.0,0.0,IMELBO1849.csv
2023/01/08,03:04 AM,16.11,12.72,80.0,WNW,1.77,2.74,1023.71,0.0,0.0,0.0,0.0,IMELBO1849.csv
2023/01/08,03:09 AM,16.11,12.78,81.0,WNW,3.54,4.83,1023.71,0.0,0.0,0.0,0.0,IMELBO1849.csv
2023/01/08,03:14 AM,16.0,12.72,81.0,WNW,1.77,2.57,1023.71,0.0,0.0,0.0,0.0,IMELBO1849.csv
2023/01/08,03:19 AM,15.83,12.56,81.0,NW,2.25,3.22,1023.71,0.0,0.0,0.0,0.0,IMELBO1849.csv
2023/01/08,03:24 AM,15.78,12.5,81.0,WNW,2.25,3.22,1023.71,0.0,0.0,0.0,0.0,IMELBO1849.csv
2023/01/08,03:29 AM,15.72,12.39,81.0,WNW,1.93,2.74,1023.71,0.0,0.0,0.0,0.0,IMELBO1849.csv
2023/01/08,03:34 AM,15.72,12.39,81.0,WNW,1.61,2.57,1023.71,0.0,0.0,0.0,0.0,IMELBO1849.csv
2023/01/08,03:39 AM,15.72,12.5,82.0,WNW,2.9,3.86,1023.71,0.0,0.0,0.0,0.0,IMELBO1849.csv
2023/01/08,03:44 AM,15.61,12.5,82.0,NW,1.61,2.41,1023.71,0.0,0.0,0.0,0.0,IMELBO1849.csv
2023/01/08,03:49 AM,15.61,12.5,82.0,WNW,1.13,1.77,1024.04,0.0,0.0,0.0,0.0,IMELBO1849.csv
2023/01/08,03:54 AM,15.56,12.5,82.0,WNW,0.8,1.61,1023.71,0.0,0.0,0.0,0.0,IMELBO1849.csv
2023/01/08,03:59 AM,15.44,12.56,83.0,WNW,1.45,2.41,1023.71,0.0,0.0,0.0,0.0,IMELBO1849.csv
2023/01/08,04:04 AM,15.39,12.5,83.0,NW,0.8,1.45,1023.71,0.0,0.0,0.0,0.0,IMELBO1849.csv
2023/01/08,04:09 AM,15.39,12.5,83.0,NW,0.8,0.97,1023.71,0.0,0.0,0.0,0.0,IMELBO1849.csv
2023/01/08,04:14 AM,15.28,12.44,83.0,NW,0.64,1.13,1023.71,0.0,0.0,0.0,0.0,IMELBO1849.csv
2023/01/08,04:19 AM,15.22,12.5,84.0,NW,0.64,1.13,1023.71,0.0,0.0,0.0,0.0,IMELBO1849.csv
2023/01/08,04:24 AM,15.11,12.39,84.0,NW,0.48,0.8,1023.71,0.0,0.0,0.0,0.0,IMELBO1849.csv
2023/01/08,04:29 AM,15.06,12.33,84.0,NW,0.48,0.8,1023.71,0.0,0.0,0.0,0.0,IMELBO1849.csv
2023/01/08,04:34 AM,15.0,12.28,84.0,NW,1.61,2.41,1023.71,0.0,0.0,0.0,0.0,IMELBO1849.csv
2023/01/08,04:39 AM,15.0,12.33,84.0,NW,2.09,2.74,1024.04,0.0,0.0,0.0,0.0,IMELBO1849.csv
2023/01/08,04:44 AM,15.0,12.44,85.0,NW,1.61,2.41,1023.71,0.0,0.0,0.0,0.0,IMELBO1849.csv
2023/01/08,04:49 AM,15.0,12.5,85.0,WNW,1.29,1.93,1024.04,0.0,0.0,0.0,0.0,IMELBO1849.csv
2023/01/08,04:54 AM,14.89,12.39,85.0,WNW,1.45,2.25,1023.71,0.0,0.0,0.0,0.0,IMELBO1849.csv
2023/01/08,04:59 AM,14.89,12.39,85.0,WNW,0.48,0.97,1024.04,0.0,0.0,0.0,0.0,IMELBO1849.csv
2023/01/08,05:04 AM,14.78,12.28,85.0,WNW,0.48,0.8,1024.04,0.0,0.0,0.0,0.0,IMELBO1849.csv
2023/01/08,05:09 AM,14.72,12.22,85.0,NW,1.13,1.61,1024.04,0.0,0.0,0.0,0.0,IMELBO1849.csv
2023/01/08,05:14 AM,14.72,12.22,85.0,NW,0.97,1.77,1023.71,0.0,0.0,0.0,0.0,IMELBO1849.csv
2023/01/08,05:19 AM,14.56,12.06,85.0,NW,0.0,0.0,1023.71,0.0,0.0,0.0,0.0,IMELBO1849.csv
2023/01/08,05:24 AM,14.39,11.89,85.0,NW,0.32,0.64,1024.04,0.0,0.0,0.0,0.0,IMELBO1849.csv
2023/01/08,05:29 AM,14.5,12.0,85.0,NW,0.0,0.16,1023.71,0.0,0.0,0.0,0.0,IMELBO1849.csv
2023/01/08,05:34 AM,14.28,11.89,86.0,NW,0.0,0.0,1024.04,0.0,0.0,0.0,0.0,IMELBO1849.csv
2023/01/08,05:39 AM,14.22,11.89,86.0,NW,0.32,0.32,1024.04,0.0,0.0,0.0,0.0,IMELBO1849.csv
2023/01/08,05:44 AM,14.22,11.89,86.0,NW,0.64,1.45,1024.04,0.0,0.0,0.0,0.0,IMELBO1849.csv
2023/01/08,05:49 AM,14.28,11.94,86.0,NW,1.77,2.57,1024.04,0.0,0.0,0.0,0.0,IMELBO1849.csv
2023/01/08,05:54 AM,14.28,12.0,86.0,NW,1.45,2.25,1024.04,0.0,0.0,0.0,0.0,IMELBO1849.csv
2023/01/08,05:59 AM,14.28,12.0,86.0,NW,0.97,1.61,1024.04,0.0,0.0,0.0,0.0,IMELBO1849.csv
2023/01/08,06:04 AM,14.28,12.0,86.0,NW,1.61,2.25,1024.04,0.0,0.0,0.0,1.2,IMELBO1849.csv
2023/01/08,06:09 AM,14.28,12.0,86.0,WNW,0.48,0.8,1024.38,0.0,0.0,0.0,3.4,IMELBO1849.csv
2023/01/08,06:14 AM,14.28,12.0,86.0,WNW,0.48,0.97,1024.04,0.0,0.0,0.0,5.1,IMELBO1849.csv
2023/01/08,06:19 AM,14.28,11.94,86.0,WNW,0.64,1.29,1024.04,0.0,0.0,0.0,8.2,IMELBO1849.csv
2023/01/08,06:24 AM,14.28,12.0,86.0,WNW,1.13,1.61,1024.04,0.0,0.0,0.0,11.6,IMELBO1849.csv
2023/01/08,06:29 AM,14.28,12.0,86.0,WNW,0.48,1.13,1024.38,0.0,0.0,0.0,13.8,IMELBO1849.csv
2023/01/08,06:34 AM,14.39,12.11,86.0,WNW,1.29,2.09,1024.38,0.0,0.0,0.0,17.3,IMELBO1849.csv
2023/01/08,06:39 AM,14.5,12.22,86.0,WNW,1.45,2.41,1024.38,0.0,0.0,0.0,20.8,IMELBO1849.csv
2023/01/08,06:44 AM,14.61,12.28,86.0,WNW,1.29,2.09,1024.38,0.0,0.0,0.0,23.4,IMELBO1849.csv
2023/01/08,06:49 AM,14.72,12.39,86.0,WNW,2.25,3.06,1024.38,0.0,0.0,0.0,25.9,IMELBO1849.csv
2023/01/08,06:54 AM,14.83,12.56,86.0,WNW,2.57,3.54,1024.38,0.0,0.0,0.0,28.6,IMELBO1849.csv
2023/01/08,06:59 AM,15.0,12.72,86.0,NW,1.13,1.77,1024.38,0.0,0.0,0.0,31.2,IMELBO1849.csv
2023/01/08,07:04 AM,15.17,12.67,85.0,West,0.64,1.29,1024.38,0.0,0.0,0.0,39.4,IMELBO1849.csv
2023/01/08,07:09 AM,15.28,12.78,85.0,West,0.48,1.29,1024.38,0.0,0.0,0.0,50.3,IMELBO1849.csv
2023/01/08,07:14 AM,15.61,13.06,85.0,WNW,1.45,2.25,1024.38,0.0,0.0,0.0,57.6,IMELBO1849.csv
2023/01/08,07:19 AM,15.89,13.17,84.0,WNW,1.61,2.57,1024.38,0.0,0.0,0.0,87.1,IMELBO1849.csv
2023/01/08,07:24 AM,16.22,13.28,83.0,NW,0.97,1.77,1024.72,0.0,0.0,0.0,85.0,IMELBO1849.csv
2023/01/08,07:29 AM,16.5,13.56,83.0,WNW,0.8,1.29,1024.72,0.0,0.0,0.0,88.0,IMELBO1849.csv
2023/01/08,07:34 AM,16.78,13.67,82.0,West,0.64,0.97,1024.72,0.0,0.0,1.0,108.4,IMELBO1849.csv
2023/01/08,07:39 AM,17.22,13.89,81.0,WNW,0.97,1.77,1024.72,0.0,0.0,1.0,126.1,IMELBO1849.csv
2023/01/08,07:44 AM,17.33,13.89,80.0,WNW,0.8,1.29,1024.72,0.0,0.0,1.0,147.4,IMELBO1849.csv
2023/01/08,07:49 AM,17.83,14.17,79.0,West,0.32,0.8,1024.72,0.0,0.0,1.0,166.1,IMELBO1849.csv
2023/01/08,07:54 AM,18.28,14.39,78.0,WNW,0.48,1.13,1024.72,0.0,0.0,1.0,171.8,IMELBO1849.csv
2023/01/08,07:59 AM,18.44,14.33,77.0,West,1.29,1.77,1024.72,0.0,0.0,1.0,189.1,IMELBO1849.csv
2023/01/08,08:04 AM,18.22,14.28,78.0,West,0.97,1.61,1024.72,0.0,0.0,2.0,206.9,IMELBO1849.csv
2023/01/08,08:09 AM,18.39,14.44,78.0,WSW,0.48,0.8,1024.72,0.0,0.0,2.0,227.3,IMELBO1849.csv
2023/01/08,08:14 AM,18.67,14.5,77.0,WSW,0.48,0.97,1024.72,0.0,0.0,2.0,253.2,IMELBO1849.csv
2023/01/08,08:19 AM,19.11,14.67,75.0,WSW,0.48,1.13,1025.06,0.0,0.0,2.0,261.9,IMELBO1849.csv
2023/01/08,08:24 AM,19.5,14.78,74.0,WSW,1.45,1.93,1025.06,0.0,0.0,2.0,275.0,IMELBO1849.csv
2023/01/08,08:29 AM,19.44,14.72,74.0,WSW,1.13,1.77,1025.06,0.0,0.0,2.0,288.0,IMELBO1849.csv
2023/01/08,08:34 AM,19.78,14.72,73.0,WNW,1.45,2.25,1025.06,0.0,0.0,2.0,281.0,IMELBO1849.csv
2023/01/08,08:39 AM,20.0,14.78,72.0,WNW,0.64,0.97,1025.06,0.0,0.0,2.0,287.6,IMELBO1849.csv
2023/01/08,08:44 AM,20.11,14.72,71.0,WNW,1.45,2.09,1025.06,0.0,0.0,3.0,315.8,IMELBO1849.csv
2023/01/08,08:49 AM,20.22,14.67,70.0,WSW,1.93,2.9,1025.4,0.0,0.0,3.0,358.7,IMELBO1849.csv
2023/01/08,08:54 AM,20.44,14.72,70.0,WSW,1.77,2.57,1025.4,0.0,0.0,3.0,359.2,IMELBO1849.csv
2023/01/08,08:59 AM,21.0,15.0,69.0,WSW,1.93,2.9,1025.4,0.0,0.0,3.0,306.2,IMELBO1849.csv
2023/01/08,09:04 AM,21.28,14.89,67.0,WNW,1.61,2.57,1025.4,0.0,0.0,3.0,328.7,IMELBO1849.csv
2023/01/08,09:09 AM,21.56,14.89,66.0,WNW,0.8,1.61,1025.4,0.0,0.0,4.0,418.5,IMELBO1849.csv
2023/01/08,09:14 AM,21.94,15.0,65.0,West,1.13,2.09,1025.4,0.0,0.0,4.0,435.9,IMELBO1849.csv
2023/01/08,09:19 AM,21.89,14.83,64.0,WNW,0.97,1.61,1025.06,0.0,0.0,4.0,472.3,IMELBO1849.csv
2023/01/08,09:24 AM,22.5,15.0,63.0,WSW,1.77,2.57,1025.4,0.0,0.0,4.0,468.9,IMELBO1849.csv
2023/01/08,09:29 AM,22.44,14.67,61.0,SW,1.77,2.57,1025.06,0.0,0.0,4.0,481.9,IMELBO1849.csv
2023/01/08,09:34 AM,22.44,14.44,61.0,West,2.57,3.7,1025.06,0.0,0.0,4.0,457.2,IMELBO1849.csv
2023/01/08,09:39 AM,23.0,14.67,59.0,ESE,1.61,2.09,1025.06,0.0,0.0,4.0,483.6,IMELBO1849.csv
2023/01/08,09:44 AM,23.33,14.56,58.0,NNW,0.97,1.13,1025.06,0.0,0.0,4.0,490.6,IMELBO1849.csv
2023/01/08,09:49 AM,24.06,14.22,54.0,WSW,2.09,2.9,1025.06,0.0,0.0,4.0,498.4,IMELBO1849.csv
2023/01/08,09:54 AM,24.0,14.28,55.0,NW,2.25,2.9,1025.06,0.0,0.0,4.0,488.0,IMELBO1849.csv
2023/01/08,09:59 AM,24.28,14.39,54.0,NNW,1.13,1.77,1025.06,0.0,0.0,5.0,550.5,IMELBO1849.csv
2023/01/08,10:04 AM,25.44,15.5,54.0,SE,1.29,2.09,1025.06,0.0,0.0,5.0,588.7,IMELBO1849.csv
2023/01/08,10:09 AM,25.11,15.0,53.0,WSW,1.77,2.41,1025.06,0.0,0.0,5.0,586.5,IMELBO1849.csv
2023/01/08,10:14 AM,25.0,14.89,53.0,WSW,1.93,2.74,1025.06,0.0,0.0,5.0,570.8,IMELBO1849.csv
2023/01/08,10:19 AM,24.83,14.39,52.0,SSW,2.09,2.74,1025.06,0.0,0.0,5.0,540.0,IMELBO1849.csv
2023/01/08,10:24 AM,25.61,14.89,52.0,SE,1.61,2.57,1024.72,0.0,0.0,5.0,552.2,IMELBO1849.csv
2023/01/08,10:29 AM,26.17,15.0,50.0,SW,1.45,2.57,1025.06,0.0,0.0,5.0,546.6,IMELBO1849.csv
2023/01/08,10:34 AM,26.17,14.89,50.0,SW,1.61,2.57,1025.06,0.0,0.0,5.0,548.7,IMELBO1849.csv
2023/01/08,10:39 AM,26.11,14.78,50.0,SW,2.74,3.86,1025.06,0.0,0.0,5.0,581.2,IMELBO1849.csv
2023/01/08,10:44 AM,26.33,14.72,49.0,SSW,1.61,2.25,1024.72,0.0,0.0,5.0,614.3,IMELBO1849.csv
2023/01/08,10:49 AM,26.83,14.94,48.0,ESE,3.06,3.86,1024.72,0.0,0.0,6.0,653.3,IMELBO1849.csv
2023/01/08,10:54 AM,26.72,14.72,48.0,ESE,3.06,4.02,1024.72,0.0,0.0,6.0,694.0,IMELBO1849.csv
2023/01/08,10:59 AM,26.94,14.33,46.0,SE,3.06,4.02,1024.72,0.0,0.0,7.0,720.9,IMELBO1849.csv
2023/01/08,11:04 AM,27.5,14.78,46.0,ESE,2.09,3.06,1024.72,0.0,0.0,7.0,720.6,IMELBO1849.csv
2023/01/08,11:09 AM,27.67,14.72,45.0,ESE,2.57,3.54,1024.38,0.0,0.0,6.0,690.6,IMELBO1849.csv
2023/01/08,11:14 AM,28.28,14.33,42.0,SE,2.09,2.9,1024.38,0.0,0.0,6.0,616.8,IMELBO1849.csv
2023/01/08,11:19 AM,28.39,14.39,42.0,ESE,3.22,4.34,1024.72,0.0,0.0,5.0,604.7,IMELBO1849.csv
2023/01/08,11:24 AM,28.33,14.17,42.0,ESE,3.38,4.51,1024.72,0.0,0.0,7.0,773.0,IMELBO1849.csv
2023/01/08,11:29 AM,28.44,14.17,42.0,East,2.25,3.54,1024.72,0.0,0.0,7.0,777.8,IMELBO1849.csv
2023/01/08,11:34 AM,29.17,14.61,41.0,SE,1.93,3.06,1024.38,0.0,0.0,7.0,763.0,IMELBO1849.csv
2023/01/08,11:39 AM,28.94,14.44,41.0,East,1.93,2.9,1024.38,0.0,0.0,7.0,791.6,IMELBO1849.csv
2023/01/08,11:44 AM,29.0,14.17,40.0,ENE,2.25,3.06,1024.38,0.0,0.0,7.0,803.8,IMELBO1849.csv
2023/01/08,11:49 AM,29.89,14.28,39.0,ESE,2.09,3.06,1024.38,0.0,0.0,7.0,800.3,IMELBO1849.csv
2023/01/08,11:54 AM,29.94,14.22,38.0,North,1.77,2.9,1024.38,0.0,0.0,7.0,816.0,IMELBO1849.csv
2023/01/08,11:59 AM,30.17,13.94,37.0,SW,3.06,4.02,1024.38,0.0,0.0,8.0,825.9,IMELBO1849.csv
2023/01/08,12:04 PM,30.0,13.22,36.0,SW,2.57,3.54,1024.38,0.0,0.0,8.0,831.5,IMELBO1849.csv
2023/01/08,12:09 PM,30.22,13.17,35.0,NW,1.61,2.41,1024.38,0.0,0.0,8.0,835.9,IMELBO1849.csv
2023/01/08,12:14 PM,30.44,13.78,36.0,SSE,1.77,2.57,1024.38,0.0,0.0,8.0,825.5,IMELBO1849.csv
2023/01/08,12:19 PM,30.5,13.67,36.0,SW,4.02,5.31,1024.38,0.0,0.0,8.0,827.2,IMELBO1849.csv
2023/01/08,12:24 PM,30.56,13.44,35.0,West,2.9,4.18,1024.38,0.0,0.0,7.0,790.3,IMELBO1849.csv
2023/01/08,12:29 PM,30.83,13.44,35.0,SE,1.77,2.74,1024.38,0.0,0.0,7.0,786.0,IMELBO1849.csv
2023/01/08,12:34 PM,31.0,13.33,34.0,NE,4.67,6.11,1024.38,0.0,0.0,7.0,807.7,IMELBO1849.csv
2023/01/08,12:39 PM,31.11,13.5,34.0,SSE,3.54,5.15,1024.38,0.0,0.0,7.0,815.1,IMELBO1849.csv
2023/01/08,12:44 PM,31.39,13.67,34.0,South,3.22,4.67,1024.04,0.0,0.0,7.0,816.0,IMELBO1849.csv
2023/01/08,12:49 PM,31.33,13.61,34.0,SE,3.86,4.83,1024.04,0.0,0.0,8.0,860.1,IMELBO1849.csv
2023/01/08,12:54 PM,31.0,13.39,34.0,ESE,3.38,5.15,1024.04,0.0,0.0,8.0,863.2,IMELBO1849.csv
2023/01/08,12:59 PM,31.56,13.5,33.0,SSW,4.67,6.28,1024.04,0.0,0.0,8.0,845.8,IMELBO1849.csv
2023/01/08,01:04 PM,31.78,13.44,33.0,SE,3.7,5.31,1024.04,0.0,0.0,7.0,821.6,IMELBO1849.csv
2023/01/08,01:09 PM,32.11,13.17,32.0,WSW,2.9,4.02,1024.04,0.0,0.0,7.0,810.4,IMELBO1849.csv
2023/01/08,01:14 PM,31.94,13.39,32.0,WSW,3.54,5.15,1024.04,0.0,0.0,7.0,814.3,IMELBO1849.csv
2023/01/08,01:19 PM,32.28,13.5,32.0,NNE,2.74,4.02,1023.71,0.0,0.0,7.0,816.8,IMELBO1849.csv
2023/01/08,01:24 PM,32.11,13.89,33.0,SSE,4.67,7.08,1023.71,0.0,0.0,7.0,811.6,IMELBO1849.csv
2023/01/08,01:29 PM,32.22,13.78,33.0,SE,4.02,6.11,1023.71,0.0,0.0,7.0,792.5,IMELBO1849.csv
2023/01/08,01:34 PM,31.78,13.39,33.0,SE,3.22,4.18,1023.71,0.0,0.0,7.0,770.0,IMELBO1849.csv
2023/01/08,01:39 PM,32.39,14.06,33.0,West,2.57,3.7,1023.71,0.0,0.0,7.0,794.2,IMELBO1849.csv
2023/01/08,01:44 PM,32.67,14.83,34.0,SW,5.15,7.08,1023.71,0.0,0.0,7.0,789.4,IMELBO1849.csv
2023/01/08,01:49 PM,32.11,14.61,35.0,South,5.15,7.08,1023.71,0.0,0.0,7.0,768.6,IMELBO1849.csv
2023/01/08,01:54 PM,32.28,14.22,34.0,South,5.15,7.72,1023.71,0.0,0.0,7.0,778.2,IMELBO1849.csv
2023/01/08,01:59 PM,31.89,13.72,33.0,SW,6.76,9.17,1023.71,0.0,0.0,7.0,822.0,IMELBO1849.csv
2023/01/08,02:04 PM,32.17,13.72,33.0,South,4.99,7.56,1023.71,0.0,0.0,8.0,829.8,IMELBO1849.csv
2023/01/08,02:09 PM,32.17,14.11,34.0,SE,4.18,5.79,1023.71,0.0,0.0,8.0,852.0,IMELBO1849.csv
2023/01/08,02:14 PM,32.28,14.17,34.0,SE,4.18,6.6,1023.37,0.0,0.0,8.0,854.5,IMELBO1849.csv
2023/01/08,02:19 PM,32.28,13.5,32.0,SW,6.44,8.69,1023.37,0.0,0.0,7.0,819.9,IMELBO1849.csv
2023/01/08,02:24 PM,31.72,13.0,32.0,SSW,7.88,10.3,1023.37,0.0,0.0,7.0,822.8,IMELBO1849.csv
2023/01/08,02:29 PM,32.0,13.06,32.0,South,5.63,8.21,1023.37,0.0,0.0,8.0,829.4,IMELBO1849.csv
2023/01/08,02:34 PM,32.39,13.17,31.0,South,5.15,7.4,1023.37,0.0,0.0,7.0,818.1,IMELBO1849.csv
2023/01/08,02:39 PM,32.44,12.72,30.0,South,5.63,8.04,1023.37,0.0,0.0,7.0,803.4,IMELBO1849.csv
2023/01/08,02:44 PM,32.06,12.72,31.0,SSE,5.31,7.08,1023.71,0.0,0.0,7.0,809.5,IMELBO1849.csv
2023/01/08,02:49 PM,32.33,12.56,30.0,SSE,4.83,6.92,1023.03,0.0,0.0,7.0,811.6,IMELBO1849.csv
2023/01/08,02:54 PM,32.56,12.5,30.0,SSE,5.79,7.88,1023.03,0.0,0.0,7.0,803.4,IMELBO1849.csv
2023/01/08,02:59 PM,32.72,12.44,29.0,SSW,6.6,9.17,1023.03,0.0,0.0,7.0,799.0,IMELBO1849.csv
2023/01/08,03:04 PM,32.56,12.11,29.0,SSW,4.99,7.24,1023.03,0.0,0.0,7.0,785.2,IMELBO1849.csv
2023/01/08,03:09 PM,32.56,12.0,29.0,SSE,4.99,7.08,1023.03,0.0,0.0,7.0,719.6,IMELBO1849.csv
2023/01/08,03:14 PM,32.67,11.89,28.0,South,4.51,5.95,1023.03,0.0,0.0,7.0,751.3,IMELBO1849.csv
2023/01/08,03:19 PM,32.83,12.0,28.0,SSW,5.95,7.72,1023.03,0.0,0.0,7.0,796.0,IMELBO1849.csv
2023/01/08,03:24 PM,32.39,11.83,28.0,South,5.95,9.33,1023.03,0.0,0.0,7.0,791.6,IMELBO1849.csv
2023/01/08,03:29 PM,32.56,11.78,28.0,South,4.83,6.76,1023.03,0.0,0.0,7.0,754.0,IMELBO1849.csv
2023/01/08,03:34 PM,32.5,11.72,28.0,South,4.83,6.76,1023.03,0.0,0.0,7.0,753.1,IMELBO1849.csv
2023/01/08,03:39 PM,32.67,11.89,28.0,SSE,4.34,6.28,1023.03,0.0,0.0,7.0,780.4,IMELBO1849.csv
2023/01/08,03:44 PM,32.61,11.72,28.0,SSE,7.72,10.46,1022.69,0.0,0.0,7.0,795.2,IMELBO1849.csv
2023/01/08,03:49 PM,32.28,11.67,28.0,SSE,4.83,6.76,1022.69,0.0,0.0,7.0,783.0,IMELBO1849.csv
2023/01/08,03:54 PM,32.61,11.67,28.0,SSE,3.54,5.31,1022.69,0.0,0.0,6.0,706.2,IMELBO1849.csv
2023/01/08,03:59 PM,32.39,11.44,28.0,SW,6.44,8.53,1023.03,0.0,0.0,6.0,676.3,IMELBO1849.csv
2023/01/08,04:04 PM,32.28,11.78,28.0,SW,5.79,7.72,1022.69,0.0,0.0,6.0,687.5,IMELBO1849.csv
2023/01/08,04:09 PM,32.0,11.33,28.0,SSW,9.33,12.55,1022.69,0.0,0.0,6.0,707.1,IMELBO1849.csv
2023/01/08,04:14 PM,32.0,11.44,28.0,SSW,6.11,8.53,1022.69,0.0,0.0,6.0,701.0,IMELBO1849.csv
2023/01/08,04:19 PM,32.33,11.61,28.0,SSW,5.15,7.56,1022.69,0.0,0.0,6.0,713.6,IMELBO1849.csv
2023/01/08,04:24 PM,32.61,11.83,28.0,South,5.47,7.72,1022.69,0.0,0.0,6.0,711.9,IMELBO1849.csv
2023/01/08,04:29 PM,32.28,11.89,29.0,SSE,6.28,8.85,1022.69,0.0,0.0,7.0,753.1,IMELBO1849.csv
2023/01/08,04:34 PM,32.39,11.83,28.0,SSW,4.99,7.24,1022.69,0.0,0.0,7.0,783.8,IMELBO1849.csv
2023/01/08,04:39 PM,32.5,11.67,28.0,SSW,5.31,6.92,1022.69,0.0,0.0,7.0,808.2,IMELBO1849.csv
2023/01/08,04:44 PM,32.39,11.61,28.0,ESE,5.47,7.72,1022.69,0.0,0.0,7.0,808.2,IMELBO1849.csv
2023/01/08,04:49 PM,32.17,11.39,28.0,SSE,4.34,6.6,1022.35,0.0,0.0,7.0,793.8,IMELBO1849.csv
2023/01/08,04:54 PM,32.5,11.89,28.0,SE,3.86,5.31,1022.69,0.0,0.0,7.0,772.5,IMELBO1849.csv
2023/01/08,04:59 PM,32.5,11.89,28.0,SSE,5.95,8.53,1022.69,0.0,0.0,7.0,735.2,IMELBO1849.csv
2023/01/08,05:04 PM,32.33,11.72,28.0,SSE,4.67,6.76,1022.35,0.0,0.0,6.0,640.7,IMELBO1849.csv
2023/01/08,05:09 PM,32.5,11.89,28.0,SE,4.18,6.11,1022.35,0.0,0.0,6.0,623.8,IMELBO1849.csv
2023/01/08,05:14 PM,32.28,11.5,28.0,SSW,5.63,7.72,1022.35,0.0,0.0,5.0,613.4,IMELBO1849.csv
2023/01/08,05:19 PM,32.06,11.5,28.0,South,5.63,7.72,1022.35,0.0,0.0,5.0,583.9,IMELBO1849.csv
2023/01/08,05:24 PM,32.11,11.61,28.0,South,6.11,8.21,1022.35,0.0,0.0,5.0,578.2,IMELBO1849.csv
2023/01/08,05:29 PM,32.11,11.72,29.0,SSE,4.67,6.6,1022.01,0.0,0.0,4.0,505.7,IMELBO1849.csv
2023/01/08,05:34 PM,31.94,11.72,29.0,SE,4.18,6.28,1022.35,0.0,0.0,5.0,567.8,IMELBO1849.csv
2023/01/08,05:39 PM,32.06,11.72,29.0,SE,4.83,7.08,1022.35,0.0,0.0,5.0,576.1,IMELBO1849.csv
2023/01/08,05:44 PM,32.0,11.78,29.0,SE,4.02,5.95,1022.01,0.0,0.0,5.0,544.4,IMELBO1849.csv
2023/01/08,05:49 PM,32.06,11.44,28.0,SSE,5.15,7.88,1022.01,0.0,0.0,4.0,491.9,IMELBO1849.csv
2023/01/08,05:54 PM,31.89,11.28,28.0,SE,4.02,5.79,1022.35,0.0,0.0,4.0,451.0,IMELBO1849.csv
2023/01/08,05:59 PM,32.06,11.61,29.0,SE,4.18,5.79,1022.01,0.0,0.0,4.0,458.9,IMELBO1849.csv
2023/01/08,06:04 PM,31.94,10.89,27.0,ESE,5.15,7.56,1022.01,0.0,0.0,4.0,426.0,IMELBO1849.csv
2023/01/08,06:09 PM,31.72,10.61,27.0,East,5.63,8.04,1022.01,0.0,0.0,3.0,330.1,IMELBO1849.csv
2023/01/08,06:14 PM,31.44,10.78,28.0,SE,4.67,6.6,1022.01,0.0,0.0,2.0,275.4,IMELBO1849.csv
2023/01/08,06:19 PM,31.83,11.11,28.0,ESE,3.54,5.15,1022.01,0.0,0.0,2.0,285.8,IMELBO1849.csv
2023/01/08,06:24 PM,31.72,11.11,28.0,ESE,5.15,6.92,1022.01,0.0,0.0,3.0,322.2,IMELBO1849.csv
2023/01/08,06:29 PM,31.56,11.39,29.0,ESE,4.83,7.08,1022.01,0.0,0.0,3.0,318.3,IMELBO1849.csv
2023/01/08,06:34 PM,31.39,11.56,30.0,ESE,6.28,8.69,1022.01,0.0,0.0,2.0,283.2,IMELBO1849.csv
2023/01/08,06:39 PM,31.22,11.94,31.0,ESE,4.99,7.08,1021.67,0.0,0.0,2.0,291.9,IMELBO1849.csv
2023/01/08,06:44 PM,31.28,12.0,31.0,ESE,4.34,5.95,1021.67,0.0,0.0,2.0,277.6,IMELBO1849.csv
2023/01/08,06:49 PM,31.56,12.11,30.0,SSE,4.51,6.28,1021.67,0.0,0.0,2.0,275.4,IMELBO1849.csv
2023/01/08,06:54 PM,31.5,12.5,31.0,ESE,3.38,4.67,1022.01,0.0,0.0,2.0,248.9,IMELBO1849.csv
2023/01/08,06:59 PM,31.61,12.5,31.0,SE,3.7,5.47,1022.01,0.0,0.0,2.0,225.9,IMELBO1849.csv
2023/01/08,07:04 PM,31.33,12.5,32.0,ESE,4.51,6.44,1022.01,0.0,0.0,1.0,163.4,IMELBO1849.csv
2023/01/08,07:09 PM,31.11,12.5,32.0,SE,4.51,6.28,1022.01,0.0,0.0,1.0,170.4,IMELBO1849.csv
2023/01/08,07:14 PM,30.89,12.83,33.0,SE,3.7,5.47,1022.01,0.0,0.0,1.0,142.3,IMELBO1849.csv
2023/01/08,07:19 PM,30.72,13.06,34.0,SSE,3.54,5.15,1022.01,0.0,0.0,0.0,52.8,IMELBO1849.csv
2023/01/08,07:24 PM,30.61,13.0,34.0,SE,4.83,6.76,1021.67,0.0,0.0,0.0,50.3,IMELBO1849.csv
2023/01/08,07:29 PM,30.56,12.94,34.0,SE,1.61,2.41,1022.01,0.0,0.0,0.0,48.6,IMELBO1849.csv
2023/01/08,07:34 PM,30.61,12.94,34.0,SE,3.06,4.51,1022.01,0.0,0.0,0.0,45.5,IMELBO1849.csv
2023/01/08,07:39 PM,30.56,12.94,34.0,SE,3.38,4.99,1022.01,0.0,0.0,0.0,43.8,IMELBO1849.csv
2023/01/08,07:44 PM,30.5,12.89,34.0,SE,3.06,4.67,1022.01,0.0,0.0,0.0,41.6,IMELBO1849.csv
2023/01/08,07:49 PM,30.33,12.72,34.0,ESE,3.22,4.51,1022.01,0.0,0.0,0.0,39.4,IMELBO1849.csv
2023/01/08,07:54 PM,30.33,12.72,34.0,ESE,3.22,4.51,1022.01,0.0,0.0,0.0,36.3,IMELBO1849.csv
2023/01/08,07:59 PM,30.22,12.28,33.0,SE,2.74,4.02,1022.01,0.0,0.0,0.0,32.9,IMELBO1849.csv
2023/01/08,08:04 PM,30.22,12.17,33.0,SE,2.57,4.02,1022.01,0.0,0.0,0.0,30.3,IMELBO1849.csv
2023/01/08,08:09 PM,30.06,11.61,32.0,ESE,3.38,4.67,1022.35,0.0,0.0,0.0,26.4,IMELBO1849.csv
2023/01/08,08:14 PM,29.83,11.39,32.0,ESE,2.41,3.38,1022.35,0.0,0.0,0.0,20.8,IMELBO1849.csv
2023/01/08,08:19 PM,29.72,10.78,31.0,ESE,4.18,5.95,1022.35,0.0,0.0,0.0,16.9,IMELBO1849.csv
2023/01/08,08:24 PM,29.61,10.94,31.0,SE,2.09,3.38,1022.35,0.0,0.0,0.0,14.3,IMELBO1849.csv
2023/01/08,08:29 PM,29.44,10.89,32.0,ESE,2.57,3.38,1022.01,0.0,0.0,0.0,13.0,IMELBO1849.csv
2023/01/08,08:34 PM,29.28,10.89,32.0,SE,1.77,2.25,1022.35,0.0,0.0,0.0,10.4,IMELBO1849.csv
2023/01/08,08:39 PM,29.17,10.78,32.0,ESE,1.77,2.57,1022.35,0.0,0.0,0.0,7.3,IMELBO1849.csv
2023/01/08,08:44 PM,29.0,10.5,32.0,ESE,2.25,2.9,1022.69,0.0,0.0,0.0,4.8,IMELBO1849.csv
2023/01/08,08:49 PM,28.83,10.61,32.0,ESE,1.45,2.25,1022.69,0.0,0.0,0.0,2.6,IMELBO1849.csv
2023/01/08,08:54 PM,28.72,10.39,32.0,ESE,1.13,1.77,1022.35,0.0,0.0,0.0,1.2,IMELBO1849.csv
2023/01/08,08:59 PM,28.5,10.11,32.0,ESE,1.93,2.41,1022.69,0.0,0.0,0.0,0.0,IMELBO1849.csv
2023/01/08,09:04 PM,28.33,9.94,32.0,ESE,0.97,1.61,1022.69,0.0,0.0,0.0,0.0,IMELBO1849.csv
2023/01/08,09:09 PM,28.17,9.94,32.0,ESE,0.16,0.8,1022.69,0.0,0.0,0.0,0.0,IMELBO1849.csv
2023/01/08,09:14 PM,27.94,9.72,32.0,ESE,0.64,1.29,1022.69,0.0,0.0,0.0,0.0,IMELBO1849.csv
2023/01/08,09:19 PM,27.78,9.44,32.0,ESE,0.8,1.29,1022.69,0.0,0.0,0.0,0.0,IMELBO1849.csv
2023/01/08,09:24 PM,27.78,9.5,32.0,ESE,0.16,0.48,1022.69,0.0,0.0,0.0,0.0,IMELBO1849.csv
2023/01/08,09:29 PM,27.56,9.44,32.0,ESE,0.48,0.97,1022.69,0.0,0.0,0.0,0.0,IMELBO1849.csv
2023/01/08,09:34 PM,27.39,9.33,32.0,ESE,0.16,0.64,1022.69,0.0,0.0,0.0,0.0,IMELBO1849.csv
2023/01/08,09:39 PM,27.28,9.22,32.0,ESE,0.64,1.13,1023.03,0.0,0.0,0.0,0.0,IMELBO1849.csv
2023/01/08,09:44 PM,27.22,9.17,32.0,ESE,0.32,0.64,1023.03,0.0,0.0,0.0,0.0,IMELBO1849.csv
2023/01/08,09:49 PM,27.17,9.06,32.0,ESE,0.16,0.48,1023.03,0.0,0.0,0.0,0.0,IMELBO1849.csv
2023/01/08,09:54 PM,26.83,9.11,33.0,ESE,0.0,0.16,1023.03,0.0,0.0,0.0,0.0,IMELBO1849.csv
2023/01/08,09:59 PM,26.44,9.06,33.0,ESE,0.0,0.0,1023.37,0.0,0.0,0.0,0.0,IMELBO1849.csv
2023/01/08,10:04 PM,26.28,8.78,33.0,ESE,0.0,0.32,1023.37,0.0,0.0,0.0,0.0,IMELBO1849.csv
2023/01/08,10:09 PM,26.22,9.0,34.0,ESE,0.0,0.16,1023.37,0.0,0.0,0.0,0.0,IMELBO1849.csv
2023/01/08,10:14 PM,26.11,9.28,35.0,ESE,0.0,0.0,1023.37,0.0,0.0,0.0,0.0,IMELBO1849.csv
2023/01/08,10:19 PM,25.78,9.33,35.0,ESE,0.0,0.0,1023.37,0.0,0.0,0.0,0.0,IMELBO1849.csv
2023/01/08,10:24 PM,25.33,9.33,36.0,ESE,0.0,0.0,1023.37,0.0,0.0,0.0,0.0,IMELBO1849.csv
2023/01/08,10:29 PM,24.72,9.61,38.0,ESE,0.0,0.0,1023.37,0.0,0.0,0.0,0.0,IMELBO1849.csv
2023/01/08,10:34 PM,24.56,9.94,40.0,ESE,0.0,0.0,1023.71,0.0,0.0,0.0,0.0,IMELBO1849.csv
2023/01/08,10:39 PM,24.56,10.11,40.0,ESE,0.0,0.0,1023.37,0.0,0.0,0.0,0.0,IMELBO1849.csv
2023/01/08,10:44 PM,24.33,10.22,41.0,ESE,0.0,0.0,1023.37,0.0,0.0,0.0,0.0,IMELBO1849.csv
2023/01/08,10:49 PM,24.06,10.22,42.0,ESE,0.0,0.0,1023.37,0.0,0.0,0.0,0.0,IMELBO1849.csv
2023/01/08,10:54 PM,23.61,10.5,43.0,ESE,0.0,0.0,1023.37,0.0,0.0,0.0,0.0,IMELBO1849.csv
2023/01/08,10:59 PM,23.39,10.83,45.0,ESE,0.0,0.0,1023.71,0.0,0.0,0.0,0.0,IMELBO1849.csv
2023/01/08,11:04 PM,23.72,10.94,44.0,ESE,0.0,0.0,1023.71,0.0,0.0,0.0,0.0,IMELBO1849.csv
2023/01/08,11:09 PM,24.0,11.22,45.0,ESE,0.0,0.0,1023.71,0.0,0.0,0.0,0.0,IMELBO1849.csv
2023/01/08,11:14 PM,23.78,10.78,44.0,ESE,0.0,0.0,1023.71,0.0,0.0,0.0,0.0,IMELBO1849.csv
2023/01/08,11:19 PM,23.44,10.56,44.0,ESE,0.0,0.0,1023.37,0.0,0.0,0.0,0.0,IMELBO1849.csv
2023/01/08,11:24 PM,23.17,10.33,44.0,ESE,0.0,0.0,1023.71,0.0,0.0,0.0,0.0,IMELBO1849.csv
2023/01/08,11:29 PM,23.22,10.33,44.0,ESE,0.16,0.32,1023.71,0.0,0.0,0.0,0.0,IMELBO1849.csv
2023/01/08,11:34 PM,23.22,10.28,44.0,ESE,0.0,0.16,1023.71,0.0,0.0,0.0,0.0,IMELBO1849.csv
2023/01/08,11:39 PM,23.11,10.22,44.0,ESE,0.0,0.32,1023.37,0.0,0.0,0.0,0.0,IMELBO1849.csv
2023/01/08,11:44 PM,23.17,10.28,44.0,ESE,0.32,0.97,1023.37,0.0,0.0,0.0,0.0,IMELBO1849.csv
2023/01/08,11:49 PM,23.22,10.28,44.0,ESE,0.0,0.0,1023.37,0.0,0.0,0.0,0.0,IMELBO1849.csv
2023/01/08,11:54 PM,23.06,10.39,45.0,ESE,0.0,0.16,1023.37,0.0,0.0,0.0,0.0,IMELBO1849.csv
2023/01/08,11:59 PM,22.78,10.56,46.0,ESE,0.0,0.0,1023.37,0.0,0.0,0.0,0.0,IMELBO1849.csv
2023/01/09,12:04 AM,22.56,10.33,46.0,ESE,0.0,0.16,1023.37,0.0,0.0,0.0,0.0,IMELBO1849.csv
2023/01/09,12:09 AM,22.39,10.22,46.0,ESE,0.16,0.32,1023.37,0.0,0.0,0.0,0.0,IMELBO1849.csv
2023/01/09,12:14 AM,22.44,10.17,46.0,East,0.16,0.64,1023.37,0.0,0.0,0.0,0.0,IMELBO1849.csv
2023/01/09,12:19 AM,22.5,10.28,46.0,ENE,0.0,0.16,1023.37,0.0,0.0,0.0,0.0,IMELBO1849.csv
2023/01/09,12:24 AM,22.39,10.28,46.0,ENE,0.32,0.48,1023.37,0.0,0.0,0.0,0.0,IMELBO1849.csv
2023/01/09,12:29 AM,22.28,10.44,47.0,ENE,0.16,0.32,1023.37,0.0,0.0,0.0,0.0,IMELBO1849.csv
2023/01/09,12:34 AM,22.22,10.67,48.0,NE,0.32,0.48,1023.37,0.0,0.0,0.0,0.0,IMELBO1849.csv
2023/01/09,12:39 AM,22.11,10.61,48.0,NE,0.97,1.77,1023.37,0.0,0.0,0.0,0.0,IMELBO1849.csv
2023/01/09,12:44 AM,22.22,10.72,48.0,NE,0.8,1.45,1023.37,0.0,0.0,0.0,0.0,IMELBO1849.csv
2023/01/09,12:49 AM,22.17,10.72,48.0,NE,0.32,0.8,1023.03,0.0,0.0,0.0,0.0,IMELBO1849.csv
2023/01/09,12:54 AM,21.94,10.78,49.0,NE,0.32,0.48,1023.03,0.0,0.0,0.0,0.0,IMELBO1849.csv
2023/01/09,12:59 AM,21.83,10.89,50.0,NE,1.13,1.77,1023.03,0.0,0.0,0.0,0.0,IMELBO1849.csv
2023/01/09,01:04 AM,21.78,11.0,50.0,NE,1.13,1.93,1023.03,0.0,0.0,0.0,0.0,IMELBO1849.csv
2023/01/09,01:09 AM,21.61,11.22,52.0,NE,0.97,1.61,1023.03,0.0,0.0,0.0,0.0,IMELBO1849.csv
2023/01/09,01:14 AM,21.39,11.44,53.0,NE,1.77,2.09,1023.03,0.0,0.0,0.0,0.0,IMELBO1849.csv
2023/01/09,01:19 AM,21.22,11.44,54.0,NE,1.13,1.45,1023.03,0.0,0.0,0.0,0.0,IMELBO1849.csv
2023/01/09,01:24 AM,21.11,11.44,54.0,NE,0.16,0.48,1023.03,0.0,0.0,0.0,0.0,IMELBO1849.csv
2023/01/09,01:29 AM,20.89,11.5,55.0,NE,0.0,0.0,1023.03,0.0,0.0,0.0,0.0,IMELBO1849.csv
2023/01/09,01:34 AM,20.72,11.33,55.0,NE,0.0,0.16,1023.03,0.0,0.0,0.0,0.0,IMELBO1849.csv
2023/01/09,01:39 AM,20.61,11.5,56.0,NE,0.32,1.13,1022.69,0.0,0.0,0.0,0.0,IMELBO1849.csv
2023/01/09,01:44 AM,20.5,11.39,56.0,NE,0.0,0.16,1022.69,0.0,0.0,0.0,0.0,IMELBO1849.csv
2023/01/09,01:49 AM,20.39,11.44,56.0,NE,0.16,0.32,1022.69,0.0,0.0,0.0,0.0,IMELBO1849.csv
2023/01/09,01:54 AM,20.17,11.39,57.0,NE,0.0,0.0,1022.69,0.0,0.0,0.0,0.0,IMELBO1849.csv
2023/01/09,01:59 AM,20.06,11.56,58.0,NE,0.16,0.48,1022.69,0.0,0.0,0.0,0.0,IMELBO1849.csv
2023/01/09,02:04 AM,19.94,11.44,58.0,NE,0.32,0.97,1022.69,0.0,0.0,0.0,0.0,IMELBO1849.csv
2023/01/09,02:09 AM,19.83,11.33,58.0,NE,0.32,0.8,1022.69,0.0,0.0,0.0,0.0,IMELBO1849.csv
2023/01/09,02:14 AM,19.83,11.33,58.0,NE,1.45,2.09,1022.69,0.0,0.0,0.0,0.0,IMELBO1849.csv
2023/01/09,02:19 AM,19.89,11.39,58.0,NE,1.61,1.93,1022.35,0.0,0.0,0.0,0.0,IMELBO1849.csv
2023/01/09,02:24 AM,19.83,11.5,59.0,NE,1.29,1.61,1022.35,0.0,0.0,0.0,0.0,IMELBO1849.csv
2023/01/09,02:29 AM,19.61,11.44,59.0,NE,1.45,1.93,1022.69,0.0,0.0,0.0,0.0,IMELBO1849.csv
2023/01/09,02:34 AM,19.56,11.61,60.0,NE,0.48,0.64,1022.35,0.0,0.0,0.0,0.0,IMELBO1849.csv
2023/01/09,02:39 AM,19.33,11.5,60.0,NNE,0.32,0.64,1022.35,0.0,0.0,0.0,0.0,IMELBO1849.csv
2023/01/09,02:44 AM,19.22,11.28,60.0,NNE,0.16,0.32,1022.69,0.0,0.0,0.0,0.0,IMELBO1849.csv
2023/01/09,02:49 AM,19.11,11.39,61.0,NNE,0.16,0.64,1022.35,0.0,0.0,0.0,0.0,IMELBO1849.csv
2023/01/09,02:54 AM,19.11,11.39,61.0,NNE,0.16,0.32,1022.35,0.0,0.0,0.0,0.0,IMELBO1849.csv
2023/01/09,02:59 AM,18.94,11.28,61.0,NNE,0.0,0.0,1022.35,0.0,0.0,0.0,0.0,IMELBO1849.csv
2023/01/09,03:04 AM,18.83,11.39,62.0,NNE,0.32,0.64,1022.35,0.0,0.0,0.0,0.0,IMELBO1849.csv
2023/01/09,03:09 AM,18.83,11.22,61.0,NNE,0.97,1.77,1022.35,0.0,0.0,0.0,0.0,IMELBO1849.csv
2023/01/09,03:14 AM,18.89,11.28,61.0,NNE,0.32,0.64,1022.35,0.0,0.0,0.0,0.0,IMELBO1849.csv
2023/01/09,03:19 AM,18.89,11.22,61.0,NNE,0.48,0.8,1022.01,0.0,0.0,0.0,0.0,IMELBO1849.csv
2023/01/09,03:24 AM,18.89,11.22,61.0,NNE,0.0,0.32,1022.01,0.0,0.0,0.0,0.0,IMELBO1849.csv
2023/01/09,03:29 AM,18.78,11.33,62.0,NNE,0.0,0.32,1022.35,0.0,0.0,0.0,0.0,IMELBO1849.csv
2023/01/09,03:34 AM,18.72,11.17,62.0,NNE,1.29,1.77,1022.35,0.0,0.0,0.0,0.0,IMELBO1849.csv
2023/01/09,03:39 AM,18.83,11.17,61.0,NNE,1.61,2.25,1022.35,0.0,0.0,0.0,0.0,IMELBO1849.csv
2023/01/09,03:44 AM,18.89,11.22,61.0,NNE,0.8,1.29,1022.35,0.0,0.0,0.0,0.0,IMELBO1849.csv
2023/01/09,03:49 AM,18.83,11.17,61.0,NNE,0.48,1.45,1022.01,0.0,0.0,0.0,0.0,IMELBO1849.csv
2023/01/09,03:54 AM,18.78,11.17,61.0,NNE,0.64,1.29,1022.01,0.0,0.0,0.0,0.0,IMELBO1849.csv
2023/01/09,03:59 AM,18.72,11.06,61.0,NNE,0.32,0.97,1022.01,0.0,0.0,0.0,0.0,IMELBO1849.csv
2023/01/09,04:04 AM,18.61,11.22,62.0,NNE,0.16,0.64,1022.01,0.0,0.0,0.0,0.0,IMELBO1849.csv
2023/01/09,04:09 AM,18.44,11.17,63.0,NNE,0.64,0.97,1022.01,0.0,0.0,0.0,0.0,IMELBO1849.csv
2023/01/09,04:14 AM,18.33,11.28,63.0,NNE,0.0,0.0,1022.35,0.0,0.0,0.0,0.0,IMELBO1849.csv
2023/01/09,04:19 AM,18.17,11.28,64.0,NNE,0.0,0.0,1022.35,0.0,0.0,0.0,0.0,IMELBO1849.csv
2023/01/09,04:24 AM,18.11,11.22,64.0,NNE,1.13,1.93,1022.01,0.0,0.0,0.0,0.0,IMELBO1849.csv
2023/01/09,04:29 AM,18.11,11.22,64.0,NNE,1.13,1.93,1022.35,0.0,0.0,0.0,0.0,IMELBO1849.csv
2023/01/09,04:34 AM,18.11,11.22,64.0,NNE,0.48,0.97,1022.35,0.0,0.0,0.0,0.0,IMELBO1849.csv
2023/01/09,04:39 AM,18.06,11.17,64.0,NNE,0.32,0.48,1022.35,0.0,0.0,0.0,0.0,IMELBO1849.csv
2023/01/09,04:44 AM,17.89,11.22,65.0,NNE,0.97,1.61,1022.35,0.0,0.0,0.0,0.0,IMELBO1849.csv
2023/01/09,04:49 AM,17.94,11.22,65.0,NNE,1.45,2.09,1022.35,0.0,0.0,0.0,0.0,IMELBO1849.csv
2023/01/09,04:54 AM,17.83,11.17,65.0,NNE,0.97,1.45,1022.35,0.0,0.0,0.0,0.0,IMELBO1849.csv
2023/01/09,04:59 AM,17.72,11.11,65.0,NNE,0.64,1.13,1022.35,0.0,0.0,0.0,0.0,IMELBO1849.csv
2023/01/09,05:04 AM,17.61,11.0,65.0,NNE,0.8,1.45,1022.35,0.0,0.0,0.0,0.0,IMELBO1849.csv
2023/01/09,05:09 AM,17.61,11.0,65.0,NNE,0.97,1.77,1022.35,0.0,0.0,0.0,0.0,IMELBO1849.csv
2023/01/09,05:14 AM,17.61,11.0,65.0,NNE,1.61,2.25,1022.35,0.0,0.0,0.0,0.0,IMELBO1849.csv
2023/01/09,05:19 AM,17.67,11.06,65.0,NE,1.77,2.25,1022.35,0.0,0.0,0.0,0.0,IMELBO1849.csv
2023/01/09,05:24 AM,17.67,11.06,65.0,ENE,0.97,1.61,1022.35,0.0,0.0,0.0,0.0,IMELBO1849.csv
2023/01/09,05:29 AM,17.61,11.0,65.0,NE,0.16,0.8,1022.35,0.0,0.0,0.0,0.0,IMELBO1849.csv
2023/01/09,05:34 AM,17.56,11.0,65.0,NE,0.48,0.8,1022.35,0.0,0.0,0.0,0.0,IMELBO1849.csv
2023/01/09,05:39 AM,17.67,11.06,65.0,NE,0.8,1.61,1022.35,0.0,0.0,0.0,0.0,IMELBO1849.csv
2023/01/09,05:44 AM,17.67,11.22,66.0,NNE,0.32,0.8,1022.35,0.0,0.0,0.0,0.0,IMELBO1849.csv
2023/01/09,05:49 AM,17.5,11.11,66.0,NNE,0.48,0.97,1022.35,0.0,0.0,0.0,0.0,IMELBO1849.csv
2023/01/09,05:54 AM,17.44,11.06,66.0,NNE,0.97,1.29,1022.35,0.0,0.0,0.0,0.0,IMELBO1849.csv
2023/01/09,05:59 AM,17.44,11.06,66.0,NNE,0.32,0.97,1022.35,0.0,0.0,0.0,0.0,IMELBO1849.csv
2023/01/09,06:04 AM,17.33,11.17,67.0,NNE,0.32,0.8,1022.35,0.0,0.0,0.0,0.9,IMELBO1849.csv
2023/01/09,06:09 AM,17.28,11.11,67.0,NNE,0.48,1.29,1022.69,0.0,0.0,0.0,2.6,IMELBO1849.csv
2023/01/09,06:14 AM,17.28,11.11,67.0,NNE,0.16,0.32,1022.69,0.0,0.0,0.0,4.8,IMELBO1849.csv
2023/01/09,06:19 AM,17.28,11.11,67.0,NNE,0.0,0.0,1022.69,0.0,0.0,0.0,7.7,IMELBO1849.csv
2023/01/09,06:24 AM,17.22,11.06,67.0,NNE,0.0,0.0,1022.69,0.0,0.0,0.0,10.8,IMELBO1849.csv
2023/01/09,06:29 AM,17.17,11.17,68.0,NNE,0.0,0.16,1022.69,0.0,0.0,0.0,14.3,IMELBO1849.csv
2023/01/09,06:34 AM,17.28,11.11,67.0,NNE,0.16,0.32,1023.03,0.0,0.0,0.0,17.3,IMELBO1849.csv
2023/01/09,06:39 AM,17.28,11.11,67.0,NNE,1.13,1.45,1023.03,0.0,0.0,0.0,20.8,IMELBO1849.csv
2023/01/09,06:44 AM,17.56,11.22,66.0,NNE,0.97,1.77,1023.03,0.0,0.0,0.0,23.9,IMELBO1849.csv
2023/01/09,06:49 AM,17.78,11.28,66.0,NE,0.97,1.61,1023.03,0.0,0.0,0.0,26.4,IMELBO1849.csv
2023/01/09,06:54 AM,18.11,11.22,64.0,NE,0.8,1.45,1023.03,0.0,0.0,0.0,29.5,IMELBO1849.csv
2023/01/09,06:59 AM,18.39,11.33,63.0,NE,1.77,2.74,1023.03,0.0,0.0,0.0,32.1,IMELBO1849.csv
2023/01/09,07:04 AM,18.67,11.44,63.0,ENE,2.25,2.9,1023.37,0.0,0.0,0.0,38.2,IMELBO1849.csv
2023/01/09,07:09 AM,18.89,11.39,62.0,ENE,1.45,2.41,1023.37,0.0,0.0,0.0,49.8,IMELBO1849.csv
2023/01/09,07:14 AM,19.39,11.33,60.0,ENE,1.77,2.41,1023.03,0.0,0.0,0.0,55.9,IMELBO1849.csv
2023/01/09,07:19 AM,19.94,11.5,58.0,NE,2.09,2.74,1023.37,0.0,0.0,0.0,82.3,IMELBO1849.csv
2023/01/09,07:24 AM,20.33,11.33,56.0,NE,1.93,2.9,1023.37,0.0,0.0,0.0,85.4,IMELBO1849.csv
2023/01/09,07:29 AM,20.72,11.44,55.0,ENE,1.45,2.09,1023.37,0.0,0.0,0.0,93.6,IMELBO1849.csv
2023/01/09,07:34 AM,21.06,11.44,54.0,NNE,1.61,2.25,1023.37,0.0,0.0,1.0,112.7,IMELBO1849.csv
2023/01/09,07:39 AM,21.61,11.61,53.0,North,1.61,2.57,1023.37,0.0,0.0,1.0,125.8,IMELBO1849.csv
2023/01/09,07:44 AM,21.89,11.72,52.0,North,0.8,1.61,1023.71,0.0,0.0,1.0,145.2,IMELBO1849.csv
2023/01/09,07:49 AM,22.28,11.94,52.0,North,1.61,2.41,1023.71,0.0,0.0,1.0,163.9,IMELBO1849.csv
2023/01/09,07:54 AM,22.33,12.0,52.0,NNW,1.45,2.41,1023.71,0.0,0.0,1.0,172.6,IMELBO1849.csv
2023/01/09,07:59 AM,22.56,12.17,52.0,NW,0.64,1.77,1023.71,0.0,0.0,1.0,180.8,IMELBO1849.csv
2023/01/09,08:04 AM,23.11,12.11,50.0,NW,1.45,1.93,1023.71,0.0,0.0,2.0,207.4,IMELBO1849.csv
2023/01/09,08:09 AM,23.33,12.61,51.0,West,1.77,2.9,1024.04,0.0,0.0,2.0,225.5,IMELBO1849.csv
2023/01/09,08:14 AM,23.28,12.56,51.0,SW,4.34,5.63,1024.04,0.0,0.0,2.0,245.5,IMELBO1849.csv
2023/01/09,08:19 AM,23.28,12.5,51.0,SW,4.99,6.6,1024.04,0.0,0.0,2.0,256.8,IMELBO1849.csv
2023/01/09,08:24 AM,23.28,12.56,51.0,WSW,5.63,7.4,1024.04,0.0,0.0,2.0,264.6,IMELBO1849.csv
2023/01/09,08:29 AM,23.28,12.61,51.0,SSW,4.99,5.95,1024.04,0.0,0.0,2.0,278.4,IMELBO1849.csv
2023/01/09,08:34 AM,23.72,12.56,50.0,SW,4.67,6.11,1024.38,0.0,0.0,2.0,276.2,IMELBO1849.csv
2023/01/09,08:39 AM,23.78,12.89,50.0,SW,6.28,7.72,1024.38,0.0,0.0,2.0,296.7,IMELBO1849.csv
2023/01/09,08:44 AM,23.61,13.17,52.0,SW,7.24,9.17,1024.38,0.0,0.0,3.0,318.8,IMELBO1849.csv
2023/01/09,08:49 AM,23.78,13.44,52.0,SW,5.15,7.08,1024.38,0.0,0.0,3.0,351.4,IMELBO1849.csv
2023/01/09,08:54 AM,24.28,13.5,51.0,SW,5.31,6.92,1024.38,0.0,0.0,3.0,357.0,IMELBO1849.csv
2023/01/09,08:59 AM,24.39,13.44,50.0,SW,6.92,8.85,1024.38,0.0,0.0,3.0,333.5,IMELBO1849.csv
2023/01/09,09:04 AM,24.61,13.61,50.0,SW,5.79,7.88,1024.72,0.0,0.0,3.0,345.2,IMELBO1849.csv
2023/01/09,09:09 AM,25.06,13.89,50.0,SW,5.31,7.56,1024.72,0.0,0.0,3.0,400.4,IMELBO1849.csv
2023/01/09,09:14 AM,25.06,14.33,51.0,SW,6.92,8.85,1024.72,0.0,0.0,4.0,414.7,IMELBO1849.csv
2023/01/09,09:19 AM,25.39,14.78,52.0,WSW,5.79,8.21,1024.72,0.0,0.0,4.0,449.8,IMELBO1849.csv
2023/01/09,09:24 AM,25.39,14.83,52.0,SW,6.11,8.21,1024.72,0.0,0.0,4.0,451.5,IMELBO1849.csv
2023/01/09,09:29 AM,25.56,15.11,53.0,SW,5.47,7.56,1024.72,0.0,0.0,4.0,461.9,IMELBO1849.csv
2023/01/09,09:34 AM,25.61,15.67,54.0,SW,6.6,8.53,1024.72,0.0,0.0,4.0,446.8,IMELBO1849.csv
2023/01/09,09:39 AM,25.83,15.78,54.0,WSW,5.79,8.53,1024.72,0.0,0.0,4.0,476.7,IMELBO1849.csv
2023/01/09,09:44 AM,25.94,16.06,54.0,SW,6.28,8.53,1024.72,0.0,0.0,4.0,481.5,IMELBO1849.csv
2023/01/09,09:49 AM,26.0,16.33,55.0,SW,5.63,7.4,1024.72,0.0,0.0,4.0,476.7,IMELBO1849.csv
2023/01/09,09:54 AM,26.39,16.0,53.0,SW,4.18,5.95,1025.06,0.0,0.0,4.0,491.4,IMELBO1849.csv
2023/01/09,09:59 AM,26.72,16.06,52.0,WSW,5.79,8.37,1025.06,0.0,0.0,5.0,534.8,IMELBO1849.csv
2023/01/09,10:04 AM,26.83,16.11,52.0,SW,5.31,6.76,1025.06,0.0,0.0,5.0,564.8,IMELBO1849.csv
2023/01/09,10:09 AM,27.17,16.22,51.0,WSW,5.31,7.88,1025.06,0.0,0.0,5.0,566.5,IMELBO1849.csv
2023/01/09,10:14 AM,26.89,16.06,51.0,SW,7.24,9.98,1025.06,0.0,0.0,5.0,567.4,IMELBO1849.csv
2023/01/09,10:19 AM,26.72,16.33,53.0,SW,8.37,11.1,1025.06,0.0,0.0,5.0,548.7,IMELBO1849.csv
2023/01/09,10:24 AM,26.72,16.0,52.0,SW,8.69,11.1,1025.06,0.0,0.0,5.0,569.6,IMELBO1849.csv
2023/01/09,10:29 AM,27.11,16.0,51.0,SW,5.79,8.21,1025.06,0.0,0.0,5.0,587.3,IMELBO1849.csv
2023/01/09,10:34 AM,27.61,16.5,51.0,SSW,6.76,9.65,1025.06,0.0,0.0,5.0,590.8,IMELBO1849.csv
2023/01/09,10:39 AM,27.11,16.33,52.0,SSW,6.6,9.01,1025.06,0.0,0.0,5.0,582.6,IMELBO1849.csv
2023/01/09,10:44 AM,27.83,16.89,51.0,South,5.79,8.21,1025.06,0.0,0.0,5.0,607.3,IMELBO1849.csv
2023/01/09,10:49 AM,27.56,16.06,49.0,SW,4.51,6.11,1025.06,0.0,0.0,6.0,649.8,IMELBO1849.csv
2023/01/09,10:54 AM,28.17,16.78,50.0,SSW,6.28,8.53,1025.06,0.0,0.0,6.0,688.0,IMELBO1849.csv
2023/01/09,10:59 AM,27.83,17.0,52.0,South,5.31,7.24,1025.06,0.0,0.0,6.0,681.4,IMELBO1849.csv
2023/01/09,11:04 AM,27.89,16.67,51.0,SSW,5.47,7.88,1025.06,0.0,0.0,6.0,678.0,IMELBO1849.csv
2023/01/09,11:09 AM,27.83,16.61,50.0,SSW,7.4,10.14,1025.4,0.0,0.0,6.0,656.7,IMELBO1849.csv
2023/01/09,11:14 AM,27.61,16.56,51.0,SSW,7.88,10.3,1025.06,0.0,0.0,5.0,599.1,IMELBO1849.csv
2023/01/09,11:19 AM,27.78,16.61,51.0,SSW,6.92,9.17,1025.06,0.0,0.0,5.0,575.6,IMELBO1849.csv
2023/01/09,11:24 AM,28.11,16.44,49.0,SW,6.44,9.01,1025.06,0.0,0.0,7.0,754.0,IMELBO1849.csv
2023/01/09,11:29 AM,28.06,15.89,48.0,SW,8.69,11.42,1025.06,0.0,0.0,7.0,758.2,IMELBO1849.csv
2023/01/09,11:34 AM,28.22,16.11,48.0,SW,6.6,8.85,1025.06,0.0,0.0,7.0,740.9,IMELBO1849.csv
2023/01/09,11:39 AM,28.06,16.22,48.0,SSW,7.4,10.3,1025.06,0.0,0.0,7.0,747.3,IMELBO1849.csv
2023/01/09,11:44 AM,28.5,16.61,49.0,SW,8.85,12.07,1025.06,0.0,0.0,7.0,751.3,IMELBO1849.csv
2023/01/09,11:49 AM,28.22,15.89,47.0,South,6.6,8.37,1025.06,0.0,0.0,7.0,735.2,IMELBO1849.csv
2023/01/09,11:54 AM,28.33,15.61,46.0,SW,5.47,8.53,1025.06,0.0,0.0,7.0,764.4,IMELBO1849.csv
2023/01/09,11:59 AM,28.33,15.61,46.0,SSW,7.08,9.81,1025.06,0.0,0.0,7.0,779.0,IMELBO1849.csv
2023/01/09,12:04 PM,28.39,15.5,45.0,SSW,5.95,8.69,1025.06,0.0,0.0,7.0,797.8,IMELBO1849.csv
2023/01/09,12:09 PM,28.78,15.83,46.0,SW,8.21,10.94,1025.06,0.0,0.0,7.0,819.9,IMELBO1849.csv
2023/01/09,12:14 PM,28.78,15.78,45.0,SSE,4.99,6.76,1025.06,0.0,0.0,7.0,815.5,IMELBO1849.csv
2023/01/09,12:19 PM,29.11,16.0,45.0,South,5.31,7.88,1025.06,0.0,0.0,8.0,824.7,IMELBO1849.csv
2023/01/09,12:24 PM,29.22,15.83,44.0,SSE,4.99,7.4,1025.06,0.0,0.0,7.0,791.6,IMELBO1849.csv
2023/01/09,12:29 PM,29.06,15.94,45.0,SW,6.28,8.69,1024.72,0.0,0.0,7.0,735.7,IMELBO1849.csv
2023/01/09,12:34 PM,29.33,15.89,44.0,SE,6.28,8.53,1024.72,0.0,0.0,7.0,753.1,IMELBO1849.csv
2023/01/09,12:39 PM,29.5,16.0,44.0,South,5.31,7.4,1024.72,0.0,0.0,7.0,754.8,IMELBO1849.csv
2023/01/09,12:44 PM,29.22,16.28,46.0,SSW,6.11,8.21,1024.72,0.0,0.0,7.0,748.3,IMELBO1849.csv
2023/01/09,12:49 PM,29.56,17.61,49.0,South,4.83,7.08,1024.72,0.0,0.0,7.0,732.2,IMELBO1849.csv
2023/01/09,12:54 PM,29.17,18.0,51.0,SE,6.6,9.65,1024.72,0.0,0.0,8.0,901.9,IMELBO1849.csv
2023/01/09,12:59 PM,28.72,18.44,54.0,SE,7.4,10.46,1025.06,0.0,0.0,7.0,747.8,IMELBO1849.csv
2023/01/09,01:04 PM,28.56,18.72,55.0,SSE,6.44,9.17,1024.72,0.0,0.0,6.0,693.7,IMELBO1849.csv
2023/01/09,01:09 PM,28.22,18.89,57.0,SSE,7.24,11.42,1025.06,0.0,0.0,8.0,837.1,IMELBO1849.csv
2023/01/09,01:14 PM,27.78,19.06,59.0,SSE,7.4,9.98,1025.06,0.0,0.0,7.0,820.3,IMELBO1849.csv
2023/01/09,01:19 PM,27.17,18.78,60.0,SSW,9.65,12.71,1025.06,0.0,0.0,8.0,868.5,IMELBO1849.csv
2023/01/09,01:24 PM,27.11,18.89,61.0,South,9.17,12.71,1025.06,0.0,0.0,8.0,864.1,IMELBO1849.csv
2023/01/09,01:29 PM,26.89,18.56,60.0,South,8.85,12.07,1025.06,0.0,0.0,7.0,796.4,IMELBO1849.csv
2023/01/09,01:34 PM,27.17,18.56,59.0,South,6.11,8.69,1025.06,0.0,0.0,8.0,842.9,IMELBO1849.csv
2023/01/09,01:39 PM,27.67,18.61,58.0,South,7.4,10.78,1025.06,0.0,0.0,7.0,815.5,IMELBO1849.csv
2023/01/09,01:44 PM,27.56,18.5,58.0,SSW,8.37,12.07,1025.06,0.0,0.0,7.0,816.3,IMELBO1849.csv
2023/01/09,01:49 PM,27.22,18.5,59.0,South,8.21,11.75,1024.72,0.0,0.0,7.0,790.3,IMELBO1849.csv
2023/01/09,01:54 PM,27.11,18.67,60.0,SSW,8.37,11.58,1025.06,0.0,0.0,7.0,793.3,IMELBO1849.csv
2023/01/09,01:59 PM,27.33,18.61,59.0,SSE,7.88,11.26,1025.06,0.0,0.0,8.0,838.1,IMELBO1849.csv
2023/01/09,02:04 PM,27.28,18.56,59.0,SSW,7.24,10.46,1025.06,0.0,0.0,8.0,843.8,IMELBO1849.csv
2023/01/09,02:09 PM,27.22,18.56,59.0,SSE,7.88,11.1,1025.06,0.0,0.0,8.0,874.1,IMELBO1849.csv
2023/01/09,02:14 PM,26.72,18.44,60.0,South,8.85,11.91,1025.4,0.0,0.0,8.0,852.4,IMELBO1849.csv
2023/01/09,02:19 PM,26.28,18.11,61.0,SSW,8.37,12.39,1025.4,0.0,0.0,8.0,836.3,IMELBO1849.csv
2023/01/09,02:24 PM,26.78,18.28,60.0,South,7.24,10.14,1025.06,0.0,0.0,7.0,817.2,IMELBO1849.csv
2023/01/09,02:29 PM,27.17,18.44,59.0,SSW,9.01,13.35,1025.06,0.0,0.0,8.0,822.8,IMELBO1849.csv
2023/01/09,02:34 PM,27.06,18.39,59.0,SSW,8.53,12.23,1025.4,0.0,0.0,7.0,812.9,IMELBO1849.csv
2023/01/09,02:39 PM,26.61,18.22,60.0,South,10.3,14.16,1025.4,0.0,0.0,7.0,814.6,IMELBO1849.csv
2023/01/09,02:44 PM,26.5,18.11,60.0,SSW,8.69,11.42,1025.4,0.0,0.0,8.0,828.1,IMELBO1849.csv
2023/01/09,02:49 PM,26.72,18.22,60.0,SSW,8.04,11.91,1025.4,0.0,0.0,8.0,838.5,IMELBO1849.csv
2023/01/09,02:54 PM,26.28,18.11,61.0,South,8.85,12.55,1025.06,0.0,0.0,8.0,839.8,IMELBO1849.csv
2023/01/09,02:59 PM,26.67,18.06,59.0,ESE,6.76,9.65,1025.06,0.0,0.0,8.0,828.1,IMELBO1849.csv
2023/01/09,03:04 PM,26.83,18.28,59.0,South,8.04,11.91,1025.06,0.0,0.0,7.0,784.7,IMELBO1849.csv
2023/01/09,03:09 PM,26.44,18.11,60.0,South,7.72,11.75,1025.06,0.0,0.0,7.0,733.0,IMELBO1849.csv
2023/01/09,03:14 PM,26.5,18.11,60.0,SSE,8.85,12.07,1025.06,0.0,0.0,7.0,766.9,IMELBO1849.csv
2023/01/09,03:19 PM,26.5,18.06,60.0,South,7.72,11.42,1025.06,0.0,0.0,7.0,774.8,IMELBO1849.csv
2023/01/09,03:24 PM,26.33,17.83,60.0,SSW,12.07,16.57,1025.06,0.0,0.0,7.0,783.8,IMELBO1849.csv
2023/01/09,03:29 PM,26.0,17.56,60.0,SSW,9.33,13.68,1025.4,0.0,0.0,7.0,779.0,IMELBO1849.csv
2023/01/09,03:34 PM,25.72,17.39,60.0,SSW,10.78,14.8,1025.4,0.0,0.0,7.0,803.8,IMELBO1849.csv
2023/01/09,03:39 PM,25.61,17.28,60.0,SSW,9.49,13.35,1025.4,0.0,0.0,7.0,770.0,IMELBO1849.csv
2023/01/09,03:44 PM,25.56,17.28,60.0,SSW,11.1,14.96,1025.4,0.0,0.0,8.0,901.4,IMELBO1849.csv
2023/01/09,03:49 PM,25.5,17.28,60.0,South,7.72,10.62,1025.4,0.0,0.0,8.0,900.2,IMELBO1849.csv
2023/01/09,03:54 PM,26.0,17.72,60.0,SE,7.24,10.46,1025.4,0.0,0.0,8.0,859.3,IMELBO1849.csv
2023/01/09,03:59 PM,26.06,17.67,60.0,SSW,8.53,12.07,1025.4,0.0,0.0,7.0,810.7,IMELBO1849.csv
2023/01/09,04:04 PM,25.83,17.61,61.0,SE,7.72,11.42,1025.4,0.0,0.0,7.0,813.3,IMELBO1849.csv
2023/01/09,04:09 PM,25.5,17.56,62.0,SSW,7.88,11.1,1025.4,0.0,0.0,7.0,745.6,IMELBO1849.csv
2023/01/09,04:14 PM,25.28,17.78,63.0,SE,6.11,9.17,1025.4,0.0,0.0,6.0,711.9,IMELBO1849.csv
2023/01/09,04:19 PM,24.94,17.83,65.0,South,7.88,11.58,1025.4,0.0,0.0,7.0,724.0,IMELBO1849.csv
2023/01/09,04:24 PM,24.5,17.72,66.0,South,8.53,12.23,1025.74,0.0,0.0,7.0,754.0,IMELBO1849.csv
2023/01/09,04:29 PM,24.61,17.61,65.0,South,7.72,10.62,1025.4,0.0,0.0,6.0,664.5,IMELBO1849.csv
2023/01/09,04:34 PM,24.44,17.61,66.0,South,7.72,11.26,1025.4,0.0,0.0,7.0,726.5,IMELBO1849.csv
2023/01/09,04:39 PM,24.56,17.72,66.0,SE,6.92,10.14,1025.74,0.0,0.0,7.0,785.5,IMELBO1849.csv
2023/01/09,04:44 PM,24.17,17.5,66.0,South,10.3,14.8,1025.74,0.0,0.0,7.0,773.9,IMELBO1849.csv
2023/01/09,04:49 PM,24.22,17.5,66.0,South,8.69,11.75,1025.74,0.0,0.0,7.0,744.4,IMELBO1849.csv
2023/01/09,04:54 PM,24.44,17.5,65.0,South,6.76,10.62,1025.74,0.0,0.0,7.0,722.6,IMELBO1849.csv
2023/01/09,04:59 PM,24.33,17.44,65.0,SSW,8.37,11.75,1025.74,0.0,0.0,6.0,695.4,IMELBO1849.csv
2023/01/09,05:04 PM,23.83,17.39,67.0,SSW,8.69,12.39,1025.74,0.0,0.0,6.0,633.7,IMELBO1849.csv
2023/01/09,05:09 PM,23.89,17.33,67.0,South,9.98,14.64,1025.74,0.0,0.0,6.0,640.3,IMELBO1849.csv
2023/01/09,05:14 PM,23.78,17.33,67.0,South,7.72,11.58,1025.74,0.0,0.0,6.0,639.3,IMELBO1849.csv
2023/01/09,05:19 PM,23.89,17.39,67.0,South,9.33,13.84,1025.74,0.0,0.0,5.0,588.2,IMELBO1849.csv
2023/01/09,05:24 PM,23.44,17.22,68.0,SSW,9.01,12.71,1025.74,0.0,0.0,5.0,570.0,IMELBO1849.csv
2023/01/09,05:29 PM,23.5,17.39,69.0,South,7.88,11.26,1026.08,0.0,0.0,5.0,523.6,IMELBO1849.csv
2023/01/09,05:34 PM,23.22,17.33,69.0,SSW,10.14,14.0,1025.74,0.0,0.0,5.0,565.7,IMELBO1849.csv
2023/01/09,05:39 PM,23.0,17.28,70.0,SSW,7.88,11.58,1025.74,0.0,0.0,5.0,549.2,IMELBO1849.csv
2023/01/09,05:44 PM,22.89,17.22,70.0,SW,10.14,14.8,1026.08,0.0,0.0,5.0,514.1,IMELBO1849.csv
2023/01/09,05:49 PM,22.83,17.17,70.0,South,7.24,11.42,1026.08,0.0,0.0,4.0,490.2,IMELBO1849.csv
2023/01/09,05:54 PM,22.83,17.22,70.0,South,8.21,13.03,1025.74,0.0,0.0,4.0,435.0,IMELBO1849.csv
2023/01/09,05:59 PM,22.78,17.17,70.0,South,8.37,12.55,1026.08,0.0,0.0,4.0,448.5,IMELBO1849.csv
2023/01/09,06:04 PM,22.83,17.22,71.0,SSW,8.69,11.91,1026.08,0.0,0.0,4.0,423.3,IMELBO1849.csv
2023/01/09,06:09 PM,22.5,17.0,71.0,SSW,9.33,13.35,1026.08,0.0,0.0,3.0,366.5,IMELBO1849.csv
2023/01/09,06:14 PM,22.44,16.89,71.0,SSW,9.49,13.84,1026.08,0.0,0.0,3.0,364.8,IMELBO1849.csv
2023/01/09,06:19 PM,22.72,17.0,70.0,South,5.31,7.56,1026.08,0.0,0.0,3.0,360.9,IMELBO1849.csv
2023/01/09,06:24 PM,23.33,17.06,68.0,SSW,9.33,13.35,1026.08,0.0,0.0,3.0,334.5,IMELBO1849.csv
2023/01/09,06:29 PM,21.89,16.33,71.0,SSW,11.42,15.77,1026.08,0.0,0.0,3.0,318.3,IMELBO1849.csv
2023/01/09,06:34 PM,21.61,16.22,72.0,SW,11.42,15.29,1026.41,0.0,0.0,3.0,323.6,IMELBO1849.csv
2023/01/09,06:39 PM,21.67,16.33,72.0,South,8.85,12.23,1026.41,0.0,0.0,2.0,287.1,IMELBO1849.csv
2023/01/09,06:44 PM,21.22,16.11,73.0,SSW,12.87,16.89,1026.75,0.0,0.0,2.0,270.6,IMELBO1849.csv
2023/01/09,06:49 PM,21.17,15.89,72.0,South,9.17,13.19,1026.41,0.0,0.0,2.0,266.3,IMELBO1849.csv
2023/01/09,06:54 PM,21.28,15.78,71.0,SSW,11.26,16.25,1026.41,0.0,0.0,2.0,241.1,IMELBO1849.csv
2023/01/09,06:59 PM,21.11,15.78,72.0,SSW,7.08,10.46,1026.41,0.0,0.0,2.0,220.7,IMELBO1849.csv
2023/01/09,07:04 PM,21.17,15.78,72.0,SSW,10.78,14.96,1026.75,0.0,0.0,1.0,174.8,IMELBO1849.csv
2023/01/09,07:09 PM,20.72,15.78,73.0,SW,9.98,13.84,1026.41,0.0,0.0,1.0,162.6,IMELBO1849.csv
2023/01/09,07:14 PM,20.44,15.78,75.0,SW,13.84,17.86,1026.75,0.0,0.0,1.0,119.3,IMELBO1849.csv
2023/01/09,07:19 PM,19.94,15.67,76.0,SW,13.68,17.54,1026.75,0.0,0.0,1.0,101.4,IMELBO1849.csv
2023/01/09,07:24 PM,19.83,15.56,77.0,SW,13.19,17.7,1026.75,0.0,0.0,1.0,104.5,IMELBO1849.csv
2023/01/09,07:29 PM,19.78,15.61,77.0,SSW,11.1,15.29,1027.09,0.0,0.0,0.0,78.9,IMELBO1849.csv
2023/01/09,07:34 PM,19.44,15.56,78.0,SSW,9.81,13.19,1027.09,0.0,0.0,0.0,69.4,IMELBO1849.csv
2023/01/09,07:39 PM,19.33,15.56,79.0,SW,10.94,15.12,1027.09,0.0,0.0,0.0,54.6,IMELBO1849.csv
2023/01/09,07:44 PM,19.28,15.56,79.0,SSW,9.98,12.71,1027.09,0.0,0.0,0.0,33.8,IMELBO1849.csv
2023/01/09,07:49 PM,19.11,15.39,79.0,SSW,11.75,15.93,1027.43,0.0,0.0,0.0,36.3,IMELBO1849.csv
2023/01/09,07:54 PM,19.0,15.33,79.0,SSW,9.81,14.48,1027.43,0.0,0.0,0.0,27.3,IMELBO1849.csv
2023/01/09,07:59 PM,18.89,15.22,79.0,SSW,9.49,12.23,1027.43,0.0,0.0,0.0,25.1,IMELBO1849.csv
2023/01/09,08:04 PM,18.83,15.22,79.0,SW,8.69,12.55,1027.43,0.0,0.0,0.0,22.0,IMELBO1849.csv
2023/01/09,08:09 PM,18.78,15.11,79.0,South,10.3,14.0,1027.43,0.0,0.0,0.0,19.5,IMELBO1849.csv
2023/01/09,08:14 PM,18.78,15.17,80.0,SSW,10.94,15.12,1027.43,0.0,0.0,0.0,14.7,IMELBO1849.csv
2023/01/09,08:19 PM,18.72,15.22,80.0,SW,8.53,11.26,1027.43,0.0,0.0,0.0,10.8,IMELBO1849.csv
2023/01/09,08:24 PM,18.78,15.17,79.0,SSW,7.56,11.58,1027.43,0.0,0.0,0.0,6.9,IMELBO1849.csv
2023/01/09,08:29 PM,18.78,15.17,80.0,SW,7.4,10.46,1027.77,0.0,0.0,0.0,4.3,IMELBO1849.csv
2023/01/09,08:34 PM,18.78,15.11,79.0,SW,8.85,12.07,1028.11,0.0,0.0,0.0,2.1,IMELBO1849.csv
2023/01/09,08:39 PM,18.72,15.0,79.0,SW,8.69,11.58,1027.77,0.0,0.0,0.0,0.9,IMELBO1849.csv
2023/01/09,08:44 PM,18.67,15.11,80.0,SSW,9.49,12.39,1027.77,0.0,0.0,0.0,0.4,IMELBO1849.csv
2023/01/09,08:49 PM,18.61,15.11,80.0,SW,8.69,11.26,1027.77,0.0,0.0,0.0,0.0,IMELBO1849.csv
2023/01/09,08:54 PM,18.67,15.11,80.0,SW,7.08,9.81,1027.77,0.0,0.0,0.0,0.0,IMELBO1849.csv
2023/01/09,08:59 PM,18.72,15.06,79.0,SW,8.37,11.1,1027.77,0.0,0.0,0.0,0.0,IMELBO1849.csv
2023/01/09,09:04 PM,18.78,15.06,79.0,SW,6.44,8.85,1027.77,0.0,0.0,0.0,0.0,IMELBO1849.csv
2023/01/09,09:09 PM,18.78,15.11,79.0,South,6.44,8.37,1027.77,0.0,0.0,0.0,0.0,IMELBO1849.csv
2023/01/09,09:14 PM,18.78,15.17,79.0,South,4.83,7.56,1028.11,0.0,0.0,0.0,0.0,IMELBO1849.csv
2023/01/09,09:19 PM,18.78,15.28,80.0,South,5.31,7.4,1028.11,0.0,0.0,0.0,0.0,IMELBO1849.csv
2023/01/09,09:24 PM,18.78,15.28,80.0,SSW,6.11,9.01,1027.77,0.0,0.0,0.0,0.0,IMELBO1849.csv
2023/01/09,09:29 PM,18.78,15.28,80.0,South,4.34,6.11,1028.11,0.0,0.0,0.0,0.0,IMELBO1849.csv
2023/01/09,09:34 PM,18.78,15.28,80.0,SSW,5.47,7.88,1028.11,0.0,0.0,0.0,0.0,IMELBO1849.csv
2023/01/09,09:39 PM,18.78,15.28,80.0,SSW,6.11,8.04,1028.11,0.0,0.0,0.0,0.0,IMELBO1849.csv
2023/01/09,09:44 PM,18.83,15.17,79.0,SW,5.31,8.04,1028.11,0.0,0.0,0.0,0.0,IMELBO1849.csv
2023/01/09,09:49 PM,18.78,15.11,79.0,SSW,6.11,8.53,1028.11,0.0,0.0,0.0,0.0,IMELBO1849.csv
2023/01/09,09:54 PM,18.78,15.0,79.0,SSW,6.11,8.53,1028.11,0.0,0.0,0.0,0.0,IMELBO1849.csv
2023/01/09,09:59 PM,18.72,14.78,78.0,SSW,6.44,8.85,1028.11,0.0,0.0,0.0,0.0,IMELBO1849.csv
2023/01/09,10:04 PM,18.72,14.72,78.0,SSW,7.72,11.1,1028.11,0.0,0.0,0.0,0.0,IMELBO1849.csv
2023/01/09,10:09 PM,18.72,14.61,77.0,South,5.79,8.04,1028.11,0.0,0.0,0.0,0.0,IMELBO1849.csv
2023/01/09,10:14 PM,18.78,14.83,78.0,SSW,6.6,8.85,1028.11,0.0,0.0,0.0,0.0,IMELBO1849.csv
2023/01/09,10:19 PM,18.78,14.89,78.0,SSW,6.92,9.65,1028.11,0.0,0.0,0.0,0.0,IMELBO1849.csv
2023/01/09,10:24 PM,18.72,15.11,80.0,SSW,6.44,8.37,1028.11,0.0,0.0,0.0,0.0,IMELBO1849.csv
2023/01/09,10:29 PM,18.56,15.22,81.0,South,5.15,7.24,1028.11,0.0,0.0,0.0,0.0,IMELBO1849.csv
2023/01/09,10:34 PM,18.5,15.17,81.0,South,7.24,10.46,1028.11,0.0,0.0,0.0,0.0,IMELBO1849.csv
2023/01/09,10:39 PM,18.28,15.0,81.0,SSW,6.76,10.14,1028.45,0.0,0.0,0.0,0.0,IMELBO1849.csv
2023/01/09,10:44 PM,18.28,14.78,80.0,SSW,5.47,8.04,1028.45,0.0,0.0,0.0,0.0,IMELBO1849.csv
2023/01/09,10:49 PM,18.39,14.89,80.0,SSW,5.47,8.04,1028.45,0.0,0.0,0.0,0.0,IMELBO1849.csv
2023/01/09,10:54 PM,18.28,14.78,80.0,SSW,8.04,12.07,1028.11,0.0,0.0,0.0,0.0,IMELBO1849.csv
2023/01/09,10:59 PM,18.11,14.78,81.0,South,5.79,8.69,1028.45,0.0,0.0,0.0,0.0,IMELBO1849.csv
2023/01/09,11:04 PM,18.06,14.72,81.0,SSW,8.04,11.42,1028.45,0.0,0.0,0.0,0.0,IMELBO1849.csv
2023/01/09,11:09 PM,17.94,14.5,80.0,SSW,9.17,12.39,1028.45,0.0,0.0,0.0,0.0,IMELBO1849.csv
2023/01/09,11:14 PM,17.89,14.28,79.0,SSW,6.92,9.17,1028.45,0.0,0.0,0.0,0.0,IMELBO1849.csv
2023/01/09,11:19 PM,17.94,14.28,79.0,South,6.11,9.65,1028.45,0.0,0.0,0.0,0.0,IMELBO1849.csv
2023/01/09,11:24 PM,18.0,14.28,79.0,SSW,4.02,6.28,1028.45,0.0,0.0,0.0,0.0,IMELBO1849.csv
2023/01/09,11:29 PM,18.0,14.11,78.0,South,7.4,9.98,1028.45,0.0,0.0,0.0,0.0,IMELBO1849.csv
2023/01/09,11:34 PM,17.94,14.22,79.0,SSW,9.01,12.07,1028.45,0.0,0.0,0.0,0.0,IMELBO1849.csv
2023/01/09,11:39 PM,17.83,14.17,79.0,SSW,6.44,9.01,1028.45,0.0,0.0,0.0,0.0,IMELBO1849.csv
2023/01/09,11:44 PM,17.89,14.22,79.0,South,5.79,7.88,1028.45,0.0,0.0,0.0,0.0,IMELBO1849.csv
2023/01/09,11:49 PM,17.89,14.22,79.0,SSW,5.47,7.88,1028.45,0.0,0.0,0.0,0.0,IMELBO1849.csv
2023/01/09,11:54 PM,17.89,14.0,78.0,SSW,5.95,8.69,1028.78,0.0,0.0,0.0,0.0,IMELBO1849.csv
2023/01/09,11:59 PM,17.78,13.78,77.0,SSW,7.4,9.98,1028.78,0.0,0.0,0.0,0.0,IMELBO1849.csv
2023/01/10,12:04 AM,17.83,13.61,76.0,SSW,5.47,7.24,1028.45,0.0,0.0,0.0,0.0,IMELBO1849.csv
2023/01/10,12:09 AM,17.89,13.61,76.0,SSW,6.28,8.69,1028.45,0.0,0.0,0.0,0.0,IMELBO1849.csv
2023/01/10,12:14 AM,17.89,13.61,76.0,SSE,4.34,6.28,1028.45,0.0,0.0,0.0,0.0,IMELBO1849.csv
2023/01/10,12:19 AM,17.89,13.5,76.0,SSW,5.47,8.04,1028.45,0.0,0.0,0.0,0.0,IMELBO1849.csv
2023/01/10,12:24 AM,17.89,13.39,75.0,SSW,4.51,6.28,1028.45,0.0,0.0,0.0,0.0,IMELBO1849.csv
2023/01/10,12:29 AM,17.78,13.17,74.0,South,5.63,8.04,1028.45,0.0,0.0,0.0,0.0,IMELBO1849.csv
2023/01/10,12:34 AM,17.83,13.17,74.0,South,5.15,7.4,1028.45,0.0,0.0,0.0,0.0,IMELBO1849.csv
2023/01/10,12:39 AM,17.89,13.0,73.0,SSW,6.44,8.85,1028.45,0.0,0.0,0.0,0.0,IMELBO1849.csv
2023/01/10,12:44 AM,17.83,12.94,73.0,SW,5.79,7.88,1028.45,0.0,0.0,0.0,0.0,IMELBO1849.csv
2023/01/10,12:49 AM,17.89,12.94,73.0,SSW,5.47,7.88,1028.45,0.0,0.0,0.0,0.0,IMELBO1849.csv
2023/01/10,12:54 AM,17.89,12.78,72.0,South,5.31,7.72,1028.11,0.0,0.0,0.0,0.0,IMELBO1849.csv
2023/01/10,12:59 AM,17.83,12.72,72.0,South,4.18,5.63,1028.11,0.0,0.0,0.0,0.0,IMELBO1849.csv
2023/01/10,01:04 AM,17.78,12.72,72.0,SSW,5.15,6.92,1028.11,0.0,0.0,0.0,0.0,IMELBO1849.csv
2023/01/10,01:09 AM,17.78,12.72,72.0,SSW,5.15,6.76,1028.11,0.0,0.0,0.0,0.0,IMELBO1849.csv
2023/01/10,01:14 AM,17.78,12.72,72.0,SSW,4.18,5.95,1028.11,0.0,0.0,0.0,0.0,IMELBO1849.csv
2023/01/10,01:19 AM,17.78,12.78,73.0,SSW,4.51,6.28,1028.11,0.0,0.0,0.0,0.0,IMELBO1849.csv
2023/01/10,01:24 AM,17.72,13.0,74.0,SSW,5.79,8.04,1028.11,0.0,0.0,0.0,0.0,IMELBO1849.csv
2023/01/10,01:29 AM,17.72,13.0,74.0,SSW,4.18,6.11,1028.11,0.0,0.0,0.0,0.0,IMELBO1849.csv
2023/01/10,01:34 AM,17.72,13.0,74.0,SSW,5.31,7.08,1028.11,0.0,0.0,0.0,0.0,IMELBO1849.csv
2023/01/10,01:39 AM,17.67,13.0,74.0,SSW,8.21,11.42,1028.11,0.0,0.0,0.0,0.0,IMELBO1849.csv
2023/01/10,01:44 AM,17.44,13.17,76.0,SSW,7.88,10.78,1028.11,0.0,0.0,0.0,0.0,IMELBO1849.csv
2023/01/10,01:49 AM,17.39,13.11,76.0,SSW,5.95,8.53,1028.11,0.0,0.0,0.0,0.0,IMELBO1849.csv
2023/01/10,01:54 AM,17.39,13.11,76.0,SSW,5.31,7.72,1028.11,0.0,0.0,0.0,0.0,IMELBO1849.csv
2023/01/10,01:59 AM,17.33,13.06,76.0,South,4.83,7.08,1027.77,0.0,0.0,0.0,0.0,IMELBO1849.csv
2023/01/10,02:04 AM,17.33,13.44,78.0,South,5.79,8.85,1028.11,0.0,0.0,0.0,0.0,IMELBO1849.csv
2023/01/10,02:09 AM,17.22,13.39,78.0,South,5.31,8.04,1028.11,0.0,0.0,0.0,0.0,IMELBO1849.csv
2023/01/10,02:14 AM,17.11,13.39,79.0,SSW,6.44,8.85,1028.11,0.0,0.0,0.0,0.0,IMELBO1849.csv
2023/01/10,02:19 AM,17.0,13.39,79.0,SSW,5.63,7.88,1027.77,0.0,0.0,0.0,0.0,IMELBO1849.csv
2023/01/10,02:24 AM,16.83,13.22,79.0,SSW,7.08,9.81,1027.77,0.0,0.0,0.0,0.0,IMELBO1849.csv
2023/01/10,02:29 AM,16.72,13.11,79.0,SSW,4.67,6.6,1027.77,0.0,0.0,0.0,0.0,IMELBO1849.csv
2023/01/10,02:34 AM,16.72,13.22,80.0,SSW,3.54,5.63,1027.77,0.0,0.0,0.0,0.0,IMELBO1849.csv
2023/01/10,02:39 AM,16.78,13.22,79.0,South,3.86,5.79,1028.11,0.0,0.0,0.0,0.0,IMELBO1849.csv
2023/01/10,02:44 AM,16.78,13.22,79.0,SSW,5.79,8.04,1027.77,0.0,0.0,0.0,0.0,IMELBO1849.csv
2023/01/10,02:49 AM,16.78,13.0,78.0,SSW,7.08,9.98,1027.77,0.0,0.0,0.0,0.0,IMELBO1849.csv
2023/01/10,02:54 AM,16.78,12.83,77.0,SSW,6.92,9.33,1027.77,0.0,0.0,0.0,0.0,IMELBO1849.csv
2023/01/10,02:59 AM,16.78,12.72,77.0,SSW,5.47,7.88,1027.77,0.0,0.0,0.0,0.0,IMELBO1849.csv
2023/01/10,03:04 AM,16.89,12.72,77.0,SSW,4.83,6.92,1027.43,0.0,0.0,0.0,0.0,IMELBO1849.csv
2023/01/10,03:09 AM,16.89,12.78,77.0,South,5.15,7.4,1027.77,0.0,0.0,0.0,0.0,IMELBO1849.csv
2023/01/10,03:14 AM,16.89,12.78,77.0,South,4.02,5.47,1027.77,0.0,0.0,0.0,0.0,IMELBO1849.csv
2023/01/10,03:19 AM,16.89,12.67,76.0,SSW,3.86,6.11,1027.43,0.0,0.0,0.0,0.0,IMELBO1849.csv
2023/01/10,03:24 AM,16.89,12.72,77.0,SSW,6.44,8.85,1027.43,0.0,0.0,0.0,0.0,IMELBO1849.csv
2023/01/10,03:29 AM,16.89,12.83,77.0,South,4.67,6.6,1027.43,0.0,0.0,0.0,0.0,IMELBO1849.csv
2023/01/10,03:34 AM,16.78,13.0,78.0,South,6.11,8.53,1027.43,0.0,0.0,0.0,0.0,IMELBO1849.csv
2023/01/10,03:39 AM,16.78,12.94,78.0,South,3.86,5.79,1027.09,0.0,0.0,0.0,0.0,IMELBO1849.csv
2023/01/10,03:44 AM,16.89,12.78,77.0,SSW,5.79,7.88,1027.09,0.0,0.0,0.0,0.0,IMELBO1849.csv
2023/01/10,03:49 AM,16.89,12.78,77.0,SSW,6.76,8.85,1027.09,0.0,0.0,0.0,0.0,IMELBO1849.csv
2023/01/10,03:54 AM,16.89,13.06,78.0,SW,5.95,8.04,1027.43,0.0,0.0,0.0,0.0,IMELBO1849.csv
2023/01/10,03:59 AM,16.83,13.17,79.0,SSW,6.28,9.17,1027.43,0.0,0.0,0.0,0.0,IMELBO1849.csv
2023/01/10,04:04 AM,16.72,13.17,79.0,SSW,8.04,11.1,1027.09,0.0,0.0,0.0,0.0,IMELBO1849.csv
2023/01/10,04:09 AM,16.61,13.0,79.0,SSW,8.04,10.62,1027.09,0.0,0.0,0.0,0.0,IMELBO1849.csv
2023/01/10,04:14 AM,16.67,13.06,79.0,SSW,4.51,6.6,1027.09,0.0,0.0,0.0,0.0,IMELBO1849.csv
2023/01/10,04:19 AM,16.67,12.83,78.0,SSW,5.95,8.21,1027.09,0.0,0.0,0.0,0.0,IMELBO1849.csv
2023/01/10,04:24 AM,16.72,12.89,78.0,SSW,6.44,9.49,1027.43,0.0,0.0,0.0,0.0,IMELBO1849.csv
2023/01/10,04:29 AM,16.67,12.83,78.0,SSW,7.72,10.78,1027.43,0.0,0.0,0.0,0.0,IMELBO1849.csv
2023/01/10,04:34 AM,16.61,12.78,78.0,SW,8.37,10.78,1027.43,0.0,0.0,0.0,0.0,IMELBO1849.csv
2023/01/10,04:39 AM,16.56,12.78,78.0,SSW,7.56,10.14,1027.43,0.0,0.0,0.0,0.0,IMELBO1849.csv
2023/01/10,04:44 AM,16.5,12.44,77.0,SSW,6.28,8.85,1027.43,0.0,0.0,0.0,0.0,IMELBO1849.csv
2023/01/10,04:49 AM,16.5,12.39,77.0,SSW,6.28,9.01,1027.43,0.0,0.0,0.0,0.0,IMELBO1849.csv
2023/01/10,04:54 AM,16.56,12.44,77.0,SSW,4.67,6.6,1027.09,0.0,0.0,0.0,0.0,IMELBO1849.csv
2023/01/10,04:59 AM,16.61,12.5,77.0,SSW,5.31,7.56,1027.09,0.0,0.0,0.0,0.0,IMELBO1849.csv
2023/01/10,05:04 AM,16.5,12.33,77.0,South,4.99,7.08,1027.09,0.0,0.0,0.0,0.0,IMELBO1849.csv
2023/01/10,05:09 AM,16.5,12.22,76.0,South,4.18,6.28,1027.09,0.0,0.0,0.0,0.0,IMELBO1849.csv
2023/01/10,05:14 AM,16.5,12.22,76.0,SSW,4.99,6.44,1027.09,0.0,0.0,0.0,0.0,IMELBO1849.csv
2023/01/10,05:19 AM,16.5,12.22,76.0,SSW,4.51,6.11,1027.09,0.0,0.0,0.0,0.0,IMELBO1849.csv
2023/01/10,05:24 AM,16.5,12.11,75.0,SSW,4.83,6.6,1027.09,0.0,0.0,0.0,0.0,IMELBO1849.csv
2023/01/10,05:29 AM,16.5,12.11,75.0,SSW,6.28,8.85,1027.09,0.0,0.0,0.0,0.0,IMELBO1849.csv
2023/01/10,05:34 AM,16.44,12.06,75.0,SSW,5.63,7.88,1027.09,0.0,0.0,0.0,0.0,IMELBO1849.csv
2023/01/10,05:39 AM,16.39,12.0,75.0,SW,5.79,7.88,1027.09,0.0,0.0,0.0,0.0,IMELBO1849.csv
2023/01/10,05:44 AM,16.33,12.11,76.0,SW,7.72,10.14,1027.09,0.0,0.0,0.0,0.0,IMELBO1849.csv
2023/01/10,05:49 AM,16.28,12.11,76.0,SW,6.92,8.53,1027.43,0.0,0.0,0.0,0.0,IMELBO1849.csv
2023/01/10,05:54 AM,16.39,12.22,76.0,SSW,4.18,5.31,1027.43,0.0,0.0,0.0,0.0,IMELBO1849.csv
2023/01/10,05:59 AM,16.39,12.22,76.0,SSW,4.99,6.6,1027.43,0.0,0.0,0.0,0.0,IMELBO1849.csv
2023/01/10,06:04 AM,16.39,12.22,76.0,SSW,3.86,5.63,1027.43,0.0,0.0,0.0,0.0,IMELBO1849.csv
2023/01/10,06:09 AM,16.39,12.22,76.0,SSW,5.31,7.24,1027.43,0.0,0.0,0.0,0.0,IMELBO1849.csv
2023/01/10,06:14 AM,16.28,12.11,76.0,SSW,4.02,5.63,1027.43,0.0,0.0,0.0,0.0,IMELBO1849.csv
2023/01/10,06:19 AM,16.28,12.11,76.0,South,5.95,9.33,1027.43,0.0,0.0,0.0,1.2,IMELBO1849.csv
2023/01/10,06:24 AM,16.28,12.11,76.0,South,3.54,5.15,1027.77,0.0,0.0,0.0,2.1,IMELBO1849.csv
2023/01/10,06:29 AM,16.28,12.11,76.0,SSW,4.99,6.44,1027.43,0.0,0.0,0.0,2.9,IMELBO1849.csv
2023/01/10,06:34 AM,16.28,12.11,76.0,SSW,6.28,8.37,1027.77,0.0,0.0,0.0,4.3,IMELBO1849.csv
2023/01/10,06:39 AM,16.22,12.06,76.0,SW,7.88,11.1,1027.77,0.0,0.0,0.0,5.6,IMELBO1849.csv
2023/01/10,06:44 AM,16.17,12.06,77.0,SW,8.21,10.78,1027.43,0.0,0.0,0.0,6.9,IMELBO1849.csv
2023/01/10,06:49 AM,16.11,12.11,77.0,SW,6.11,8.21,1027.77,0.0,0.0,0.0,8.2,IMELBO1849.csv
2023/01/10,06:54 AM,16.11,12.11,77.0,SSW,5.63,7.72,1027.77,0.0,0.0,0.0,10.4,IMELBO1849.csv
2023/01/10,06:59 AM,16.17,12.11,77.0,SSW,4.51,6.28,1027.77,0.0,0.0,0.0,12.1,IMELBO1849.csv
2023/01/10,07:04 AM,16.22,12.0,76.0,SSW,6.76,9.49,1027.77,0.0,0.0,0.0,13.3,IMELBO1849.csv
2023/01/10,07:09 AM,16.11,11.89,76.0,SSW,7.88,10.3,1027.77,0.0,0.0,0.0,15.5,IMELBO1849.csv
2023/01/10,07:14 AM,16.11,11.89,76.0,SSW,5.79,7.4,1027.77,0.0,0.0,0.0,17.7,IMELBO1849.csv
2023/01/10,07:19 AM,16.22,12.0,76.0,SW,5.31,7.56,1027.77,0.0,0.0,0.0,18.6,IMELBO1849.csv
2023/01/10,07:24 AM,16.11,11.89,76.0,SW,6.28,8.21,1028.11,0.0,0.0,0.0,22.0,IMELBO1849.csv
2023/01/10,07:29 AM,16.11,11.89,76.0,SSW,6.11,8.37,1028.11,0.0,0.0,0.0,24.2,IMELBO1849.csv
2023/01/10,07:34 AM,16.11,11.89,76.0,SW,5.95,7.72,1028.11,0.0,0.0,0.0,28.1,IMELBO1849.csv
2023/01/10,07:39 AM,16.11,11.89,76.0,SSW,6.92,8.53,1028.11,0.0,0.0,0.0,30.7,IMELBO1849.csv
2023/01/10,07:44 AM,16.11,11.83,76.0,SSW,4.67,6.28,1028.11,0.0,0.0,0.0,31.2,IMELBO1849.csv
2023/01/10,07:49 AM,16.22,11.78,75.0,SW,6.11,8.53,1028.11,0.0,0.0,0.0,33.4,IMELBO1849.csv
2023/01/10,07:54 AM,16.22,11.94,76.0,SSW,6.44,9.01,1028.11,0.0,0.0,0.0,37.2,IMELBO1849.csv
2023/01/10,07:59 AM,16.22,11.83,75.0,SSW,5.47,7.08,1028.11,0.0,0.0,0.0,38.2,IMELBO1849.csv
2023/01/10,08:04 AM,16.22,11.94,76.0,SSW,6.6,9.33,1028.11,0.0,0.0,0.0,39.9,IMELBO1849.csv
2023/01/10,08:09 AM,16.22,12.0,76.0,SSW,5.15,7.08,1028.45,0.0,0.0,0.0,42.0,IMELBO1849.csv
2023/01/10,08:14 AM,16.22,11.89,75.0,SSW,6.11,8.53,1028.45,0.0,0.0,0.0,44.2,IMELBO1849.csv
2023/01/10,08:19 AM,16.22,11.78,75.0,SSW,7.4,9.81,1028.45,0.0,0.0,0.0,52.5,IMELBO1849.csv
2023/01/10,08:24 AM,16.22,11.78,75.0,SSW,6.76,8.85,1028.45,0.0,0.0,0.0,62.4,IMELBO1849.csv
2023/01/10,08:29 AM,16.28,11.78,74.0,SSW,5.15,6.92,1028.45,0.0,0.0,0.0,68.5,IMELBO1849.csv
2023/01/10,08:34 AM,16.33,11.72,74.0,SSW,5.47,7.72,1028.78,0.0,0.0,0.0,76.7,IMELBO1849.csv
2023/01/10,08:39 AM,16.39,11.61,73.0,SSW,5.95,8.21,1028.45,0.0,0.0,0.0,89.3,IMELBO1849.csv
2023/01/10,08:44 AM,16.5,11.72,73.0,SW,5.95,8.04,1028.45,0.0,0.0,0.0,91.5,IMELBO1849.csv
2023/01/10,08:49 AM,16.61,11.72,73.0,SSW,4.99,6.76,1028.78,0.0,0.0,0.0,89.3,IMELBO1849.csv
2023/01/10,08:54 AM,16.61,11.72,73.0,SSW,4.83,7.08,1028.45,0.0,0.0,1.0,107.5,IMELBO1849.csv
2023/01/10,08:59 AM,16.72,11.67,72.0,SE,4.18,5.95,1028.45,0.0,0.0,1.0,115.4,IMELBO1849.csv
2023/01/10,09:04 AM,16.72,11.67,72.0,SSE,4.67,6.76,1028.45,0.0,0.0,1.0,114.5,IMELBO1849.csv
2023/01/10,09:09 AM,16.67,11.61,72.0,South,4.18,6.11,1028.45,0.0,0.0,1.0,128.8,IMELBO1849.csv
2023/01/10,09:14 AM,16.89,11.67,71.0,SE,4.83,6.92,1028.45,0.0,0.0,1.0,138.4,IMELBO1849.csv
2023/01/10,09:19 AM,16.83,11.78,72.0,SSE,3.86,6.11,1028.45,0.0,0.0,1.0,136.6,IMELBO1849.csv
2023/01/10,09:24 AM,16.89,11.78,72.0,South,6.11,8.21,1028.45,0.0,0.0,1.0,122.7,IMELBO1849.csv
2023/01/10,09:29 AM,16.83,11.78,72.0,South,3.38,4.51,1028.78,0.0,0.0,1.0,127.1,IMELBO1849.csv
2023/01/10,09:34 AM,16.94,11.83,72.0,SSE,4.51,6.6,1028.45,0.0,0.0,1.0,143.1,IMELBO1849.csv
2023/01/10,09:39 AM,16.89,11.78,72.0,South,4.18,5.47,1028.45,0.0,0.0,1.0,153.0,IMELBO1849.csv
2023/01/10,09:44 AM,17.17,11.83,71.0,ESE,2.57,4.02,1028.45,0.0,0.0,1.0,155.2,IMELBO1849.csv
2023/01/10,09:49 AM,17.22,11.89,71.0,South,5.63,7.72,1028.45,0.0,0.0,1.0,154.4,IMELBO1849.csv
2023/01/10,09:54 AM,16.94,11.78,72.0,South,4.02,5.31,1028.45,0.0,0.0,1.0,162.6,IMELBO1849.csv
2023/01/10,09:59 AM,17.06,11.78,71.0,SSW,5.79,8.21,1028.45,0.0,0.0,1.0,163.9,IMELBO1849.csv
2023/01/10,10:04 AM,17.17,11.83,71.0,SSW,3.86,5.63,1028.11,0.0,0.0,1.0,156.1,IMELBO1849.csv
2023/01/10,10:09 AM,17.22,11.89,71.0,South,4.83,7.24,1028.45,0.0,0.0,1.0,163.4,IMELBO1849.csv
2023/01/10,10:14 AM,17.33,12.0,71.0,South,4.67,6.6,1028.45,0.0,0.0,1.0,161.7,IMELBO1849.csv
2023/01/10,10:19 AM,17.22,11.89,71.0,SSW,4.99,7.24,1028.45,0.0,0.0,1.0,160.5,IMELBO1849.csv
2023/01/10,10:24 AM,17.06,11.89,72.0,SW,5.79,7.88,1028.45,0.0,0.0,1.0,170.9,IMELBO1849.csv
2023/01/10,10:29 AM,17.0,11.89,72.0,SW,7.24,9.33,1028.11,0.0,0.0,1.0,173.8,IMELBO1849.csv
2023/01/10,10:34 AM,17.0,11.89,72.0,SSW,6.92,9.01,1028.45,0.0,0.0,1.0,182.1,IMELBO1849.csv
2023/01/10,10:39 AM,17.0,12.06,73.0,SSW,4.51,6.44,1028.45,0.0,0.0,1.0,182.5,IMELBO1849.csv
2023/01/10,10:44 AM,17.39,12.22,72.0,SSE,3.06,4.67,1028.45,0.0,0.0,1.0,178.6,IMELBO1849.csv
2023/01/10,10:49 AM,17.56,12.28,71.0,SSE,3.54,5.63,1028.11,0.0,0.0,1.0,179.9,IMELBO1849.csv
2023/01/10,10:54 AM,17.56,12.22,71.0,SSE,3.06,4.51,1028.45,0.0,0.0,1.0,190.8,IMELBO1849.csv
2023/01/10,10:59 AM,17.5,12.28,71.0,SSW,4.83,6.6,1028.45,0.0,0.0,2.0,210.3,IMELBO1849.csv
2023/01/10,11:04 AM,17.5,12.33,72.0,SW,6.28,8.53,1028.45,0.0,0.0,2.0,222.9,IMELBO1849.csv
2023/01/10,11:09 AM,17.39,12.17,71.0,SW,6.92,9.33,1028.45,0.0,0.0,2.0,260.7,IMELBO1849.csv
2023/01/10,11:14 AM,17.44,12.17,71.0,South,4.02,5.79,1028.45,0.0,0.0,2.0,264.1,IMELBO1849.csv
2023/01/10,11:19 AM,17.78,12.22,70.0,South,3.38,4.67,1028.11,0.0,0.0,3.0,312.7,IMELBO1849.csv
2023/01/10,11:24 AM,18.11,12.22,69.0,South,2.74,4.18,1028.45,0.0,0.0,3.0,382.5,IMELBO1849.csv
2023/01/10,11:29 AM,18.56,12.33,67.0,SE,3.54,4.83,1028.45,0.0,0.0,3.0,392.1,IMELBO1849.csv
2023/01/10,11:34 AM,18.83,12.39,66.0,SE,3.54,4.99,1028.11,0.0,0.0,4.0,414.2,IMELBO1849.csv
2023/01/10,11:39 AM,18.72,12.22,66.0,South,4.51,6.44,1028.45,0.0,0.0,6.0,617.3,IMELBO1849.csv
2023/01/10,11:44 AM,18.83,12.39,66.0,SSW,4.51,6.28,1028.11,0.0,0.0,4.0,466.4,IMELBO1849.csv
2023/01/10,11:49 AM,18.72,12.17,66.0,South,5.63,7.88,1028.11,0.0,0.0,4.0,465.0,IMELBO1849.csv
2023/01/10,11:54 AM,19.06,12.39,65.0,SSW,4.18,5.79,1028.11,0.0,0.0,6.0,662.3,IMELBO1849.csv
2023/01/10,11:59 AM,19.06,12.28,65.0,SW,4.83,6.92,1028.11,0.0,0.0,6.0,705.8,IMELBO1849.csv
2023/01/10,12:04 PM,19.22,12.56,65.0,SSW,3.86,5.31,1028.11,0.0,0.0,8.0,918.4,IMELBO1849.csv
2023/01/10,12:09 PM,20.06,12.72,63.0,SE,3.7,5.47,1028.11,0.0,0.0,10.0,1096.1,IMELBO1849.csv
2023/01/10,12:14 PM,20.5,12.83,62.0,South,7.4,10.3,1028.11,0.0,0.0,9.0,1003.8,IMELBO1849.csv
2023/01/10,12:19 PM,19.94,12.67,63.0,SW,6.28,8.04,1028.11,0.0,0.0,9.0,948.2,IMELBO1849.csv
2023/01/10,12:24 PM,20.33,12.67,61.0,South,4.18,6.28,1027.77,0.0,0.0,9.0,1015.9,IMELBO1849.csv
2023/01/10,12:29 PM,21.39,13.17,59.0,SE,3.22,4.67,1027.77,0.0,0.0,9.0,1009.9,IMELBO1849.csv
2023/01/10,12:34 PM,21.22,13.22,60.0,SSE,4.83,6.44,1027.77,0.0,0.0,9.0,960.5,IMELBO1849.csv
2023/01/10,12:39 PM,20.89,13.06,61.0,ESE,4.99,7.4,1027.43,0.0,0.0,9.0,940.9,IMELBO1849.csv
2023/01/10,12:44 PM,21.22,13.17,60.0,SSE,4.83,7.56,1027.43,0.0,0.0,9.0,953.8,IMELBO1849.csv
2023/01/10,12:49 PM,20.67,12.89,61.0,South,4.02,5.31,1027.43,0.0,0.0,8.0,877.5,IMELBO1849.csv
2023/01/10,12:54 PM,20.94,13.0,60.0,SW,5.95,7.72,1027.43,0.0,0.0,8.0,851.1,IMELBO1849.csv
2023/01/10,12:59 PM,20.78,12.78,60.0,SSW,2.25,3.22,1027.43,0.0,0.0,7.0,813.3,IMELBO1849.csv
2023/01/10,01:04 PM,22.0,13.33,58.0,SE,2.9,4.18,1027.43,0.0,0.0,7.0,809.0,IMELBO1849.csv
2023/01/10,01:09 PM,21.61,13.33,59.0,SSE,4.18,5.31,1027.09,0.0,0.0,7.0,796.9,IMELBO1849.csv
2023/01/10,01:14 PM,21.39,13.06,59.0,SSW,6.28,8.69,1027.43,0.0,0.0,7.0,793.0,IMELBO1849.csv
2023/01/10,01:19 PM,21.39,13.22,60.0,SSW,6.11,8.04,1027.09,0.0,0.0,7.0,794.2,IMELBO1849.csv
2023/01/10,01:24 PM,21.22,13.06,60.0,SW,4.51,6.28,1027.09,0.0,0.0,7.0,793.0,IMELBO1849.csv
2023/01/10,01:29 PM,21.56,13.28,59.0,ESE,4.99,6.76,1027.09,0.0,0.0,7.0,785.2,IMELBO1849.csv
2023/01/10,01:34 PM,21.61,13.28,59.0,East,4.51,6.28,1027.09,0.0,0.0,7.0,767.8,IMELBO1849.csv
2023/01/10,01:39 PM,22.0,13.28,58.0,ESE,3.54,5.15,1027.09,0.0,0.0,7.0,779.0,IMELBO1849.csv
2023/01/10,01:44 PM,21.72,13.22,58.0,SE,3.7,4.99,1026.75,0.0,0.0,7.0,782.6,IMELBO1849.csv
2023/01/10,01:49 PM,22.17,13.44,58.0,ESE,4.18,5.31,1026.75,0.0,0.0,7.0,759.1,IMELBO1849.csv
2023/01/10,01:54 PM,22.17,13.39,57.0,SE,3.7,5.15,1026.75,0.0,0.0,7.0,762.6,IMELBO1849.csv
2023/01/10,01:59 PM,22.56,13.39,56.0,SW,3.06,4.18,1026.75,0.0,0.0,7.0,795.5,IMELBO1849.csv
2023/01/10,02:04 PM,22.83,13.56,56.0,SW,4.34,5.47,1026.75,0.0,0.0,7.0,797.8,IMELBO1849.csv
2023/01/10,02:09 PM,22.67,13.61,57.0,SE,5.15,6.6,1026.41,0.0,0.0,7.0,796.9,IMELBO1849.csv
2023/01/10,02:14 PM,22.56,13.5,57.0,SSW,3.86,5.79,1026.41,0.0,0.0,7.0,793.8,IMELBO1849.csv
2023/01/10,02:19 PM,22.83,13.83,57.0,SE,3.54,4.67,1026.41,0.0,0.0,7.0,778.2,IMELBO1849.csv
2023/01/10,02:24 PM,23.5,13.83,55.0,SE,3.06,4.34,1026.08,0.0,0.0,7.0,786.0,IMELBO1849.csv
2023/01/10,02:29 PM,23.11,13.56,55.0,SW,4.34,5.95,1026.08,0.0,0.0,7.0,789.9,IMELBO1849.csv
2023/01/10,02:34 PM,23.5,13.61,54.0,SSW,3.38,4.99,1026.41,0.0,0.0,7.0,770.3,IMELBO1849.csv
2023/01/10,02:39 PM,23.22,13.89,56.0,South,5.15,7.4,1026.41,0.0,0.0,7.0,754.8,IMELBO1849.csv
2023/01/10,02:44 PM,23.72,13.94,54.0,SSE,4.51,6.44,1026.08,0.0,0.0,7.0,793.0,IMELBO1849.csv
2023/01/10,02:49 PM,23.56,14.0,55.0,SE,4.18,5.31,1026.08,0.0,0.0,7.0,809.9,IMELBO1849.csv
2023/01/10,02:54 PM,23.39,13.83,55.0,SSE,3.7,4.99,1026.08,0.0,0.0,7.0,814.6,IMELBO1849.csv
2023/01/10,02:59 PM,24.06,14.06,53.0,SE,1.93,2.9,1026.08,0.0,0.0,7.0,808.5,IMELBO1849.csv
2023/01/10,03:04 PM,24.11,14.17,54.0,South,6.92,9.01,1026.08,0.0,0.0,7.0,753.1,IMELBO1849.csv
2023/01/10,03:09 PM,23.5,13.94,55.0,South,3.7,4.99,1026.08,0.0,0.0,6.0,677.1,IMELBO1849.csv
2023/01/10,03:14 PM,23.39,14.0,56.0,South,6.44,8.37,1025.74,0.0,0.0,7.0,724.0,IMELBO1849.csv
2023/01/10,03:19 PM,23.67,14.06,55.0,ESE,3.38,4.67,1025.74,0.0,0.0,7.0,759.6,IMELBO1849.csv
2023/01/10,03:24 PM,23.83,14.17,55.0,South,6.28,9.49,1025.74,0.0,0.0,7.0,767.8,IMELBO1849.csv
2023/01/10,03:29 PM,23.94,14.17,54.0,SSE,5.63,8.04,1025.74,0.0,0.0,7.0,748.3,IMELBO1849.csv
2023/01/10,03:34 PM,23.44,14.11,56.0,SW,7.4,9.49,1025.74,0.0,0.0,6.0,717.5,IMELBO1849.csv
2023/01/10,03:39 PM,23.78,14.17,55.0,South,6.11,8.53,1025.74,0.0,0.0,7.0,742.2,IMELBO1849.csv
2023/01/10,03:44 PM,23.83,14.33,55.0,SW,5.79,8.04,1025.74,0.0,0.0,7.0,754.0,IMELBO1849.csv
2023/01/10,03:49 PM,23.72,14.22,55.0,SSE,4.67,6.76,1025.74,0.0,0.0,7.0,758.2,IMELBO1849.csv
2023/01/10,03:54 PM,24.17,14.44,55.0,SSW,4.18,6.28,1025.74,0.0,0.0,7.0,750.0,IMELBO1849.csv
2023/01/10,03:59 PM,23.78,14.44,56.0,South,4.67,6.76,1025.74,0.0,0.0,7.0,729.1,IMELBO1849.csv
2023/01/10,04:04 PM,24.39,14.72,55.0,SE,4.67,7.24,1025.74,0.0,0.0,7.0,725.3,IMELBO1849.csv
2023/01/10,04:09 PM,24.39,14.94,55.0,SSW,4.83,6.92,1025.4,0.0,0.0,7.0,725.3,IMELBO1849.csv
2023/01/10,04:14 PM,24.44,14.94,55.0,SSE,5.47,8.53,1025.4,0.0,0.0,7.0,726.5,IMELBO1849.csv
2023/01/10,04:19 PM,24.67,15.11,55.0,South,4.34,6.92,1025.4,0.0,0.0,7.0,724.3,IMELBO1849.csv
2023/01/10,04:24 PM,24.5,15.22,56.0,SSE,5.15,7.56,1025.4,0.0,0.0,6.0,713.6,IMELBO1849.csv
2023/01/10,04:29 PM,23.94,15.0,57.0,South,5.31,7.56,1025.4,0.0,0.0,7.0,740.0,IMELBO1849.csv
2023/01/10,04:34 PM,24.22,15.17,57.0,SSE,5.31,8.04,1025.4,0.0,0.0,7.0,754.3,IMELBO1849.csv
2023/01/10,04:39 PM,24.22,15.28,57.0,South,7.24,10.3,1025.4,0.0,0.0,7.0,756.0,IMELBO1849.csv
2023/01/10,04:44 PM,23.94,15.17,58.0,South,6.6,9.81,1025.4,0.0,0.0,7.0,750.4,IMELBO1849.csv
2023/01/10,04:49 PM,23.72,15.22,59.0,South,6.44,8.53,1025.4,0.0,0.0,7.0,727.4,IMELBO1849.csv
2023/01/10,04:54 PM,23.83,15.22,59.0,SSE,7.24,9.98,1025.4,0.0,0.0,6.0,715.8,IMELBO1849.csv
2023/01/10,04:59 PM,23.83,15.17,58.0,SSW,6.44,9.01,1025.4,0.0,0.0,6.0,701.5,IMELBO1849.csv
2023/01/10,05:04 PM,23.72,15.17,59.0,South,6.44,9.98,1025.4,0.0,0.0,6.0,629.4,IMELBO1849.csv
2023/01/10,05:09 PM,23.67,15.17,59.0,South,8.53,12.23,1025.06,0.0,0.0,6.0,650.7,IMELBO1849.csv
2023/01/10,05:14 PM,23.17,14.89,60.0,SSW,8.69,12.71,1025.06,0.0,0.0,6.0,646.8,IMELBO1849.csv
2023/01/10,05:19 PM,23.39,14.94,59.0,South,6.76,9.49,1025.06,0.0,0.0,5.0,609.8,IMELBO1849.csv
2023/01/10,05:24 PM,23.33,15.0,59.0,South,7.72,10.78,1025.06,0.0,0.0,5.0,560.9,IMELBO1849.csv
2023/01/10,05:29 PM,23.17,14.94,60.0,SSE,6.6,10.14,1025.06,0.0,0.0,5.0,525.3,IMELBO1849.csv
2023/01/10,05:34 PM,22.89,15.06,61.0,SSW,10.14,13.52,1025.06,0.0,0.0,5.0,535.2,IMELBO1849.csv
2023/01/10,05:39 PM,22.56,14.83,62.0,South,8.04,11.26,1025.06,0.0,0.0,5.0,537.9,IMELBO1849.csv
2023/01/10,05:44 PM,23.0,15.06,61.0,SSW,8.53,11.58,1025.06,0.0,0.0,5.0,527.0,IMELBO1849.csv
2023/01/10,05:49 PM,23.06,15.17,61.0,SSW,9.17,12.39,1025.06,0.0,0.0,4.0,496.2,IMELBO1849.csv
2023/01/10,05:54 PM,22.61,15.17,63.0,SW,9.98,14.16,1024.72,0.0,0.0,4.0,441.5,IMELBO1849.csv
2023/01/10,05:59 PM,22.44,15.17,63.0,SSW,9.01,12.87,1025.06,0.0,0.0,4.0,430.3,IMELBO1849.csv
2023/01/10,06:04 PM,22.44,15.17,63.0,SSW,9.01,11.91,1024.72,0.0,0.0,3.0,404.7,IMELBO1849.csv
2023/01/10,06:09 PM,22.33,15.17,64.0,SSW,7.4,10.3,1025.06,0.0,0.0,3.0,351.4,IMELBO1849.csv
2023/01/10,06:14 PM,22.56,15.33,64.0,SSW,9.17,12.71,1024.72,0.0,0.0,3.0,314.0,IMELBO1849.csv
2023/01/10,06:19 PM,22.44,15.28,64.0,SSW,8.37,11.26,1024.72,0.0,0.0,2.0,287.1,IMELBO1849.csv
2023/01/10,06:24 PM,22.39,15.33,65.0,South,8.37,13.03,1024.72,0.0,0.0,3.0,306.7,IMELBO1849.csv
2023/01/10,06:29 PM,22.5,15.44,64.0,SSW,8.53,11.1,1024.72,0.0,0.0,2.0,302.8,IMELBO1849.csv
2023/01/10,06:34 PM,22.5,15.39,64.0,SSW,7.4,10.78,1024.72,0.0,0.0,2.0,253.2,IMELBO1849.csv
2023/01/10,06:39 PM,22.17,15.39,65.0,SSW,8.85,11.75,1024.72,0.0,0.0,2.0,267.2,IMELBO1849.csv
2023/01/10,06:44 PM,22.28,15.5,65.0,SSW,6.76,10.3,1024.72,0.0,0.0,2.0,263.3,IMELBO1849.csv
2023/01/10,06:49 PM,22.33,15.56,66.0,SSW,7.24,9.33,1024.72,0.0,0.0,2.0,252.4,IMELBO1849.csv
2023/01/10,06:54 PM,22.11,15.67,67.0,South,7.08,9.98,1024.72,0.0,0.0,2.0,232.1,IMELBO1849.csv
2023/01/10,06:59 PM,22.11,15.61,67.0,SW,7.88,10.62,1025.06,0.0,0.0,2.0,206.9,IMELBO1849.csv
2023/01/10,07:04 PM,21.72,15.5,68.0,SSW,9.98,13.03,1025.06,0.0,0.0,1.0,168.7,IMELBO1849.csv
2023/01/10,07:09 PM,21.5,15.56,69.0,SSW,7.56,10.14,1024.72,0.0,0.0,1.0,151.3,IMELBO1849.csv
2023/01/10,07:14 PM,21.33,15.5,69.0,SSW,7.56,9.65,1024.72,0.0,0.0,1.0,149.6,IMELBO1849.csv
2023/01/10,07:19 PM,21.39,15.56,69.0,SW,8.85,12.39,1024.72,0.0,0.0,0.0,64.1,IMELBO1849.csv
2023/01/10,07:24 PM,21.28,15.56,70.0,SW,8.85,11.26,1024.72,0.0,0.0,0.0,60.2,IMELBO1849.csv
2023/01/10,07:29 PM,21.06,15.61,71.0,SW,8.85,12.07,1025.06,0.0,0.0,0.0,56.3,IMELBO1849.csv
2023/01/10,07:34 PM,20.94,15.61,71.0,SSW,9.65,13.35,1024.72,0.0,0.0,0.0,53.3,IMELBO1849.csv
2023/01/10,07:39 PM,20.89,15.72,72.0,SSW,8.37,11.26,1025.06,0.0,0.0,0.0,50.7,IMELBO1849.csv
2023/01/10,07:44 PM,20.78,15.61,72.0,SW,9.49,12.87,1024.72,0.0,0.0,0.0,47.7,IMELBO1849.csv
2023/01/10,07:49 PM,20.78,15.61,72.0,SW,7.08,9.49,1024.72,0.0,0.0,0.0,44.2,IMELBO1849.csv
2023/01/10,07:54 PM,20.67,15.67,73.0,SW,8.04,10.62,1024.72,0.0,0.0,0.0,40.2,IMELBO1849.csv
2023/01/10,07:59 PM,20.56,15.56,73.0,SW,7.72,10.14,1024.72,0.0,0.0,0.0,37.2,IMELBO1849.csv
2023/01/10,08:04 PM,20.56,15.67,74.0,SW,7.88,10.78,1024.72,0.0,0.0,0.0,33.8,IMELBO1849.csv
2023/01/10,08:09 PM,20.44,15.61,74.0,SW,8.37,11.75,1024.72,0.0,0.0,0.0,30.3,IMELBO1849.csv
2023/01/10,08:14 PM,20.17,15.61,75.0,SW,7.88,10.46,1024.72,0.0,0.0,0.0,25.9,IMELBO1849.csv
2023/01/10,08:19 PM,20.11,15.61,75.0,SW,7.24,9.33,1024.72,0.0,0.0,0.0,23.4,IMELBO1849.csv
2023/01/10,08:24 PM,20.11,15.67,75.0,SW,6.76,8.69,1024.72,0.0,0.0,0.0,19.1,IMELBO1849.csv
2023/01/10,08:29 PM,20.11,15.67,76.0,SW,6.6,9.17,1025.06,0.0,0.0,0.0,15.2,IMELBO1849.csv
2023/01/10,08:34 PM,19.89,15.61,77.0,SW,6.28,8.53,1025.06,0.0,0.0,0.0,11.3,IMELBO1849.csv
2023/01/10,08:39 PM,19.72,15.56,77.0,SW,6.76,9.01,1024.72,0.0,0.0,0.0,8.2,IMELBO1849.csv
2023/01/10,08:44 PM,19.72,15.5,77.0,SW,4.99,6.6,1025.06,0.0,0.0,0.0,4.8,IMELBO1849.csv
2023/01/10,08:49 PM,19.67,15.67,78.0,SW,5.15,7.08,1025.06,0.0,0.0,0.0,2.6,IMELBO1849.csv
2023/01/10,08:54 PM,19.56,15.67,78.0,WSW,4.51,5.79,1024.72,0.0,0.0,0.0,1.2,IMELBO1849.csv
2023/01/10,08:59 PM,19.44,15.67,79.0,WSW,6.11,9.01,1024.72,0.0,0.0,0.0,0.4,IMELBO1849.csv
2023/01/10,09:04 PM,19.33,15.67,79.0,SW,4.51,6.28,1025.06,0.0,0.0,0.0,0.0,IMELBO1849.csv
2023/01/10,09:09 PM,19.22,15.61,80.0,WSW,4.34,6.11,1025.06,0.0,0.0,0.0,0.0,IMELBO1849.csv
2023/01/10,09:14 PM,19.0,15.5,80.0,SW,3.86,5.31,1024.72,0.0,0.0,0.0,0.0,IMELBO1849.csv
2023/01/10,09:19 PM,18.89,15.56,81.0,SW,3.54,4.99,1025.06,0.0,0.0,0.0,0.0,IMELBO1849.csv
2023/01/10,09:24 PM,18.83,15.56,81.0,WSW,3.7,5.63,1024.72,0.0,0.0,0.0,0.0,IMELBO1849.csv
2023/01/10,09:29 PM,18.83,15.56,81.0,WSW,3.54,5.31,1025.06,0.0,0.0,0.0,0.0,IMELBO1849.csv
2023/01/10,09:34 PM,18.72,15.56,82.0,WSW,3.06,4.51,1025.06,0.0,0.0,0.0,0.0,IMELBO1849.csv
2023/01/10,09:39 PM,18.72,15.56,82.0,WSW,3.06,4.67,1025.06,0.0,0.0,0.0,0.0,IMELBO1849.csv
2023/01/10,09:44 PM,18.61,15.5,82.0,West,3.86,5.79,1025.06,0.0,0.0,0.0,0.0,IMELBO1849.csv
2023/01/10,09:49 PM,18.5,15.39,82.0,SW,2.41,3.7,1025.06,0.0,0.0,0.0,0.0,IMELBO1849.csv
2023/01/10,09:54 PM,18.33,15.44,83.0,WSW,3.06,4.99,1024.72,0.0,0.0,0.0,0.0,IMELBO1849.csv
2023/01/10,09:59 PM,18.28,15.39,83.0,West,3.22,4.67,1024.72,0.0,0.0,0.0,0.0,IMELBO1849.csv
2023/01/10,10:04 PM,18.22,15.5,84.0,West,4.34,6.76,1025.06,0.0,0.0,0.0,0.0,IMELBO1849.csv
2023/01/10,10:09 PM,18.17,15.44,84.0,West,4.18,6.44,1025.06,0.0,0.0,0.0,0.0,IMELBO1849.csv
2023/01/10,10:14 PM,18.11,15.39,84.0,West,3.22,4.51,1025.06,0.0,0.0,0.0,0.0,IMELBO1849.csv
2023/01/10,10:19 PM,18.06,15.44,85.0,WNW,4.18,6.28,1025.06,0.0,0.0,0.0,0.0,IMELBO1849.csv
2023/01/10,10:24 PM,18.0,15.39,85.0,West,7.08,10.62,1024.72,0.0,0.0,0.0,0.0,IMELBO1849.csv
2023/01/10,10:29 PM,17.94,15.33,85.0,WNW,5.31,7.4,1024.72,0.0,0.0,0.0,0.0,IMELBO1849.csv
2023/01/10,10:34 PM,17.78,15.33,86.0,WSW,2.9,4.34,1024.72,0.0,0.0,0.0,0.0,IMELBO1849.csv
2023/01/10,10:39 PM,17.78,15.33,86.0,West,3.54,5.63,1024.72,0.0,0.0,0.0,0.0,IMELBO1849.csv
2023/01/10,10:44 PM,17.78,15.39,86.0,West,4.18,6.11,1024.72,0.0,0.0,0.0,0.0,IMELBO1849.csv
2023/01/10,10:49 PM,17.78,15.39,86.0,WNW,4.83,6.6,1024.72,0.0,0.0,0.0,0.0,IMELBO1849.csv
2023/01/10,10:54 PM,17.78,15.22,85.0,WNW,3.54,4.83,1025.06,0.0,0.0,0.0,0.0,IMELBO1849.csv
2023/01/10,10:59 PM,17.78,15.22,85.0,WNW,4.51,6.28,1024.72,0.0,0.0,0.0,0.0,IMELBO1849.csv
2023/01/10,11:04 PM,17.78,15.17,85.0,WNW,6.44,8.21,1024.72,0.0,0.0,0.0,0.0,IMELBO1849.csv
2023/01/10,11:09 PM,17.72,15.11,85.0,WNW,6.11,7.88,1025.06,0.0,0.0,0.0,0.0,IMELBO1849.csv
2023/01/10,11:14 PM,17.61,15.22,86.0,WNW,4.02,5.63,1025.06,0.0,0.0,0.0,0.0,IMELBO1849.csv
2023/01/10,11:19 PM,17.61,15.22,86.0,WNW,3.54,5.63,1024.72,0.0,0.0,0.0,0.0,IMELBO1849.csv
2023/01/10,11:24 PM,17.5,15.11,86.0,WNW,5.31,7.24,1024.72,0.0,0.0,0.0,0.0,IMELBO1849.csv
2023/01/10,11:29 PM,17.5,15.11,86.0,WNW,6.11,8.53,1025.06,0.0,0.0,0.0,0.0,IMELBO1849.csv
2023/01/10,11:34 PM,17.39,15.0,86.0,WNW,4.83,6.28,1024.72,0.0,0.0,0.0,0.0,IMELBO1849.csv
2023/01/10,11:39 PM,17.39,15.0,86.0,WNW,4.67,6.6,1024.72,0.0,0.0,0.0,0.0,IMELBO1849.csv
2023/01/10,11:44 PM,17.39,15.0,86.0,WNW,3.38,4.83,1024.72,0.0,0.0,0.0,0.0,IMELBO1849.csv
2023/01/10,11:49 PM,17.28,15.0,86.0,WNW,4.02,5.63,1024.38,0.0,0.0,0.0,0.0,IMELBO1849.csv
2023/01/10,11:54 PM,17.28,15.0,86.0,WNW,3.06,4.18,1024.38,0.0,0.0,0.0,0.0,IMELBO1849.csv
2023/01/10,11:59 PM,17.28,14.94,86.0,WNW,1.61,2.25,1024.38,0.0,0.0,0.0,0.0,IMELBO1849.csv
2023/01/11,12:04 AM,17.33,14.83,85.0,WNW,1.93,2.9,1024.38,0.0,0.0,0.0,0.0,IMELBO1849.csv
2023/01/11,12:09 AM,17.39,14.89,85.0,WNW,3.06,4.18,1024.38,0.0,0.0,0.0,0.0,IMELBO1849.csv
2023/01/11,12:14 AM,17.39,14.72,84.0,WNW,2.25,3.22,1024.38,0.0,0.0,0.0,0.0,IMELBO1849.csv
2023/01/11,12:19 AM,17.39,14.72,84.0,WNW,0.0,0.16,1024.38,0.0,0.0,0.0,0.0,IMELBO1849.csv
2023/01/11,12:24 AM,17.28,14.61,84.0,WNW,0.0,0.32,1024.38,0.0,0.0,0.0,0.0,IMELBO1849.csv
2023/01/11,12:29 AM,17.28,14.61,84.0,WNW,0.48,1.29,1024.38,0.0,0.0,0.0,0.0,IMELBO1849.csv
2023/01/11,12:34 AM,17.39,14.72,84.0,WNW,0.97,1.77,1024.38,0.0,0.0,0.0,0.0,IMELBO1849.csv
2023/01/11,12:39 AM,17.39,14.72,84.0,WNW,0.48,1.13,1024.38,0.0,0.0,0.0,0.0,IMELBO1849.csv
2023/01/11,12:44 AM,17.28,14.61,84.0,WNW,0.32,0.97,1024.38,0.0,0.0,0.0,0.0,IMELBO1849.csv
2023/01/11,12:49 AM,17.22,14.5,84.0,WNW,0.16,0.48,1024.38,0.0,0.0,0.0,0.0,IMELBO1849.csv
2023/01/11,12:54 AM,17.11,14.39,84.0,WNW,2.09,2.9,1024.38,0.0,0.0,0.0,0.0,IMELBO1849.csv
2023/01/11,12:59 AM,17.0,14.5,85.0,WNW,3.06,3.86,1024.38,0.0,0.0,0.0,0.0,IMELBO1849.csv
2023/01/11,01:04 AM,17.0,14.5,85.0,WNW,1.45,1.93,1024.38,0.0,0.0,0.0,0.0,IMELBO1849.csv
2023/01/11,01:09 AM,16.89,14.39,85.0,WNW,0.48,1.13,1024.04,0.0,0.0,0.0,0.0,IMELBO1849.csv
2023/01/11,01:14 AM,16.89,14.39,85.0,WNW,0.48,0.8,1024.04,0.0,0.0,0.0,0.0,IMELBO1849.csv
2023/01/11,01:19 AM,16.89,14.39,85.0,WNW,0.97,1.45,1023.71,0.0,0.0,0.0,0.0,IMELBO1849.csv
2023/01/11,01:24 AM,16.89,14.39,85.0,WNW,1.45,2.41,1023.71,0.0,0.0,0.0,0.0,IMELBO1849.csv
2023/01/11,01:29 AM,16.78,14.5,86.0,WNW,0.48,1.13,1023.71,0.0,0.0,0.0,0.0,IMELBO1849.csv
2023/01/11,01:34 AM,16.72,14.44,86.0,WNW,1.77,2.74,1023.71,0.0,0.0,0.0,0.0,IMELBO1849.csv
2023/01/11,01:39 AM,16.67,14.33,86.0,WNW,3.22,4.02,1023.71,0.0,0.0,0.0,0.0,IMELBO1849.csv
2023/01/11,01:44 AM,16.61,14.28,86.0,WNW,3.7,4.67,1023.71,0.0,0.0,0.0,0.0,IMELBO1849.csv
2023/01/11,01:49 AM,16.5,14.22,86.0,WNW,3.86,5.15,1023.71,0.0,0.0,0.0,0.0,IMELBO1849.csv
2023/01/11,01:54 AM,16.39,14.22,87.0,WNW,2.74,3.54,1023.71,0.0,0.0,0.0,0.0,IMELBO1849.csv
2023/01/11,01:59 AM,16.39,14.28,87.0,WNW,3.22,4.34,1023.37,0.0,0.0,0.0,0.0,IMELBO1849.csv
2023/01/11,02:04 AM,16.39,14.28,87.0,WNW,1.93,2.74,1023.37,0.0,0.0,0.0,0.0,IMELBO1849.csv
2023/01/11,02:09 AM,16.39,14.28,87.0,WNW,2.74,3.7,1023.37,0.0,0.0,0.0,0.0,IMELBO1849.csv
2023/01/11,02:14 AM,16.28,14.22,87.0,WNW,2.25,3.38,1023.37,0.0,0.0,0.0,0.0,IMELBO1849.csv
2023/01/11,02:19 AM,16.22,14.11,87.0,WNW,2.9,3.7,1023.37,0.0,0.0,0.0,0.0,IMELBO1849.csv
2023/01/11,02:24 AM,16.11,14.0,87.0,WNW,4.34,6.44,1023.37,0.0,0.0,0.0,0.0,IMELBO1849.csv
2023/01/11,02:29 AM,16.11,14.06,88.0,WNW,4.02,5.63,1023.37,0.0,0.0,0.0,0.0,IMELBO1849.csv
2023/01/11,02:34 AM,16.06,14.06,88.0,WNW,3.7,4.83,1023.37,0.0,0.0,0.0,0.0,IMELBO1849.csv
2023/01/11,02:39 AM,16.0,14.0,88.0,WNW,3.7,4.83,1023.03,0.0,0.0,0.0,0.0,IMELBO1849.csv
2023/01/11,02:44 AM,15.89,13.89,88.0,WNW,3.7,4.99,1023.03,0.0,0.0,0.0,0.0,IMELBO1849.csv
2023/01/11,02:49 AM,15.89,13.89,88.0,WNW,3.86,5.31,1023.03,0.0,0.0,0.0,0.0,IMELBO1849.csv
2023/01/11,02:54 AM,15.78,13.94,89.0,WNW,4.83,6.28,1023.03,0.0,0.0,0.0,0.0,IMELBO1849.csv
2023/01/11,02:59 AM,15.78,13.94,89.0,WNW,4.67,6.11,1023.03,0.0,0.0,0.0,0.0,IMELBO1849.csv
2023/01/11,03:04 AM,15.72,13.89,89.0,WNW,3.7,5.31,1023.03,0.0,0.0,0.0,0.0,IMELBO1849.csv
2023/01/11,03:09 AM,15.72,13.89,89.0,WNW,3.38,4.51,1023.37,0.0,0.0,0.0,0.0,IMELBO1849.csv
2023/01/11,03:14 AM,15.72,13.89,89.0,WNW,6.28,8.21,1023.03,0.0,0.0,0.0,0.0,IMELBO1849.csv
2023/01/11,03:19 AM,15.72,13.89,89.0,WNW,5.79,7.4,1023.03,0.0,0.0,0.0,0.0,IMELBO1849.csv
2023/01/11,03:24 AM,15.72,13.89,89.0,WNW,4.67,6.44,1023.03,0.0,0.0,0.0,0.0,IMELBO1849.csv
2023/01/11,03:29 AM,15.72,13.89,89.0,WNW,5.31,7.24,1023.03,0.0,0.0,0.0,0.0,IMELBO1849.csv
2023/01/11,03:34 AM,15.61,13.89,90.0,WNW,4.83,6.6,1023.03,0.0,0.0,0.0,0.0,IMELBO1849.csv
2023/01/11,03:39 AM,15.61,14.0,90.0,WNW,4.67,6.44,1023.03,0.0,0.0,0.0,0.0,IMELBO1849.csv
2023/01/11,03:44 AM,15.61,14.0,90.0,WNW,4.67,6.6,1023.03,0.0,0.0,0.0,0.0,IMELBO1849.csv
2023/01/11,03:49 AM,15.5,13.89,90.0,WNW,5.63,7.56,1023.03,0.0,0.0,0.0,0.0,IMELBO1849.csv
2023/01/11,03:54 AM,15.5,13.89,90.0,WNW,5.79,7.56,1023.03,0.0,0.0,0.0,0.0,IMELBO1849.csv
2023/01/11,03:59 AM,15.5,13.89,90.0,WNW,3.06,4.51,1022.69,0.0,0.0,0.0,0.0,IMELBO1849.csv
2023/01/11,04:04 AM,15.5,13.89,90.0,WNW,3.38,4.51,1022.69,0.0,0.0,0.0,0.0,IMELBO1849.csv
2023/01/11,04:09 AM,15.44,13.83,90.0,WNW,2.74,3.86,1022.69,0.0,0.0,0.0,0.0,IMELBO1849.csv
2023/01/11,04:14 AM,15.39,13.78,90.0,WNW,3.38,4.67,1022.69,0.0,0.0,0.0,0.0,IMELBO1849.csv
2023/01/11,04:19 AM,15.39,13.83,90.0,WNW,2.41,3.38,1022.69,0.0,0.0,0.0,0.0,IMELBO1849.csv
2023/01/11,04:24 AM,15.39,14.0,91.0,WNW,3.06,4.18,1023.03,0.0,0.0,0.0,0.0,IMELBO1849.csv
2023/01/11,04:29 AM,15.33,13.94,91.0,WNW,2.74,3.7,1022.69,0.0,0.0,0.0,0.0,IMELBO1849.csv
2023/01/11,04:34 AM,15.28,13.89,91.0,WNW,3.38,4.67,1023.03,0.0,0.0,0.0,0.0,IMELBO1849.csv
2023/01/11,04:39 AM,15.28,13.89,91.0,WNW,2.41,3.7,1022.69,0.0,0.0,0.0,0.0,IMELBO1849.csv
2023/01/11,04:44 AM,15.28,13.89,91.0,WNW,2.9,3.86,1023.03,0.0,0.0,0.0,0.0,IMELBO1849.csv
2023/01/11,04:49 AM,15.22,13.83,91.0,WNW,3.38,4.67,1023.03,0.0,0.0,0.0,0.0,IMELBO1849.csv
2023/01/11,04:54 AM,15.28,13.83,91.0,WNW,2.74,3.7,1022.69,0.0,0.0,0.0,0.0,IMELBO1849.csv
2023/01/11,04:59 AM,15.28,13.89,91.0,WNW,2.57,3.38,1022.69,0.0,0.0,0.0,0.0,IMELBO1849.csv
2023/01/11,05:04 AM,15.28,13.83,91.0,NW,2.74,3.54,1022.69,0.0,0.0,0.0,0.0,IMELBO1849.csv
2023/01/11,05:09 AM,15.22,13.78,91.0,NW,2.57,3.7,1022.69,0.0,0.0,0.0,0.0,IMELBO1849.csv
2023/01/11,05:14 AM,15.22,13.78,91.0,WNW,3.86,4.99,1023.03,0.0,0.0,0.0,0.0,IMELBO1849.csv
2023/01/11,05:19 AM,15.22,13.89,92.0,WNW,2.57,3.38,1023.03,0.0,0.0,0.0,0.0,IMELBO1849.csv
2023/01/11,05:24 AM,15.22,13.89,92.0,WNW,1.61,2.57,1023.03,0.0,0.0,0.0,0.0,IMELBO1849.csv
2023/01/11,05:29 AM,15.22,13.89,92.0,WNW,1.93,2.57,1023.03,0.0,0.0,0.0,0.0,IMELBO1849.csv
2023/01/11,05:34 AM,15.17,13.83,92.0,WNW,1.61,2.25,1023.03,0.0,0.0,0.0,0.0,IMELBO1849.csv
2023/01/11,05:39 AM,15.17,13.83,92.0,WNW,2.74,3.7,1023.03,0.0,0.0,0.0,0.0,IMELBO1849.csv
2023/01/11,05:44 AM,15.17,13.83,92.0,WNW,1.93,2.74,1023.03,0.0,0.0,0.0,0.0,IMELBO1849.csv
2023/01/11,05:49 AM,15.22,13.89,92.0,WNW,2.57,3.7,1023.37,0.0,0.0,0.0,0.0,IMELBO1849.csv
2023/01/11,05:54 AM,15.22,13.89,92.0,WNW,1.45,2.25,1023.37,0.0,0.0,0.0,0.0,IMELBO1849.csv
2023/01/11,05:59 AM,15.22,13.89,92.0,WNW,2.9,3.86,1023.03,0.0,0.0,0.0,0.0,IMELBO1849.csv
2023/01/11,06:04 AM,15.22,13.89,92.0,WNW,3.22,4.34,1023.37,0.0,0.0,0.0,0.0,IMELBO1849.csv
2023/01/11,06:09 AM,15.22,13.89,92.0,WNW,2.25,2.9,1023.37,0.0,0.0,0.0,1.2,IMELBO1849.csv
2023/01/11,06:14 AM,15.22,13.89,92.0,WNW,2.25,2.9,1023.71,0.0,0.0,0.0,2.9,IMELBO1849.csv
2023/01/11,06:19 AM,15.22,13.89,92.0,WNW,1.29,1.93,1023.37,0.0,0.0,0.0,5.1,IMELBO1849.csv
2023/01/11,06:24 AM,15.22,13.89,92.0,West,1.29,1.77,1023.37,0.0,0.0,0.0,7.7,IMELBO1849.csv
2023/01/11,06:29 AM,15.28,14.0,92.0,WNW,1.45,2.25,1023.37,0.0,0.0,0.0,10.4,IMELBO1849.csv
2023/01/11,06:34 AM,15.33,14.06,92.0,WNW,2.09,3.06,1023.37,0.0,0.0,0.0,13.0,IMELBO1849.csv
2023/01/11,06:39 AM,15.44,14.22,93.0,WNW,3.22,4.51,1023.37,0.0,0.0,0.0,15.5,IMELBO1849.csv
2023/01/11,06:44 AM,15.56,14.28,92.0,WNW,3.06,4.18,1023.37,0.0,0.0,0.0,18.1,IMELBO1849.csv
2023/01/11,06:49 AM,15.72,14.39,92.0,WNW,3.38,4.67,1023.37,0.0,0.0,0.0,20.3,IMELBO1849.csv
2023/01/11,06:54 AM,15.83,14.5,92.0,WNW,4.02,5.95,1023.37,0.0,0.0,0.0,23.9,IMELBO1849.csv
2023/01/11,06:59 AM,16.0,14.72,92.0,WNW,4.99,6.76,1023.37,0.0,0.0,0.0,25.1,IMELBO1849.csv
2023/01/11,07:04 AM,16.17,14.78,92.0,WNW,2.9,4.18,1023.37,0.0,0.0,0.0,27.7,IMELBO1849.csv
2023/01/11,07:09 AM,16.28,14.89,91.0,WNW,2.9,3.86,1023.37,0.0,0.0,0.0,44.2,IMELBO1849.csv
2023/01/11,07:14 AM,16.5,15.0,91.0,WNW,2.9,3.86,1023.37,0.0,0.0,0.0,49.4,IMELBO1849.csv
2023/01/11,07:19 AM,16.78,15.06,90.0,WNW,2.09,2.9,1023.71,0.0,0.0,0.0,62.4,IMELBO1849.csv
2023/01/11,07:24 AM,17.0,15.17,89.0,WNW,2.09,2.9,1023.71,0.0,0.0,0.0,79.3,IMELBO1849.csv
2023/01/11,07:29 AM,17.22,15.28,88.0,WNW,2.74,3.86,1023.71,0.0,0.0,0.0,83.2,IMELBO1849.csv
2023/01/11,07:34 AM,17.39,15.33,88.0,WNW,2.57,3.7,1023.71,0.0,0.0,0.0,97.1,IMELBO1849.csv
2023/01/11,07:39 AM,17.56,15.33,87.0,WNW,4.99,6.6,1023.71,0.0,0.0,1.0,129.7,IMELBO1849.csv
2023/01/11,07:44 AM,17.72,15.44,87.0,West,2.57,3.54,1023.71,0.0,0.0,1.0,140.1,IMELBO1849.csv
2023/01/11,07:49 AM,18.06,15.5,85.0,WNW,4.34,6.44,1023.71,0.0,0.0,1.0,155.2,IMELBO1849.csv
2023/01/11,07:54 AM,18.33,15.67,85.0,WNW,1.45,2.74,1023.71,0.0,0.0,1.0,167.9,IMELBO1849.csv
2023/01/11,07:59 AM,18.67,15.78,83.0,WNW,3.06,4.18,1023.71,0.0,0.0,1.0,172.6,IMELBO1849.csv
2023/01/11,08:04 AM,18.72,15.78,83.0,WNW,3.86,5.47,1023.71,0.0,0.0,1.0,200.4,IMELBO1849.csv
2023/01/11,08:09 AM,18.94,15.83,82.0,WNW,2.9,4.02,1023.71,0.0,0.0,2.0,222.5,IMELBO1849.csv
2023/01/11,08:14 AM,19.28,15.94,81.0,WNW,2.09,3.22,1023.71,0.0,0.0,2.0,243.3,IMELBO1849.csv
2023/01/11,08:19 AM,19.67,16.17,80.0,WNW,1.77,2.41,1024.04,0.0,0.0,2.0,250.3,IMELBO1849.csv
2023/01/11,08:24 AM,19.94,16.28,79.0,WNW,2.41,3.22,1024.04,0.0,0.0,2.0,264.6,IMELBO1849.csv
2023/01/11,08:29 AM,19.94,16.22,79.0,WNW,2.9,4.02,1024.04,0.0,0.0,2.0,278.4,IMELBO1849.csv
2023/01/11,08:34 AM,20.06,16.17,78.0,WNW,1.13,1.77,1023.71,0.0,0.0,2.0,273.7,IMELBO1849.csv
2023/01/11,08:39 AM,20.5,16.17,76.0,WNW,2.41,3.7,1023.71,0.0,0.0,2.0,304.0,IMELBO1849.csv
2023/01/11,08:44 AM,20.44,16.11,76.0,WNW,4.83,5.95,1024.04,0.0,0.0,2.0,294.1,IMELBO1849.csv
2023/01/11,08:49 AM,20.5,16.0,76.0,WNW,3.54,4.99,1024.04,0.0,0.0,2.0,304.5,IMELBO1849.csv
2023/01/11,08:54 AM,20.72,16.11,75.0,WNW,3.06,4.67,1023.71,0.0,0.0,3.0,327.5,IMELBO1849.csv
2023/01/11,08:59 AM,21.22,16.33,74.0,WNW,2.41,3.38,1023.71,0.0,0.0,3.0,318.0,IMELBO1849.csv
2023/01/11,09:04 AM,21.17,16.28,74.0,WSW,1.77,2.9,1023.71,0.0,0.0,3.0,339.2,IMELBO1849.csv
2023/01/11,09:09 AM,21.33,16.22,73.0,WNW,3.06,4.51,1023.71,0.0,0.0,3.0,392.6,IMELBO1849.csv
2023/01/11,09:14 AM,21.33,16.11,72.0,WNW,3.7,4.99,1023.71,0.0,0.0,4.0,421.2,IMELBO1849.csv
2023/01/11,09:19 AM,21.72,16.22,71.0,West,1.61,2.57,1023.71,0.0,0.0,4.0,438.9,IMELBO1849.csv
2023/01/11,09:24 AM,22.39,16.56,70.0,WNW,1.61,2.74,1023.71,0.0,0.0,4.0,452.0,IMELBO1849.csv
2023/01/11,09:29 AM,22.39,16.39,69.0,NW,1.93,2.74,1024.04,0.0,0.0,4.0,481.0,IMELBO1849.csv
2023/01/11,09:34 AM,22.61,16.5,69.0,NW,3.06,4.51,1024.04,0.0,0.0,4.0,478.0,IMELBO1849.csv
2023/01/11,09:39 AM,22.44,16.44,69.0,WNW,2.25,3.38,1023.71,0.0,0.0,4.0,442.9,IMELBO1849.csv
2023/01/11,09:44 AM,22.72,16.61,68.0,NW,2.74,3.54,1023.71,0.0,0.0,4.0,448.1,IMELBO1849.csv
2023/01/11,09:49 AM,22.67,16.56,68.0,NE,2.25,3.22,1023.71,0.0,0.0,4.0,472.3,IMELBO1849.csv
2023/01/11,09:54 AM,23.28,16.78,67.0,NNW,2.25,3.22,1023.71,0.0,0.0,4.0,511.0,IMELBO1849.csv
2023/01/11,09:59 AM,23.44,16.72,66.0,NE,1.61,2.57,1023.71,0.0,0.0,5.0,564.8,IMELBO1849.csv
2023/01/11,10:04 AM,23.61,16.89,66.0,West,2.9,4.18,1023.71,0.0,0.0,5.0,570.5,IMELBO1849.csv
2023/01/11,10:09 AM,23.39,16.72,66.0,WSW,1.29,2.25,1023.71,0.0,0.0,5.0,573.0,IMELBO1849.csv
2023/01/11,10:14 AM,24.0,16.94,65.0,WNW,1.45,1.93,1023.71,0.0,0.0,5.0,552.2,IMELBO1849.csv
2023/01/11,10:19 AM,24.33,17.17,64.0,East,2.09,2.9,1023.37,0.0,0.0,5.0,559.1,IMELBO1849.csv
2023/01/11,10:24 AM,24.61,17.17,63.0,ESE,2.41,3.38,1023.37,0.0,0.0,5.0,598.6,IMELBO1849.csv
2023/01/11,10:29 AM,25.06,17.39,63.0,ESE,2.57,3.22,1023.37,0.0,0.0,5.0,553.9,IMELBO1849.csv
2023/01/11,10:34 AM,25.06,17.28,62.0,East,0.8,1.77,1023.37,0.0,0.0,6.0,623.8,IMELBO1849.csv
2023/01/11,10:39 AM,25.61,17.39,61.0,NW,1.61,2.41,1023.37,0.0,0.0,6.0,649.4,IMELBO1849.csv
2023/01/11,10:44 AM,26.06,17.5,59.0,NE,1.77,2.57,1023.37,0.0,0.0,6.0,625.0,IMELBO1849.csv
2023/01/11,10:49 AM,26.22,17.61,59.0,,4.02,5.31,1023.03,0.0,0.0,6.0,619.9,IMELBO1849.csv
2023/01/11,10:54 AM,26.0,17.5,59.0,NNW,3.38,4.83,1023.03,0.0,0.0,6.0,679.7,IMELBO1849.csv
2023/01/11,10:59 AM,26.17,17.56,59.0,NE,3.22,4.34,1023.03,0.0,0.0,6.0,650.7,IMELBO1849.csv
2023/01/11,11:04 AM,26.06,17.67,60.0,East,4.83,6.44,1023.03,0.0,0.0,6.0,621.6,IMELBO1849.csv
2023/01/11,11:09 AM,26.17,17.5,59.0,ENE,4.18,6.11,1022.69,0.0,0.0,6.0,626.8,IMELBO1849.csv
2023/01/11,11:14 AM,26.83,17.78,57.0,ENE,3.38,4.83,1022.69,0.0,0.0,7.0,728.3,IMELBO1849.csv
2023/01/11,11:19 AM,27.17,17.94,57.0,NE,4.02,5.31,1022.69,0.0,0.0,7.0,750.0,IMELBO1849.csv
2023/01/11,11:24 AM,27.44,17.89,56.0,NE,2.25,3.54,1022.69,0.0,0.0,7.0,798.1,IMELBO1849.csv
2023/01/11,11:29 AM,27.83,17.94,55.0,NNE,3.7,4.83,1022.69,0.0,0.0,7.0,794.7,IMELBO1849.csv
2023/01/11,11:34 AM,28.5,18.17,54.0,WSW,2.9,4.34,1022.69,0.0,0.0,7.0,745.3,IMELBO1849.csv
2023/01/11,11:39 AM,28.28,18.06,54.0,ENE,4.02,5.79,1022.35,0.0,0.0,7.0,744.8,IMELBO1849.csv
2023/01/11,11:44 AM,28.83,18.44,53.0,ESE,3.54,4.83,1022.35,0.0,0.0,7.0,748.7,IMELBO1849.csv
2023/01/11,11:49 AM,28.78,18.17,53.0,WNW,2.25,3.06,1022.35,0.0,0.0,7.0,762.2,IMELBO1849.csv
2023/01/11,11:54 AM,29.28,18.44,52.0,East,4.34,5.63,1022.01,0.0,0.0,7.0,763.5,IMELBO1849.csv
2023/01/11,11:59 AM,28.83,18.22,53.0,ESE,4.67,6.6,1022.35,0.0,0.0,7.0,775.6,IMELBO1849.csv
2023/01/11,12:04 PM,28.89,17.89,52.0,SE,4.18,5.63,1022.01,0.0,0.0,8.0,833.7,IMELBO1849.csv
2023/01/11,12:09 PM,29.17,18.17,51.0,SSE,4.51,6.6,1022.01,0.0,0.0,8.0,846.3,IMELBO1849.csv
2023/01/11,12:14 PM,29.5,17.28,48.0,ESE,4.02,5.31,1022.01,0.0,0.0,8.0,832.4,IMELBO1849.csv
2023/01/11,12:19 PM,30.56,17.33,45.0,NNW,2.74,3.86,1022.01,0.0,0.0,7.0,789.9,IMELBO1849.csv
2023/01/11,12:24 PM,31.33,17.5,44.0,NE,5.95,8.85,1022.01,0.0,0.0,7.0,756.5,IMELBO1849.csv
2023/01/11,12:29 PM,30.89,17.17,44.0,East,8.04,10.14,1022.01,0.0,0.0,7.0,771.7,IMELBO1849.csv
2023/01/11,12:34 PM,31.0,16.78,42.0,ENE,5.15,7.08,1022.01,0.0,0.0,7.0,797.8,IMELBO1849.csv
2023/01/11,12:39 PM,31.72,16.22,39.0,North,4.34,6.28,1022.01,0.0,0.0,8.0,824.2,IMELBO1849.csv
2023/01/11,12:44 PM,32.11,16.56,39.0,NNW,4.99,6.6,1022.01,0.0,0.0,8.0,842.4,IMELBO1849.csv
2023/01/11,12:49 PM,31.89,16.56,40.0,ENE,4.18,5.79,1022.01,0.0,0.0,8.0,875.0,IMELBO1849.csv
2023/01/11,12:54 PM,32.11,16.5,39.0,WNW,4.18,5.95,1021.67,0.0,0.0,8.0,878.0,IMELBO1849.csv
2023/01/11,12:59 PM,31.94,16.56,40.0,,2.25,3.38,1021.67,0.0,0.0,8.0,874.5,IMELBO1849.csv
2023/01/11,01:04 PM,32.17,16.67,39.0,ENE,4.34,5.79,1021.67,0.0,0.0,8.0,845.5,IMELBO1849.csv
2023/01/11,01:09 PM,33.0,17.0,38.0,East,3.06,4.34,1021.67,0.0,0.0,8.0,832.0,IMELBO1849.csv
2023/01/11,01:14 PM,33.06,17.17,39.0,NE,8.37,11.75,1021.67,0.0,0.0,8.0,835.4,IMELBO1849.csv
2023/01/11,01:19 PM,32.28,16.83,40.0,East,4.67,5.95,1021.67,0.0,0.0,8.0,825.9,IMELBO1849.csv
2023/01/11,01:24 PM,32.0,16.67,40.0,ESE,3.22,4.51,1021.67,0.0,0.0,8.0,825.5,IMELBO1849.csv
2023/01/11,01:29 PM,32.39,16.44,38.0,SE,4.18,5.95,1021.33,0.0,0.0,7.0,805.1,IMELBO1849.csv
2023/01/11,01:34 PM,33.06,17.22,39.0,WNW,7.4,10.62,1021.33,0.0,0.0,7.0,802.0,IMELBO1849.csv
2023/01/11,01:39 PM,31.83,18.39,45.0,SSW,9.33,13.35,1021.33,0.0,0.0,7.0,769.1,IMELBO1849.csv
2023/01/11,01:44 PM,32.22,18.17,43.0,South,7.08,9.98,1021.0,0.0,0.0,7.0,778.2,IMELBO1849.csv
2023/01/11,01:49 PM,32.44,18.39,43.0,SSW,6.92,10.3,1021.0,0.0,0.0,7.0,776.5,IMELBO1849.csv
2023/01/11,01:54 PM,32.06,18.78,45.0,SSW,8.53,11.1,1021.33,0.0,0.0,7.0,788.6,IMELBO1849.csv
2023/01/11,01:59 PM,31.94,18.28,44.0,SSW,6.76,9.01,1021.33,0.0,0.0,8.0,828.6,IMELBO1849.csv
2023/01/11,02:04 PM,32.39,18.17,43.0,WSW,4.18,5.47,1021.33,0.0,0.0,8.0,850.6,IMELBO1849.csv
2023/01/11,02:09 PM,32.44,18.17,43.0,ESE,4.02,5.79,1021.0,0.0,0.0,8.0,842.4,IMELBO1849.csv
2023/01/11,02:14 PM,32.28,18.44,44.0,South,6.76,9.49,1021.0,0.0,0.0,7.0,806.8,IMELBO1849.csv
2023/01/11,02:19 PM,32.39,18.17,43.0,South,3.7,5.31,1021.0,0.0,0.0,7.0,750.0,IMELBO1849.csv
2023/01/11,02:24 PM,32.61,18.06,42.0,South,5.79,9.01,1021.0,0.0,0.0,7.0,729.1,IMELBO1849.csv
2023/01/11,02:29 PM,32.44,18.39,43.0,SSE,5.95,9.17,1021.0,0.0,0.0,7.0,727.4,IMELBO1849.csv
2023/01/11,02:34 PM,32.33,18.44,44.0,South,6.28,9.01,1021.0,0.0,0.0,7.0,727.4,IMELBO1849.csv
2023/01/11,02:39 PM,32.67,18.39,43.0,SE,3.86,5.95,1021.0,0.0,0.0,7.0,773.0,IMELBO1849.csv
2023/01/11,02:44 PM,32.94,18.67,43.0,SSW,6.6,9.98,1021.0,0.0,0.0,7.0,789.4,IMELBO1849.csv
2023/01/11,02:49 PM,32.61,18.56,43.0,South,5.63,8.69,1021.0,0.0,0.0,8.0,825.5,IMELBO1849.csv
2023/01/11,02:54 PM,32.33,18.67,44.0,SSW,8.04,11.58,1021.0,0.0,0.0,8.0,828.6,IMELBO1849.csv
2023/01/11,02:59 PM,31.89,18.56,45.0,SSW,9.01,12.23,1021.0,0.0,0.0,7.0,822.5,IMELBO1849.csv
2023/01/11,03:04 PM,31.39,18.44,46.0,SSW,8.37,12.07,1021.0,0.0,0.0,7.0,757.9,IMELBO1849.csv
2023/01/11,03:09 PM,31.44,18.28,46.0,South,7.72,11.26,1020.66,0.0,0.0,7.0,750.0,IMELBO1849.csv
2023/01/11,03:14 PM,31.78,18.39,45.0,SSW,6.6,8.85,1021.0,0.0,0.0,7.0,789.1,IMELBO1849.csv
2023/01/11,03:19 PM,32.11,18.67,45.0,SSW,7.4,10.62,1021.0,0.0,0.0,7.0,779.9,IMELBO1849.csv
2023/01/11,03:24 PM,31.72,18.44,45.0,SSW,7.08,10.3,1021.0,0.0,0.0,7.0,781.7,IMELBO1849.csv
2023/01/11,03:29 PM,31.89,18.5,45.0,SSW,8.04,10.94,1021.0,0.0,0.0,7.0,760.0,IMELBO1849.csv
2023/01/11,03:34 PM,31.33,18.28,46.0,SW,8.21,10.94,1021.0,0.0,0.0,7.0,757.9,IMELBO1849.csv
2023/01/11,03:39 PM,31.28,18.17,46.0,SSW,9.98,12.71,1021.0,0.0,0.0,7.0,763.0,IMELBO1849.csv
2023/01/11,03:44 PM,31.28,18.06,45.0,South,7.4,10.3,1021.0,0.0,0.0,7.0,755.7,IMELBO1849.csv
2023/01/11,03:49 PM,31.89,18.39,45.0,South,5.79,8.53,1020.66,0.0,0.0,7.0,727.9,IMELBO1849.csv
2023/01/11,03:54 PM,31.94,18.56,45.0,SSE,7.56,11.91,1020.66,0.0,0.0,6.0,706.2,IMELBO1849.csv
2023/01/11,03:59 PM,31.83,18.33,45.0,SSE,6.92,10.3,1021.0,0.0,0.0,6.0,698.4,IMELBO1849.csv
2023/01/11,04:04 PM,31.89,18.33,45.0,ESE,4.99,7.08,1021.0,0.0,0.0,6.0,687.5,IMELBO1849.csv
2023/01/11,04:09 PM,32.33,18.5,44.0,SSE,4.51,7.56,1021.0,0.0,0.0,6.0,680.5,IMELBO1849.csv
2023/01/11,04:14 PM,31.78,18.39,45.0,SSW,9.65,13.03,1020.66,0.0,0.0,6.0,687.5,IMELBO1849.csv
2023/01/11,04:19 PM,31.72,18.22,45.0,South,5.63,7.4,1020.66,0.0,0.0,7.0,765.2,IMELBO1849.csv
2023/01/11,04:24 PM,32.0,18.44,45.0,SSE,5.79,7.88,1020.66,0.0,0.0,7.0,765.2,IMELBO1849.csv
2023/01/11,04:29 PM,32.11,18.56,45.0,SSE,6.11,8.53,1020.66,0.0,0.0,7.0,735.2,IMELBO1849.csv
2023/01/11,04:34 PM,32.11,18.5,45.0,SSE,4.02,6.28,1020.66,0.0,0.0,7.0,727.9,IMELBO1849.csv
2023/01/11,04:39 PM,32.33,18.72,45.0,ESE,4.83,6.76,1020.66,0.0,0.0,7.0,794.7,IMELBO1849.csv
2023/01/11,04:44 PM,32.11,18.61,45.0,South,7.24,9.98,1020.66,0.0,0.0,7.0,795.2,IMELBO1849.csv
2023/01/11,04:49 PM,32.0,18.56,45.0,South,6.76,9.81,1020.66,0.0,0.0,7.0,763.0,IMELBO1849.csv
2023/01/11,04:54 PM,31.72,18.28,45.0,South,7.24,10.3,1020.66,0.0,0.0,7.0,755.2,IMELBO1849.csv
2023/01/11,04:59 PM,31.67,18.33,45.0,SSW,6.92,9.81,1020.66,0.0,0.0,7.0,721.8,IMELBO1849.csv
2023/01/11,05:04 PM,31.33,18.28,46.0,South,8.53,12.07,1020.66,0.0,0.0,6.0,629.4,IMELBO1849.csv
2023/01/11,05:09 PM,31.28,18.22,46.0,South,6.44,8.85,1020.66,0.0,0.0,6.0,686.2,IMELBO1849.csv
2023/01/11,05:14 PM,31.61,18.44,45.0,SSW,6.11,9.01,1020.66,0.0,0.0,6.0,685.0,IMELBO1849.csv
2023/01/11,05:19 PM,31.44,18.39,46.0,SE,5.47,7.72,1020.66,0.0,0.0,6.0,648.5,IMELBO1849.csv
2023/01/11,05:24 PM,31.39,18.28,46.0,SSW,7.88,11.1,1020.32,0.0,0.0,5.0,599.9,IMELBO1849.csv
2023/01/11,05:29 PM,31.28,18.22,46.0,SSW,6.6,9.98,1020.32,0.0,0.0,5.0,538.3,IMELBO1849.csv
2023/01/11,05:34 PM,31.22,18.22,46.0,SW,7.24,11.1,1020.32,0.0,0.0,5.0,524.8,IMELBO1849.csv
2023/01/11,05:39 PM,31.0,18.28,47.0,SW,7.56,11.1,1020.66,0.0,0.0,5.0,554.3,IMELBO1849.csv
2023/01/11,05:44 PM,31.17,18.5,47.0,SSW,6.44,9.33,1020.66,0.0,0.0,5.0,553.5,IMELBO1849.csv
2023/01/11,05:49 PM,30.94,18.28,47.0,SSW,7.4,10.94,1020.66,0.0,0.0,4.0,501.0,IMELBO1849.csv
2023/01/11,05:54 PM,30.67,18.06,47.0,SSE,5.95,8.37,1020.66,0.0,0.0,4.0,448.5,IMELBO1849.csv
2023/01/11,05:59 PM,30.39,18.0,48.0,South,8.04,11.42,1020.66,0.0,0.0,4.0,431.6,IMELBO1849.csv
2023/01/11,06:04 PM,30.28,17.83,47.0,SSE,7.24,10.78,1020.66,0.0,0.0,3.0,406.0,IMELBO1849.csv
2023/01/11,06:09 PM,30.33,18.17,48.0,SSW,7.72,11.26,1020.66,0.0,0.0,3.0,330.5,IMELBO1849.csv
2023/01/11,06:14 PM,30.22,18.11,48.0,South,7.88,11.58,1020.66,0.0,0.0,2.0,265.8,IMELBO1849.csv
2023/01/11,06:19 PM,30.06,18.33,49.0,SSW,8.21,11.1,1021.0,0.0,0.0,2.0,270.6,IMELBO1849.csv
2023/01/11,06:24 PM,29.94,18.5,50.0,SSW,9.01,12.07,1021.0,0.0,0.0,3.0,335.3,IMELBO1849.csv
2023/01/11,06:29 PM,29.94,18.44,50.0,SSW,5.15,7.56,1021.0,0.0,0.0,3.0,321.0,IMELBO1849.csv
2023/01/11,06:34 PM,30.11,18.61,50.0,SSW,5.31,7.24,1021.0,0.0,0.0,2.0,260.2,IMELBO1849.csv
2023/01/11,06:39 PM,29.89,18.72,51.0,SSW,7.24,10.14,1021.0,0.0,0.0,2.0,288.0,IMELBO1849.csv
2023/01/11,06:44 PM,29.56,18.44,51.0,SSW,7.72,11.1,1021.0,0.0,0.0,2.0,283.7,IMELBO1849.csv
2023/01/11,06:49 PM,29.17,18.33,52.0,SSE,6.6,9.17,1021.0,0.0,0.0,2.0,264.1,IMELBO1849.csv
2023/01/11,06:54 PM,29.06,18.44,53.0,South,5.79,8.37,1021.33,0.0,0.0,1.0,199.0,IMELBO1849.csv
2023/01/11,06:59 PM,28.89,18.33,53.0,SSW,7.08,10.62,1021.33,0.0,0.0,1.0,193.4,IMELBO1849.csv
2023/01/11,07:04 PM,28.56,18.22,54.0,SSW,5.95,8.69,1021.33,0.0,0.0,1.0,131.4,IMELBO1849.csv
2023/01/11,07:09 PM,28.44,18.17,54.0,SW,9.17,12.23,1021.33,0.0,0.0,1.0,138.4,IMELBO1849.csv
2023/01/11,07:14 PM,27.83,18.0,55.0,SW,11.42,15.29,1021.33,0.0,0.0,1.0,133.1,IMELBO1849.csv
2023/01/11,07:19 PM,27.67,17.83,55.0,SW,9.49,12.87,1021.33,0.0,0.0,0.0,62.4,IMELBO1849.csv
2023/01/11,07:24 PM,27.56,17.89,55.0,SW,9.98,12.87,1021.67,0.0,0.0,0.0,59.0,IMELBO1849.csv
2023/01/11,07:29 PM,27.33,17.72,56.0,SW,8.04,10.78,1021.67,0.0,0.0,0.0,52.5,IMELBO1849.csv
2023/01/11,07:34 PM,27.39,17.89,56.0,SW,8.53,11.58,1021.67,0.0,0.0,0.0,48.1,IMELBO1849.csv
2023/01/11,07:39 PM,27.22,17.72,56.0,SSW,10.3,13.52,1021.67,0.0,0.0,0.0,47.7,IMELBO1849.csv
2023/01/11,07:44 PM,27.11,17.78,57.0,SSW,9.17,12.55,1022.01,0.0,0.0,0.0,47.2,IMELBO1849.csv
2023/01/11,07:49 PM,27.06,17.89,57.0,SSW,7.4,9.81,1021.67,0.0,0.0,0.0,45.5,IMELBO1849.csv
2023/01/11,07:54 PM,27.0,18.11,58.0,SW,6.6,9.17,1022.01,0.0,0.0,0.0,43.3,IMELBO1849.csv
2023/01/11,07:59 PM,26.67,17.89,59.0,SW,7.72,10.46,1022.01,0.0,0.0,0.0,40.2,IMELBO1849.csv
2023/01/11,08:04 PM,26.56,17.94,59.0,SW,6.76,9.17,1022.01,0.0,0.0,0.0,38.2,IMELBO1849.csv
2023/01/11,08:09 PM,26.22,17.89,60.0,SW,8.53,11.91,1022.01,0.0,0.0,0.0,34.6,IMELBO1849.csv
2023/01/11,08:14 PM,25.89,17.78,61.0,SW,9.33,12.55,1022.01,0.0,0.0,0.0,30.3,IMELBO1849.csv
2023/01/11,08:19 PM,25.78,17.72,61.0,SW,6.44,8.69,1022.35,0.0,0.0,0.0,23.9,IMELBO1849.csv
2023/01/11,08:24 PM,25.67,17.56,61.0,SSW,7.24,9.81,1022.35,0.0,0.0,0.0,18.1,IMELBO1849.csv
2023/01/11,08:29 PM,25.44,17.44,61.0,SW,5.47,7.88,1022.35,0.0,0.0,0.0,13.0,IMELBO1849.csv
2023/01/11,08:34 PM,25.33,17.44,61.0,SSW,6.28,8.21,1022.69,0.0,0.0,0.0,9.9,IMELBO1849.csv
2023/01/11,08:39 PM,25.28,17.72,63.0,SW,7.24,9.33,1022.69,0.0,0.0,0.0,6.5,IMELBO1849.csv
2023/01/11,08:44 PM,24.94,17.89,65.0,WSW,5.15,7.24,1022.69,0.0,0.0,0.0,4.3,IMELBO1849.csv
2023/01/11,08:49 PM,24.61,18.33,68.0,SW,4.34,5.95,1022.69,0.0,0.0,0.0,1.7,IMELBO1849.csv
2023/01/11,08:54 PM,24.06,18.22,70.0,SW,4.51,6.92,1022.69,0.0,0.0,0.0,0.9,IMELBO1849.csv
2023/01/11,08:59 PM,23.67,18.11,71.0,SW,5.63,8.21,1023.03,0.0,0.0,0.0,0.0,IMELBO1849.csv
2023/01/11,09:04 PM,23.44,18.0,72.0,SW,3.54,4.99,1023.03,0.0,0.0,0.0,0.0,IMELBO1849.csv
2023/01/11,09:09 PM,23.17,17.89,72.0,WSW,4.02,6.28,1023.37,0.0,0.0,0.0,0.0,IMELBO1849.csv
2023/01/11,09:14 PM,22.89,17.67,72.0,WSW,3.22,4.34,1023.37,0.0,0.0,0.0,0.0,IMELBO1849.csv
2023/01/11,09:19 PM,22.72,17.67,73.0,SW,4.02,5.79,1023.37,0.0,0.0,0.0,0.0,IMELBO1849.csv
2023/01/11,09:24 PM,22.61,17.5,73.0,WSW,3.7,4.83,1023.71,0.0,0.0,0.0,0.0,IMELBO1849.csv
2023/01/11,09:29 PM,22.56,17.44,73.0,WSW,3.06,4.67,1023.71,0.0,0.0,0.0,0.0,IMELBO1849.csv
2023/01/11,09:34 PM,22.33,17.44,74.0,WSW,3.06,4.83,1023.71,0.0,0.0,0.0,0.0,IMELBO1849.csv
2023/01/11,09:39 PM,22.22,17.39,74.0,West,3.7,5.47,1023.71,0.0,0.0,0.0,0.0,IMELBO1849.csv
2023/01/11,09:44 PM,22.11,17.28,74.0,WSW,4.18,6.11,1023.71,0.0,0.0,0.0,0.0,IMELBO1849.csv
2023/01/11,09:49 PM,21.89,17.28,75.0,SW,4.18,6.11,1023.71,0.0,0.0,0.0,0.0,IMELBO1849.csv
2023/01/11,09:54 PM,21.72,17.11,75.0,WSW,3.22,4.99,1023.71,0.0,0.0,0.0,0.0,IMELBO1849.csv
2023/01/11,09:59 PM,21.61,17.0,75.0,WSW,3.22,4.99,1023.71,0.0,0.0,0.0,0.0,IMELBO1849.csv
2023/01/11,10:04 PM,21.61,17.17,76.0,WSW,3.38,5.15,1024.04,0.0,0.0,0.0,0.0,IMELBO1849.csv
2023/01/11,10:09 PM,21.44,17.06,76.0,WSW,2.41,3.38,1024.38,0.0,0.0,0.0,0.0,IMELBO1849.csv
2023/01/11,10:14 PM,21.33,17.0,76.0,SW,2.57,4.18,1024.04,0.0,0.0,0.0,0.0,IMELBO1849.csv
2023/01/11,10:19 PM,21.28,17.06,77.0,West,1.77,3.06,1024.04,0.0,0.0,0.0,0.0,IMELBO1849.csv
2023/01/11,10:24 PM,21.28,17.06,77.0,SW,2.41,3.7,1024.38,0.0,0.0,0.0,0.0,IMELBO1849.csv
2023/01/11,10:29 PM,21.11,17.06,78.0,SW,2.57,4.02,1024.04,0.0,0.0,0.0,0.0,IMELBO1849.csv
2023/01/11,10:34 PM,20.89,17.11,79.0,SW,2.09,2.9,1024.38,0.0,0.0,0.0,0.0,IMELBO1849.csv
2023/01/11,10:39 PM,20.78,17.06,79.0,WSW,2.9,4.34,1024.04,0.0,0.0,0.0,0.0,IMELBO1849.csv
2023/01/11,10:44 PM,20.72,17.0,79.0,WSW,2.9,4.34,1024.04,0.0,0.0,0.0,0.0,IMELBO1849.csv
2023/01/11,10:49 PM,20.61,16.89,79.0,West,2.41,3.7,1024.04,0.0,0.0,0.0,0.0,IMELBO1849.csv
2023/01/11,10:54 PM,20.44,16.78,80.0,WSW,2.25,4.02,1024.04,0.0,0.0,0.0,0.0,IMELBO1849.csv
2023/01/11,10:59 PM,20.39,16.78,80.0,WSW,1.29,2.25,1024.04,0.0,0.0,0.0,0.0,IMELBO1849.csv
2023/01/11,11:04 PM,20.39,16.78,80.0,WSW,2.74,4.02,1024.38,0.0,0.0,0.0,0.0,IMELBO1849.csv
2023/01/11,11:09 PM,20.39,16.78,80.0,SW,2.74,4.02,1024.38,0.0,0.0,0.0,0.0,IMELBO1849.csv
2023/01/11,11:14 PM,20.22,16.72,81.0,SW,3.06,4.67,1024.04,0.0,0.0,0.0,0.0,IMELBO1849.csv
2023/01/11,11:19 PM,20.06,16.67,81.0,WSW,2.09,3.38,1024.38,0.0,0.0,0.0,0.0,IMELBO1849.csv
2023/01/11,11:24 PM,20.0,16.61,81.0,West,1.93,3.22,1024.38,0.0,0.0,0.0,0.0,IMELBO1849.csv
2023/01/11,11:29 PM,20.11,16.72,81.0,WSW,2.09,3.22,1024.38,0.0,0.0,0.0,0.0,IMELBO1849.csv
2023/01/11,11:34 PM,20.11,16.72,81.0,West,1.77,2.74,1024.38,0.0,0.0,0.0,0.0,IMELBO1849.csv
2023/01/11,11:39 PM,20.06,16.67,81.0,WSW,2.09,3.54,1024.38,0.0,0.0,0.0,0.0,IMELBO1849.csv
2023/01/11,11:44 PM,20.0,16.61,81.0,WSW,1.93,3.06,1024.38,0.0,0.0,0.0,0.0,IMELBO1849.csv
2023/01/11,11:49 PM,19.89,16.5,81.0,West,2.41,3.86,1024.38,0.0,0.0,0.0,0.0,IMELBO1849.csv
2023/01/11,11:54 PM,19.89,16.5,81.0,SW,1.77,2.9,1024.38,0.0,0.0,0.0,0.0,IMELBO1849.csv
2023/01/11,11:59 PM,19.89,16.5,81.0,West,1.29,2.41,1024.38,0.0,0.0,0.0,0.0,IMELBO1849.csv
2023/01/12,12:04 AM,19.89,16.5,81.0,SW,1.45,2.41,1024.38,0.0,0.0,0.0,0.0,IMELBO1849.csv
2023/01/12,12:09 AM,19.89,16.5,81.0,WSW,1.77,2.74,1024.38,0.0,0.0,0.0,0.0,IMELBO1849.csv
2023/01/12,12:14 AM,20.0,16.5,80.0,West,1.45,2.57,1024.38,0.0,0.0,0.0,0.0,IMELBO1849.csv
2023/01/12,12:19 AM,19.94,16.5,81.0,SW,1.93,3.38,1024.38,0.0,0.0,0.0,0.0,IMELBO1849.csv
2023/01/12,12:24 AM,19.89,16.5,81.0,WSW,1.77,3.06,1024.38,0.0,0.0,0.0,0.0,IMELBO1849.csv
2023/01/12,12:29 AM,19.89,16.5,81.0,WSW,1.61,2.9,1024.38,0.0,0.0,0.0,0.0,IMELBO1849.csv
2023/01/12,12:34 AM,19.83,16.44,81.0,WSW,1.45,2.74,1024.38,0.0,0.0,0.0,0.0,IMELBO1849.csv
2023/01/12,12:39 AM,19.89,16.5,81.0,SW,1.61,2.74,1024.38,0.0,0.0,0.0,0.0,IMELBO1849.csv
2023/01/12,12:44 AM,19.89,16.5,81.0,WSW,1.29,2.09,1024.38,0.0,0.0,0.0,0.0,IMELBO1849.csv
2023/01/12,12:49 AM,19.89,16.44,80.0,WSW,1.45,2.41,1024.38,0.0,0.0,0.0,0.0,IMELBO1849.csv
2023/01/12,12:54 AM,19.94,16.44,80.0,WSW,2.09,2.9,1024.38,0.0,0.0,0.0,0.0,IMELBO1849.csv
2023/01/12,12:59 AM,20.0,16.5,80.0,SW,2.25,3.38,1024.38,0.0,0.0,0.0,0.0,IMELBO1849.csv
2023/01/12,01:04 AM,20.0,16.44,80.0,SW,1.93,2.9,1024.38,0.0,0.0,0.0,0.0,IMELBO1849.csv
2023/01/12,01:09 AM,19.89,16.22,79.0,SSW,1.13,2.09,1024.38,0.0,0.0,0.0,0.0,IMELBO1849.csv
2023/01/12,01:14 AM,19.89,16.28,79.0,SW,1.93,2.57,1024.38,0.0,0.0,0.0,0.0,IMELBO1849.csv
2023/01/12,01:19 AM,19.78,16.17,79.0,SW,1.45,1.93,1024.38,0.0,0.0,0.0,0.0,IMELBO1849.csv
2023/01/12,01:24 AM,19.78,16.06,79.0,SW,2.09,3.54,1024.38,0.0,0.0,0.0,0.0,IMELBO1849.csv
2023/01/12,01:29 AM,19.67,16.11,80.0,SW,1.93,2.57,1024.38,0.0,0.0,0.0,0.0,IMELBO1849.csv
2023/01/12,01:34 AM,19.61,16.11,80.0,SW,1.77,2.74,1024.38,0.0,0.0,0.0,0.0,IMELBO1849.csv
2023/01/12,01:39 AM,19.5,16.0,80.0,WSW,1.61,2.57,1024.38,0.0,0.0,0.0,0.0,IMELBO1849.csv
2023/01/12,01:44 AM,19.39,16.0,81.0,SW,1.13,2.25,1024.04,0.0,0.0,0.0,0.0,IMELBO1849.csv
2023/01/12,01:49 AM,19.39,16.0,81.0,WSW,1.45,2.09,1024.04,0.0,0.0,0.0,0.0,IMELBO1849.csv
2023/01/12,01:54 AM,19.33,15.94,81.0,SW,1.13,1.77,1024.38,0.0,0.0,0.0,0.0,IMELBO1849.csv
2023/01/12,01:59 AM,19.28,16.06,82.0,WNW,0.97,1.61,1024.38,0.0,0.0,0.0,0.0,IMELBO1849.csv
2023/01/12,02:04 AM,19.22,16.0,82.0,WNW,0.97,1.93,1024.38,0.0,0.0,0.0,0.0,IMELBO1849.csv
2023/01/12,02:09 AM,19.22,16.0,82.0,WNW,0.64,1.13,1024.04,0.0,0.0,0.0,0.0,IMELBO1849.csv
2023/01/12,02:14 AM,19.17,15.94,82.0,WSW,0.8,1.61,1024.38,0.0,0.0,0.0,0.0,IMELBO1849.csv
2023/01/12,02:19 AM,19.11,15.89,82.0,WSW,0.64,1.29,1024.04,0.0,0.0,0.0,0.0,IMELBO1849.csv
2023/01/12,02:24 AM,19.06,15.89,82.0,SW,0.16,0.32,1024.04,0.0,0.0,0.0,0.0,IMELBO1849.csv
2023/01/12,02:29 AM,18.94,15.83,82.0,WSW,0.32,0.8,1024.38,0.0,0.0,0.0,0.0,IMELBO1849.csv
2023/01/12,02:34 AM,18.83,15.72,82.0,WSW,0.16,0.48,1024.38,0.0,0.0,0.0,0.0,IMELBO1849.csv
2023/01/12,02:39 AM,18.78,15.72,82.0,WSW,0.16,0.32,1024.04,0.0,0.0,0.0,0.0,IMELBO1849.csv
2023/01/12,02:44 AM,18.72,15.61,82.0,WSW,0.0,0.0,1024.04,0.0,0.0,0.0,0.0,IMELBO1849.csv
2023/01/12,02:49 AM,18.61,15.61,83.0,WSW,0.32,0.8,1024.04,0.0,0.0,0.0,0.0,IMELBO1849.csv
2023/01/12,02:54 AM,18.5,15.61,83.0,West,0.0,0.16,1024.04,0.0,0.0,0.0,0.0,IMELBO1849.csv
2023/01/12,02:59 AM,18.39,15.5,83.0,SW,0.32,0.64,1024.04,0.0,0.0,0.0,0.0,IMELBO1849.csv
2023/01/12,03:04 AM,18.28,15.33,83.0,SW,0.16,0.16,1024.04,0.0,0.0,0.0,0.0,IMELBO1849.csv
2023/01/12,03:09 AM,18.22,15.28,83.0,SW,0.0,0.0,1023.71,0.0,0.0,0.0,0.0,IMELBO1849.csv
2023/01/12,03:14 AM,18.22,15.28,83.0,SW,0.32,0.8,1024.04,0.0,0.0,0.0,0.0,IMELBO1849.csv
2023/01/12,03:19 AM,18.22,15.28,83.0,SW,0.8,1.13,1024.04,0.0,0.0,0.0,0.0,IMELBO1849.csv
2023/01/12,03:24 AM,18.22,15.33,83.0,SW,0.64,1.29,1024.04,0.0,0.0,0.0,0.0,IMELBO1849.csv
2023/01/12,03:29 AM,18.17,15.28,83.0,SW,0.16,0.48,1023.71,0.0,0.0,0.0,0.0,IMELBO1849.csv
2023/01/12,03:34 AM,18.11,15.39,84.0,SW,0.8,1.45,1023.71,0.0,0.0,0.0,0.0,IMELBO1849.csv
2023/01/12,03:39 AM,18.11,15.39,84.0,SW,0.97,1.61,1023.71,0.0,0.0,0.0,0.0,IMELBO1849.csv
2023/01/12,03:44 AM,17.94,15.28,84.0,SW,0.16,0.48,1024.04,0.0,0.0,0.0,0.0,IMELBO1849.csv
2023/01/12,03:49 AM,17.89,15.22,84.0,SW,0.16,0.8,1023.71,0.0,0.0,0.0,0.0,IMELBO1849.csv
2023/01/12,03:54 AM,17.83,15.17,84.0,SW,0.0,0.16,1023.71,0.0,0.0,0.0,0.0,IMELBO1849.csv
2023/01/12,03:59 AM,17.72,15.06,84.0,SW,0.16,0.48,1023.71,0.0,0.0,0.0,0.0,IMELBO1849.csv
2023/01/12,04:04 AM,17.72,15.06,85.0,SW,0.48,0.97,1023.71,0.0,0.0,0.0,0.0,IMELBO1849.csv
2023/01/12,04:09 AM,17.72,15.0,84.0,SW,0.64,1.13,1023.71,0.0,0.0,0.0,0.0,IMELBO1849.csv
2023/01/12,04:14 AM,17.72,15.0,84.0,SW,0.16,0.64,1023.71,0.0,0.0,0.0,0.0,IMELBO1849.csv
2023/01/12,04:19 AM,17.61,14.89,84.0,SW,0.0,0.32,1024.04,0.0,0.0,0.0,0.0,IMELBO1849.csv
2023/01/12,04:24 AM,17.61,15.06,85.0,SW,0.16,0.64,1024.04,0.0,0.0,0.0,0.0,IMELBO1849.csv
2023/01/12,04:29 AM,17.5,15.0,85.0,SW,0.0,0.0,1024.04,0.0,0.0,0.0,0.0,IMELBO1849.csv
2023/01/12,04:34 AM,17.39,14.89,85.0,SW,0.32,0.8,1024.04,0.0,0.0,0.0,0.0,IMELBO1849.csv
2023/01/12,04:39 AM,17.33,14.83,85.0,SW,0.16,0.16,1024.04,0.0,0.0,0.0,0.0,IMELBO1849.csv
2023/01/12,04:44 AM,17.28,14.89,86.0,SW,0.16,0.48,1024.04,0.0,0.0,0.0,0.0,IMELBO1849.csv
2023/01/12,04:49 AM,17.28,15.0,86.0,SW,0.48,1.29,1024.04,0.0,0.0,0.0,0.0,IMELBO1849.csv
2023/01/12,04:54 AM,17.39,15.0,86.0,SW,0.48,1.13,1024.04,0.0,0.0,0.0,0.0,IMELBO1849.csv
2023/01/12,04:59 AM,17.39,15.0,86.0,SW,1.13,1.77,1024.04,0.0,0.0,0.0,0.0,IMELBO1849.csv
2023/01/12,05:04 AM,17.39,15.0,86.0,SW,0.48,0.97,1024.04,0.0,0.0,0.0,0.0,IMELBO1849.csv
2023/01/12,05:09 AM,17.28,15.0,86.0,SW,0.16,0.32,1024.04,0.0,0.0,0.0,0.0,IMELBO1849.csv
2023/01/12,05:14 AM,17.28,15.0,86.0,SW,0.0,0.0,1024.38,0.0,0.0,0.0,0.0,IMELBO1849.csv
2023/01/12,05:19 AM,17.22,14.89,86.0,SW,0.0,0.0,1024.38,0.0,0.0,0.0,0.0,IMELBO1849.csv
2023/01/12,05:24 AM,17.22,14.89,86.0,SW,0.0,0.0,1024.38,0.0,0.0,0.0,0.0,IMELBO1849.csv
2023/01/12,05:29 AM,17.22,14.89,86.0,SW,0.16,0.48,1024.38,0.0,0.0,0.0,0.0,IMELBO1849.csv
2023/01/12,05:34 AM,17.28,15.0,86.0,SW,0.32,0.8,1024.38,0.0,0.0,0.0,0.0,IMELBO1849.csv
2023/01/12,05:39 AM,17.28,15.0,86.0,SW,0.16,0.48,1024.38,0.0,0.0,0.0,0.0,IMELBO1849.csv
2023/01/12,05:44 AM,17.22,14.94,86.0,SW,0.32,0.97,1024.38,0.0,0.0,0.0,0.0,IMELBO1849.csv
2023/01/12,05:49 AM,17.17,14.83,86.0,SW,0.16,0.32,1024.38,0.0,0.0,0.0,0.0,IMELBO1849.csv
2023/01/12,05:54 AM,17.06,14.78,86.0,SW,0.0,0.0,1024.72,0.0,0.0,0.0,0.0,IMELBO1849.csv
2023/01/12,05:59 AM,17.0,14.83,87.0,SW,0.0,0.0,1024.72,0.0,0.0,0.0,0.0,IMELBO1849.csv
2023/01/12,06:04 AM,17.0,14.89,87.0,SW,0.16,0.64,1024.38,0.0,0.0,0.0,0.4,IMELBO1849.csv
2023/01/12,06:09 AM,17.0,14.89,87.0,SW,0.97,1.61,1024.72,0.0,0.0,0.0,2.1,IMELBO1849.csv
2023/01/12,06:14 AM,17.0,14.89,87.0,SW,0.8,1.45,1024.72,0.0,0.0,0.0,4.3,IMELBO1849.csv
2023/01/12,06:19 AM,16.94,14.83,87.0,SW,1.13,1.61,1025.06,0.0,0.0,0.0,7.3,IMELBO1849.csv
2023/01/12,06:24 AM,16.89,14.78,87.0,West,2.25,3.06,1025.06,0.0,0.0,0.0,10.8,IMELBO1849.csv
2023/01/12,06:29 AM,16.89,14.78,87.0,SW,3.54,4.51,1025.06,0.0,0.0,0.0,15.5,IMELBO1849.csv
2023/01/12,06:34 AM,16.89,14.61,86.0,SW,3.54,5.31,1025.06,0.0,0.0,0.0,20.8,IMELBO1849.csv
2023/01/12,06:39 AM,16.89,14.61,86.0,SW,3.06,4.34,1025.06,0.0,0.0,0.0,25.6,IMELBO1849.csv
2023/01/12,06:44 AM,16.89,14.61,86.0,SW,3.7,4.83,1025.06,0.0,0.0,0.0,29.0,IMELBO1849.csv
2023/01/12,06:49 AM,16.89,14.61,86.0,SW,3.86,5.15,1025.06,0.0,0.0,0.0,29.0,IMELBO1849.csv
2023/01/12,06:54 AM,17.0,14.5,85.0,SW,5.15,6.44,1025.4,0.0,0.0,0.0,30.3,IMELBO1849.csv
2023/01/12,06:59 AM,17.0,14.5,85.0,SW,4.18,5.47,1025.4,0.0,0.0,0.0,35.5,IMELBO1849.csv
2023/01/12,07:04 AM,17.06,14.56,85.0,SW,5.47,7.24,1025.4,0.0,0.0,0.0,40.2,IMELBO1849.csv
2023/01/12,07:09 AM,17.0,14.5,85.0,SW,5.95,8.37,1025.4,0.0,0.0,0.0,43.8,IMELBO1849.csv
2023/01/12,07:14 AM,17.11,14.61,85.0,SW,5.15,6.44,1025.4,0.0,0.0,0.0,45.0,IMELBO1849.csv
2023/01/12,07:19 AM,17.17,14.67,85.0,WSW,3.06,4.34,1025.4,0.0,0.0,0.0,46.4,IMELBO1849.csv
2023/01/12,07:24 AM,17.17,14.67,85.0,WSW,3.54,4.99,1025.4,0.0,0.0,0.0,40.7,IMELBO1849.csv
2023/01/12,07:29 AM,17.22,14.72,85.0,WSW,3.06,4.18,1025.4,0.0,0.0,0.0,42.9,IMELBO1849.csv
2023/01/12,07:34 AM,17.28,14.94,86.0,SW,3.22,4.34,1025.4,0.0,0.0,0.0,50.7,IMELBO1849.csv
2023/01/12,07:39 AM,17.39,15.0,86.0,SSW,3.06,4.18,1025.74,0.0,0.0,0.0,58.5,IMELBO1849.csv
2023/01/12,07:44 AM,17.39,15.0,86.0,SW,2.25,3.22,1025.74,0.0,0.0,0.0,64.6,IMELBO1849.csv
2023/01/12,07:49 AM,17.5,15.11,86.0,SW,2.41,3.7,1025.74,0.0,0.0,0.0,62.0,IMELBO1849.csv
2023/01/12,07:54 AM,17.5,15.28,87.0,SW,2.57,3.7,1025.74,0.0,0.0,0.0,74.5,IMELBO1849.csv
2023/01/12,07:59 AM,17.61,15.39,87.0,SW,2.74,3.86,1025.74,0.0,0.0,0.0,70.2,IMELBO1849.csv
2023/01/12,08:04 AM,17.61,15.5,88.0,SW,1.61,2.74,1025.74,0.0,0.0,0.0,67.2,IMELBO1849.csv
2023/01/12,08:09 AM,17.61,15.5,88.0,SW,2.41,3.38,1025.74,0.0,0.0,0.0,74.1,IMELBO1849.csv
2023/01/12,08:14 AM,17.56,15.5,88.0,SSW,4.51,5.63,1026.08,0.0,0.0,0.0,68.0,IMELBO1849.csv
2023/01/12,08:19 AM,17.5,15.61,89.0,SW,3.22,4.51,1026.08,0.0,0.0,0.0,75.0,IMELBO1849.csv
2023/01/12,08:24 AM,17.5,15.61,89.0,SSW,3.86,4.83,1026.08,0.0,0.0,0.0,85.9,IMELBO1849.csv
2023/01/12,08:29 AM,17.5,15.61,89.0,SW,4.02,5.15,1026.41,0.0,0.0,0.0,98.8,IMELBO1849.csv
2023/01/12,08:34 AM,17.5,15.61,89.0,SW,4.34,5.47,1026.41,0.0,0.0,1.0,103.6,IMELBO1849.csv
2023/01/12,08:39 AM,17.56,15.67,89.0,SW,2.41,3.38,1026.41,0.0,0.0,1.0,115.7,IMELBO1849.csv
2023/01/12,08:44 AM,17.61,15.5,88.0,SW,3.54,4.83,1026.41,0.0,0.0,1.0,120.1,IMELBO1849.csv
2023/01/12,08:49 AM,17.67,15.56,88.0,SW,2.41,3.22,1026.41,0.0,0.0,1.0,116.2,IMELBO1849.csv
2023/01/12,08:54 AM,17.67,15.56,88.0,SW,3.86,4.83,1026.41,0.0,0.0,1.0,137.5,IMELBO1849.csv
2023/01/12,08:59 AM,17.72,15.5,87.0,SW,1.93,2.9,1026.75,0.0,0.0,1.0,137.9,IMELBO1849.csv
2023/01/12,09:04 AM,17.78,15.5,87.0,SW,1.77,2.74,1026.75,0.0,0.0,1.0,158.7,IMELBO1849.csv
2023/01/12,09:09 AM,17.94,15.56,86.0,WSW,2.25,3.38,1026.41,0.0,0.0,1.0,159.2,IMELBO1849.csv
2023/01/12,09:14 AM,18.0,15.61,86.0,SW,2.41,3.38,1026.75,0.0,0.0,1.0,170.4,IMELBO1849.csv
2023/01/12,09:19 AM,18.11,15.72,86.0,SW,2.41,3.54,1026.75,0.0,0.0,1.0,169.6,IMELBO1849.csv
2023/01/12,09:24 AM,18.28,15.83,86.0,SW,2.57,3.54,1026.75,0.0,0.0,1.0,170.4,IMELBO1849.csv
2023/01/12,09:29 AM,18.22,15.83,86.0,SSW,4.99,6.6,1026.75,0.0,0.0,1.0,175.7,IMELBO1849.csv
2023/01/12,09:34 AM,17.94,15.78,87.0,SSW,3.38,4.34,1026.75,0.0,0.0,1.0,181.3,IMELBO1849.csv
2023/01/12,09:39 AM,18.11,15.78,86.0,SW,3.7,4.83,1027.09,0.0,0.0,1.0,198.2,IMELBO1849.csv
2023/01/12,09:44 AM,18.22,15.78,86.0,SW,1.93,2.74,1026.75,0.0,0.0,2.0,204.3,IMELBO1849.csv
2023/01/12,09:49 AM,18.44,15.94,85.0,SW,1.13,2.09,1027.09,0.0,0.0,2.0,229.0,IMELBO1849.csv
2023/01/12,09:54 AM,18.44,15.83,85.0,SW,5.15,6.92,1026.75,0.0,0.0,2.0,229.0,IMELBO1849.csv
2023/01/12,09:59 AM,18.33,15.72,85.0,SW,2.57,3.54,1027.09,0.0,0.0,2.0,234.6,IMELBO1849.csv
2023/01/12,10:04 AM,18.56,15.83,85.0,SSW,3.54,4.34,1026.75,0.0,0.0,2.0,268.9,IMELBO1849.csv
2023/01/12,10:09 AM,18.56,15.89,85.0,SSW,4.99,6.44,1027.09,0.0,0.0,3.0,332.3,IMELBO1849.csv
2023/01/12,10:14 AM,18.78,16.06,84.0,SW,2.9,4.02,1027.09,0.0,0.0,3.0,385.6,IMELBO1849.csv
2023/01/12,10:19 AM,19.17,16.17,83.0,South,3.38,4.34,1027.09,0.0,0.0,3.0,344.9,IMELBO1849.csv
2023/01/12,10:24 AM,19.22,16.11,82.0,SSW,2.9,3.7,1027.09,0.0,0.0,3.0,337.4,IMELBO1849.csv
2023/01/12,10:29 AM,19.33,16.06,82.0,SW,3.22,4.18,1027.09,0.0,0.0,2.0,292.8,IMELBO1849.csv
2023/01/12,10:34 AM,19.0,15.89,82.0,SW,3.7,4.83,1027.09,0.0,0.0,2.0,302.3,IMELBO1849.csv
2023/01/12,10:39 AM,19.17,15.89,82.0,WSW,3.54,4.99,1027.09,0.0,0.0,3.0,331.4,IMELBO1849.csv
2023/01/12,10:44 AM,19.06,15.89,82.0,SSW,3.7,5.15,1027.09,0.0,0.0,4.0,478.8,IMELBO1849.csv
2023/01/12,10:49 AM,19.33,15.89,81.0,SSW,4.51,6.11,1027.09,0.0,0.0,7.0,778.7,IMELBO1849.csv
2023/01/12,10:54 AM,19.61,15.94,79.0,SW,5.95,8.21,1027.09,0.0,0.0,7.0,727.9,IMELBO1849.csv
2023/01/12,10:59 AM,20.0,16.0,78.0,SSW,3.7,4.83,1027.09,0.0,0.0,7.0,749.5,IMELBO1849.csv
2023/01/12,11:04 AM,20.39,16.0,76.0,SSW,4.18,5.79,1027.09,0.0,0.0,7.0,745.6,IMELBO1849.csv
2023/01/12,11:09 AM,20.78,16.06,75.0,South,1.93,2.74,1027.09,0.0,0.0,6.0,692.8,IMELBO1849.csv
2023/01/12,11:14 AM,21.33,16.17,72.0,SW,4.99,6.76,1027.09,0.0,0.0,6.0,696.7,IMELBO1849.csv
2023/01/12,11:19 AM,21.28,16.17,73.0,SSW,2.57,4.02,1027.09,0.0,0.0,6.0,695.4,IMELBO1849.csv
2023/01/12,11:24 AM,22.06,16.33,70.0,SSE,4.02,5.47,1027.09,0.0,0.0,7.0,731.0,IMELBO1849.csv
2023/01/12,11:29 AM,21.83,16.22,71.0,South,4.18,5.63,1027.09,0.0,0.0,7.0,720.6,IMELBO1849.csv
2023/01/12,11:34 AM,21.94,16.28,70.0,SSW,3.22,4.67,1027.09,0.0,0.0,6.0,701.5,IMELBO1849.csv
2023/01/12,11:39 AM,22.83,16.44,67.0,ESE,2.09,3.22,1027.09,0.0,0.0,6.0,714.4,IMELBO1849.csv
2023/01/12,11:44 AM,23.28,16.67,66.0,SSW,3.54,5.15,1027.09,0.0,0.0,7.0,734.4,IMELBO1849.csv
2023/01/12,11:49 AM,22.89,16.44,67.0,SSE,3.86,5.47,1027.09,0.0,0.0,7.0,760.8,IMELBO1849.csv
2023/01/12,11:54 AM,22.83,16.5,67.0,South,3.22,4.83,1027.09,0.0,0.0,7.0,763.0,IMELBO1849.csv
2023/01/12,11:59 AM,23.0,16.56,67.0,SSE,1.61,2.41,1027.09,0.0,0.0,7.0,751.8,IMELBO1849.csv
2023/01/12,12:04 PM,23.39,16.5,65.0,SSW,4.34,5.95,1027.09,0.0,0.0,7.0,793.8,IMELBO1849.csv
2023/01/12,12:09 PM,22.94,16.33,66.0,SSW,4.51,6.11,1027.09,0.0,0.0,7.0,817.7,IMELBO1849.csv
2023/01/12,12:14 PM,23.56,16.5,65.0,SW,2.74,3.7,1027.09,0.0,0.0,7.0,814.6,IMELBO1849.csv
2023/01/12,12:19 PM,23.61,16.67,65.0,SSE,4.67,6.28,1026.75,0.0,0.0,7.0,765.6,IMELBO1849.csv
2023/01/12,12:24 PM,23.61,16.67,65.0,SE,3.7,4.83,1026.75,0.0,0.0,6.0,716.7,IMELBO1849.csv
2023/01/12,12:29 PM,23.67,16.72,65.0,SE,4.02,5.15,1026.75,0.0,0.0,6.0,656.7,IMELBO1849.csv
2023/01/12,12:34 PM,23.78,16.78,65.0,SE,3.22,4.34,1026.75,0.0,0.0,6.0,694.9,IMELBO1849.csv
2023/01/12,12:39 PM,24.5,16.89,63.0,South,3.86,5.47,1026.75,0.0,0.0,7.0,786.0,IMELBO1849.csv
2023/01/12,12:44 PM,24.89,17.06,62.0,SE,4.51,6.28,1026.75,0.0,0.0,7.0,812.9,IMELBO1849.csv
2023/01/12,12:49 PM,25.17,17.17,61.0,South,4.18,5.79,1026.75,0.0,0.0,8.0,857.6,IMELBO1849.csv
2023/01/12,12:54 PM,25.61,17.22,60.0,SSE,3.86,5.79,1026.75,0.0,0.0,8.0,856.3,IMELBO1849.csv
2023/01/12,12:59 PM,25.39,17.33,61.0,SE,4.34,5.63,1026.41,0.0,0.0,8.0,852.4,IMELBO1849.csv
2023/01/12,01:04 PM,25.33,17.28,61.0,ESE,5.31,7.56,1026.75,0.0,0.0,8.0,835.9,IMELBO1849.csv
2023/01/12,01:09 PM,25.44,17.22,60.0,SE,5.47,8.04,1026.41,0.0,0.0,7.0,819.4,IMELBO1849.csv
2023/01/12,01:14 PM,25.28,17.17,61.0,South,4.34,6.44,1026.75,0.0,0.0,7.0,813.8,IMELBO1849.csv
2023/01/12,01:19 PM,25.67,17.11,59.0,SSE,3.54,5.31,1026.75,0.0,0.0,7.0,808.2,IMELBO1849.csv
2023/01/12,01:24 PM,26.06,17.33,59.0,South,3.38,4.67,1026.41,0.0,0.0,7.0,813.8,IMELBO1849.csv
2023/01/12,01:29 PM,25.72,17.17,59.0,South,6.76,9.01,1026.08,0.0,0.0,7.0,807.7,IMELBO1849.csv
2023/01/12,01:34 PM,25.61,17.06,59.0,SSE,3.7,5.31,1026.41,0.0,0.0,7.0,806.8,IMELBO1849.csv
2023/01/12,01:39 PM,25.78,17.28,59.0,SW,5.63,7.56,1026.41,0.0,0.0,7.0,779.0,IMELBO1849.csv
2023/01/12,01:44 PM,26.22,17.61,59.0,SSE,5.15,7.88,1026.41,0.0,0.0,7.0,779.0,IMELBO1849.csv
2023/01/12,01:49 PM,26.28,17.61,59.0,South,4.83,6.44,1026.41,0.0,0.0,7.0,785.2,IMELBO1849.csv
2023/01/12,01:54 PM,25.78,17.39,60.0,SW,4.51,6.11,1026.41,0.0,0.0,7.0,790.8,IMELBO1849.csv
2023/01/12,01:59 PM,26.0,17.44,59.0,SSW,5.79,7.88,1026.41,0.0,0.0,7.0,820.3,IMELBO1849.csv
2023/01/12,02:04 PM,26.11,17.61,60.0,SSW,6.11,8.69,1026.08,0.0,0.0,8.0,836.3,IMELBO1849.csv
2023/01/12,02:09 PM,26.56,17.89,59.0,South,5.15,6.6,1026.08,0.0,0.0,8.0,822.8,IMELBO1849.csv
2023/01/12,02:14 PM,26.11,17.89,61.0,South,6.28,8.37,1026.41,0.0,0.0,7.0,802.0,IMELBO1849.csv
2023/01/12,02:19 PM,26.28,18.06,61.0,SE,5.47,7.88,1026.08,0.0,0.0,7.0,806.8,IMELBO1849.csv
2023/01/12,02:24 PM,26.33,18.11,61.0,ESE,4.02,5.47,1026.08,0.0,0.0,7.0,798.1,IMELBO1849.csv
2023/01/12,02:29 PM,26.33,18.06,60.0,SW,7.56,10.14,1026.08,0.0,0.0,7.0,773.0,IMELBO1849.csv
2023/01/12,02:34 PM,26.22,18.0,61.0,SSE,5.15,7.08,1026.08,0.0,0.0,7.0,754.8,IMELBO1849.csv
2023/01/12,02:39 PM,26.39,18.11,60.0,SW,5.95,8.53,1026.08,0.0,0.0,7.0,761.3,IMELBO1849.csv
2023/01/12,02:44 PM,26.5,18.11,60.0,SSW,6.28,9.49,1026.08,0.0,0.0,7.0,784.7,IMELBO1849.csv
2023/01/12,02:49 PM,26.56,18.28,60.0,SSE,6.6,9.49,1026.08,0.0,0.0,8.0,841.5,IMELBO1849.csv
2023/01/12,02:54 PM,26.56,18.17,60.0,SSW,5.63,8.69,1026.08,0.0,0.0,8.0,830.7,IMELBO1849.csv
2023/01/12,02:59 PM,26.5,18.17,60.0,South,6.44,8.85,1026.08,0.0,0.0,8.0,828.6,IMELBO1849.csv
2023/01/12,03:04 PM,26.72,18.33,60.0,SSW,5.95,8.85,1026.08,0.0,0.0,7.0,775.1,IMELBO1849.csv
2023/01/12,03:09 PM,26.61,18.33,60.0,South,6.11,8.69,1026.08,0.0,0.0,7.0,758.7,IMELBO1849.csv
2023/01/12,03:14 PM,26.33,18.28,61.0,SSW,8.04,10.94,1026.08,0.0,0.0,7.0,784.7,IMELBO1849.csv
2023/01/12,03:19 PM,26.11,18.06,61.0,SSE,5.79,8.21,1026.08,0.0,0.0,7.0,780.8,IMELBO1849.csv
2023/01/12,03:24 PM,26.61,18.17,60.0,South,5.15,7.72,1026.41,0.0,0.0,7.0,756.5,IMELBO1849.csv
2023/01/12,03:29 PM,26.61,18.22,60.0,SSW,7.24,9.98,1026.41,0.0,0.0,6.0,718.4,IMELBO1849.csv
2023/01/12,03:34 PM,26.33,18.22,61.0,SSW,7.24,11.1,1026.08,0.0,0.0,7.0,759.6,IMELBO1849.csv
2023/01/12,03:39 PM,26.11,17.94,61.0,South,6.92,9.81,1026.08,0.0,0.0,7.0,763.5,IMELBO1849.csv
2023/01/12,03:44 PM,25.94,17.72,61.0,SW,7.88,10.62,1026.08,0.0,0.0,7.0,768.3,IMELBO1849.csv
2023/01/12,03:49 PM,26.0,17.56,60.0,SW,5.79,8.04,1026.08,0.0,0.0,7.0,756.5,IMELBO1849.csv
2023/01/12,03:54 PM,26.39,17.83,59.0,South,6.44,9.01,1026.08,0.0,0.0,7.0,760.8,IMELBO1849.csv
2023/01/12,03:59 PM,27.06,18.0,58.0,South,4.67,6.6,1026.08,0.0,0.0,7.0,746.5,IMELBO1849.csv
2023/01/12,04:04 PM,27.06,17.89,57.0,SW,9.65,12.71,1026.08,0.0,0.0,7.0,749.5,IMELBO1849.csv
2023/01/12,04:09 PM,26.22,17.22,58.0,SSW,6.76,8.69,1026.08,0.0,0.0,7.0,738.8,IMELBO1849.csv
2023/01/12,04:14 PM,26.78,17.11,56.0,South,5.63,8.21,1026.08,0.0,0.0,6.0,706.6,IMELBO1849.csv
2023/01/12,04:19 PM,27.0,17.22,55.0,SSW,6.44,8.69,1026.08,0.0,0.0,7.0,727.9,IMELBO1849.csv
2023/01/12,04:24 PM,26.83,17.17,55.0,SSW,5.79,8.04,1026.08,0.0,0.0,7.0,726.2,IMELBO1849.csv
2023/01/12,04:29 PM,26.89,17.61,57.0,South,8.21,11.1,1026.08,0.0,0.0,6.0,714.0,IMELBO1849.csv
2023/01/12,04:34 PM,26.5,17.44,57.0,South,6.44,8.53,1026.08,0.0,0.0,7.0,744.4,IMELBO1849.csv
2023/01/12,04:39 PM,26.83,17.67,57.0,SSW,7.72,10.78,1025.74,0.0,0.0,7.0,776.5,IMELBO1849.csv
2023/01/12,04:44 PM,26.78,17.78,58.0,South,8.04,11.26,1025.74,0.0,0.0,7.0,773.4,IMELBO1849.csv
2023/01/12,04:49 PM,27.06,18.11,58.0,South,5.47,7.4,1026.08,0.0,0.0,7.0,741.4,IMELBO1849.csv
2023/01/12,04:54 PM,26.94,18.22,59.0,SSE,4.83,6.6,1025.74,0.0,0.0,7.0,722.3,IMELBO1849.csv
2023/01/12,04:59 PM,27.17,18.28,58.0,ESE,4.83,6.92,1025.74,0.0,0.0,6.0,678.0,IMELBO1849.csv
2023/01/12,05:04 PM,27.11,18.22,58.0,SSE,6.44,9.17,1025.74,0.0,0.0,5.0,592.1,IMELBO1849.csv
2023/01/12,05:09 PM,26.61,18.33,61.0,South,5.79,8.21,1025.74,0.0,0.0,6.0,651.1,IMELBO1849.csv
2023/01/12,05:14 PM,26.72,18.39,60.0,ESE,5.31,7.72,1025.74,0.0,0.0,6.0,661.5,IMELBO1849.csv
2023/01/12,05:19 PM,26.56,18.11,60.0,South,7.56,10.3,1025.74,0.0,0.0,6.0,639.0,IMELBO1849.csv
2023/01/12,05:24 PM,26.11,18.0,61.0,South,4.51,6.76,1025.74,0.0,0.0,5.0,592.5,IMELBO1849.csv
2023/01/12,05:29 PM,26.28,18.22,61.0,SSW,6.44,9.01,1025.74,0.0,0.0,5.0,563.5,IMELBO1849.csv
2023/01/12,05:34 PM,26.44,18.22,61.0,SSE,5.31,7.72,1025.74,0.0,0.0,5.0,530.5,IMELBO1849.csv
2023/01/12,05:39 PM,26.33,17.89,60.0,ENE,5.63,8.53,1025.74,0.0,0.0,5.0,564.3,IMELBO1849.csv
2023/01/12,05:44 PM,26.0,18.06,62.0,SSW,7.56,9.98,1025.74,0.0,0.0,5.0,557.4,IMELBO1849.csv
2023/01/12,05:49 PM,25.78,17.72,61.0,SW,8.53,11.75,1025.74,0.0,0.0,4.0,513.2,IMELBO1849.csv
2023/01/12,05:54 PM,25.56,17.78,62.0,SSW,7.08,10.14,1025.74,0.0,0.0,4.0,458.9,IMELBO1849.csv
2023/01/12,05:59 PM,25.78,18.11,63.0,South,6.28,8.53,1025.74,0.0,0.0,4.0,458.9,IMELBO1849.csv
2023/01/12,06:04 PM,25.61,18.0,63.0,South,5.79,8.37,1026.08,0.0,0.0,4.0,422.9,IMELBO1849.csv
2023/01/12,06:09 PM,25.83,18.11,62.0,SSW,6.11,8.69,1025.74,0.0,0.0,3.0,314.9,IMELBO1849.csv
2023/01/12,06:14 PM,25.78,18.06,63.0,SSW,5.79,7.88,1025.74,0.0,0.0,3.0,314.4,IMELBO1849.csv
2023/01/12,06:19 PM,25.94,18.17,62.0,South,5.15,7.4,1025.74,0.0,0.0,3.0,310.1,IMELBO1849.csv
2023/01/12,06:24 PM,26.0,18.22,62.0,SSW,6.11,8.53,1026.08,0.0,0.0,3.0,341.3,IMELBO1849.csv
2023/01/12,06:29 PM,25.83,18.22,63.0,SSW,5.31,7.72,1026.08,0.0,0.0,3.0,330.1,IMELBO1849.csv
2023/01/12,06:34 PM,25.78,18.17,63.0,SSW,5.63,8.04,1026.08,0.0,0.0,2.0,258.5,IMELBO1849.csv
2023/01/12,06:39 PM,25.72,18.0,62.0,SSW,8.04,10.94,1026.08,0.0,0.0,2.0,291.0,IMELBO1849.csv
2023/01/12,06:44 PM,25.61,17.78,62.0,South,6.11,9.01,1026.08,0.0,0.0,2.0,284.9,IMELBO1849.csv
2023/01/12,06:49 PM,25.22,17.83,63.0,SSW,7.56,11.26,1026.08,0.0,0.0,2.0,254.2,IMELBO1849.csv
2023/01/12,06:54 PM,25.06,17.72,64.0,South,6.76,9.65,1026.08,0.0,0.0,2.0,248.9,IMELBO1849.csv
2023/01/12,06:59 PM,24.94,17.56,63.0,SSW,8.37,11.58,1026.41,0.0,0.0,2.0,206.9,IMELBO1849.csv
2023/01/12,07:04 PM,24.94,17.28,63.0,SSW,5.95,8.69,1026.41,0.0,0.0,1.0,176.9,IMELBO1849.csv
2023/01/12,07:09 PM,24.67,17.72,65.0,South,5.95,8.21,1026.41,0.0,0.0,1.0,152.7,IMELBO1849.csv
2023/01/12,07:14 PM,24.22,17.5,66.0,SSW,6.76,9.65,1026.41,0.0,0.0,1.0,156.6,IMELBO1849.csv
2023/01/12,07:19 PM,24.11,17.56,67.0,SSW,5.79,7.56,1026.75,0.0,0.0,0.0,52.0,IMELBO1849.csv
2023/01/12,07:24 PM,24.0,17.61,67.0,SW,7.72,10.78,1026.75,0.0,0.0,0.0,49.8,IMELBO1849.csv
2023/01/12,07:29 PM,23.56,17.56,69.0,SSW,7.08,9.98,1026.75,0.0,0.0,0.0,47.7,IMELBO1849.csv
2023/01/12,07:34 PM,23.56,17.56,69.0,SSW,7.4,9.49,1026.75,0.0,0.0,0.0,45.5,IMELBO1849.csv
2023/01/12,07:39 PM,23.28,17.67,71.0,SW,9.81,13.03,1026.75,0.0,0.0,0.0,44.2,IMELBO1849.csv
2023/01/12,07:44 PM,22.89,17.56,72.0,South,5.79,8.04,1026.75,0.0,0.0,0.0,41.6,IMELBO1849.csv
2023/01/12,07:49 PM,22.89,17.5,72.0,SSW,7.4,9.98,1027.09,0.0,0.0,0.0,39.4,IMELBO1849.csv
2023/01/12,07:54 PM,22.61,17.39,73.0,SSW,7.4,10.94,1027.09,0.0,0.0,0.0,37.2,IMELBO1849.csv
2023/01/12,07:59 PM,22.22,17.39,74.0,SW,9.01,11.1,1027.09,0.0,0.0,0.0,34.3,IMELBO1849.csv
2023/01/12,08:04 PM,22.11,17.5,75.0,SSW,6.92,10.46,1027.09,0.0,0.0,0.0,31.6,IMELBO1849.csv
2023/01/12,08:09 PM,21.89,17.5,76.0,SW,10.3,13.19,1027.09,0.0,0.0,0.0,28.6,IMELBO1849.csv
2023/01/12,08:14 PM,21.5,17.28,77.0,SW,8.21,11.26,1027.43,0.0,0.0,0.0,25.9,IMELBO1849.csv
2023/01/12,08:19 PM,21.28,17.28,78.0,SW,7.56,10.14,1027.43,0.0,0.0,0.0,22.0,IMELBO1849.csv
2023/01/12,08:24 PM,21.0,17.28,79.0,SW,8.85,12.39,1027.77,0.0,0.0,0.0,19.1,IMELBO1849.csv
2023/01/12,08:29 PM,20.83,17.28,80.0,SW,8.37,11.1,1027.77,0.0,0.0,0.0,14.7,IMELBO1849.csv
2023/01/12,08:34 PM,20.61,17.17,81.0,SW,9.49,12.23,1027.77,0.0,0.0,0.0,11.6,IMELBO1849.csv
2023/01/12,08:39 PM,20.39,17.11,82.0,SSW,8.85,12.07,1027.77,0.0,0.0,0.0,8.2,IMELBO1849.csv
2023/01/12,08:44 PM,20.28,17.06,82.0,SSW,8.37,10.94,1027.77,0.0,0.0,0.0,4.8,IMELBO1849.csv
2023/01/12,08:49 PM,20.22,16.94,82.0,SW,8.21,10.62,1028.11,0.0,0.0,0.0,2.6,IMELBO1849.csv
2023/01/12,08:54 PM,20.17,16.94,82.0,SW,5.31,7.56,1027.77,0.0,0.0,0.0,1.2,IMELBO1849.csv
2023/01/12,08:59 PM,19.94,16.89,83.0,SW,7.08,9.01,1027.77,0.0,0.0,0.0,0.0,IMELBO1849.csv
2023/01/12,09:04 PM,19.72,16.83,84.0,SW,7.24,9.65,1027.77,0.0,0.0,0.0,0.0,IMELBO1849.csv
2023/01/12,09:09 PM,19.67,16.83,84.0,SSW,7.56,9.98,1028.11,0.0,0.0,0.0,0.0,IMELBO1849.csv
2023/01/12,09:14 PM,19.67,16.83,84.0,SW,6.28,8.69,1028.11,0.0,0.0,0.0,0.0,IMELBO1849.csv
2023/01/12,09:19 PM,19.61,16.78,84.0,SW,6.6,8.53,1028.11,0.0,0.0,0.0,0.0,IMELBO1849.csv
2023/01/12,09:24 PM,19.61,16.78,84.0,SW,5.95,7.88,1028.45,0.0,0.0,0.0,0.0,IMELBO1849.csv
2023/01/12,09:29 PM,19.56,16.83,84.0,SW,5.95,7.72,1028.45,0.0,0.0,0.0,0.0,IMELBO1849.csv
2023/01/12,09:34 PM,19.61,16.78,84.0,SW,5.79,7.88,1028.45,0.0,0.0,0.0,0.0,IMELBO1849.csv
2023/01/12,09:39 PM,19.56,16.89,85.0,SW,6.92,9.33,1028.45,0.0,0.0,0.0,0.0,IMELBO1849.csv
2023/01/12,09:44 PM,19.5,16.89,85.0,SW,4.83,6.76,1028.45,0.0,0.0,0.0,0.0,IMELBO1849.csv
2023/01/12,09:49 PM,19.5,16.89,85.0,SW,5.31,7.4,1028.45,0.0,0.0,0.0,0.0,IMELBO1849.csv
2023/01/12,09:54 PM,19.44,16.83,85.0,WSW,5.79,8.21,1028.45,0.0,0.0,0.0,0.0,IMELBO1849.csv
2023/01/12,09:59 PM,19.39,16.78,85.0,SW,5.31,6.92,1028.78,0.0,0.0,0.0,0.0,IMELBO1849.csv
2023/01/12,10:04 PM,19.39,16.78,85.0,SW,5.15,6.6,1028.78,0.0,0.0,0.0,0.0,IMELBO1849.csv
2023/01/12,10:09 PM,19.39,16.78,85.0,SW,4.18,5.63,1028.78,0.0,0.0,0.0,0.0,IMELBO1849.csv
2023/01/12,10:14 PM,19.39,16.78,85.0,SW,4.83,5.95,1028.78,0.0,0.0,0.0,0.0,IMELBO1849.csv
2023/01/12,10:19 PM,19.39,16.78,85.0,SW,5.63,7.4,1028.78,0.0,0.0,0.0,0.0,IMELBO1849.csv
2023/01/12,10:24 PM,19.28,16.72,85.0,SW,5.95,8.37,1028.78,0.0,0.0,0.0,0.0,IMELBO1849.csv
2023/01/12,10:29 PM,19.17,16.72,86.0,SW,5.95,8.37,1028.78,0.0,0.0,0.0,0.0,IMELBO1849.csv
2023/01/12,10:34 PM,19.11,16.56,85.0,SW,5.31,7.4,1029.12,0.0,0.0,0.0,0.0,IMELBO1849.csv
2023/01/12,10:39 PM,19.06,16.56,85.0,WSW,3.7,5.79,1029.12,0.0,0.0,0.0,0.0,IMELBO1849.csv
2023/01/12,10:44 PM,19.0,16.56,86.0,SW,4.67,6.92,1028.78,0.0,0.0,0.0,0.0,IMELBO1849.csv
2023/01/12,10:49 PM,19.0,16.39,85.0,SW,4.83,6.44,1028.78,0.0,0.0,0.0,0.0,IMELBO1849.csv
2023/01/12,10:54 PM,18.89,16.28,85.0,SSW,4.99,6.76,1028.78,0.0,0.0,0.0,0.0,IMELBO1849.csv
2023/01/12,10:59 PM,19.0,16.33,85.0,SW,4.51,6.44,1028.78,0.0,0.0,0.0,0.0,IMELBO1849.csv
2023/01/12,11:04 PM,18.94,16.17,84.0,SW,4.99,6.76,1028.78,0.0,0.0,0.0,0.0,IMELBO1849.csv
2023/01/12,11:09 PM,19.0,16.22,84.0,SW,4.83,6.6,1028.78,0.0,0.0,0.0,0.0,IMELBO1849.csv
2023/01/12,11:14 PM,19.0,16.22,84.0,SW,5.47,7.56,1028.78,0.0,0.0,0.0,0.0,IMELBO1849.csv
2023/01/12,11:19 PM,18.89,16.11,84.0,SW,4.51,5.63,1028.78,0.0,0.0,0.0,0.0,IMELBO1849.csv
2023/01/12,11:24 PM,18.89,16.11,84.0,WSW,3.22,4.51,1028.78,0.0,0.0,0.0,0.0,IMELBO1849.csv
2023/01/12,11:29 PM,19.06,16.22,84.0,SW,3.86,5.47,1029.12,0.0,0.0,0.0,0.0,IMELBO1849.csv
2023/01/12,11:34 PM,19.0,16.11,83.0,SW,5.63,7.56,1028.78,0.0,0.0,0.0,0.0,IMELBO1849.csv
2023/01/12,11:39 PM,18.83,15.78,82.0,SW,6.11,7.88,1028.78,0.0,0.0,0.0,0.0,IMELBO1849.csv
2023/01/12,11:44 PM,18.83,15.72,82.0,WSW,4.51,6.6,1028.78,0.0,0.0,0.0,0.0,IMELBO1849.csv
2023/01/12,11:49 PM,18.78,15.67,82.0,SW,4.02,5.15,1028.78,0.0,0.0,0.0,0.0,IMELBO1849.csv
2023/01/12,11:54 PM,18.89,15.61,81.0,SW,4.02,5.47,1029.12,0.0,0.0,0.0,0.0,IMELBO1849.csv
2023/01/12,11:59 PM,18.94,15.72,81.0,SW,4.99,7.08,1028.78,0.0,0.0,0.0,0.0,IMELBO1849.csv
2023/01/13,12:04 AM,19.06,15.89,82.0,WSW,5.47,8.21,1028.78,0.0,0.0,0.0,0.0,IMELBO1849.csv
2023/01/13,12:09 AM,19.0,15.89,82.0,SW,4.51,5.95,1028.78,0.0,0.0,0.0,0.0,IMELBO1849.csv
2023/01/13,12:14 AM,19.0,15.83,82.0,SW,4.83,6.6,1028.78,0.0,0.0,0.0,0.0,IMELBO1849.csv
2023/01/13,12:19 AM,19.0,15.72,81.0,SW,5.31,7.24,1028.78,0.0,0.0,0.0,0.0,IMELBO1849.csv
2023/01/13,12:24 AM,18.89,15.61,81.0,SSW,7.4,9.65,1028.78,0.0,0.0,0.0,0.0,IMELBO1849.csv
2023/01/13,12:29 AM,18.89,15.61,81.0,SW,7.08,9.33,1028.78,0.0,0.0,0.0,0.0,IMELBO1849.csv
2023/01/13,12:34 AM,18.89,15.44,80.0,SW,6.11,7.88,1028.78,0.0,0.0,0.0,0.0,IMELBO1849.csv
2023/01/13,12:39 AM,18.89,15.39,80.0,SW,5.15,7.24,1028.78,0.0,0.0,0.0,0.0,IMELBO1849.csv
2023/01/13,12:44 AM,18.89,15.39,80.0,SW,4.51,6.11,1029.12,0.0,0.0,0.0,0.0,IMELBO1849.csv
2023/01/13,12:49 AM,19.0,15.5,80.0,SW,5.15,6.44,1028.78,0.0,0.0,0.0,0.0,IMELBO1849.csv
2023/01/13,12:54 AM,18.94,15.67,81.0,SW,4.51,5.63,1028.78,0.0,0.0,0.0,0.0,IMELBO1849.csv
2023/01/13,12:59 AM,19.0,15.72,81.0,SW,4.02,4.99,1028.78,0.0,0.0,0.0,0.0,IMELBO1849.csv
2023/01/13,01:04 AM,19.0,15.72,81.0,SW,4.34,5.95,1029.12,0.0,0.0,0.0,0.0,IMELBO1849.csv
2023/01/13,01:09 AM,19.0,15.56,80.0,SW,5.63,7.88,1028.78,0.0,0.0,0.0,0.0,IMELBO1849.csv
2023/01/13,01:14 AM,19.11,15.72,81.0,SW,4.67,6.11,1028.78,0.0,0.0,0.0,0.0,IMELBO1849.csv
2023/01/13,01:19 AM,19.06,15.78,81.0,SW,5.79,7.88,1028.78,0.0,0.0,0.0,0.0,IMELBO1849.csv
2023/01/13,01:24 AM,19.0,15.61,80.0,SW,5.79,7.4,1028.78,0.0,0.0,0.0,0.0,IMELBO1849.csv
2023/01/13,01:29 AM,19.0,15.5,80.0,SW,4.83,7.08,1028.78,0.0,0.0,0.0,0.0,IMELBO1849.csv
2023/01/13,01:34 AM,19.0,15.5,80.0,SW,5.63,7.4,1028.78,0.0,0.0,0.0,0.0,IMELBO1849.csv
2023/01/13,01:39 AM,19.06,15.56,80.0,WSW,4.67,5.95,1028.78,0.0,0.0,0.0,0.0,IMELBO1849.csv
2023/01/13,01:44 AM,19.06,15.67,80.0,SW,3.86,5.31,1028.78,0.0,0.0,0.0,0.0,IMELBO1849.csv
2023/01/13,01:49 AM,18.94,15.78,82.0,WSW,3.7,4.83,1028.78,0.0,0.0,0.0,0.0,IMELBO1849.csv
2023/01/13,01:54 AM,18.83,15.78,82.0,SW,6.76,9.98,1028.78,0.0,0.0,0.0,0.0,IMELBO1849.csv
2023/01/13,01:59 AM,18.78,15.72,82.0,SW,5.79,8.69,1028.78,0.0,0.0,0.0,0.0,IMELBO1849.csv
2023/01/13,02:04 AM,18.67,15.72,83.0,WSW,6.28,8.37,1028.78,0.0,0.0,0.0,0.0,IMELBO1849.csv
2023/01/13,02:09 AM,18.61,15.72,83.0,SW,4.18,5.79,1028.78,0.0,0.0,0.0,0.0,IMELBO1849.csv
2023/01/13,02:14 AM,18.56,15.67,83.0,WSW,4.34,5.95,1028.45,0.0,0.0,0.0,0.0,IMELBO1849.csv
2023/01/13,02:19 AM,18.5,15.67,83.0,SW,4.83,6.28,1028.45,0.0,0.0,0.0,0.0,IMELBO1849.csv
2023/01/13,02:24 AM,18.5,15.72,84.0,WSW,5.15,7.24,1028.78,0.0,0.0,0.0,0.0,IMELBO1849.csv
2023/01/13,02:29 AM,18.61,15.72,83.0,WSW,4.83,6.6,1028.45,0.0,0.0,0.0,0.0,IMELBO1849.csv
2023/01/13,02:34 AM,18.56,15.78,84.0,SW,4.02,5.47,1028.11,0.0,0.0,0.0,0.0,IMELBO1849.csv
2023/01/13,02:39 AM,18.44,15.67,84.0,SW,4.67,6.44,1028.11,0.0,0.0,0.0,0.0,IMELBO1849.csv
2023/01/13,02:44 AM,18.39,15.78,85.0,WSW,3.22,4.67,1028.11,0.0,0.0,0.0,0.0,IMELBO1849.csv
2023/01/13,02:49 AM,18.28,15.72,85.0,WSW,3.86,4.99,1028.11,0.0,0.0,0.0,0.0,IMELBO1849.csv
2023/01/13,02:54 AM,18.28,15.72,85.0,SW,3.06,4.34,1028.11,0.0,0.0,0.0,0.0,IMELBO1849.csv
2023/01/13,02:59 AM,18.28,15.72,85.0,SW,3.54,5.31,1028.11,0.0,0.0,0.0,0.0,IMELBO1849.csv
2023/01/13,03:04 AM,18.39,15.78,85.0,SW,3.54,4.99,1028.11,0.0,0.0,0.0,0.0,IMELBO1849.csv
2023/01/13,03:09 AM,18.44,15.83,85.0,SW,4.18,6.11,1027.77,0.0,0.0,0.0,0.0,IMELBO1849.csv
2023/01/13,03:14 AM,18.5,15.89,85.0,SW,4.18,5.79,1027.77,0.0,0.0,0.0,0.0,IMELBO1849.csv
2023/01/13,03:19 AM,18.5,15.89,85.0,SW,4.18,5.95,1027.77,0.0,0.0,0.0,0.0,IMELBO1849.csv
2023/01/13,03:24 AM,18.5,15.89,85.0,WSW,4.34,5.95,1027.77,0.0,0.0,0.0,0.0,IMELBO1849.csv
2023/01/13,03:29 AM,18.5,15.89,85.0,SW,4.18,5.63,1027.77,0.0,0.0,0.0,0.0,IMELBO1849.csv
2023/01/13,03:34 AM,18.39,15.78,85.0,SW,4.34,5.47,1027.77,0.0,0.0,0.0,0.0,IMELBO1849.csv
2023/01/13,03:39 AM,18.39,15.78,85.0,SW,4.02,5.31,1027.77,0.0,0.0,0.0,0.0,IMELBO1849.csv
2023/01/13,03:44 AM,18.44,15.83,85.0,SW,4.83,6.28,1028.11,0.0,0.0,0.0,0.0,IMELBO1849.csv
2023/01/13,03:49 AM,18.5,15.89,85.0,SW,1.77,2.9,1027.77,0.0,0.0,0.0,0.0,IMELBO1849.csv
2023/01/13,03:54 AM,18.39,15.78,85.0,WSW,2.41,3.7,1027.77,0.0,0.0,0.0,0.0,IMELBO1849.csv
2023/01/13,03:59 AM,18.39,15.94,86.0,WSW,1.93,2.74,1028.11,0.0,0.0,0.0,0.0,IMELBO1849.csv
2023/01/13,04:04 AM,18.33,15.94,86.0,SW,1.77,2.74,1027.77,0.0,0.0,0.0,0.0,IMELBO1849.csv
2023/01/13,04:09 AM,18.22,15.89,86.0,SW,3.06,4.18,1027.77,0.0,0.0,0.0,0.0,IMELBO1849.csv
2023/01/13,04:14 AM,18.17,15.94,87.0,SW,3.06,4.18,1027.77,0.0,0.0,0.0,0.0,IMELBO1849.csv
2023/01/13,04:19 AM,18.11,15.89,87.0,WSW,2.57,3.54,1027.43,0.0,0.0,0.0,0.0,IMELBO1849.csv
2023/01/13,04:24 AM,18.11,15.94,87.0,SW,3.22,4.34,1027.77,0.0,0.0,0.0,0.0,IMELBO1849.csv
2023/01/13,04:29 AM,18.06,15.94,88.0,SW,3.54,4.99,1027.43,0.0,0.0,0.0,0.0,IMELBO1849.csv
2023/01/13,04:34 AM,18.0,15.89,88.0,WSW,2.74,4.02,1027.77,0.0,0.0,0.0,0.0,IMELBO1849.csv
2023/01/13,04:39 AM,18.0,15.89,88.0,SW,2.41,3.7,1027.77,0.0,0.0,0.0,0.0,IMELBO1849.csv
2023/01/13,04:44 AM,18.0,15.89,88.0,SW,3.06,4.18,1027.77,0.0,0.0,0.0,0.0,IMELBO1849.csv
2023/01/13,04:49 AM,18.0,15.89,88.0,SW,2.25,3.38,1027.77,0.0,0.0,0.0,0.0,IMELBO1849.csv
2023/01/13,04:54 AM,18.0,15.89,88.0,SW,1.45,2.41,1027.77,0.0,0.0,0.0,0.0,IMELBO1849.csv
2023/01/13,04:59 AM,18.0,15.89,88.0,SW,2.74,3.86,1027.77,0.0,0.0,0.0,0.0,IMELBO1849.csv
2023/01/13,05:04 AM,18.0,15.89,88.0,WSW,2.57,3.86,1027.77,0.0,0.0,0.0,0.0,IMELBO1849.csv
2023/01/13,05:09 AM,18.0,15.89,88.0,SW,2.57,4.18,1028.11,0.0,0.0,0.0,0.0,IMELBO1849.csv
2023/01/13,05:14 AM,18.0,15.89,88.0,SW,2.57,3.54,1027.77,0.0,0.0,0.0,0.0,IMELBO1849.csv
2023/01/13,05:19 AM,18.0,15.89,88.0,WSW,1.77,2.74,1028.11,0.0,0.0,0.0,0.0,IMELBO1849.csv
2023/01/13,05:24 AM,18.0,15.89,88.0,WSW,1.93,3.06,1027.77,0.0,0.0,0.0,0.0,IMELBO1849.csv
2023/01/13,05:29 AM,18.0,15.89,88.0,SW,2.09,2.74,1028.11,0.0,0.0,0.0,0.0,IMELBO1849.csv
2023/01/13,05:34 AM,18.0,15.89,88.0,WSW,1.29,2.57,1027.77,0.0,0.0,0.0,0.0,IMELBO1849.csv
2023/01/13,05:39 AM,18.0,15.89,88.0,WSW,1.29,2.25,1028.11,0.0,0.0,0.0,0.0,IMELBO1849.csv
2023/01/13,05:44 AM,18.0,15.89,88.0,West,2.09,3.22,1027.77,0.0,0.0,0.0,0.0,IMELBO1849.csv
2023/01/13,05:49 AM,18.0,15.89,88.0,WSW,1.77,2.57,1027.77,0.0,0.0,0.0,0.0,IMELBO1849.csv
2023/01/13,05:54 AM,18.0,15.89,88.0,WSW,2.25,3.38,1027.77,0.0,0.0,0.0,0.0,IMELBO1849.csv
2023/01/13,05:59 AM,18.0,15.89,88.0,West,2.09,3.38,1028.11,0.0,0.0,0.0,0.0,IMELBO1849.csv
2023/01/13,06:04 AM,18.0,15.89,88.0,SW,2.09,3.38,1028.11,0.0,0.0,0.0,0.0,IMELBO1849.csv
2023/01/13,06:09 AM,18.0,15.89,88.0,SW,1.77,2.74,1028.11,0.0,0.0,0.0,0.0,IMELBO1849.csv
2023/01/13,06:14 AM,18.0,15.89,88.0,West,2.25,3.22,1028.11,0.0,0.0,0.0,0.0,IMELBO1849.csv
2023/01/13,06:19 AM,18.0,16.06,89.0,SW,1.93,3.06,1028.11,0.0,0.0,0.0,0.9,IMELBO1849.csv
2023/01/13,06:24 AM,18.0,16.11,89.0,SW,2.09,3.38,1028.11,0.0,0.0,0.0,1.7,IMELBO1849.csv
2023/01/13,06:29 AM,18.0,16.11,89.0,SW,2.25,3.22,1028.11,0.0,0.0,0.0,2.9,IMELBO1849.csv
2023/01/13,06:34 AM,18.0,16.11,89.0,SW,2.41,3.22,1028.11,0.0,0.0,0.0,4.3,IMELBO1849.csv
2023/01/13,06:39 AM,17.89,15.94,89.0,SW,2.41,3.7,1028.11,0.0,0.0,0.0,6.0,IMELBO1849.csv
2023/01/13,06:44 AM,17.94,15.83,88.0,SW,2.25,3.38,1028.11,0.0,0.0,0.0,7.3,IMELBO1849.csv
2023/01/13,06:49 AM,18.0,15.89,88.0,SW,3.38,4.51,1028.11,0.0,0.0,0.0,9.1,IMELBO1849.csv
2023/01/13,06:54 AM,18.0,15.89,88.0,SW,2.74,4.02,1028.45,0.0,0.0,0.0,10.4,IMELBO1849.csv
2023/01/13,06:59 AM,18.0,15.89,88.0,WSW,2.74,4.02,1028.45,0.0,0.0,0.0,11.6,IMELBO1849.csv
2023/01/13,07:04 AM,18.06,15.94,88.0,WSW,2.9,3.86,1028.45,0.0,0.0,0.0,13.3,IMELBO1849.csv
2023/01/13,07:09 AM,18.0,15.89,88.0,WSW,2.9,4.67,1028.45,0.0,0.0,0.0,14.3,IMELBO1849.csv
2023/01/13,07:14 AM,18.0,15.89,88.0,WSW,2.57,3.7,1028.78,0.0,0.0,0.0,17.3,IMELBO1849.csv
2023/01/13,07:19 AM,18.06,15.94,88.0,SW,3.06,4.18,1028.45,0.0,0.0,0.0,20.8,IMELBO1849.csv
2023/01/13,07:24 AM,18.06,15.94,88.0,SW,2.74,4.02,1028.78,0.0,0.0,0.0,25.1,IMELBO1849.csv
2023/01/13,07:29 AM,18.11,16.0,88.0,SW,3.54,5.15,1028.78,0.0,0.0,0.0,28.6,IMELBO1849.csv
2023/01/13,07:34 AM,18.11,16.0,88.0,WSW,3.54,4.99,1028.78,0.0,0.0,0.0,35.5,IMELBO1849.csv
2023/01/13,07:39 AM,18.17,16.06,88.0,West,3.7,5.15,1028.78,0.0,0.0,0.0,41.1,IMELBO1849.csv
2023/01/13,07:44 AM,18.11,16.0,88.0,SW,3.54,4.67,1028.78,0.0,0.0,0.0,39.4,IMELBO1849.csv
2023/01/13,07:49 AM,18.11,15.94,87.0,SW,2.9,4.51,1029.12,0.0,0.0,0.0,37.2,IMELBO1849.csv
2023/01/13,07:54 AM,18.22,16.0,87.0,SW,1.93,3.06,1029.12,0.0,0.0,0.0,45.5,IMELBO1849.csv
2023/01/13,07:59 AM,18.28,16.11,87.0,WSW,2.09,3.22,1029.12,0.0,0.0,0.0,47.7,IMELBO1849.csv
2023/01/13,08:04 AM,18.39,16.17,87.0,WSW,2.41,3.7,1029.12,0.0,0.0,0.0,61.2,IMELBO1849.csv
2023/01/13,08:09 AM,18.5,16.28,87.0,WSW,3.22,4.34,1029.12,0.0,0.0,0.0,56.8,IMELBO1849.csv
2023/01/13,08:14 AM,18.44,16.17,87.0,SW,2.74,4.51,1029.46,0.0,0.0,0.0,47.2,IMELBO1849.csv
2023/01/13,08:19 AM,18.5,16.11,86.0,SW,2.74,3.54,1029.46,0.0,0.0,0.0,52.0,IMELBO1849.csv
2023/01/13,08:24 AM,18.56,16.17,86.0,SW,2.9,4.67,1029.46,0.0,0.0,0.0,68.0,IMELBO1849.csv
2023/01/13,08:29 AM,18.61,16.11,86.0,SW,3.38,4.83,1029.46,0.0,0.0,0.0,84.0,IMELBO1849.csv
2023/01/13,08:34 AM,18.78,16.17,85.0,SW,2.09,3.22,1029.46,0.0,0.0,1.0,111.0,IMELBO1849.csv
2023/01/13,08:39 AM,19.0,16.22,84.0,WSW,2.74,4.02,1029.46,0.0,0.0,1.0,117.9,IMELBO1849.csv
2023/01/13,08:44 AM,19.0,16.22,84.0,SW,4.34,6.44,1029.8,0.0,0.0,1.0,111.8,IMELBO1849.csv
2023/01/13,08:49 AM,19.11,16.33,84.0,WSW,1.93,2.9,1029.8,0.0,0.0,1.0,126.1,IMELBO1849.csv
2023/01/13,08:54 AM,19.33,16.44,83.0,WSW,2.74,4.18,1029.8,0.0,0.0,1.0,124.1,IMELBO1849.csv
2023/01/13,08:59 AM,19.28,16.39,83.0,SW,2.9,3.86,1029.8,0.0,0.0,1.0,129.7,IMELBO1849.csv
2023/01/13,09:04 AM,19.44,16.44,83.0,WSW,1.29,2.41,1029.8,0.0,0.0,1.0,136.6,IMELBO1849.csv
2023/01/13,09:09 AM,19.67,16.44,82.0,SW,2.9,4.18,1029.8,0.0,0.0,1.0,134.4,IMELBO1849.csv
2023/01/13,09:14 AM,19.5,16.28,82.0,SW,3.06,4.18,1029.46,0.0,0.0,1.0,124.4,IMELBO1849.csv
2023/01/13,09:19 AM,19.56,16.33,82.0,SW,2.74,3.86,1029.8,0.0,0.0,1.0,137.5,IMELBO1849.csv
2023/01/13,09:24 AM,19.56,16.28,82.0,SW,3.22,3.86,1029.8,0.0,0.0,1.0,142.6,IMELBO1849.csv
2023/01/13,09:29 AM,19.72,16.28,81.0,SW,2.57,3.38,1029.8,0.0,0.0,1.0,142.3,IMELBO1849.csv
2023/01/13,09:34 AM,19.78,16.33,80.0,SW,2.57,3.86,1029.8,0.0,0.0,1.0,138.4,IMELBO1849.csv
2023/01/13,09:39 AM,19.89,16.39,80.0,SSW,3.38,4.67,1029.8,0.0,0.0,1.0,151.3,IMELBO1849.csv
2023/01/13,09:44 AM,20.0,16.33,79.0,SW,2.41,3.86,1029.46,0.0,0.0,1.0,184.7,IMELBO1849.csv
2023/01/13,09:49 AM,20.06,16.33,79.0,SW,3.7,4.99,1029.46,0.0,0.0,1.0,168.2,IMELBO1849.csv
2023/01/13,09:54 AM,20.22,16.39,78.0,SW,1.29,2.09,1029.8,0.0,0.0,1.0,163.9,IMELBO1849.csv
2023/01/13,09:59 AM,20.39,16.44,78.0,SW,1.77,3.06,1029.8,0.0,0.0,1.0,161.4,IMELBO1849.csv
2023/01/13,10:04 AM,20.44,16.28,77.0,SW,1.93,2.74,1029.8,0.0,0.0,1.0,191.2,IMELBO1849.csv
2023/01/13,10:09 AM,20.44,16.11,76.0,SW,3.06,4.18,1029.8,0.0,0.0,2.0,222.5,IMELBO1849.csv
2023/01/13,10:14 AM,20.67,16.11,76.0,SW,2.9,3.86,1029.8,0.0,0.0,2.0,221.7,IMELBO1849.csv
2023/01/13,10:19 AM,20.72,16.17,75.0,SSW,4.34,5.47,1029.8,0.0,0.0,2.0,240.8,IMELBO1849.csv
2023/01/13,10:24 AM,20.83,16.17,75.0,SW,3.22,4.67,1029.8,0.0,0.0,2.0,238.1,IMELBO1849.csv
2023/01/13,10:29 AM,20.94,16.22,74.0,SW,2.25,3.22,1029.8,0.0,0.0,2.0,231.6,IMELBO1849.csv
2023/01/13,10:34 AM,21.06,16.28,74.0,SSW,4.18,5.15,1029.8,0.0,0.0,2.0,252.9,IMELBO1849.csv
2023/01/13,10:39 AM,21.0,16.28,75.0,SSW,4.02,5.15,1029.46,0.0,0.0,2.0,254.2,IMELBO1849.csv
2023/01/13,10:44 AM,21.06,16.33,75.0,SSW,4.67,6.28,1029.46,0.0,0.0,2.0,284.1,IMELBO1849.csv
2023/01/13,10:49 AM,21.28,16.39,74.0,SSW,2.09,3.06,1029.46,0.0,0.0,2.0,292.8,IMELBO1849.csv
2023/01/13,10:54 AM,21.61,16.44,72.0,SSE,1.61,2.25,1029.46,0.0,0.0,3.0,324.0,IMELBO1849.csv
2023/01/13,10:59 AM,21.89,16.5,71.0,SW,2.9,4.18,1029.46,0.0,0.0,5.0,514.1,IMELBO1849.csv
2023/01/13,11:04 AM,22.22,16.67,71.0,SW,6.44,8.04,1029.46,0.0,0.0,6.0,622.5,IMELBO1849.csv
2023/01/13,11:09 AM,21.94,16.5,71.0,SSW,3.38,4.67,1029.46,0.0,0.0,3.0,353.5,IMELBO1849.csv
2023/01/13,11:14 AM,22.0,16.44,71.0,SSW,5.47,7.24,1029.46,0.0,0.0,6.0,622.9,IMELBO1849.csv
2023/01/13,11:19 AM,22.11,16.5,71.0,SSW,4.99,6.28,1029.46,0.0,0.0,7.0,777.8,IMELBO1849.csv
2023/01/13,11:24 AM,22.39,16.61,70.0,SSW,5.15,7.08,1029.46,0.0,0.0,8.0,903.6,IMELBO1849.csv
2023/01/13,11:29 AM,22.33,16.61,70.0,SSW,4.67,5.95,1029.46,0.0,0.0,3.0,396.9,IMELBO1849.csv
2023/01/13,11:34 AM,22.33,16.61,70.0,South,3.06,3.86,1029.46,0.0,0.0,7.0,750.9,IMELBO1849.csv
2023/01/13,11:39 AM,23.11,17.06,69.0,SW,4.51,6.44,1029.12,0.0,0.0,5.0,568.3,IMELBO1849.csv
2023/01/13,11:44 AM,22.56,16.94,71.0,SSW,5.15,6.76,1029.12,0.0,0.0,5.0,594.3,IMELBO1849.csv
2023/01/13,11:49 AM,23.06,17.17,69.0,SSW,4.51,5.95,1029.12,0.0,0.0,4.0,448.1,IMELBO1849.csv
2023/01/13,11:54 AM,23.0,17.11,69.0,South,3.7,5.63,1029.12,0.0,0.0,4.0,445.1,IMELBO1849.csv
2023/01/13,11:59 AM,23.28,17.28,69.0,SSW,5.15,6.92,1029.46,0.0,0.0,7.0,753.1,IMELBO1849.csv
2023/01/13,12:04 PM,23.0,17.33,70.0,South,4.02,5.47,1029.46,0.0,0.0,4.0,417.3,IMELBO1849.csv
2023/01/13,12:09 PM,22.83,17.28,71.0,SW,5.47,7.24,1029.12,0.0,0.0,3.0,393.8,IMELBO1849.csv
2023/01/13,12:14 PM,22.72,17.28,71.0,South,3.86,5.47,1029.12,0.0,0.0,4.0,508.8,IMELBO1849.csv
2023/01/13,12:19 PM,22.89,17.39,71.0,SSW,6.92,8.69,1029.12,0.0,0.0,4.0,420.7,IMELBO1849.csv
2023/01/13,12:24 PM,22.56,17.22,72.0,SW,4.34,5.95,1029.12,0.0,0.0,4.0,410.8,IMELBO1849.csv
2023/01/13,12:29 PM,22.67,17.22,71.0,WSW,3.54,4.83,1029.12,0.0,0.0,4.0,426.0,IMELBO1849.csv
2023/01/13,12:34 PM,22.83,17.28,71.0,South,4.34,5.95,1029.12,0.0,0.0,2.0,288.5,IMELBO1849.csv
2023/01/13,12:39 PM,22.78,17.28,71.0,South,3.7,4.99,1029.12,0.0,0.0,4.0,410.3,IMELBO1849.csv
2023/01/13,12:44 PM,23.22,17.39,70.0,South,3.7,4.67,1029.12,0.0,0.0,3.0,406.0,IMELBO1849.csv
2023/01/13,12:49 PM,23.33,17.44,70.0,SSE,3.54,4.83,1029.12,0.0,0.0,4.0,436.4,IMELBO1849.csv
2023/01/13,12:54 PM,23.39,17.56,70.0,SE,4.02,6.11,1028.78,0.0,0.0,4.0,430.7,IMELBO1849.csv
2023/01/13,12:59 PM,23.33,17.5,70.0,SSW,5.15,7.08,1028.78,0.0,0.0,6.0,712.2,IMELBO1849.csv
2023/01/13,01:04 PM,23.72,17.61,69.0,SE,3.54,5.47,1029.12,0.0,0.0,9.0,991.2,IMELBO1849.csv
2023/01/13,01:09 PM,23.78,17.61,68.0,South,4.67,7.08,1028.78,0.0,0.0,10.0,1034.1,IMELBO1849.csv
2023/01/13,01:14 PM,24.78,17.94,66.0,SSE,2.57,4.02,1028.78,0.0,0.0,10.0,1040.7,IMELBO1849.csv
2023/01/13,01:19 PM,25.06,18.17,66.0,SSE,3.7,5.15,1028.78,0.0,0.0,10.0,1076.7,IMELBO1849.csv
2023/01/13,01:24 PM,24.5,17.94,67.0,SSE,4.99,7.08,1028.78,0.0,0.0,10.0,1035.9,IMELBO1849.csv
2023/01/13,01:29 PM,24.39,17.72,66.0,SSW,2.57,3.86,1028.78,0.0,0.0,9.0,968.2,IMELBO1849.csv
2023/01/13,01:34 PM,24.28,17.67,67.0,SW,5.79,7.72,1028.78,0.0,0.0,8.0,863.7,IMELBO1849.csv
2023/01/13,01:39 PM,23.83,17.5,68.0,SSW,3.86,5.31,1028.45,0.0,0.0,8.0,889.3,IMELBO1849.csv
2023/01/13,01:44 PM,24.0,17.5,67.0,SSW,3.7,4.99,1028.45,0.0,0.0,9.0,929.1,IMELBO1849.csv
2023/01/13,01:49 PM,24.89,17.83,65.0,SE,2.9,3.86,1028.45,0.0,0.0,8.0,828.1,IMELBO1849.csv
2023/01/13,01:54 PM,25.11,17.89,64.0,SE,4.02,5.63,1028.11,0.0,0.0,7.0,757.4,IMELBO1849.csv
2023/01/13,01:59 PM,24.72,17.67,65.0,ESE,4.02,5.31,1028.11,0.0,0.0,7.0,812.1,IMELBO1849.csv
2023/01/13,02:04 PM,25.44,17.89,63.0,SSW,5.47,6.76,1028.11,0.0,0.0,8.0,847.7,IMELBO1849.csv
2023/01/13,02:09 PM,25.5,18.0,63.0,South,3.7,5.15,1028.11,0.0,0.0,7.0,806.4,IMELBO1849.csv
2023/01/13,02:14 PM,25.83,18.11,62.0,SE,3.38,4.83,1028.11,0.0,0.0,7.0,798.1,IMELBO1849.csv
2023/01/13,02:19 PM,25.94,18.0,62.0,SSW,4.18,6.11,1028.11,0.0,0.0,7.0,806.8,IMELBO1849.csv
2023/01/13,02:24 PM,26.28,18.11,61.0,SE,4.67,6.92,1027.77,0.0,0.0,7.0,789.4,IMELBO1849.csv
2023/01/13,02:29 PM,26.39,18.17,61.0,SSE,3.7,4.99,1027.77,0.0,0.0,7.0,769.5,IMELBO1849.csv
2023/01/13,02:34 PM,26.78,18.44,60.0,South,4.34,6.11,1027.77,0.0,0.0,7.0,786.9,IMELBO1849.csv
2023/01/13,02:39 PM,26.83,18.33,60.0,SSW,3.86,4.99,1027.77,0.0,0.0,7.0,791.3,IMELBO1849.csv
2023/01/13,02:44 PM,26.89,18.56,60.0,ESE,4.34,5.95,1027.77,0.0,0.0,7.0,788.6,IMELBO1849.csv
2023/01/13,02:49 PM,26.39,18.33,61.0,SE,3.86,5.47,1027.77,0.0,0.0,7.0,797.3,IMELBO1849.csv
2023/01/13,02:54 PM,27.06,18.61,60.0,ESE,4.51,6.6,1027.77,0.0,0.0,7.0,819.0,IMELBO1849.csv
2023/01/13,02:59 PM,27.22,18.61,59.0,South,3.7,5.63,1027.77,0.0,0.0,7.0,820.3,IMELBO1849.csv
2023/01/13,03:04 PM,27.22,18.83,60.0,SSW,4.83,6.76,1027.77,0.0,0.0,7.0,763.9,IMELBO1849.csv
2023/01/13,03:09 PM,26.5,18.44,61.0,South,6.28,8.37,1027.77,0.0,0.0,7.0,757.9,IMELBO1849.csv
2023/01/13,03:14 PM,27.11,18.67,60.0,South,4.67,6.44,1027.77,0.0,0.0,7.0,779.9,IMELBO1849.csv
2023/01/13,03:19 PM,26.89,18.67,61.0,South,5.15,6.92,1027.43,0.0,0.0,7.0,770.8,IMELBO1849.csv
2023/01/13,03:24 PM,26.89,18.72,61.0,SSE,4.83,7.08,1027.77,0.0,0.0,7.0,756.0,IMELBO1849.csv
2023/01/13,03:29 PM,26.94,18.89,61.0,ENE,5.15,7.72,1027.77,0.0,0.0,7.0,720.9,IMELBO1849.csv
2023/01/13,03:34 PM,26.78,18.67,61.0,South,4.83,6.76,1027.43,0.0,0.0,7.0,743.6,IMELBO1849.csv
2023/01/13,03:39 PM,27.22,18.83,60.0,SE,5.95,8.53,1027.43,0.0,0.0,7.0,749.2,IMELBO1849.csv
2023/01/13,03:44 PM,26.94,18.89,61.0,SE,4.18,5.63,1027.43,0.0,0.0,7.0,746.1,IMELBO1849.csv
2023/01/13,03:49 PM,27.11,18.83,60.0,SE,4.02,5.79,1027.43,0.0,0.0,6.0,700.5,IMELBO1849.csv
2023/01/13,03:54 PM,27.11,18.72,60.0,SSW,3.22,4.34,1027.09,0.0,0.0,7.0,758.7,IMELBO1849.csv
2023/01/13,03:59 PM,27.0,18.72,60.0,SSW,5.47,7.4,1027.09,0.0,0.0,7.0,749.5,IMELBO1849.csv
2023/01/13,04:04 PM,27.33,18.78,60.0,South,5.15,7.4,1027.09,0.0,0.0,7.0,746.5,IMELBO1849.csv
2023/01/13,04:09 PM,27.17,18.78,60.0,SSW,4.67,6.6,1027.09,0.0,0.0,7.0,726.5,IMELBO1849.csv
2023/01/13,04:14 PM,27.44,18.83,59.0,ESE,5.31,7.24,1027.09,0.0,0.0,7.0,721.4,IMELBO1849.csv
2023/01/13,04:19 PM,27.5,18.83,59.0,South,4.18,5.63,1027.09,0.0,0.0,7.0,744.4,IMELBO1849.csv
2023/01/13,04:24 PM,27.5,18.89,59.0,South,5.63,7.72,1027.09,0.0,0.0,7.0,721.4,IMELBO1849.csv
2023/01/13,04:29 PM,27.11,18.94,61.0,SSW,7.08,10.3,1027.09,0.0,0.0,6.0,693.7,IMELBO1849.csv
2023/01/13,04:34 PM,27.33,19.11,61.0,SSW,8.21,12.23,1027.09,0.0,0.0,7.0,738.3,IMELBO1849.csv
2023/01/13,04:39 PM,27.0,18.94,62.0,SSW,6.92,9.17,1027.09,0.0,0.0,7.0,784.3,IMELBO1849.csv
2023/01/13,04:44 PM,27.06,18.94,61.0,South,7.24,10.62,1027.09,0.0,0.0,7.0,774.8,IMELBO1849.csv
2023/01/13,04:49 PM,26.56,18.94,63.0,SW,8.37,11.26,1027.09,0.0,0.0,7.0,735.7,IMELBO1849.csv
2023/01/13,04:54 PM,26.5,18.72,62.0,South,5.95,8.04,1027.09,0.0,0.0,6.0,714.8,IMELBO1849.csv
2023/01/13,04:59 PM,27.17,19.17,62.0,South,7.08,9.81,1026.75,0.0,0.0,6.0,672.4,IMELBO1849.csv
2023/01/13,05:04 PM,26.83,19.0,62.0,SSW,6.6,9.17,1026.75,0.0,0.0,5.0,607.3,IMELBO1849.csv
2023/01/13,05:09 PM,26.94,19.06,62.0,SSW,7.08,11.42,1026.75,0.0,0.0,6.0,662.3,IMELBO1849.csv
2023/01/13,05:14 PM,26.83,19.06,62.0,SSW,8.53,11.75,1026.75,0.0,0.0,6.0,663.2,IMELBO1849.csv
2023/01/13,05:19 PM,26.83,19.06,62.0,SSE,6.92,9.65,1026.75,0.0,0.0,6.0,638.1,IMELBO1849.csv
2023/01/13,05:24 PM,26.72,19.17,63.0,South,8.53,10.94,1026.75,0.0,0.0,5.0,590.8,IMELBO1849.csv
2023/01/13,05:29 PM,26.5,19.11,64.0,SSW,7.56,10.78,1026.75,0.0,0.0,5.0,526.2,IMELBO1849.csv
2023/01/13,05:34 PM,26.5,19.22,64.0,SSW,9.01,12.07,1026.75,0.0,0.0,5.0,516.1,IMELBO1849.csv
2023/01/13,05:39 PM,26.5,19.22,64.0,South,6.92,10.3,1026.75,0.0,0.0,5.0,543.5,IMELBO1849.csv
2023/01/13,05:44 PM,26.39,19.33,65.0,SSW,8.69,12.07,1026.75,0.0,0.0,5.0,539.6,IMELBO1849.csv
2023/01/13,05:49 PM,26.28,19.28,65.0,SSW,8.21,11.1,1026.75,0.0,0.0,4.0,501.5,IMELBO1849.csv
2023/01/13,05:54 PM,26.33,19.28,65.0,SSW,7.56,10.14,1026.75,0.0,0.0,4.0,456.3,IMELBO1849.csv
2023/01/13,05:59 PM,26.06,19.17,66.0,SSW,7.56,9.98,1026.75,0.0,0.0,4.0,445.9,IMELBO1849.csv
2023/01/13,06:04 PM,26.22,19.33,66.0,South,7.24,10.94,1026.75,0.0,0.0,4.0,417.7,IMELBO1849.csv
2023/01/13,06:09 PM,26.17,19.33,66.0,South,8.21,11.26,1026.75,0.0,0.0,3.0,339.6,IMELBO1849.csv
2023/01/13,06:14 PM,25.83,19.22,67.0,SSW,7.56,10.46,1027.09,0.0,0.0,3.0,315.4,IMELBO1849.csv
2023/01/13,06:19 PM,25.78,19.33,67.0,SSW,9.98,12.87,1027.09,0.0,0.0,3.0,311.5,IMELBO1849.csv
2023/01/13,06:24 PM,25.5,19.11,68.0,SW,9.33,12.87,1026.75,0.0,0.0,3.0,322.7,IMELBO1849.csv
2023/01/13,06:29 PM,25.44,19.11,68.0,SW,9.33,12.55,1026.75,0.0,0.0,3.0,314.4,IMELBO1849.csv
2023/01/13,06:34 PM,25.39,19.22,69.0,SW,9.33,13.03,1026.75,0.0,0.0,2.0,263.3,IMELBO1849.csv
2023/01/13,06:39 PM,25.28,19.06,69.0,SSW,6.6,10.14,1026.75,0.0,0.0,2.0,274.5,IMELBO1849.csv
2023/01/13,06:44 PM,25.28,19.17,69.0,SW,11.1,14.32,1026.75,0.0,0.0,2.0,267.2,IMELBO1849.csv
2023/01/13,06:49 PM,24.83,19.06,70.0,SW,8.69,11.42,1026.75,0.0,0.0,2.0,234.6,IMELBO1849.csv
2023/01/13,06:54 PM,25.0,19.11,70.0,SW,9.49,12.71,1026.75,0.0,0.0,2.0,231.6,IMELBO1849.csv
2023/01/13,06:59 PM,25.0,19.06,69.0,SSW,7.4,10.3,1027.09,0.0,0.0,1.0,191.2,IMELBO1849.csv
2023/01/13,07:04 PM,25.06,19.17,70.0,SSW,6.44,8.53,1027.09,0.0,0.0,1.0,169.6,IMELBO1849.csv
2023/01/13,07:09 PM,24.67,19.06,71.0,SW,9.65,13.35,1027.09,0.0,0.0,1.0,152.2,IMELBO1849.csv
2023/01/13,07:14 PM,24.11,18.83,73.0,South,10.78,14.64,1027.09,0.0,0.0,1.0,148.3,IMELBO1849.csv
2023/01/13,07:19 PM,23.94,18.78,73.0,SSW,8.69,11.75,1027.09,0.0,0.0,0.0,70.2,IMELBO1849.csv
2023/01/13,07:24 PM,23.78,18.72,73.0,SSW,9.33,12.39,1027.09,0.0,0.0,0.0,66.8,IMELBO1849.csv
2023/01/13,07:29 PM,23.56,18.67,74.0,SW,10.94,14.48,1027.09,0.0,0.0,0.0,62.9,IMELBO1849.csv
2023/01/13,07:34 PM,23.39,18.67,75.0,SW,10.78,13.84,1027.09,0.0,0.0,0.0,57.6,IMELBO1849.csv
2023/01/13,07:39 PM,23.44,18.72,75.0,SW,9.17,12.71,1027.09,0.0,0.0,0.0,55.1,IMELBO1849.csv
2023/01/13,07:44 PM,23.17,18.61,76.0,SSW,11.58,15.61,1027.43,0.0,0.0,0.0,51.1,IMELBO1849.csv
2023/01/13,07:49 PM,22.83,18.5,77.0,SW,10.46,13.84,1027.43,0.0,0.0,0.0,46.7,IMELBO1849.csv
2023/01/13,07:54 PM,22.72,18.39,77.0,SSW,8.69,11.58,1027.43,0.0,0.0,0.0,42.9,IMELBO1849.csv
2023/01/13,07:59 PM,22.56,18.33,77.0,SW,8.85,11.42,1027.43,0.0,0.0,0.0,39.4,IMELBO1849.csv
2023/01/13,08:04 PM,22.67,18.39,77.0,SW,6.76,9.49,1027.43,0.0,0.0,0.0,36.0,IMELBO1849.csv
2023/01/13,08:09 PM,22.44,18.39,78.0,SW,8.53,11.91,1027.43,0.0,0.0,0.0,31.6,IMELBO1849.csv
2023/01/13,08:14 PM,22.22,18.28,78.0,SW,8.85,11.26,1027.43,0.0,0.0,0.0,28.1,IMELBO1849.csv
2023/01/13,08:19 PM,22.06,18.22,79.0,SW,8.37,11.91,1027.43,0.0,0.0,0.0,24.2,IMELBO1849.csv
2023/01/13,08:24 PM,22.0,18.22,79.0,SSW,7.4,9.98,1027.43,0.0,0.0,0.0,19.5,IMELBO1849.csv
2023/01/13,08:29 PM,21.83,18.22,80.0,SW,8.04,10.46,1027.43,0.0,0.0,0.0,15.5,IMELBO1849.csv
2023/01/13,08:34 PM,21.78,18.28,81.0,SW,7.08,9.49,1027.77,0.0,0.0,0.0,11.3,IMELBO1849.csv
2023/01/13,08:39 PM,21.67,18.28,81.0,SW,7.08,9.49,1027.77,0.0,0.0,0.0,8.2,IMELBO1849.csv
2023/01/13,08:44 PM,21.56,18.22,81.0,SSW,7.4,10.46,1028.11,0.0,0.0,0.0,5.1,IMELBO1849.csv
2023/01/13,08:49 PM,21.44,18.28,82.0,SW,6.76,8.85,1028.11,0.0,0.0,0.0,2.6,IMELBO1849.csv
2023/01/13,08:54 PM,21.39,18.28,83.0,SW,7.08,9.33,1028.11,0.0,0.0,0.0,0.9,IMELBO1849.csv
2023/01/13,08:59 PM,21.28,18.28,83.0,SW,6.44,9.01,1027.77,0.0,0.0,0.0,0.0,IMELBO1849.csv
2023/01/13,09:04 PM,21.11,18.28,84.0,SW,6.6,8.21,1027.77,0.0,0.0,0.0,0.0,IMELBO1849.csv
2023/01/13,09:09 PM,21.06,18.22,84.0,SSW,7.56,9.81,1027.77,0.0,0.0,0.0,0.0,IMELBO1849.csv
2023/01/13,09:14 PM,20.89,18.28,85.0,SW,6.76,9.17,1027.77,0.0,0.0,0.0,0.0,IMELBO1849.csv
2023/01/13,09:19 PM,20.83,18.22,85.0,SW,6.11,8.37,1027.77,0.0,0.0,0.0,0.0,IMELBO1849.csv
2023/01/13,09:24 PM,20.83,18.22,85.0,WSW,6.76,8.85,1027.77,0.0,0.0,0.0,0.0,IMELBO1849.csv
2023/01/13,09:29 PM,20.83,18.28,85.0,SW,5.79,8.04,1027.77,0.0,0.0,0.0,0.0,IMELBO1849.csv
2023/01/13,09:34 PM,20.83,18.28,85.0,WSW,5.47,7.08,1027.77,0.0,0.0,0.0,0.0,IMELBO1849.csv
2023/01/13,09:39 PM,20.83,18.28,85.0,SW,4.99,6.92,1027.77,0.0,0.0,0.0,0.0,IMELBO1849.csv
2023/01/13,09:44 PM,20.72,18.22,85.0,SW,5.47,8.04,1028.11,0.0,0.0,0.0,0.0,IMELBO1849.csv
2023/01/13,09:49 PM,20.61,18.22,86.0,WSW,4.67,6.44,1028.11,0.0,0.0,0.0,0.0,IMELBO1849.csv
2023/01/13,09:54 PM,20.56,18.17,86.0,WSW,3.06,4.67,1028.11,0.0,0.0,0.0,0.0,IMELBO1849.csv
2023/01/13,09:59 PM,20.39,18.0,86.0,SW,4.99,6.92,1028.11,0.0,0.0,0.0,0.0,IMELBO1849.csv
2023/01/13,10:04 PM,20.28,17.94,86.0,WSW,3.7,4.99,1028.11,0.0,0.0,0.0,0.0,IMELBO1849.csv
2023/01/13,10:09 PM,20.22,18.0,87.0,SW,4.67,6.92,1028.11,0.0,0.0,0.0,0.0,IMELBO1849.csv
2023/01/13,10:14 PM,20.22,18.06,87.0,SW,3.22,4.51,1028.11,0.0,0.0,0.0,0.0,IMELBO1849.csv
2023/01/13,10:19 PM,20.28,18.06,87.0,SW,4.02,5.95,1028.11,0.0,0.0,0.0,0.0,IMELBO1849.csv
2023/01/13,10:24 PM,20.28,18.11,87.0,WSW,3.54,5.15,1028.11,0.0,0.0,0.0,0.0,IMELBO1849.csv
2023/01/13,10:29 PM,20.22,18.0,87.0,WSW,2.41,3.86,1028.11,0.0,0.0,0.0,0.0,IMELBO1849.csv
2023/01/13,10:34 PM,20.22,18.0,87.0,SW,2.25,3.54,1028.11,0.0,0.0,0.0,0.0,IMELBO1849.csv
2023/01/13,10:39 PM,20.22,18.0,87.0,SW,3.54,5.15,1028.11,0.0,0.0,0.0,0.0,IMELBO1849.csv
2023/01/13,10:44 PM,20.22,18.0,87.0,SW,2.9,4.02,1028.11,0.0,0.0,0.0,0.0,IMELBO1849.csv
2023/01/13,10:49 PM,20.22,18.0,87.0,WSW,4.18,5.63,1027.77,0.0,0.0,0.0,0.0,IMELBO1849.csv
2023/01/13,10:54 PM,20.22,18.0,87.0,SW,3.22,4.51,1028.11,0.0,0.0,0.0,0.0,IMELBO1849.csv
2023/01/13,10:59 PM,20.22,18.0,87.0,SW,3.38,5.15,1028.11,0.0,0.0,0.0,0.0,IMELBO1849.csv
2023/01/13,11:04 PM,20.28,18.06,87.0,SW,2.09,3.06,1028.11,0.0,0.0,0.0,0.0,IMELBO1849.csv
2023/01/13,11:09 PM,20.28,18.11,87.0,WSW,3.38,4.83,1028.11,0.0,0.0,0.0,0.0,IMELBO1849.csv
2023/01/13,11:14 PM,20.39,18.22,87.0,WSW,2.25,3.38,1028.11,0.0,0.0,0.0,0.0,IMELBO1849.csv
2023/01/13,11:19 PM,20.39,18.22,87.0,SW,2.57,3.86,1028.11,0.0,0.0,0.0,0.0,IMELBO1849.csv
2023/01/13,11:24 PM,20.39,18.22,87.0,SW,2.9,4.34,1027.77,0.0,0.0,0.0,0.0,IMELBO1849.csv
2023/01/13,11:29 PM,20.39,18.22,87.0,WSW,3.54,4.51,1027.77,0.0,0.0,0.0,0.0,IMELBO1849.csv
2023/01/13,11:34 PM,20.39,18.22,87.0,SW,4.18,5.47,1027.77,0.0,0.0,0.0,0.0,IMELBO1849.csv
2023/01/13,11:39 PM,20.39,18.22,87.0,SW,2.74,4.18,1027.43,0.0,0.0,0.0,0.0,IMELBO1849.csv
2023/01/13,11:44 PM,20.39,18.22,87.0,WSW,3.06,4.34,1027.43,0.0,0.0,0.0,0.0,IMELBO1849.csv
2023/01/13,11:49 PM,20.44,18.06,86.0,SW,4.83,6.76,1027.43,0.0,0.0,0.0,0.0,IMELBO1849.csv
2023/01/13,11:54 PM,20.39,18.06,86.0,SW,3.38,4.67,1027.43,0.0,0.0,0.0,0.0,IMELBO1849.csv
2023/01/13,11:59 PM,20.39,18.0,86.0,SW,5.47,7.24,1027.43,0.0,0.0,0.0,0.0,IMELBO1849.csv
2023/01/14,12:04 AM,20.39,18.0,86.0,SW,4.18,5.63,1027.43,0.0,0.0,0.0,0.0,IMELBO1849.csv
2023/01/14,12:09 AM,20.33,17.94,86.0,WSW,4.51,5.79,1027.09,0.0,0.0,0.0,0.0,IMELBO1849.csv
2023/01/14,12:14 AM,20.28,17.89,86.0,WSW,4.02,5.15,1027.09,0.0,0.0,0.0,0.0,IMELBO1849.csv
2023/01/14,12:19 AM,20.28,18.0,87.0,SW,2.74,4.18,1027.09,0.0,0.0,0.0,0.0,IMELBO1849.csv
2023/01/14,12:24 AM,20.28,18.11,87.0,SW,2.74,4.18,1027.09,0.0,0.0,0.0,0.0,IMELBO1849.csv
2023/01/14,12:29 AM,20.28,18.11,87.0,SW,3.86,5.15,1027.09,0.0,0.0,0.0,0.0,IMELBO1849.csv
2023/01/14,12:34 AM,20.28,18.11,87.0,SW,2.09,2.9,1027.09,0.0,0.0,0.0,0.0,IMELBO1849.csv
2023/01/14,12:39 AM,20.28,18.11,87.0,SW,2.57,3.7,1026.75,0.0,0.0,0.0,0.0,IMELBO1849.csv
2023/01/14,12:44 AM,20.28,17.89,86.0,SW,3.06,4.02,1026.75,0.0,0.0,0.0,0.0,IMELBO1849.csv
2023/01/14,12:49 AM,20.22,17.78,86.0,WSW,1.93,3.38,1026.75,0.0,0.0,0.0,0.0,IMELBO1849.csv
2023/01/14,12:54 AM,20.22,17.78,86.0,SW,2.74,3.86,1026.75,0.0,0.0,0.0,0.0,IMELBO1849.csv
2023/01/14,12:59 AM,20.22,17.78,86.0,SW,2.09,3.54,1026.75,0.0,0.0,0.0,0.0,IMELBO1849.csv
2023/01/14,01:04 AM,20.22,17.94,87.0,WSW,1.93,3.06,1026.75,0.0,0.0,0.0,0.0,IMELBO1849.csv
2023/01/14,01:09 AM,20.22,18.0,87.0,WSW,2.74,4.02,1026.75,0.0,0.0,0.0,0.0,IMELBO1849.csv
2023/01/14,01:14 AM,20.22,18.0,87.0,SW,3.54,4.83,1026.75,0.0,0.0,0.0,0.0,IMELBO1849.csv
2023/01/14,01:19 AM,20.22,18.0,87.0,SW,2.57,4.02,1026.75,0.0,0.0,0.0,0.0,IMELBO1849.csv
2023/01/14,01:24 AM,20.17,17.78,86.0,WSW,2.09,3.22,1026.41,0.0,0.0,0.0,0.0,IMELBO1849.csv
2023/01/14,01:29 AM,20.11,17.72,86.0,West,2.9,4.51,1026.41,0.0,0.0,0.0,0.0,IMELBO1849.csv
2023/01/14,01:34 AM,20.0,17.67,86.0,WSW,2.74,4.02,1026.41,0.0,0.0,0.0,0.0,IMELBO1849.csv
2023/01/14,01:39 AM,19.94,17.67,86.0,WSW,3.86,5.47,1026.08,0.0,0.0,0.0,0.0,IMELBO1849.csv
2023/01/14,01:44 AM,19.89,17.72,87.0,WSW,3.06,4.34,1026.08,0.0,0.0,0.0,0.0,IMELBO1849.csv
2023/01/14,01:49 AM,20.0,17.72,87.0,WSW,2.25,3.22,1026.08,0.0,0.0,0.0,0.0,IMELBO1849.csv
2023/01/14,01:54 AM,20.0,17.67,86.0,WSW,1.77,2.57,1026.08,0.0,0.0,0.0,0.0,IMELBO1849.csv
2023/01/14,01:59 AM,20.0,17.78,87.0,WSW,2.9,4.02,1026.08,0.0,0.0,0.0,0.0,IMELBO1849.csv
2023/01/14,02:04 AM,19.89,17.72,87.0,SW,4.51,6.11,1026.08,0.0,0.0,0.0,0.0,IMELBO1849.csv
2023/01/14,02:09 AM,19.83,17.67,87.0,SW,3.22,4.34,1026.08,0.0,0.0,0.0,0.0,IMELBO1849.csv
2023/01/14,02:14 AM,19.78,17.61,87.0,SW,3.22,4.67,1026.08,0.0,0.0,0.0,0.0,IMELBO1849.csv
2023/01/14,02:19 AM,19.78,17.72,88.0,SW,3.22,4.67,1026.08,0.0,0.0,0.0,0.0,IMELBO1849.csv
2023/01/14,02:24 AM,19.78,17.67,88.0,SW,2.9,4.51,1025.74,0.0,0.0,0.0,0.0,IMELBO1849.csv
2023/01/14,02:29 AM,19.72,17.61,88.0,WSW,3.38,4.51,1025.74,0.0,0.0,0.0,0.0,IMELBO1849.csv
2023/01/14,02:34 AM,19.72,17.61,88.0,SW,3.7,4.99,1025.74,0.0,0.0,0.0,0.0,IMELBO1849.csv
2023/01/14,02:39 AM,19.72,17.61,88.0,SW,1.77,2.74,1025.4,0.0,0.0,0.0,0.0,IMELBO1849.csv
2023/01/14,02:44 AM,19.72,17.61,88.0,SW,1.93,3.06,1025.74,0.0,0.0,0.0,0.0,IMELBO1849.csv
2023/01/14,02:49 AM,19.72,17.61,88.0,WSW,1.61,2.09,1025.74,0.0,0.0,0.0,0.0,IMELBO1849.csv
2023/01/14,02:54 AM,19.72,17.61,88.0,SSW,2.25,3.06,1025.4,0.0,0.0,0.0,0.0,IMELBO1849.csv
2023/01/14,02:59 AM,19.67,17.72,89.0,SW,3.86,5.31,1025.4,0.0,0.0,0.0,0.0,IMELBO1849.csv
2023/01/14,03:04 AM,19.61,17.72,89.0,SW,2.74,3.7,1025.4,0.0,0.0,0.0,0.0,IMELBO1849.csv
2023/01/14,03:09 AM,19.5,17.72,90.0,SSW,3.7,5.15,1025.4,0.0,0.0,0.0,0.0,IMELBO1849.csv
2023/01/14,03:14 AM,19.39,17.72,90.0,SW,2.09,2.74,1025.4,0.0,0.0,0.0,0.0,IMELBO1849.csv
2023/01/14,03:19 AM,19.39,17.72,90.0,SW,2.25,3.06,1025.4,0.0,0.0,0.0,0.0,IMELBO1849.csv
2023/01/14,03:24 AM,19.39,17.78,90.0,WSW,2.57,3.38,1025.4,0.0,0.0,0.0,0.0,IMELBO1849.csv
2023/01/14,03:29 AM,19.39,17.89,91.0,WSW,1.13,1.77,1025.4,0.0,0.0,0.0,0.0,IMELBO1849.csv
2023/01/14,03:34 AM,19.33,17.83,91.0,WSW,1.77,2.74,1025.4,0.0,0.0,0.0,0.0,IMELBO1849.csv
2023/01/14,03:39 AM,19.39,17.89,91.0,WSW,1.13,1.93,1025.4,0.0,0.0,0.0,0.0,IMELBO1849.csv
2023/01/14,03:44 AM,19.39,17.89,91.0,WSW,0.97,1.77,1025.06,0.0,0.0,0.0,0.0,IMELBO1849.csv
2023/01/14,03:49 AM,19.28,18.0,92.0,SW,1.45,2.41,1025.4,0.0,0.0,0.0,0.0,IMELBO1849.csv
2023/01/14,03:54 AM,19.28,18.0,92.0,WSW,1.45,2.25,1025.4,0.0,0.0,0.0,0.0,IMELBO1849.csv
2023/01/14,03:59 AM,19.28,18.11,93.0,West,1.61,2.25,1025.4,0.0,0.0,0.0,0.0,IMELBO1849.csv
2023/01/14,04:04 AM,19.28,18.11,93.0,West,1.13,1.77,1025.4,0.0,0.0,0.0,0.0,IMELBO1849.csv
2023/01/14,04:09 AM,19.28,18.11,93.0,West,1.13,1.93,1025.4,0.0,0.0,0.0,0.0,IMELBO1849.csv
2023/01/14,04:14 AM,19.28,18.17,94.0,West,0.48,0.97,1025.4,0.0,0.0,0.0,0.0,IMELBO1849.csv
2023/01/14,04:19 AM,19.22,18.11,94.0,West,0.64,1.13,1025.4,0.0,0.0,0.0,0.0,IMELBO1849.csv
2023/01/14,04:24 AM,19.28,18.17,94.0,WNW,2.9,4.02,1025.4,0.0,0.0,0.0,0.0,IMELBO1849.csv
2023/01/14,04:29 AM,19.22,18.11,94.0,West,0.48,0.97,1025.4,0.0,0.0,0.0,0.0,IMELBO1849.csv
2023/01/14,04:34 AM,19.22,18.17,94.0,WNW,2.25,3.06,1025.4,0.0,0.0,0.0,0.0,IMELBO1849.csv
2023/01/14,04:39 AM,19.17,18.22,95.0,WNW,2.74,3.7,1025.06,0.0,0.0,0.0,0.0,IMELBO1849.csv
2023/01/14,04:44 AM,19.22,18.28,95.0,WNW,0.97,1.77,1025.06,0.0,0.0,0.0,0.0,IMELBO1849.csv
2023/01/14,04:49 AM,19.22,18.28,95.0,WNW,0.97,1.77,1025.06,0.0,0.0,0.0,0.0,IMELBO1849.csv
2023/01/14,04:54 AM,19.17,18.22,95.0,WNW,0.64,1.13,1025.06,0.0,0.0,0.0,0.0,IMELBO1849.csv
2023/01/14,04:59 AM,19.22,18.28,95.0,NW,1.77,2.09,1025.06,0.0,0.0,0.0,0.0,IMELBO1849.csv
2023/01/14,05:04 AM,19.22,18.28,95.0,WNW,2.41,3.86,1025.4,0.0,0.0,0.0,0.0,IMELBO1849.csv
2023/01/14,05:09 AM,19.22,18.28,95.0,NW,1.77,2.74,1025.4,0.0,0.0,0.0,0.0,IMELBO1849.csv
2023/01/14,05:14 AM,19.17,18.22,95.0,WNW,3.38,4.34,1025.4,0.0,0.0,0.0,0.0,IMELBO1849.csv
2023/01/14,05:19 AM,19.11,18.33,95.0,WNW,3.06,4.18,1025.4,0.0,0.0,0.0,0.0,IMELBO1849.csv
2023/01/14,05:24 AM,19.06,18.39,96.0,WNW,2.41,3.38,1025.4,0.0,0.0,0.0,0.0,IMELBO1849.csv
2023/01/14,05:29 AM,19.0,18.39,96.0,WNW,3.54,4.99,1025.4,0.0,0.0,0.0,0.0,IMELBO1849.csv
2023/01/14,05:34 AM,18.94,18.33,96.0,WNW,4.02,5.47,1025.4,0.0,0.0,0.0,0.0,IMELBO1849.csv
2023/01/14,05:39 AM,19.0,18.39,96.0,WNW,2.09,3.22,1025.4,0.0,0.0,0.0,0.0,IMELBO1849.csv
2023/01/14,05:44 AM,19.0,18.39,96.0,WNW,1.29,2.57,1025.4,0.0,0.0,0.0,0.0,IMELBO1849.csv
2023/01/14,05:49 AM,19.0,18.39,96.0,NW,0.8,1.61,1025.4,0.0,0.0,0.0,0.0,IMELBO1849.csv
2023/01/14,05:54 AM,19.0,18.39,96.0,NNW,0.48,1.13,1025.4,0.0,0.0,0.0,0.0,IMELBO1849.csv
2023/01/14,05:59 AM,19.0,18.39,96.0,NW,1.61,2.41,1025.4,0.0,0.0,0.0,0.0,IMELBO1849.csv
2023/01/14,06:04 AM,19.0,18.39,96.0,NW,1.13,1.77,1025.06,0.0,0.0,0.0,0.0,IMELBO1849.csv
2023/01/14,06:09 AM,19.0,18.39,96.0,WNW,0.8,1.45,1025.06,0.0,0.0,0.0,0.0,IMELBO1849.csv
2023/01/14,06:14 AM,19.0,18.33,96.0,WNW,0.48,0.97,1025.4,0.0,0.0,0.0,0.0,IMELBO1849.csv
2023/01/14,06:19 AM,19.06,18.28,95.0,WNW,1.13,1.93,1025.4,0.0,0.0,0.0,1.2,IMELBO1849.csv
2023/01/14,06:24 AM,19.06,18.22,95.0,NW,2.74,3.54,1025.06,0.0,0.0,0.0,2.6,IMELBO1849.csv
2023/01/14,06:29 AM,19.06,18.22,95.0,WNW,1.29,1.61,1025.4,0.0,0.0,0.0,4.3,IMELBO1849.csv
2023/01/14,06:34 AM,19.11,18.22,95.0,WNW,1.29,1.77,1025.4,0.0,0.0,0.0,6.0,IMELBO1849.csv
2023/01/14,06:39 AM,19.11,18.22,95.0,NW,2.09,3.22,1025.4,0.0,0.0,0.0,8.2,IMELBO1849.csv
2023/01/14,06:44 AM,19.11,18.22,95.0,WNW,3.7,4.83,1025.4,0.0,0.0,0.0,11.6,IMELBO1849.csv
2023/01/14,06:49 AM,19.11,18.11,95.0,NW,1.29,1.93,1025.06,0.0,0.0,0.0,11.6,IMELBO1849.csv
2023/01/14,06:54 AM,19.11,18.0,94.0,NW,1.13,2.09,1025.4,0.0,0.0,0.0,17.3,IMELBO1849.csv
2023/01/14,06:59 AM,19.22,18.11,94.0,NW,1.13,1.77,1025.4,0.0,0.0,0.0,19.9,IMELBO1849.csv
2023/01/14,07:04 AM,19.22,18.11,94.0,NW,2.57,3.38,1025.4,0.0,0.0,0.0,23.9,IMELBO1849.csv
2023/01/14,07:09 AM,19.28,18.11,94.0,NW,1.61,2.41,1025.4,0.0,0.0,0.0,30.3,IMELBO1849.csv
2023/01/14,07:14 AM,19.33,18.17,93.0,WNW,0.97,1.45,1025.4,0.0,0.0,0.0,36.8,IMELBO1849.csv
2023/01/14,07:19 AM,19.44,18.22,93.0,NNW,0.64,1.45,1025.4,0.0,0.0,0.0,39.9,IMELBO1849.csv
2023/01/14,07:24 AM,19.5,18.22,92.0,North,1.45,2.25,1025.4,0.0,0.0,0.0,45.0,IMELBO1849.csv
2023/01/14,07:29 AM,19.61,18.28,92.0,NNE,1.13,1.77,1025.4,0.0,0.0,0.0,65.0,IMELBO1849.csv
2023/01/14,07:34 AM,19.72,18.39,92.0,NNE,1.13,1.77,1025.4,0.0,0.0,0.0,67.2,IMELBO1849.csv
2023/01/14,07:39 AM,19.78,18.28,91.0,NNE,1.61,2.57,1025.4,0.0,0.0,0.0,65.9,IMELBO1849.csv
2023/01/14,07:44 AM,19.89,18.39,91.0,NNE,1.45,2.25,1025.74,0.0,0.0,0.0,80.6,IMELBO1849.csv
2023/01/14,07:49 AM,19.94,18.22,90.0,,1.61,2.09,1025.4,0.0,0.0,0.0,88.8,IMELBO1849.csv
2023/01/14,07:54 AM,20.11,18.33,90.0,NNE,1.61,2.41,1025.4,0.0,0.0,0.0,96.3,IMELBO1849.csv
2023/01/14,07:59 AM,20.17,18.28,89.0,NE,1.93,2.9,1025.4,0.0,0.0,0.0,83.2,IMELBO1849.csv
2023/01/14,08:04 AM,20.28,18.33,89.0,NE,3.06,4.34,1025.4,0.0,0.0,1.0,112.7,IMELBO1849.csv
2023/01/14,08:09 AM,20.39,18.28,88.0,ENE,3.06,4.18,1025.4,0.0,0.0,1.0,124.9,IMELBO1849.csv
2023/01/14,08:14 AM,20.44,18.28,87.0,NNE,2.9,3.86,1025.4,0.0,0.0,1.0,128.3,IMELBO1849.csv
2023/01/14,08:19 AM,20.56,18.22,86.0,NE,1.93,2.9,1025.4,0.0,0.0,1.0,133.1,IMELBO1849.csv
2023/01/14,08:24 AM,20.78,18.22,85.0,NNE,2.74,3.7,1025.4,0.0,0.0,2.0,277.1,IMELBO1849.csv
2023/01/14,08:29 AM,21.33,18.33,83.0,NE,3.22,4.67,1025.4,0.0,0.0,2.0,265.5,IMELBO1849.csv
2023/01/14,08:34 AM,21.78,18.5,81.0,East,4.02,5.47,1025.4,0.0,0.0,2.0,263.8,IMELBO1849.csv
2023/01/14,08:39 AM,22.11,18.67,81.0,East,3.7,4.67,1025.4,0.0,0.0,2.0,281.9,IMELBO1849.csv
2023/01/14,08:44 AM,22.06,18.61,81.0,East,3.7,4.34,1025.4,0.0,0.0,2.0,289.3,IMELBO1849.csv
2023/01/14,08:49 AM,22.39,18.67,80.0,North,2.25,3.06,1025.4,0.0,0.0,2.0,295.3,IMELBO1849.csv
2023/01/14,08:54 AM,22.78,18.78,78.0,East,4.67,5.95,1025.4,0.0,0.0,2.0,304.5,IMELBO1849.csv
2023/01/14,08:59 AM,22.83,18.72,78.0,ENE,3.22,4.51,1025.4,0.0,0.0,3.0,355.6,IMELBO1849.csv
2023/01/14,09:04 AM,23.22,18.83,77.0,ENE,3.7,4.83,1025.4,0.0,0.0,3.0,365.2,IMELBO1849.csv
2023/01/14,09:09 AM,23.56,18.89,75.0,ENE,2.74,4.18,1025.4,0.0,0.0,3.0,409.0,IMELBO1849.csv
2023/01/14,09:14 AM,23.78,19.11,75.0,East,4.18,4.99,1025.06,0.0,0.0,4.0,416.8,IMELBO1849.csv
2023/01/14,09:19 AM,23.83,19.11,75.0,ENE,3.54,4.83,1025.06,0.0,0.0,4.0,420.7,IMELBO1849.csv
2023/01/14,09:24 AM,24.11,19.06,73.0,ENE,4.02,5.95,1025.06,0.0,0.0,4.0,449.3,IMELBO1849.csv
2023/01/14,09:29 AM,24.67,18.94,71.0,NNE,4.51,6.11,1025.06,0.0,0.0,4.0,472.0,IMELBO1849.csv
2023/01/14,09:34 AM,25.28,19.28,69.0,NE,4.51,5.95,1024.72,0.0,0.0,4.0,478.8,IMELBO1849.csv
2023/01/14,09:39 AM,25.5,19.22,68.0,ENE,4.83,6.76,1024.72,0.0,0.0,4.0,433.8,IMELBO1849.csv
2023/01/14,09:44 AM,25.67,19.33,68.0,ENE,3.86,5.79,1024.72,0.0,0.0,4.0,431.6,IMELBO1849.csv
2023/01/14,09:49 AM,25.61,19.28,68.0,East,5.63,7.24,1024.38,0.0,0.0,3.0,399.1,IMELBO1849.csv
2023/01/14,09:54 AM,26.39,19.28,65.0,ENE,5.47,7.88,1024.38,0.0,0.0,4.0,439.8,IMELBO1849.csv
2023/01/14,09:59 AM,26.78,19.5,64.0,ENE,6.44,8.53,1024.38,0.0,0.0,4.0,491.4,IMELBO1849.csv
2023/01/14,10:04 AM,26.89,19.22,63.0,East,7.72,9.98,1024.04,0.0,0.0,5.0,560.9,IMELBO1849.csv
2023/01/14,10:09 AM,27.67,19.0,59.0,East,7.56,10.3,1024.04,0.0,0.0,5.0,547.8,IMELBO1849.csv
2023/01/14,10:14 AM,28.22,18.72,56.0,ENE,7.88,11.1,1024.04,0.0,0.0,5.0,586.5,IMELBO1849.csv
2023/01/14,10:19 AM,28.72,18.78,55.0,ENE,6.76,9.01,1024.04,0.0,0.0,5.0,584.3,IMELBO1849.csv
2023/01/14,10:24 AM,29.17,18.94,54.0,East,10.3,13.84,1023.71,0.0,0.0,6.0,621.2,IMELBO1849.csv
2023/01/14,10:29 AM,29.22,18.22,51.0,NE,10.46,15.12,1023.71,0.0,0.0,6.0,627.7,IMELBO1849.csv
2023/01/14,10:34 AM,29.67,18.11,50.0,NE,8.69,13.35,1023.71,0.0,0.0,6.0,619.0,IMELBO1849.csv
2023/01/14,10:39 AM,30.0,18.28,49.0,NNE,10.46,15.29,1023.71,0.0,0.0,5.0,595.2,IMELBO1849.csv
2023/01/14,10:44 AM,30.11,18.17,49.0,NE,8.85,11.91,1023.37,0.0,0.0,5.0,599.9,IMELBO1849.csv
2023/01/14,10:49 AM,30.44,18.17,48.0,NE,9.65,14.0,1023.37,0.0,0.0,6.0,654.1,IMELBO1849.csv
2023/01/14,10:54 AM,30.5,18.22,48.0,NE,8.69,11.91,1023.37,0.0,0.0,6.0,684.1,IMELBO1849.csv
2023/01/14,10:59 AM,30.89,18.56,48.0,ENE,7.88,11.91,1023.37,0.0,0.0,6.0,676.3,IMELBO1849.csv
2023/01/14,11:04 AM,30.83,18.5,48.0,ENE,7.24,10.14,1023.37,0.0,0.0,6.0,691.4,IMELBO1849.csv
2023/01/14,11:09 AM,31.28,18.5,47.0,NE,9.49,13.52,1023.03,0.0,0.0,6.0,710.5,IMELBO1849.csv
2023/01/14,11:14 AM,31.33,18.33,46.0,ENE,10.3,14.0,1023.03,0.0,0.0,7.0,722.3,IMELBO1849.csv
2023/01/14,11:19 AM,31.39,18.22,45.0,ENE,9.81,14.64,1022.69,0.0,0.0,7.0,759.6,IMELBO1849.csv
2023/01/14,11:24 AM,31.61,18.28,45.0,NE,9.65,14.0,1022.69,0.0,0.0,7.0,775.6,IMELBO1849.csv
2023/01/14,11:29 AM,31.89,18.44,45.0,NNE,9.17,12.39,1022.69,0.0,0.0,7.0,766.4,IMELBO1849.csv
2023/01/14,11:34 AM,32.11,18.67,45.0,East,11.75,15.93,1022.69,0.0,0.0,6.0,662.3,IMELBO1849.csv
2023/01/14,11:39 AM,32.11,18.56,45.0,NE,9.01,12.23,1022.69,0.0,0.0,6.0,683.6,IMELBO1849.csv
2023/01/14,11:44 AM,32.17,18.33,44.0,NE,10.94,14.8,1022.69,0.0,0.0,7.0,773.0,IMELBO1849.csv
2023/01/14,11:49 AM,32.56,18.28,43.0,NE,10.94,15.29,1022.69,0.0,0.0,7.0,775.1,IMELBO1849.csv
2023/01/14,11:54 AM,32.67,18.11,42.0,NNE,10.3,14.32,1022.69,0.0,0.0,6.0,714.4,IMELBO1849.csv
2023/01/14,11:59 AM,33.0,18.0,41.0,NE,7.4,11.26,1022.69,0.0,0.0,7.0,800.8,IMELBO1849.csv
2023/01/14,12:04 PM,33.11,18.28,41.0,NE,10.3,14.16,1022.35,0.0,0.0,8.0,848.0,IMELBO1849.csv
2023/01/14,12:09 PM,33.11,18.17,41.0,NE,10.62,14.32,1022.35,0.0,0.0,8.0,849.8,IMELBO1849.csv
2023/01/14,12:14 PM,33.33,17.83,40.0,North,7.88,12.07,1022.35,0.0,0.0,8.0,842.4,IMELBO1849.csv
2023/01/14,12:19 PM,33.67,18.06,39.0,NNE,10.62,14.8,1022.35,0.0,0.0,7.0,817.7,IMELBO1849.csv
2023/01/14,12:24 PM,33.67,18.06,40.0,NNE,9.17,12.55,1022.35,0.0,0.0,7.0,782.1,IMELBO1849.csv
2023/01/14,12:29 PM,33.67,18.0,39.0,ENE,10.78,15.45,1022.35,0.0,0.0,7.0,777.3,IMELBO1849.csv
2023/01/14,12:34 PM,33.83,17.72,38.0,ENE,10.46,15.12,1022.01,0.0,0.0,7.0,740.0,IMELBO1849.csv
2023/01/14,12:39 PM,34.11,17.72,38.0,NNE,10.94,15.12,1022.35,0.0,0.0,7.0,816.8,IMELBO1849.csv
2023/01/14,12:44 PM,34.0,17.39,37.0,NNE,8.37,11.42,1022.01,0.0,0.0,8.0,846.3,IMELBO1849.csv
2023/01/14,12:49 PM,34.28,17.0,36.0,North,8.85,12.39,1022.01,0.0,0.0,8.0,837.1,IMELBO1849.csv
2023/01/14,12:54 PM,34.72,16.94,35.0,North,10.94,15.12,1022.01,0.0,0.0,7.0,807.7,IMELBO1849.csv
2023/01/14,12:59 PM,34.61,16.67,35.0,NNE,7.24,9.81,1022.01,0.0,0.0,7.0,778.7,IMELBO1849.csv
2023/01/14,01:04 PM,35.0,17.11,35.0,NE,10.62,14.32,1021.67,0.0,0.0,7.0,753.1,IMELBO1849.csv
2023/01/14,01:09 PM,34.83,17.11,35.0,North,8.53,11.58,1021.67,0.0,0.0,7.0,750.4,IMELBO1849.csv
2023/01/14,01:14 PM,35.06,16.94,34.0,NE,12.39,17.38,1022.01,0.0,0.0,7.0,727.9,IMELBO1849.csv
2023/01/14,01:19 PM,34.56,16.61,34.0,,9.17,12.55,1021.67,0.0,0.0,6.0,659.8,IMELBO1849.csv
2023/01/14,01:24 PM,34.94,16.17,33.0,NNE,10.3,15.29,1021.67,0.0,0.0,7.0,740.0,IMELBO1849.csv
2023/01/14,01:29 PM,35.0,16.11,33.0,North,8.37,12.07,1021.33,0.0,0.0,8.0,864.1,IMELBO1849.csv
2023/01/14,01:34 PM,34.94,16.17,33.0,NNE,8.85,12.71,1021.33,0.0,0.0,8.0,865.4,IMELBO1849.csv
2023/01/14,01:39 PM,35.39,16.22,32.0,NNE,10.62,14.8,1021.33,0.0,0.0,8.0,870.2,IMELBO1849.csv
2023/01/14,01:44 PM,35.44,16.06,32.0,NNE,7.24,9.81,1021.33,0.0,0.0,7.0,814.6,IMELBO1849.csv
2023/01/14,01:49 PM,35.72,16.17,31.0,North,8.69,11.91,1021.0,0.0,0.0,6.0,687.5,IMELBO1849.csv
2023/01/14,01:54 PM,35.56,16.22,32.0,NE,9.98,13.52,1021.0,0.0,0.0,6.0,708.8,IMELBO1849.csv
2023/01/14,01:59 PM,35.94,15.11,29.0,North,9.81,15.12,1021.0,0.0,0.0,7.0,729.6,IMELBO1849.csv
2023/01/14,02:04 PM,36.0,15.5,30.0,North,8.85,12.71,1021.0,0.0,0.0,7.0,730.1,IMELBO1849.csv
2023/01/14,02:09 PM,35.78,16.0,31.0,NNE,10.14,14.64,1021.0,0.0,0.0,6.0,709.2,IMELBO1849.csv
2023/01/14,02:14 PM,35.5,15.72,31.0,North,11.58,17.06,1021.0,0.0,0.0,6.0,719.2,IMELBO1849.csv
2023/01/14,02:19 PM,35.61,15.28,30.0,,10.3,14.16,1021.0,0.0,0.0,7.0,740.9,IMELBO1849.csv
2023/01/14,02:24 PM,35.89,15.56,30.0,North,10.94,14.48,1020.66,0.0,0.0,7.0,725.7,IMELBO1849.csv
2023/01/14,02:29 PM,35.56,15.83,31.0,NNE,9.65,13.52,1020.66,0.0,0.0,6.0,713.6,IMELBO1849.csv
2023/01/14,02:34 PM,36.06,15.0,29.0,NNW,9.65,13.68,1020.66,0.0,0.0,7.0,755.7,IMELBO1849.csv
2023/01/14,02:39 PM,36.28,14.11,27.0,NNE,7.72,10.78,1020.66,0.0,0.0,7.0,777.8,IMELBO1849.csv
2023/01/14,02:44 PM,36.44,14.22,27.0,North,10.94,15.45,1020.32,0.0,0.0,7.0,811.6,IMELBO1849.csv
2023/01/14,02:49 PM,36.33,14.28,27.0,NNW,9.17,13.19,1020.32,0.0,0.0,8.0,846.3,IMELBO1849.csv
2023/01/14,02:54 PM,36.56,14.17,26.0,NW,10.14,16.89,1020.32,0.0,0.0,8.0,847.2,IMELBO1849.csv
2023/01/14,02:59 PM,36.72,14.0,26.0,WNW,8.85,13.52,1020.32,0.0,0.0,8.0,838.5,IMELBO1849.csv
2023/01/14,03:04 PM,36.67,14.06,26.0,North,10.46,14.8,1020.32,0.0,0.0,8.0,832.4,IMELBO1849.csv
2023/01/14,03:09 PM,36.78,14.06,26.0,NNE,11.26,15.93,1019.98,0.0,0.0,8.0,831.2,IMELBO1849.csv
2023/01/14,03:14 PM,36.78,14.11,26.0,,9.17,12.07,1019.98,0.0,0.0,7.0,812.4,IMELBO1849.csv
2023/01/14,03:19 PM,36.78,14.28,26.0,NNW,5.79,9.17,1019.98,0.0,0.0,7.0,765.6,IMELBO1849.csv
2023/01/14,03:24 PM,37.11,13.33,24.0,NW,10.46,15.93,1019.98,0.0,0.0,6.0,716.2,IMELBO1849.csv
2023/01/14,03:29 PM,37.28,13.44,24.0,WNW,8.21,12.55,1019.98,0.0,0.0,7.0,782.6,IMELBO1849.csv
2023/01/14,03:34 PM,37.39,13.56,24.0,WNW,11.58,16.57,1019.98,0.0,0.0,7.0,779.5,IMELBO1849.csv
2023/01/14,03:39 PM,37.22,13.28,24.0,NW,13.68,20.11,1019.98,0.0,0.0,7.0,760.4,IMELBO1849.csv
2023/01/14,03:44 PM,37.17,13.39,24.0,WNW,6.6,9.81,1019.64,0.0,0.0,7.0,754.8,IMELBO1849.csv
2023/01/14,03:49 PM,37.72,13.67,24.0,NNW,9.98,14.64,1019.64,0.0,0.0,7.0,766.1,IMELBO1849.csv
2023/01/14,03:54 PM,37.39,13.56,24.0,NNW,9.98,14.48,1019.64,0.0,0.0,7.0,785.5,IMELBO1849.csv
2023/01/14,03:59 PM,37.39,13.44,24.0,NW,8.21,12.55,1019.3,0.0,0.0,7.0,779.5,IMELBO1849.csv
2023/01/14,04:04 PM,37.94,13.28,23.0,NNW,9.33,13.68,1019.3,0.0,0.0,7.0,774.3,IMELBO1849.csv
2023/01/14,04:09 PM,37.44,12.89,23.0,NW,10.14,14.64,1019.3,0.0,0.0,6.0,702.3,IMELBO1849.csv
2023/01/14,04:14 PM,37.33,13.11,24.0,North,8.37,12.07,1019.3,0.0,0.0,7.0,786.5,IMELBO1849.csv
2023/01/14,04:19 PM,37.72,13.17,23.0,NW,9.33,13.52,1019.3,0.0,0.0,7.0,800.8,IMELBO1849.csv
2023/01/14,04:24 PM,37.78,13.17,23.0,,8.37,12.39,1019.3,0.0,0.0,7.0,764.7,IMELBO1849.csv
2023/01/14,04:29 PM,37.78,13.11,23.0,North,6.11,9.01,1018.96,0.0,0.0,6.0,685.0,IMELBO1849.csv
2023/01/14,04:34 PM,37.72,12.61,22.0,NNW,8.85,12.87,1018.96,0.0,0.0,7.0,768.6,IMELBO1849.csv
2023/01/14,04:39 PM,37.83,12.11,21.0,NNW,8.69,13.52,1019.3,0.0,0.0,7.0,807.7,IMELBO1849.csv
2023/01/14,04:44 PM,37.78,11.78,21.0,NNE,10.62,14.32,1018.96,0.0,0.0,7.0,803.4,IMELBO1849.csv
2023/01/14,04:49 PM,37.44,11.5,21.0,NNW,12.07,16.89,1018.96,0.0,0.0,7.0,783.4,IMELBO1849.csv
2023/01/14,04:54 PM,37.28,11.67,21.0,NNE,6.92,9.49,1018.96,0.0,0.0,7.0,761.7,IMELBO1849.csv
2023/01/14,04:59 PM,37.72,11.72,21.0,NW,8.69,12.87,1018.63,0.0,0.0,6.0,708.3,IMELBO1849.csv
2023/01/14,05:04 PM,38.06,11.94,21.0,NNW,7.08,10.3,1018.63,0.0,0.0,6.0,641.5,IMELBO1849.csv
2023/01/14,05:09 PM,38.22,12.11,21.0,NNW,7.08,10.46,1018.63,0.0,0.0,6.0,663.2,IMELBO1849.csv
2023/01/14,05:14 PM,38.11,11.56,20.0,WSW,9.65,13.84,1018.29,0.0,0.0,6.0,674.1,IMELBO1849.csv
2023/01/14,05:19 PM,37.89,11.33,20.0,WNW,12.07,18.34,1018.63,0.0,0.0,6.0,671.0,IMELBO1849.csv
2023/01/14,05:24 PM,37.72,11.06,20.0,WNW,10.94,15.61,1018.63,0.0,0.0,6.0,637.6,IMELBO1849.csv
2023/01/14,05:29 PM,37.78,11.39,21.0,West,11.26,16.89,1018.29,0.0,0.0,5.0,556.1,IMELBO1849.csv
2023/01/14,05:34 PM,37.56,11.56,21.0,WNW,9.33,13.52,1018.29,0.0,0.0,5.0,584.3,IMELBO1849.csv
2023/01/14,05:39 PM,37.83,11.67,21.0,West,9.01,15.12,1018.29,0.0,0.0,5.0,593.0,IMELBO1849.csv
2023/01/14,05:44 PM,37.67,11.11,20.0,WNW,9.33,12.55,1018.29,0.0,0.0,5.0,581.7,IMELBO1849.csv
2023/01/14,05:49 PM,38.17,11.5,20.0,NW,6.44,9.33,1018.29,0.0,0.0,5.0,526.5,IMELBO1849.csv
2023/01/14,05:54 PM,37.17,11.17,21.0,WNW,6.92,10.46,1018.29,0.0,0.0,4.0,465.4,IMELBO1849.csv
2023/01/14,05:59 PM,37.22,11.44,21.0,NNW,9.81,15.12,1018.29,0.0,0.0,4.0,463.3,IMELBO1849.csv
2023/01/14,06:04 PM,37.44,12.22,22.0,NW,8.04,12.71,1018.29,0.0,0.0,4.0,410.3,IMELBO1849.csv
2023/01/14,06:09 PM,37.28,12.11,22.0,NW,11.42,16.73,1018.29,0.0,0.0,3.0,348.8,IMELBO1849.csv
2023/01/14,06:14 PM,36.89,11.72,22.0,NW,9.49,13.84,1017.95,0.0,0.0,2.0,279.3,IMELBO1849.csv
2023/01/14,06:19 PM,37.11,11.5,21.0,NW,6.76,10.14,1017.95,0.0,0.0,3.0,305.8,IMELBO1849.csv
2023/01/14,06:24 PM,37.28,11.39,21.0,NNW,6.6,9.01,1017.95,0.0,0.0,3.0,342.2,IMELBO1849.csv
2023/01/14,06:29 PM,37.22,11.5,21.0,NW,9.81,13.35,1017.95,0.0,0.0,3.0,325.8,IMELBO1849.csv
2023/01/14,06:34 PM,36.61,11.5,22.0,NW,9.49,13.52,1018.29,0.0,0.0,2.0,283.7,IMELBO1849.csv
2023/01/14,06:39 PM,36.78,11.67,22.0,,8.04,10.94,1017.95,0.0,0.0,2.0,297.5,IMELBO1849.csv
2023/01/14,06:44 PM,36.94,11.78,22.0,NW,6.6,10.14,1017.95,0.0,0.0,2.0,284.9,IMELBO1849.csv
2023/01/14,06:49 PM,36.94,11.83,22.0,NNW,6.11,9.49,1017.95,0.0,0.0,2.0,257.1,IMELBO1849.csv
2023/01/14,06:54 PM,37.06,11.94,22.0,NW,5.47,8.53,1017.95,0.0,0.0,2.0,240.8,IMELBO1849.csv
2023/01/14,06:59 PM,37.06,11.83,22.0,NW,4.51,7.24,1018.29,0.0,0.0,2.0,215.9,IMELBO1849.csv
2023/01/14,07:04 PM,37.06,11.83,22.0,NW,5.95,9.17,1017.95,0.0,0.0,1.0,185.2,IMELBO1849.csv
2023/01/14,07:09 PM,36.67,11.67,22.0,NW,8.85,13.52,1017.95,0.0,0.0,1.0,170.9,IMELBO1849.csv
2023/01/14,07:14 PM,36.22,11.56,23.0,NW,6.76,10.3,1017.95,0.0,0.0,1.0,162.2,IMELBO1849.csv
2023/01/14,07:19 PM,36.22,11.61,23.0,WNW,7.88,11.58,1017.95,0.0,0.0,0.0,66.3,IMELBO1849.csv
2023/01/14,07:24 PM,36.22,11.67,23.0,NW,6.44,9.33,1017.95,0.0,0.0,0.0,63.7,IMELBO1849.csv
2023/01/14,07:29 PM,36.06,11.72,23.0,NNW,4.18,6.28,1017.95,0.0,0.0,0.0,59.0,IMELBO1849.csv
2023/01/14,07:34 PM,35.89,11.5,23.0,NW,4.83,7.4,1017.95,0.0,0.0,0.0,53.7,IMELBO1849.csv
2023/01/14,07:39 PM,35.78,11.22,23.0,NW,4.18,6.28,1018.29,0.0,0.0,0.0,49.8,IMELBO1849.csv
2023/01/14,07:44 PM,35.67,11.33,23.0,NW,2.41,3.7,1018.29,0.0,0.0,0.0,47.2,IMELBO1849.csv
2023/01/14,07:49 PM,35.5,11.33,23.0,WNW,1.77,2.9,1018.29,0.0,0.0,0.0,44.2,IMELBO1849.csv
2023/01/14,07:54 PM,35.33,11.5,24.0,NW,2.57,4.18,1017.95,0.0,0.0,0.0,39.9,IMELBO1849.csv
2023/01/14,07:59 PM,35.22,11.39,24.0,NW,2.74,4.67,1018.29,0.0,0.0,0.0,36.8,IMELBO1849.csv
2023/01/14,08:04 PM,35.11,11.56,24.0,NW,1.93,2.9,1018.29,0.0,0.0,0.0,33.4,IMELBO1849.csv
2023/01/14,08:09 PM,34.89,11.89,25.0,NNW,1.61,2.41,1018.29,0.0,0.0,0.0,29.9,IMELBO1849.csv
2023/01/14,08:14 PM,34.72,11.94,25.0,WNW,1.77,2.57,1018.29,0.0,0.0,0.0,25.9,IMELBO1849.csv
2023/01/14,08:19 PM,34.5,12.0,26.0,WNW,1.77,3.06,1018.29,0.0,0.0,0.0,22.5,IMELBO1849.csv
2023/01/14,08:24 PM,34.28,11.56,25.0,NW,2.09,2.9,1018.29,0.0,0.0,0.0,19.1,IMELBO1849.csv
2023/01/14,08:29 PM,34.17,11.56,25.0,NW,1.61,2.41,1018.29,0.0,0.0,0.0,15.2,IMELBO1849.csv
2023/01/14,08:34 PM,33.89,11.72,26.0,NW,0.97,1.77,1018.63,0.0,0.0,0.0,11.3,IMELBO1849.csv
2023/01/14,08:39 PM,33.56,11.72,26.0,NW,0.8,1.45,1018.63,0.0,0.0,0.0,8.2,IMELBO1849.csv
2023/01/14,08:44 PM,33.28,11.72,27.0,WNW,1.13,1.77,1018.63,0.0,0.0,0.0,5.1,IMELBO1849.csv
2023/01/14,08:49 PM,32.94,11.83,28.0,WNW,0.0,0.0,1018.63,0.0,0.0,0.0,2.1,IMELBO1849.csv
2023/01/14,08:54 PM,32.44,11.78,28.0,WNW,0.0,0.16,1018.63,0.0,0.0,0.0,0.9,IMELBO1849.csv
2023/01/14,08:59 PM,32.11,11.94,29.0,NNW,0.32,0.48,1018.63,0.0,0.0,0.0,0.0,IMELBO1849.csv
2023/01/14,09:04 PM,32.06,11.94,29.0,,0.97,1.29,1018.63,0.0,0.0,0.0,0.0,IMELBO1849.csv
2023/01/14,09:09 PM,31.83,12.06,30.0,,0.48,0.97,1018.63,0.0,0.0,0.0,0.0,IMELBO1849.csv
2023/01/14,09:14 PM,31.61,12.06,30.0,,0.16,0.48,1018.63,0.0,0.0,0.0,0.0,IMELBO1849.csv
2023/01/14,09:19 PM,31.33,12.22,31.0,,0.16,0.48,1018.63,0.0,0.0,0.0,0.0,IMELBO1849.csv
2023/01/14,09:24 PM,31.06,12.39,32.0,NNW,0.32,0.8,1018.63,0.0,0.0,0.0,0.0,IMELBO1849.csv
2023/01/14,09:29 PM,30.67,12.83,34.0,WNW,2.9,3.38,1018.96,0.0,0.0,0.0,0.0,IMELBO1849.csv
2023/01/14,09:34 PM,30.61,15.0,39.0,WSW,3.22,4.34,1019.3,0.0,0.0,0.0,0.0,IMELBO1849.csv
2023/01/14,09:39 PM,30.0,18.0,49.0,SW,4.99,6.6,1018.96,0.0,0.0,0.0,0.0,IMELBO1849.csv
2023/01/14,09:44 PM,29.39,18.67,52.0,SW,3.7,4.99,1018.96,0.0,0.0,0.0,0.0,IMELBO1849.csv
2023/01/14,09:49 PM,29.0,18.78,54.0,SW,2.9,3.86,1018.96,0.0,0.0,0.0,0.0,IMELBO1849.csv
2023/01/14,09:54 PM,28.56,19.06,56.0,SW,2.74,3.86,1018.96,0.0,0.0,0.0,0.0,IMELBO1849.csv
2023/01/14,09:59 PM,28.22,19.22,58.0,WSW,2.57,3.7,1019.3,0.0,0.0,0.0,0.0,IMELBO1849.csv
2023/01/14,10:04 PM,27.94,19.28,59.0,SW,2.09,2.74,1019.3,0.0,0.0,0.0,0.0,IMELBO1849.csv
2023/01/14,10:09 PM,27.67,19.56,61.0,WSW,4.34,6.28,1019.3,0.0,0.0,0.0,0.0,IMELBO1849.csv
2023/01/14,10:14 PM,27.17,19.78,64.0,SW,5.95,8.69,1019.64,0.0,0.0,0.0,0.0,IMELBO1849.csv
2023/01/14,10:19 PM,26.5,19.61,66.0,WSW,4.18,5.63,1019.64,0.0,0.0,0.0,0.0,IMELBO1849.csv
2023/01/14,10:24 PM,25.89,19.5,68.0,WSW,4.02,5.47,1019.3,0.0,0.0,0.0,0.0,IMELBO1849.csv
2023/01/14,10:29 PM,25.06,19.39,71.0,WSW,4.18,6.6,1019.64,0.0,0.0,0.0,0.0,IMELBO1849.csv
2023/01/14,10:34 PM,24.17,19.22,74.0,WSW,5.63,8.04,1019.64,0.0,0.0,0.0,0.0,IMELBO1849.csv
2023/01/14,10:39 PM,23.61,19.11,76.0,WSW,5.31,7.56,1019.64,0.0,0.0,0.0,0.0,IMELBO1849.csv
2023/01/14,10:44 PM,23.11,19.11,78.0,WSW,3.06,4.51,1019.64,0.0,0.0,0.0,0.0,IMELBO1849.csv
2023/01/14,10:49 PM,22.89,19.06,79.0,ESE,3.22,4.02,1020.32,0.0,0.0,0.0,0.0,IMELBO1849.csv
2023/01/14,10:54 PM,22.72,19.06,80.0,SW,0.48,1.13,1020.32,0.0,0.0,0.0,0.0,IMELBO1849.csv
2023/01/14,10:59 PM,22.61,19.0,80.0,SW,1.13,1.61,1019.98,0.0,0.0,0.0,0.0,IMELBO1849.csv
2023/01/14,11:04 PM,22.5,18.89,80.0,WSW,1.93,2.41,1019.98,0.0,0.0,0.0,0.0,IMELBO1849.csv
2023/01/14,11:09 PM,22.61,19.0,80.0,WSW,3.38,4.34,1019.98,0.0,0.0,0.0,0.0,IMELBO1849.csv
2023/01/14,11:14 PM,22.72,19.11,80.0,WSW,3.7,4.83,1019.98,0.0,0.0,0.0,0.0,IMELBO1849.csv
2023/01/14,11:19 PM,22.56,18.94,80.0,WSW,2.9,4.02,1019.98,0.0,0.0,0.0,0.0,IMELBO1849.csv
2023/01/14,11:24 PM,22.5,18.89,80.0,West,1.93,3.06,1019.98,0.0,0.0,0.0,0.0,IMELBO1849.csv
2023/01/14,11:29 PM,22.5,18.89,80.0,WSW,1.93,3.54,1019.98,0.0,0.0,0.0,0.0,IMELBO1849.csv
2023/01/14,11:34 PM,22.56,18.83,79.0,West,1.77,2.57,1019.98,0.0,0.0,0.0,0.0,IMELBO1849.csv
2023/01/14,11:39 PM,22.67,18.83,79.0,West,2.57,3.7,1019.98,0.0,0.0,0.0,0.0,IMELBO1849.csv
2023/01/14,11:44 PM,22.72,18.89,79.0,West,2.09,3.22,1019.98,0.0,0.0,0.0,0.0,IMELBO1849.csv
2023/01/14,11:49 PM,22.72,18.78,78.0,WNW,2.74,3.7,1019.98,0.0,0.0,0.0,0.0,IMELBO1849.csv
2023/01/14,11:54 PM,22.83,18.83,78.0,WNW,3.38,4.34,1019.98,0.0,0.0,0.0,0.0,IMELBO1849.csv
2023/01/14,11:59 PM,22.89,18.67,77.0,WNW,2.74,3.54,1019.98,0.0,0.0,0.0,0.0,IMELBO1849.csv
2023/01/15,12:04 AM,22.78,18.78,78.0,NW,2.57,3.7,1019.98,0.0,0.0,0.0,0.0,IMELBO1849.csv
2023/01/15,12:09 AM,22.67,18.67,78.0,NW,1.29,1.93,1020.32,0.0,0.0,0.0,0.0,IMELBO1849.csv
2023/01/15,12:14 AM,22.72,18.72,78.0,NNW,3.06,3.86,1020.32,0.0,0.0,0.0,0.0,IMELBO1849.csv
2023/01/15,12:19 AM,22.61,18.61,78.0,North,1.77,2.57,1020.32,0.0,0.0,0.0,0.0,IMELBO1849.csv
2023/01/15,12:24 AM,22.5,18.5,78.0,North,1.13,1.77,1020.66,0.0,0.0,0.0,0.0,IMELBO1849.csv
2023/01/15,12:29 AM,22.5,18.5,78.0,West,2.41,3.38,1020.66,0.0,0.0,0.0,0.0,IMELBO1849.csv
2023/01/15,12:34 AM,22.5,18.5,78.0,SW,0.97,1.61,1020.66,0.0,0.0,0.0,0.0,IMELBO1849.csv
2023/01/15,12:39 AM,22.67,18.5,77.0,WSW,3.22,5.15,1020.66,0.0,0.0,0.0,0.0,IMELBO1849.csv
2023/01/15,12:44 AM,23.0,18.44,76.0,SW,1.77,2.9,1020.66,0.0,0.0,0.0,0.0,IMELBO1849.csv
2023/01/15,12:49 AM,23.0,18.39,75.0,WSW,1.45,2.41,1020.66,0.0,0.0,0.0,0.0,IMELBO1849.csv
2023/01/15,12:54 AM,23.0,18.39,75.0,WSW,1.13,1.61,1020.66,0.0,0.0,0.0,0.0,IMELBO1849.csv
2023/01/15,12:59 AM,23.0,18.39,75.0,WSW,2.41,4.02,1021.0,0.0,0.0,0.0,0.0,IMELBO1849.csv
2023/01/15,01:04 AM,23.0,18.39,75.0,WSW,3.22,4.83,1021.0,0.0,0.0,0.0,0.0,IMELBO1849.csv
2023/01/15,01:09 AM,23.06,18.44,75.0,West,1.93,2.74,1021.0,0.0,0.0,0.0,0.0,IMELBO1849.csv
2023/01/15,01:14 AM,23.06,18.44,75.0,West,2.25,3.54,1021.33,0.0,0.0,0.0,0.0,IMELBO1849.csv
2023/01/15,01:19 AM,22.89,18.39,76.0,West,2.41,3.22,1021.33,0.0,0.0,0.0,0.0,IMELBO1849.csv
2023/01/15,01:24 AM,22.78,18.22,75.0,West,2.25,3.54,1021.67,0.0,0.0,0.0,0.0,IMELBO1849.csv
2023/01/15,01:29 AM,22.72,18.0,75.0,SW,1.77,3.06,1022.01,0.0,0.0,0.0,0.0,IMELBO1849.csv
2023/01/15,01:34 AM,22.67,17.83,74.0,WSW,2.09,3.22,1022.01,0.0,0.0,0.0,0.0,IMELBO1849.csv
2023/01/15,01:39 AM,22.5,17.33,73.0,West,2.9,4.02,1022.35,0.0,0.0,0.0,0.0,IMELBO1849.csv
2023/01/15,01:44 AM,22.61,17.17,71.0,WSW,2.25,3.54,1022.35,0.0,0.0,0.0,0.0,IMELBO1849.csv
2023/01/15,01:49 AM,22.5,17.28,72.0,SW,3.54,5.47,1022.69,0.0,0.0,0.0,0.0,IMELBO1849.csv
2023/01/15,01:54 AM,22.33,16.94,72.0,WSW,3.06,4.83,1022.69,0.0,0.0,0.0,0.0,IMELBO1849.csv
2023/01/15,01:59 AM,22.17,16.33,69.0,WSW,4.51,6.11,1022.69,0.0,0.0,0.0,0.0,IMELBO1849.csv
2023/01/15,02:04 AM,22.06,16.17,69.0,SW,3.7,5.47,1022.69,0.0,0.0,0.0,0.0,IMELBO1849.csv
2023/01/15,02:09 AM,21.83,15.94,69.0,WSW,4.83,7.24,1022.69,0.0,0.0,0.0,0.0,IMELBO1849.csv
2023/01/15,02:14 AM,21.67,15.78,69.0,WSW,4.99,6.92,1022.69,0.0,0.0,0.0,0.0,IMELBO1849.csv
2023/01/15,02:19 AM,21.5,15.67,69.0,SW,5.63,7.88,1022.69,0.0,0.0,0.0,0.0,IMELBO1849.csv
2023/01/15,02:24 AM,21.28,15.72,71.0,WSW,4.99,7.56,1023.03,0.0,0.0,0.0,0.0,IMELBO1849.csv
2023/01/15,02:29 AM,21.0,15.83,72.0,SW,6.28,9.33,1023.37,0.0,0.0,0.0,0.0,IMELBO1849.csv
2023/01/15,02:34 AM,20.61,15.83,74.0,WSW,5.63,8.37,1023.71,0.0,0.0,0.0,0.0,IMELBO1849.csv
2023/01/15,02:39 AM,20.33,15.83,76.0,SW,4.99,7.56,1023.71,0.0,0.0,0.0,0.0,IMELBO1849.csv
2023/01/15,02:44 AM,20.11,15.83,77.0,SW,7.08,9.81,1024.04,0.0,0.0,0.0,0.0,IMELBO1849.csv
2023/01/15,02:49 AM,19.89,15.83,78.0,SW,7.08,10.3,1024.04,0.0,0.0,0.0,0.0,IMELBO1849.csv
2023/01/15,02:54 AM,19.78,15.83,78.0,WSW,5.47,7.88,1024.04,0.0,0.0,0.0,0.0,IMELBO1849.csv
2023/01/15,02:59 AM,19.67,15.89,79.0,SW,5.63,8.53,1024.04,0.0,0.0,0.0,0.0,IMELBO1849.csv
2023/01/15,03:04 AM,19.56,15.83,79.0,WSW,5.47,8.21,1024.04,0.0,0.0,0.0,0.0,IMELBO1849.csv
2023/01/15,03:09 AM,19.44,15.78,79.0,SW,4.99,7.4,1024.38,0.0,0.0,0.0,0.0,IMELBO1849.csv
2023/01/15,03:14 AM,19.33,15.83,80.0,SW,5.95,8.21,1024.04,0.0,0.0,0.0,0.0,IMELBO1849.csv
2023/01/15,03:19 AM,19.28,15.78,80.0,WSW,5.31,7.4,1024.38,0.0,0.0,0.0,0.0,IMELBO1849.csv
2023/01/15,03:24 AM,19.22,15.72,80.0,WSW,4.83,6.11,1024.38,0.0,0.0,0.0,0.0,IMELBO1849.csv
2023/01/15,03:29 AM,19.11,15.67,81.0,SW,5.31,7.72,1024.38,0.0,0.0,0.0,0.0,IMELBO1849.csv
2023/01/15,03:34 AM,19.06,15.78,81.0,WSW,4.67,5.95,1024.38,0.0,0.0,0.0,0.0,IMELBO1849.csv
2023/01/15,03:39 AM,19.0,15.72,81.0,WSW,4.34,5.79,1024.38,0.0,0.0,0.0,0.0,IMELBO1849.csv
2023/01/15,03:44 AM,19.0,15.72,81.0,WSW,4.02,5.95,1024.72,0.0,0.0,0.0,0.0,IMELBO1849.csv
2023/01/15,03:49 AM,18.89,15.78,82.0,SW,6.11,8.37,1024.72,0.0,0.0,0.0,0.0,IMELBO1849.csv
2023/01/15,03:54 AM,18.94,15.83,82.0,SW,5.47,6.92,1024.72,0.0,0.0,0.0,0.0,IMELBO1849.csv
2023/01/15,03:59 AM,19.0,15.72,81.0,SW,6.28,9.01,1024.72,0.0,0.0,0.0,0.0,IMELBO1849.csv
2023/01/15,04:04 AM,19.0,15.78,81.0,SW,6.6,9.17,1024.72,0.0,0.0,0.0,0.0,IMELBO1849.csv
2023/01/15,04:09 AM,19.0,15.72,81.0,SW,7.08,9.81,1025.06,0.0,0.0,0.0,0.0,IMELBO1849.csv
2023/01/15,04:14 AM,19.0,15.44,80.0,WSW,10.14,14.16,1025.4,0.0,0.0,0.0,0.0,IMELBO1849.csv
2023/01/15,04:19 AM,19.0,15.06,78.0,SW,9.81,14.0,1025.4,0.0,0.0,0.0,0.0,IMELBO1849.csv
2023/01/15,04:24 AM,19.0,14.78,76.0,WSW,7.56,11.26,1025.4,0.0,0.0,0.0,0.0,IMELBO1849.csv
2023/01/15,04:29 AM,18.89,14.56,76.0,SW,9.01,11.91,1025.4,0.0,0.0,0.0,0.0,IMELBO1849.csv
2023/01/15,04:34 AM,18.72,14.39,76.0,WSW,6.44,9.01,1025.74,0.0,0.0,0.0,0.0,IMELBO1849.csv
2023/01/15,04:39 AM,18.61,14.28,76.0,SW,8.53,11.26,1025.74,0.0,0.0,0.0,0.0,IMELBO1849.csv
2023/01/15,04:44 AM,18.56,14.22,76.0,WSW,6.11,8.85,1026.08,0.0,0.0,0.0,0.0,IMELBO1849.csv
2023/01/15,04:49 AM,18.44,14.22,76.0,WSW,4.51,6.44,1026.08,0.0,0.0,0.0,0.0,IMELBO1849.csv
2023/01/15,04:54 AM,18.28,14.22,77.0,SW,3.38,5.15,1026.08,0.0,0.0,0.0,0.0,IMELBO1849.csv
2023/01/15,04:59 AM,18.22,14.11,77.0,WSW,2.74,4.34,1026.08,0.0,0.0,0.0,0.0,IMELBO1849.csv
2023/01/15,05:04 AM,18.22,14.11,77.0,WSW,3.38,4.67,1026.41,0.0,0.0,0.0,0.0,IMELBO1849.csv
2023/01/15,05:09 AM,18.22,14.11,77.0,SW,3.7,5.79,1026.41,0.0,0.0,0.0,0.0,IMELBO1849.csv
2023/01/15,05:14 AM,18.28,14.0,76.0,WSW,3.86,5.63,1026.41,0.0,0.0,0.0,0.0,IMELBO1849.csv
2023/01/15,05:19 AM,18.28,14.0,76.0,WSW,4.02,6.44,1026.41,0.0,0.0,0.0,0.0,IMELBO1849.csv
2023/01/15,05:24 AM,18.28,14.0,76.0,WSW,5.47,7.08,1026.75,0.0,0.0,0.0,0.0,IMELBO1849.csv
2023/01/15,05:29 AM,18.28,14.0,76.0,WSW,4.18,6.28,1026.41,0.0,0.0,0.0,0.0,IMELBO1849.csv
2023/01/15,05:34 AM,18.39,14.11,76.0,SW,4.51,6.92,1026.75,0.0,0.0,0.0,0.0,IMELBO1849.csv
2023/01/15,05:39 AM,18.33,14.06,76.0,WSW,3.06,4.34,1027.09,0.0,0.0,0.0,0.0,IMELBO1849.csv
2023/01/15,05:44 AM,18.44,14.17,76.0,WSW,3.22,4.34,1027.09,0.0,0.0,0.0,0.0,IMELBO1849.csv
2023/01/15,05:49 AM,18.56,14.28,76.0,SSW,7.08,9.17,1027.09,0.0,0.0,0.0,0.0,IMELBO1849.csv
2023/01/15,05:54 AM,18.56,14.5,77.0,SSW,10.46,13.68,1027.09,0.0,0.0,0.0,0.0,IMELBO1849.csv
2023/01/15,05:59 AM,18.39,14.5,78.0,SW,7.88,10.78,1027.09,0.0,0.0,0.0,0.0,IMELBO1849.csv
2023/01/15,06:04 AM,18.44,14.56,78.0,SSW,8.53,11.58,1027.43,0.0,0.0,0.0,0.0,IMELBO1849.csv
2023/01/15,06:09 AM,18.28,14.56,79.0,SW,9.01,11.91,1027.43,0.0,0.0,0.0,0.0,IMELBO1849.csv
2023/01/15,06:14 AM,18.22,14.5,79.0,SSW,8.85,12.39,1027.43,0.0,0.0,0.0,0.0,IMELBO1849.csv
2023/01/15,06:19 AM,18.28,14.39,78.0,SW,6.28,9.17,1027.77,0.0,0.0,0.0,0.0,IMELBO1849.csv
2023/01/15,06:24 AM,18.28,14.39,78.0,SSW,6.11,8.85,1027.77,0.0,0.0,0.0,0.0,IMELBO1849.csv
2023/01/15,06:29 AM,18.28,14.56,79.0,SW,8.21,10.3,1027.77,0.0,0.0,0.0,0.4,IMELBO1849.csv
2023/01/15,06:34 AM,18.33,14.72,79.0,SW,6.44,8.69,1027.77,0.0,0.0,0.0,0.4,IMELBO1849.csv
2023/01/15,06:39 AM,18.28,14.78,80.0,SSW,5.95,8.69,1028.11,0.0,0.0,0.0,1.7,IMELBO1849.csv
2023/01/15,06:44 AM,18.17,15.0,82.0,SSW,7.88,11.42,1028.11,0.0,0.0,0.0,1.2,IMELBO1849.csv
2023/01/15,06:49 AM,17.78,14.72,82.0,SW,9.81,13.68,1028.11,0.0,0.0,0.0,3.4,IMELBO1849.csv
2023/01/15,06:54 AM,17.61,14.17,80.0,SW,8.21,11.42,1028.45,0.0,0.0,0.0,4.3,IMELBO1849.csv
2023/01/15,06:59 AM,17.61,14.28,81.0,SW,9.49,13.35,1028.45,0.0,0.0,0.0,6.0,IMELBO1849.csv
2023/01/15,07:04 AM,17.56,14.56,82.0,SW,8.53,11.58,1028.45,0.0,0.0,0.0,9.1,IMELBO1849.csv
2023/01/15,07:09 AM,17.33,14.56,84.0,SW,8.37,11.26,1028.78,0.0,0.0,0.0,9.5,IMELBO1849.csv
2023/01/15,07:14 AM,17.17,14.72,85.0,SW,9.98,13.03,1028.78,0.0,0.0,0.0,15.5,IMELBO1849.csv
2023/01/15,07:19 AM,17.0,14.78,86.0,SW,9.49,12.55,1028.78,0.0,0.0,0.0,16.9,IMELBO1849.csv
2023/01/15,07:24 AM,16.94,14.89,87.0,SW,9.01,12.55,1029.12,0.0,0.0,0.0,19.9,IMELBO1849.csv
2023/01/15,07:29 AM,16.78,14.83,88.0,SW,6.92,9.33,1029.12,0.0,0.0,0.0,20.8,IMELBO1849.csv
2023/01/15,07:34 AM,16.83,15.06,89.0,SSW,7.24,10.3,1029.12,0.0,0.0,0.0,17.7,IMELBO1849.csv
2023/01/15,07:39 AM,16.72,15.06,90.0,SSW,9.17,12.07,1029.12,0.0,0.0,0.0,16.0,IMELBO1849.csv
2023/01/15,07:44 AM,16.72,15.28,91.0,SW,6.28,8.85,1029.46,0.0,0.0,0.0,24.7,IMELBO1849.csv
2023/01/15,07:49 AM,16.5,15.17,92.0,SW,8.04,10.78,1029.46,1.27,0.25,0.0,25.9,IMELBO1849.csv
2023/01/15,07:54 AM,16.44,15.22,92.0,SW,5.31,7.56,1029.8,1.27,0.25,0.0,31.6,IMELBO1849.csv
2023/01/15,07:59 AM,16.33,15.17,93.0,WSW,6.44,8.69,1029.8,1.27,0.25,0.0,32.1,IMELBO1849.csv
2023/01/15,08:04 AM,16.33,15.17,93.0,SW,5.47,7.4,1029.8,0.0,0.25,0.0,46.7,IMELBO1849.csv
2023/01/15,08:09 AM,16.33,15.17,93.0,SW,5.31,6.44,1030.14,0.0,0.25,0.0,49.8,IMELBO1849.csv
2023/01/15,08:14 AM,16.28,15.22,94.0,SW,4.67,6.11,1030.14,0.0,0.25,0.0,48.6,IMELBO1849.csv
2023/01/15,08:19 AM,16.33,15.22,94.0,SW,6.11,8.21,1030.14,0.0,0.25,0.0,38.5,IMELBO1849.csv
2023/01/15,08:24 AM,16.17,15.11,94.0,SW,9.17,11.58,1030.14,1.78,0.51,0.0,61.5,IMELBO1849.csv
2023/01/15,08:29 AM,15.94,14.89,94.0,SW,8.21,10.62,1030.14,1.78,0.51,0.0,55.1,IMELBO1849.csv
2023/01/15,08:34 AM,15.83,14.67,93.0,SW,9.01,12.55,1030.48,1.78,0.51,0.0,60.7,IMELBO1849.csv
2023/01/15,08:39 AM,15.78,14.61,93.0,SW,5.95,8.69,1030.48,0.0,0.51,0.0,69.4,IMELBO1849.csv
2023/01/15,08:44 AM,15.72,14.56,93.0,SSW,6.76,9.01,1030.48,0.0,0.51,0.0,76.3,IMELBO1849.csv
2023/01/15,08:49 AM,15.78,14.56,92.0,SW,5.31,6.76,1030.48,0.0,0.51,0.0,80.6,IMELBO1849.csv
2023/01/15,08:54 AM,15.94,14.67,92.0,SW,4.51,6.44,1030.48,0.0,0.51,0.0,94.9,IMELBO1849.csv
2023/01/15,08:59 AM,16.0,14.72,92.0,SW,4.51,5.95,1030.48,0.0,0.51,1.0,117.1,IMELBO1849.csv
2023/01/15,09:04 AM,16.11,14.67,91.0,SW,6.11,8.85,1030.48,0.0,0.51,1.0,113.7,IMELBO1849.csv
2023/01/15,09:09 AM,16.17,14.44,89.0,SW,6.76,9.65,1030.48,0.0,0.51,0.0,71.1,IMELBO1849.csv
2023/01/15,09:14 AM,16.17,14.06,87.0,SW,8.53,12.07,1030.82,0.0,0.51,0.0,84.0,IMELBO1849.csv
2023/01/15,09:19 AM,16.44,14.17,86.0,SSW,6.76,9.17,1030.82,0.0,0.51,1.0,100.6,IMELBO1849.csv
2023/01/15,09:24 AM,16.56,13.94,85.0,SW,7.88,10.94,1030.82,0.0,0.51,0.0,85.0,IMELBO1849.csv
2023/01/15,09:29 AM,16.78,13.78,82.0,SW,7.4,10.78,1030.82,0.0,0.51,1.0,107.9,IMELBO1849.csv
2023/01/15,09:34 AM,16.89,13.44,80.0,SSW,7.72,10.46,1031.16,0.0,0.51,1.0,139.2,IMELBO1849.csv
2023/01/15,09:39 AM,17.06,13.28,78.0,SSW,10.62,13.84,1030.82,0.0,0.51,1.0,143.5,IMELBO1849.csv
2023/01/15,09:44 AM,17.22,13.44,78.0,SW,7.56,10.14,1031.16,0.0,0.51,1.0,132.2,IMELBO1849.csv
2023/01/15,09:49 AM,17.28,13.39,78.0,SW,8.69,11.42,1031.16,0.0,0.51,1.0,150.5,IMELBO1849.csv
2023/01/15,09:54 AM,17.44,13.28,77.0,SSW,7.56,10.14,1031.16,0.0,0.51,1.0,143.5,IMELBO1849.csv
2023/01/15,09:59 AM,17.44,13.06,75.0,South,6.28,8.37,1031.16,0.0,0.51,1.0,128.8,IMELBO1849.csv
2023/01/15,10:04 AM,17.5,12.89,74.0,SW,9.49,12.55,1031.16,0.0,0.51,1.0,144.0,IMELBO1849.csv
2023/01/15,10:09 AM,17.56,12.83,74.0,SW,9.17,12.23,1031.16,0.0,0.51,1.0,160.9,IMELBO1849.csv
2023/01/15,10:14 AM,17.5,12.72,74.0,SW,9.33,12.07,1031.16,0.0,0.51,1.0,161.7,IMELBO1849.csv
2023/01/15,10:19 AM,17.44,12.89,74.0,SW,11.91,16.41,1031.49,0.0,0.51,1.0,139.2,IMELBO1849.csv
2023/01/15,10:24 AM,17.28,12.72,74.0,SSW,9.33,14.16,1031.49,0.0,0.51,1.0,162.2,IMELBO1849.csv
2023/01/15,10:29 AM,17.28,12.44,73.0,SW,6.76,9.49,1031.49,0.0,0.51,1.0,175.7,IMELBO1849.csv
2023/01/15,10:34 AM,17.56,12.44,72.0,SSW,9.65,13.19,1031.49,0.0,0.51,1.0,179.1,IMELBO1849.csv
2023/01/15,10:39 AM,17.78,12.67,72.0,SSW,9.01,12.23,1031.49,0.0,0.51,1.0,179.9,IMELBO1849.csv
2023/01/15,10:44 AM,17.78,12.72,72.0,SSW,7.56,9.81,1031.49,0.0,0.51,1.0,139.6,IMELBO1849.csv
2023/01/15,10:49 AM,17.78,12.72,72.0,South,8.69,11.91,1031.49,0.0,0.51,1.0,153.5,IMELBO1849.csv
2023/01/15,10:54 AM,17.72,12.56,72.0,SSW,7.24,10.46,1031.49,0.0,0.51,1.0,148.8,IMELBO1849.csv
2023/01/15,10:59 AM,17.61,12.28,71.0,South,7.24,10.46,1031.49,0.0,0.51,1.0,169.1,IMELBO1849.csv
2023/01/15,11:04 AM,17.61,12.17,70.0,SSW,6.92,9.65,1031.49,0.0,0.51,1.0,174.8,IMELBO1849.csv
2023/01/15,11:09 AM,17.78,11.83,68.0,SSW,7.08,11.1,1031.49,0.0,0.51,2.0,210.8,IMELBO1849.csv
2023/01/15,11:14 AM,17.89,11.72,67.0,SSW,9.98,13.52,1031.83,0.0,0.51,2.0,215.1,IMELBO1849.csv
2023/01/15,11:19 AM,17.83,11.67,67.0,SW,8.04,11.58,1031.83,0.0,0.51,2.0,241.1,IMELBO1849.csv
2023/01/15,11:24 AM,18.06,11.67,66.0,SW,10.3,14.32,1031.83,0.0,0.51,2.0,241.6,IMELBO1849.csv
2023/01/15,11:29 AM,18.11,11.56,66.0,SW,9.49,13.03,1031.83,0.0,0.51,2.0,251.5,IMELBO1849.csv
2023/01/15,11:34 AM,18.22,11.5,65.0,SW,8.69,12.55,1031.83,0.0,0.51,2.0,266.7,IMELBO1849.csv
2023/01/15,11:39 AM,18.28,11.67,65.0,SSW,9.01,13.35,1031.83,0.0,0.51,2.0,259.4,IMELBO1849.csv
2023/01/15,11:44 AM,18.28,11.61,65.0,South,9.33,13.19,1031.83,0.0,0.51,2.0,241.6,IMELBO1849.csv
2023/01/15,11:49 AM,18.06,11.33,65.0,SSW,9.65,14.0,1032.17,0.0,0.51,2.0,263.8,IMELBO1849.csv
2023/01/15,11:54 AM,18.11,11.33,65.0,SSW,10.62,15.61,1031.83,0.0,0.51,2.0,263.8,IMELBO1849.csv
2023/01/15,11:59 AM,18.0,11.28,65.0,South,7.08,10.62,1032.17,0.0,0.51,2.0,282.8,IMELBO1849.csv
2023/01/15,12:04 PM,18.17,11.33,64.0,South,9.81,14.8,1032.17,0.0,0.51,2.0,292.8,IMELBO1849.csv
2023/01/15,12:09 PM,18.28,11.33,64.0,SSW,8.69,12.07,1032.17,0.0,0.51,3.0,327.0,IMELBO1849.csv
2023/01/15,12:14 PM,18.44,11.44,64.0,SSE,8.21,11.91,1032.17,0.0,0.51,3.0,317.1,IMELBO1849.csv
2023/01/15,12:19 PM,18.39,11.39,64.0,SSW,9.81,14.16,1032.51,0.0,0.51,3.0,342.2,IMELBO1849.csv
2023/01/15,12:24 PM,18.67,11.44,63.0,SSW,7.4,10.62,1032.51,0.0,0.51,3.0,342.2,IMELBO1849.csv
2023/01/15,12:29 PM,18.67,11.33,63.0,ESE,9.01,13.03,1032.17,0.0,0.51,2.0,300.1,IMELBO1849.csv
2023/01/15,12:34 PM,18.39,11.17,63.0,SSW,10.46,14.64,1032.17,0.0,0.51,3.0,318.3,IMELBO1849.csv
2023/01/15,12:39 PM,18.56,11.06,62.0,SW,9.17,13.19,1032.17,0.0,0.51,3.0,373.9,IMELBO1849.csv
2023/01/15,12:44 PM,18.67,11.17,62.0,SSW,12.71,16.57,1032.17,0.0,0.51,4.0,435.9,IMELBO1849.csv
2023/01/15,12:49 PM,18.67,11.17,62.0,SSW,10.46,14.48,1032.17,0.0,0.51,4.0,413.7,IMELBO1849.csv
2023/01/15,12:54 PM,18.94,11.28,61.0,South,7.56,11.1,1032.17,0.0,0.51,4.0,409.9,IMELBO1849.csv
2023/01/15,12:59 PM,18.83,11.28,61.0,SSW,10.14,13.52,1032.17,0.0,0.51,4.0,429.9,IMELBO1849.csv
2023/01/15,01:04 PM,19.28,11.56,61.0,South,7.24,9.98,1032.17,0.0,0.51,3.0,404.7,IMELBO1849.csv
2023/01/15,01:09 PM,19.22,11.56,61.0,SSW,6.6,9.49,1032.17,0.0,0.51,3.0,381.7,IMELBO1849.csv
2023/01/15,01:14 PM,19.5,11.56,60.0,South,8.69,13.03,1032.17,0.0,0.51,4.0,415.6,IMELBO1849.csv
2023/01/15,01:19 PM,19.33,11.5,60.0,SSE,7.72,10.62,1032.17,0.0,0.51,4.0,433.3,IMELBO1849.csv
2023/01/15,01:24 PM,19.33,11.5,60.0,South,7.72,11.1,1032.17,0.0,0.51,3.0,368.7,IMELBO1849.csv
2023/01/15,01:29 PM,19.28,11.5,61.0,SSW,8.04,10.94,1031.83,0.0,0.51,3.0,392.6,IMELBO1849.csv
2023/01/15,01:34 PM,19.11,11.39,61.0,SSW,9.49,12.71,1032.17,0.0,0.51,4.0,437.7,IMELBO1849.csv
2023/01/15,01:39 PM,19.0,11.28,61.0,SSW,10.94,14.96,1032.17,0.0,0.51,4.0,453.7,IMELBO1849.csv
2023/01/15,01:44 PM,19.33,11.44,60.0,SW,7.08,9.49,1031.83,0.0,0.51,4.0,494.1,IMELBO1849.csv
2023/01/15,01:49 PM,19.5,11.72,61.0,SSW,10.14,14.16,1031.83,0.0,0.51,4.0,434.7,IMELBO1849.csv
2023/01/15,01:54 PM,19.22,11.61,61.0,SSW,7.72,10.94,1031.83,0.0,0.51,4.0,428.2,IMELBO1849.csv
2023/01/15,01:59 PM,19.56,11.61,60.0,SW,9.81,13.52,1031.83,0.0,0.51,4.0,457.7,IMELBO1849.csv
2023/01/15,02:04 PM,19.33,11.56,61.0,SSW,10.3,13.84,1031.83,0.0,0.51,4.0,464.5,IMELBO1849.csv
2023/01/15,02:09 PM,19.72,11.61,59.0,South,7.56,10.94,1031.83,0.0,0.51,4.0,481.9,IMELBO1849.csv
2023/01/15,02:14 PM,19.78,11.72,60.0,South,8.04,11.58,1031.83,0.0,0.51,4.0,447.6,IMELBO1849.csv
2023/01/15,02:19 PM,19.5,11.78,61.0,South,7.4,10.62,1031.83,0.0,0.51,4.0,443.7,IMELBO1849.csv
2023/01/15,02:24 PM,19.28,11.78,62.0,SSW,12.39,16.57,1031.83,0.0,0.51,3.0,395.1,IMELBO1849.csv
2023/01/15,02:29 PM,19.11,11.67,62.0,SW,9.81,13.52,1031.83,0.0,0.51,3.0,380.0,IMELBO1849.csv
2023/01/15,02:34 PM,18.89,11.56,62.0,SW,13.03,16.89,1031.83,0.0,0.51,3.0,343.5,IMELBO1849.csv
2023/01/15,02:39 PM,18.83,11.44,62.0,SW,11.26,14.96,1031.83,0.0,0.51,3.0,344.0,IMELBO1849.csv
2023/01/15,02:44 PM,19.0,11.39,61.0,SSW,9.65,14.0,1031.83,0.0,0.51,3.0,342.7,IMELBO1849.csv
2023/01/15,02:49 PM,19.17,11.33,61.0,South,8.37,11.42,1031.83,0.0,0.51,3.0,374.4,IMELBO1849.csv
2023/01/15,02:54 PM,19.5,11.39,60.0,SSW,8.69,12.39,1031.83,0.0,0.51,3.0,408.6,IMELBO1849.csv
2023/01/15,02:59 PM,19.39,11.22,59.0,SSW,7.72,11.1,1032.17,0.0,0.51,4.0,426.3,IMELBO1849.csv
2023/01/15,03:04 PM,19.5,11.11,58.0,SSW,12.87,16.41,1031.83,0.0,0.51,4.0,458.9,IMELBO1849.csv
2023/01/15,03:09 PM,19.61,11.06,58.0,SSW,7.72,10.78,1032.17,0.0,0.51,4.0,428.5,IMELBO1849.csv
2023/01/15,03:14 PM,19.83,11.28,58.0,SSW,8.85,12.87,1032.17,0.0,0.51,3.0,408.1,IMELBO1849.csv
2023/01/15,03:19 PM,19.67,11.33,59.0,SW,9.17,12.39,1032.17,0.0,0.51,4.0,470.6,IMELBO1849.csv
2023/01/15,03:24 PM,19.44,11.11,59.0,SSW,11.58,16.09,1032.17,0.0,0.51,4.0,420.7,IMELBO1849.csv
2023/01/15,03:29 PM,19.44,11.22,59.0,SSW,9.33,14.0,1032.17,0.0,0.51,3.0,377.8,IMELBO1849.csv
2023/01/15,03:34 PM,19.61,11.56,60.0,South,7.72,12.07,1032.17,0.0,0.51,3.0,359.2,IMELBO1849.csv
2023/01/15,03:39 PM,19.5,11.56,60.0,South,9.49,12.87,1032.17,0.0,0.51,4.0,458.0,IMELBO1849.csv
2023/01/15,03:44 PM,19.61,11.44,59.0,SSW,11.26,14.8,1032.17,0.0,0.51,4.0,489.3,IMELBO1849.csv
2023/01/15,03:49 PM,19.33,11.22,59.0,South,9.65,13.68,1032.17,0.0,0.51,4.0,430.7,IMELBO1849.csv
2023/01/15,03:54 PM,19.67,11.33,59.0,South,10.3,15.29,1032.17,0.0,0.51,4.0,471.1,IMELBO1849.csv
2023/01/15,03:59 PM,19.39,11.28,59.0,SSW,10.46,14.64,1032.17,0.0,0.51,4.0,416.4,IMELBO1849.csv
2023/01/15,04:04 PM,19.5,11.11,58.0,SSW,8.69,12.39,1032.17,0.0,0.51,4.0,439.8,IMELBO1849.csv
2023/01/15,04:09 PM,19.67,11.22,58.0,SSW,10.94,15.12,1032.17,0.0,0.51,4.0,440.3,IMELBO1849.csv
2023/01/15,04:14 PM,19.39,11.11,59.0,South,12.71,17.38,1032.17,0.0,0.51,4.0,437.7,IMELBO1849.csv
2023/01/15,04:19 PM,19.39,11.22,59.0,South,9.98,14.8,1032.17,0.0,0.51,4.0,427.2,IMELBO1849.csv
2023/01/15,04:24 PM,19.39,11.17,59.0,SSW,10.3,14.48,1032.17,0.0,0.51,4.0,449.8,IMELBO1849.csv
2023/01/15,04:29 PM,19.67,11.17,58.0,SSE,9.65,13.19,1032.17,0.0,0.51,4.0,455.5,IMELBO1849.csv
2023/01/15,04:34 PM,19.22,11.11,59.0,SSW,13.84,19.47,1032.17,0.0,0.51,4.0,436.4,IMELBO1849.csv
2023/01/15,04:39 PM,19.22,11.0,59.0,South,11.1,15.61,1032.51,0.0,0.51,4.0,483.6,IMELBO1849.csv
2023/01/15,04:44 PM,19.22,10.94,59.0,SW,13.35,17.22,1032.51,0.0,0.51,4.0,448.5,IMELBO1849.csv
2023/01/15,04:49 PM,18.94,10.78,59.0,SW,12.71,17.7,1032.17,0.0,0.51,4.0,417.3,IMELBO1849.csv
2023/01/15,04:54 PM,19.17,10.72,58.0,SSW,10.62,14.32,1032.17,0.0,0.51,4.0,420.7,IMELBO1849.csv
2023/01/15,04:59 PM,19.06,10.61,58.0,SSW,9.65,14.0,1032.51,0.0,0.51,3.0,405.5,IMELBO1849.csv
2023/01/15,05:04 PM,19.17,10.67,58.0,SSW,12.71,19.63,1032.17,0.0,0.51,3.0,407.3,IMELBO1849.csv
2023/01/15,05:09 PM,18.89,10.61,59.0,SSW,11.42,14.8,1032.51,0.0,0.51,3.0,405.2,IMELBO1849.csv
2023/01/15,05:14 PM,19.28,10.67,57.0,SSW,8.04,11.1,1032.51,0.0,0.51,4.0,460.2,IMELBO1849.csv
2023/01/15,05:19 PM,19.39,10.78,57.0,South,7.08,10.14,1032.51,0.0,0.51,5.0,521.4,IMELBO1849.csv
2023/01/15,05:24 PM,19.78,10.83,56.0,SSW,8.53,12.39,1032.51,0.0,0.51,5.0,540.0,IMELBO1849.csv
2023/01/15,05:29 PM,19.28,10.78,58.0,South,10.62,15.45,1032.51,0.0,0.51,4.0,438.1,IMELBO1849.csv
2023/01/15,05:34 PM,19.0,10.78,59.0,SSW,11.1,15.29,1032.17,0.0,0.51,3.0,402.1,IMELBO1849.csv
2023/01/15,05:39 PM,18.78,10.67,59.0,South,10.62,15.12,1032.51,0.0,0.51,3.0,377.8,IMELBO1849.csv
2023/01/15,05:44 PM,18.78,10.67,59.0,SSW,10.94,14.96,1032.17,0.0,0.51,5.0,518.0,IMELBO1849.csv
2023/01/15,05:49 PM,18.83,10.61,59.0,SSW,10.94,15.12,1032.51,0.0,0.51,4.0,428.5,IMELBO1849.csv
2023/01/15,05:54 PM,18.67,10.56,59.0,SSW,11.1,15.29,1032.17,0.0,0.51,4.0,410.3,IMELBO1849.csv
2023/01/15,05:59 PM,18.44,10.56,60.0,SSW,11.58,16.41,1032.17,0.0,0.51,2.0,294.5,IMELBO1849.csv
2023/01/15,06:04 PM,18.28,10.44,60.0,SSW,8.04,11.75,1032.51,0.0,0.51,1.0,179.6,IMELBO1849.csv
2023/01/15,06:09 PM,18.22,10.56,61.0,SSW,11.91,17.06,1032.17,0.0,0.51,2.0,286.3,IMELBO1849.csv
2023/01/15,06:14 PM,18.44,10.56,60.0,South,7.72,12.39,1032.17,0.0,0.51,3.0,355.3,IMELBO1849.csv
2023/01/15,06:19 PM,18.44,10.44,60.0,SW,11.75,16.57,1032.51,0.0,0.51,3.0,318.0,IMELBO1849.csv
2023/01/15,06:24 PM,18.5,10.33,59.0,SSW,8.69,12.71,1032.17,0.0,0.51,3.0,323.6,IMELBO1849.csv
2023/01/15,06:29 PM,18.61,10.39,59.0,SW,9.49,14.32,1032.17,0.0,0.51,3.0,322.2,IMELBO1849.csv
2023/01/15,06:34 PM,18.67,10.5,59.0,SSE,8.37,12.07,1032.17,0.0,0.51,2.0,293.6,IMELBO1849.csv
2023/01/15,06:39 PM,18.67,10.39,59.0,SSW,6.92,10.3,1032.51,0.0,0.51,2.0,295.3,IMELBO1849.csv
2023/01/15,06:44 PM,18.78,10.5,59.0,SSW,8.53,12.71,1032.17,0.0,0.51,2.0,295.0,IMELBO1849.csv
2023/01/15,06:49 PM,18.56,10.56,60.0,South,9.65,14.48,1032.51,0.0,0.51,2.0,240.8,IMELBO1849.csv
2023/01/15,06:54 PM,18.28,10.33,60.0,SW,9.81,13.84,1032.17,0.0,0.51,2.0,238.1,IMELBO1849.csv
2023/01/15,06:59 PM,18.22,10.33,60.0,SSW,10.78,15.12,1032.51,0.0,0.51,1.0,189.1,IMELBO1849.csv
2023/01/15,07:04 PM,18.0,10.17,60.0,SW,10.78,15.29,1032.51,0.0,0.51,1.0,179.9,IMELBO1849.csv
2023/01/15,07:09 PM,18.0,10.11,60.0,SSW,11.58,15.12,1032.51,0.0,0.51,1.0,165.6,IMELBO1849.csv
2023/01/15,07:14 PM,17.72,10.11,61.0,SSW,12.39,17.06,1032.51,0.0,0.51,1.0,147.4,IMELBO1849.csv
2023/01/15,07:19 PM,17.72,10.11,61.0,SSW,10.14,14.64,1032.51,0.0,0.51,0.0,68.5,IMELBO1849.csv
2023/01/15,07:24 PM,17.61,10.0,61.0,SSW,10.46,14.64,1032.51,0.0,0.51,0.0,63.7,IMELBO1849.csv
2023/01/15,07:29 PM,17.56,10.11,62.0,SSW,11.1,15.93,1032.51,0.0,0.51,0.0,60.2,IMELBO1849.csv
2023/01/15,07:34 PM,17.44,10.28,63.0,SW,10.46,14.32,1032.51,0.0,0.51,0.0,66.3,IMELBO1849.csv
2023/01/15,07:39 PM,17.33,10.33,64.0,SW,11.42,15.77,1032.85,0.0,0.51,0.0,59.8,IMELBO1849.csv
2023/01/15,07:44 PM,17.22,10.33,64.0,SSW,12.07,15.61,1032.85,0.0,0.51,0.0,51.1,IMELBO1849.csv
2023/01/15,07:49 PM,17.11,10.22,64.0,SSW,12.39,17.22,1032.85,0.0,0.51,0.0,48.6,IMELBO1849.csv
2023/01/15,07:54 PM,17.11,10.22,64.0,SSW,10.62,14.64,1032.85,0.0,0.51,0.0,43.8,IMELBO1849.csv
2023/01/15,07:59 PM,17.0,10.17,64.0,SSW,10.46,14.96,1032.85,0.0,0.51,0.0,40.2,IMELBO1849.csv
2023/01/15,08:04 PM,16.89,10.11,64.0,SSW,8.37,11.75,1032.85,0.0,0.51,0.0,32.9,IMELBO1849.csv
2023/01/15,08:09 PM,16.83,10.17,64.0,SSW,9.49,13.84,1032.85,0.0,0.51,0.0,31.2,IMELBO1849.csv
2023/01/15,08:14 PM,16.67,10.11,65.0,SSW,13.03,18.18,1032.85,0.0,0.51,0.0,27.3,IMELBO1849.csv
2023/01/15,08:19 PM,16.61,10.0,65.0,SSW,8.69,12.71,1032.85,0.0,0.51,0.0,21.7,IMELBO1849.csv
2023/01/15,08:24 PM,16.5,9.89,65.0,South,9.01,12.87,1032.85,0.0,0.51,0.0,17.7,IMELBO1849.csv
2023/01/15,08:29 PM,16.44,9.89,65.0,South,7.56,10.78,1032.85,0.0,0.51,0.0,14.3,IMELBO1849.csv
2023/01/15,08:34 PM,16.33,10.0,66.0,SW,8.53,12.23,1033.19,0.0,0.51,0.0,10.8,IMELBO1849.csv
2023/01/15,08:39 PM,16.28,10.0,66.0,SW,8.21,11.75,1033.19,0.0,0.51,0.0,7.3,IMELBO1849.csv
2023/01/15,08:44 PM,16.22,9.94,66.0,SSW,7.24,10.62,1033.19,0.0,0.51,0.0,5.1,IMELBO1849.csv
2023/01/15,08:49 PM,16.17,10.0,67.0,SW,5.31,7.08,1033.19,0.0,0.51,0.0,2.1,IMELBO1849.csv
2023/01/15,08:54 PM,16.11,10.0,67.0,SSW,8.53,11.58,1033.19,0.0,0.51,0.0,0.4,IMELBO1849.csv
2023/01/15,08:59 PM,16.06,9.94,67.0,SSW,6.28,9.01,1033.19,0.0,0.51,0.0,0.0,IMELBO1849.csv
2023/01/15,09:04 PM,16.0,9.89,67.0,SW,8.04,11.26,1033.19,0.0,0.51,0.0,0.0,IMELBO1849.csv
2023/01/15,09:09 PM,16.0,9.89,67.0,South,5.31,7.72,1033.53,0.0,0.51,0.0,0.0,IMELBO1849.csv
2023/01/15,09:14 PM,16.06,10.06,67.0,SW,6.92,9.01,1033.53,0.0,0.51,0.0,0.0,IMELBO1849.csv
2023/01/15,09:19 PM,16.06,10.0,67.0,SSW,8.21,10.78,1033.53,0.0,0.51,0.0,0.0,IMELBO1849.csv
2023/01/15,09:24 PM,16.11,10.0,67.0,SSW,7.24,9.65,1033.53,0.0,0.51,0.0,0.0,IMELBO1849.csv
2023/01/15,09:29 PM,16.11,10.0,67.0,South,6.44,9.49,1033.53,0.0,0.51,0.0,0.0,IMELBO1849.csv
2023/01/15,09:34 PM,15.94,10.06,68.0,SSW,6.11,9.01,1033.53,0.0,0.51,0.0,0.0,IMELBO1849.csv
2023/01/15,09:39 PM,15.89,10.0,68.0,SSW,6.11,9.01,1033.53,0.0,0.51,0.0,0.0,IMELBO1849.csv
2023/01/15,09:44 PM,15.89,9.94,68.0,South,6.28,9.33,1033.53,0.0,0.51,0.0,0.0,IMELBO1849.csv
2023/01/15,09:49 PM,15.89,9.78,67.0,SSW,4.83,6.6,1033.53,0.0,0.51,0.0,0.0,IMELBO1849.csv
2023/01/15,09:54 PM,15.89,9.78,67.0,SSW,6.6,9.65,1033.86,0.0,0.51,0.0,0.0,IMELBO1849.csv
2023/01/15,09:59 PM,15.89,9.78,67.0,South,5.31,7.88,1033.53,0.0,0.51,0.0,0.0,IMELBO1849.csv
2023/01/15,10:04 PM,15.89,9.89,67.0,SSW,6.28,9.17,1033.86,0.0,0.51,0.0,0.0,IMELBO1849.csv
2023/01/15,10:09 PM,15.78,9.89,68.0,SSW,5.79,8.53,1033.86,0.0,0.51,0.0,0.0,IMELBO1849.csv
2023/01/15,10:14 PM,15.72,9.83,68.0,SSW,5.15,7.72,1033.53,0.0,0.51,0.0,0.0,IMELBO1849.csv
2023/01/15,10:19 PM,15.72,9.83,68.0,SSW,4.34,6.76,1033.53,0.0,0.51,0.0,0.0,IMELBO1849.csv
2023/01/15,10:24 PM,15.67,9.94,69.0,South,5.95,8.37,1033.86,0.0,0.51,0.0,0.0,IMELBO1849.csv
2023/01/15,10:29 PM,15.56,9.94,69.0,SSW,5.15,7.24,1033.86,0.0,0.51,0.0,0.0,IMELBO1849.csv
2023/01/15,10:34 PM,15.5,10.11,70.0,South,5.79,7.4,1033.53,0.0,0.51,0.0,0.0,IMELBO1849.csv
2023/01/15,10:39 PM,15.5,10.11,70.0,South,5.31,7.72,1033.53,0.0,0.51,0.0,0.0,IMELBO1849.csv
2023/01/15,10:44 PM,15.39,10.0,70.0,South,4.99,7.4,1033.53,0.0,0.51,0.0,0.0,IMELBO1849.csv
2023/01/15,10:49 PM,15.28,10.06,71.0,South,3.38,4.51,1033.53,0.0,0.51,0.0,0.0,IMELBO1849.csv
2023/01/15,10:54 PM,15.22,10.0,71.0,SSW,5.79,8.37,1033.53,0.0,0.51,0.0,0.0,IMELBO1849.csv
2023/01/15,10:59 PM,15.22,10.0,71.0,SSW,5.47,8.21,1033.53,0.0,0.51,0.0,0.0,IMELBO1849.csv
2023/01/15,11:04 PM,15.17,9.94,71.0,South,4.67,7.08,1033.53,0.0,0.51,0.0,0.0,IMELBO1849.csv
2023/01/15,11:09 PM,15.11,9.89,71.0,SSW,5.63,7.88,1033.19,0.0,0.51,0.0,0.0,IMELBO1849.csv
2023/01/15,11:14 PM,15.11,9.78,70.0,South,4.67,6.76,1033.19,0.0,0.51,0.0,0.0,IMELBO1849.csv
2023/01/15,11:19 PM,15.0,9.72,71.0,SSW,2.57,4.18,1033.19,0.0,0.51,0.0,0.0,IMELBO1849.csv
2023/01/15,11:24 PM,14.89,9.72,71.0,South,5.63,7.4,1033.19,0.0,0.51,0.0,0.0,IMELBO1849.csv
2023/01/15,11:29 PM,14.94,9.78,71.0,SW,4.02,5.79,1033.19,0.0,0.51,0.0,0.0,IMELBO1849.csv
2023/01/15,11:34 PM,14.89,9.89,72.0,SSW,5.63,7.24,1033.19,0.0,0.51,0.0,0.0,IMELBO1849.csv
2023/01/15,11:39 PM,14.89,9.89,72.0,SSW,4.67,5.79,1033.53,0.0,0.51,0.0,0.0,IMELBO1849.csv
2023/01/15,11:44 PM,14.89,9.89,72.0,SSW,4.67,6.11,1033.19,0.0,0.51,0.0,0.0,IMELBO1849.csv
2023/01/15,11:49 PM,15.0,10.0,72.0,SSW,4.51,5.79,1033.19,0.0,0.51,0.0,0.0,IMELBO1849.csv
2023/01/15,11:54 PM,15.06,10.06,72.0,SSW,5.95,8.21,1033.19,0.0,0.51,0.0,0.0,IMELBO1849.csv
2023/01/15,11:59 PM,15.11,10.11,72.0,SSW,6.28,7.88,1033.19,0.0,0.51,0.0,0.0,IMELBO1849.csv
2023/01/16,12:04 AM,15.22,10.22,72.0,SSW,4.51,6.11,1033.19,0.0,0.0,0.0,0.0,IMELBO1849.csv
2023/01/16,12:09 AM,15.22,10.22,72.0,SSW,4.51,6.92,1032.85,0.0,0.0,0.0,0.0,IMELBO1849.csv
2023/01/16,12:14 AM,15.22,10.22,72.0,SSW,5.15,6.76,1032.85,0.0,0.0,0.0,0.0,IMELBO1849.csv
2023/01/16,12:19 AM,15.28,10.28,72.0,SW,5.95,8.04,1033.19,0.0,0.0,0.0,0.0,IMELBO1849.csv
2023/01/16,12:24 AM,15.28,10.28,72.0,SSW,6.6,9.17,1032.85,0.0,0.0,0.0,0.0,IMELBO1849.csv
2023/01/16,12:29 AM,15.28,10.28,72.0,SSW,5.47,7.4,1032.85,0.0,0.0,0.0,0.0,IMELBO1849.csv
2023/01/16,12:34 AM,15.33,10.33,72.0,SSW,4.51,6.44,1032.85,0.0,0.0,0.0,0.0,IMELBO1849.csv
2023/01/16,12:39 AM,15.28,10.28,72.0,SW,5.47,7.24,1032.85,0.0,0.0,0.0,0.0,IMELBO1849.csv
2023/01/16,12:44 AM,15.39,10.39,72.0,SW,4.02,5.95,1032.51,0.0,0.0,0.0,0.0,IMELBO1849.csv
2023/01/16,12:49 AM,15.39,10.39,72.0,SW,3.86,5.31,1032.85,0.0,0.0,0.0,0.0,IMELBO1849.csv
2023/01/16,12:54 AM,15.39,10.39,72.0,SSW,4.99,6.6,1032.85,0.0,0.0,0.0,0.0,IMELBO1849.csv
2023/01/16,12:59 AM,15.39,10.39,72.0,SW,5.31,7.24,1032.85,0.0,0.0,0.0,0.0,IMELBO1849.csv
2023/01/16,01:04 AM,15.39,10.39,72.0,SSW,7.08,9.01,1032.51,0.0,0.0,0.0,0.0,IMELBO1849.csv
2023/01/16,01:09 AM,15.39,10.5,73.0,South,4.83,6.92,1032.51,0.0,0.0,0.0,0.0,IMELBO1849.csv
2023/01/16,01:14 AM,15.5,10.67,73.0,SSW,4.83,6.6,1032.85,0.0,0.0,0.0,0.0,IMELBO1849.csv
2023/01/16,01:19 AM,15.5,10.72,73.0,SSW,4.67,6.44,1032.51,0.0,0.0,0.0,0.0,IMELBO1849.csv
2023/01/16,01:24 AM,15.5,10.72,73.0,SSW,4.34,6.44,1032.51,0.0,0.0,0.0,0.0,IMELBO1849.csv
2023/01/16,01:29 AM,15.5,10.72,73.0,SSW,5.47,7.4,1032.51,0.0,0.0,0.0,0.0,IMELBO1849.csv
2023/01/16,01:34 AM,15.5,10.72,73.0,SSW,4.18,5.79,1032.17,0.0,0.0,0.0,0.0,IMELBO1849.csv
2023/01/16,01:39 AM,15.5,10.72,73.0,SSW,5.15,6.76,1032.17,0.0,0.0,0.0,0.0,IMELBO1849.csv
2023/01/16,01:44 AM,15.5,10.72,73.0,SW,5.63,7.4,1032.17,0.0,0.0,0.0,0.0,IMELBO1849.csv
2023/01/16,01:49 AM,15.56,10.72,73.0,SSW,4.51,6.6,1032.17,0.0,0.0,0.0,0.0,IMELBO1849.csv
2023/01/16,01:54 AM,15.56,10.72,73.0,South,4.02,6.28,1032.17,0.0,0.0,0.0,0.0,IMELBO1849.csv
2023/01/16,01:59 AM,15.56,10.72,73.0,South,3.7,5.79,1031.83,0.0,0.0,0.0,0.0,IMELBO1849.csv
2023/01/16,02:04 AM,15.5,10.72,73.0,South,1.93,3.06,1031.83,0.0,0.0,0.0,0.0,IMELBO1849.csv
2023/01/16,02:09 AM,15.5,10.72,73.0,SSW,4.67,6.44,1032.17,0.0,0.0,0.0,0.0,IMELBO1849.csv
2023/01/16,02:14 AM,15.5,10.83,74.0,SSW,5.79,7.72,1032.17,0.0,0.0,0.0,0.0,IMELBO1849.csv
2023/01/16,02:19 AM,15.39,10.78,74.0,South,1.77,3.06,1032.17,0.0,0.0,0.0,0.0,IMELBO1849.csv
2023/01/16,02:24 AM,15.33,10.78,74.0,South,4.02,5.63,1032.17,0.0,0.0,0.0,0.0,IMELBO1849.csv
2023/01/16,02:29 AM,15.28,10.72,74.0,South,3.22,4.34,1031.83,0.0,0.0,0.0,0.0,IMELBO1849.csv
2023/01/16,02:34 AM,15.28,10.72,74.0,South,2.25,3.22,1031.83,0.0,0.0,0.0,0.0,IMELBO1849.csv
2023/01/16,02:39 AM,15.28,10.72,74.0,South,2.09,2.9,1031.83,0.0,0.0,0.0,0.0,IMELBO1849.csv
2023/01/16,02:44 AM,15.28,10.72,74.0,SSW,2.57,3.54,1031.83,0.0,0.0,0.0,0.0,IMELBO1849.csv
2023/01/16,02:49 AM,15.33,10.72,74.0,SSW,1.77,2.41,1031.83,0.0,0.0,0.0,0.0,IMELBO1849.csv
2023/01/16,02:54 AM,15.39,10.78,74.0,SSW,2.25,3.06,1031.83,0.0,0.0,0.0,0.0,IMELBO1849.csv
2023/01/16,02:59 AM,15.39,10.78,74.0,SSW,2.57,3.38,1031.83,0.0,0.0,0.0,0.0,IMELBO1849.csv
2023/01/16,03:04 AM,15.39,10.78,74.0,SSW,3.06,4.02,1031.83,0.0,0.0,0.0,0.0,IMELBO1849.csv
2023/01/16,03:09 AM,15.44,10.83,74.0,SSW,2.74,3.7,1031.83,0.0,0.0,0.0,0.0,IMELBO1849.csv
2023/01/16,03:14 AM,15.5,10.89,74.0,SW,3.22,4.34,1031.83,0.0,0.0,0.0,0.0,IMELBO1849.csv
2023/01/16,03:19 AM,15.5,10.89,74.0,SSW,3.54,4.34,1031.83,0.0,0.0,0.0,0.0,IMELBO1849.csv
2023/01/16,03:24 AM,15.5,10.89,74.0,SSW,3.22,4.18,1031.83,0.0,0.0,0.0,0.0,IMELBO1849.csv
2023/01/16,03:29 AM,15.56,10.94,74.0,SSW,2.74,3.38,1031.83,0.0,0.0,0.0,0.0,IMELBO1849.csv
2023/01/16,03:34 AM,15.56,11.0,74.0,SW,1.77,2.41,1031.83,0.0,0.0,0.0,0.0,IMELBO1849.csv
2023/01/16,03:39 AM,15.28,10.72,74.0,SW,0.64,0.97,1031.83,0.0,0.0,0.0,0.0,IMELBO1849.csv
2023/01/16,03:44 AM,15.22,10.61,74.0,SW,0.8,1.61,1031.83,0.0,0.0,0.0,0.0,IMELBO1849.csv
2023/01/16,03:49 AM,15.11,10.61,75.0,SW,1.61,2.25,1031.83,0.0,0.0,0.0,0.0,IMELBO1849.csv
2023/01/16,03:54 AM,15.11,10.72,75.0,SW,0.0,0.0,1031.83,0.0,0.0,0.0,0.0,IMELBO1849.csv
2023/01/16,03:59 AM,15.11,10.72,75.0,SW,0.64,1.29,1031.49,0.0,0.0,0.0,0.0,IMELBO1849.csv
2023/01/16,04:04 AM,15.06,10.67,75.0,WSW,1.45,2.09,1031.49,0.0,0.0,0.0,0.0,IMELBO1849.csv
2023/01/16,04:09 AM,15.0,10.61,75.0,WSW,1.45,1.77,1031.49,0.0,0.0,0.0,0.0,IMELBO1849.csv
2023/01/16,04:14 AM,15.0,10.61,75.0,SW,0.8,1.77,1031.49,0.0,0.0,0.0,0.0,IMELBO1849.csv
2023/01/16,04:19 AM,15.0,10.61,75.0,SW,0.64,1.29,1031.49,0.0,0.0,0.0,0.0,IMELBO1849.csv
2023/01/16,04:24 AM,15.0,10.61,75.0,WSW,0.97,2.25,1031.49,0.0,0.0,0.0,0.0,IMELBO1849.csv
2023/01/16,04:29 AM,15.0,10.61,75.0,WSW,1.29,2.09,1031.49,0.0,0.0,0.0,0.0,IMELBO1849.csv
2023/01/16,04:34 AM,14.94,10.56,75.0,WSW,1.45,2.25,1031.49,0.0,0.0,0.0,0.0,IMELBO1849.csv
2023/01/16,04:39 AM,14.94,10.56,75.0,WNW,2.09,2.9,1031.16,0.0,0.0,0.0,0.0,IMELBO1849.csv
2023/01/16,04:44 AM,14.94,10.78,76.0,West,1.13,1.77,1031.16,0.0,0.0,0.0,0.0,IMELBO1849.csv
2023/01/16,04:49 AM,15.0,10.78,76.0,WSW,0.8,1.29,1031.16,0.0,0.0,0.0,0.0,IMELBO1849.csv
2023/01/16,04:54 AM,15.0,10.78,76.0,WNW,2.41,3.22,1031.16,0.0,0.0,0.0,0.0,IMELBO1849.csv
2023/01/16,04:59 AM,15.0,10.78,76.0,West,1.93,2.9,1031.49,0.0,0.0,0.0,0.0,IMELBO1849.csv
2023/01/16,05:04 AM,15.06,10.83,76.0,WNW,1.93,2.9,1031.16,0.0,0.0,0.0,0.0,IMELBO1849.csv
2023/01/16,05:09 AM,15.11,10.89,76.0,West,1.61,2.74,1031.16,0.0,0.0,0.0,0.0,IMELBO1849.csv
2023/01/16,05:14 AM,15.11,10.89,76.0,WNW,2.9,4.02,1031.16,0.0,0.0,0.0,0.0,IMELBO1849.csv
2023/01/16,05:19 AM,15.11,10.89,76.0,WNW,2.74,3.86,1031.16,0.0,0.0,0.0,0.0,IMELBO1849.csv
2023/01/16,05:24 AM,15.11,10.89,76.0,WNW,3.38,4.83,1031.49,0.0,0.0,0.0,0.0,IMELBO1849.csv
2023/01/16,05:29 AM,15.11,10.89,76.0,WNW,2.09,2.9,1031.49,0.0,0.0,0.0,0.0,IMELBO1849.csv
2023/01/16,05:34 AM,15.11,10.89,76.0,WNW,3.38,4.67,1031.49,0.0,0.0,0.0,0.0,IMELBO1849.csv
2023/01/16,05:39 AM,15.0,10.78,76.0,WNW,3.38,4.83,1031.16,0.0,0.0,0.0,0.0,IMELBO1849.csv
2023/01/16,05:44 AM,15.06,11.0,77.0,WNW,2.9,4.18,1031.16,0.0,0.0,0.0,0.0,IMELBO1849.csv
2023/01/16,05:49 AM,15.11,11.11,77.0,WNW,1.77,2.74,1031.16,0.0,0.0,0.0,0.0,IMELBO1849.csv
2023/01/16,05:54 AM,15.11,11.11,77.0,WNW,3.86,5.31,1031.16,0.0,0.0,0.0,0.0,IMELBO1849.csv
2023/01/16,05:59 AM,15.11,11.11,77.0,WNW,2.09,3.06,1031.16,0.0,0.0,0.0,0.0,IMELBO1849.csv
2023/01/16,06:04 AM,15.11,11.11,77.0,WNW,2.41,3.54,1031.16,0.0,0.0,0.0,0.0,IMELBO1849.csv
2023/01/16,06:09 AM,15.22,11.22,77.0,WNW,2.25,3.38,1031.16,0.0,0.0,0.0,0.0,IMELBO1849.csv
2023/01/16,06:14 AM,15.22,11.22,77.0,West,1.77,2.74,1031.49,0.0,0.0,0.0,0.4,IMELBO1849.csv
2023/01/16,06:19 AM,15.22,11.22,77.0,West,1.29,2.25,1031.16,0.0,0.0,0.0,1.2,IMELBO1849.csv
2023/01/16,06:24 AM,15.22,11.22,77.0,WNW,1.61,2.41,1031.49,0.0,0.0,0.0,2.9,IMELBO1849.csv
2023/01/16,06:29 AM,15.22,11.22,77.0,WNW,1.29,2.09,1031.16,0.0,0.0,0.0,5.6,IMELBO1849.csv
2023/01/16,06:34 AM,15.28,11.28,77.0,WNW,1.29,2.09,1031.16,0.0,0.0,0.0,8.6,IMELBO1849.csv
2023/01/16,06:39 AM,15.28,11.28,77.0,WNW,2.57,3.7,1030.82,0.0,0.0,0.0,10.8,IMELBO1849.csv
2023/01/16,06:44 AM,15.28,11.28,77.0,WNW,1.77,2.74,1030.82,0.0,0.0,0.0,10.4,IMELBO1849.csv
2023/01/16,06:49 AM,15.28,11.28,77.0,WNW,3.06,4.02,1030.82,0.0,0.0,0.0,10.4,IMELBO1849.csv
2023/01/16,06:54 AM,15.28,11.28,77.0,WNW,2.41,3.54,1031.16,0.0,0.0,0.0,11.6,IMELBO1849.csv
2023/01/16,06:59 AM,15.33,11.33,77.0,WNW,4.02,5.31,1031.16,0.0,0.0,0.0,12.5,IMELBO1849.csv
2023/01/16,07:04 AM,15.33,11.33,77.0,WNW,3.86,5.31,1031.16,0.0,0.0,0.0,17.7,IMELBO1849.csv
2023/01/16,07:09 AM,15.39,11.39,77.0,WNW,3.22,4.67,1031.49,0.0,0.0,0.0,17.7,IMELBO1849.csv
2023/01/16,07:14 AM,15.33,11.33,77.0,WNW,4.02,5.47,1031.16,0.0,0.0,0.0,21.7,IMELBO1849.csv
2023/01/16,07:19 AM,15.28,11.17,76.0,WNW,2.74,4.02,1031.16,0.0,0.0,0.0,35.5,IMELBO1849.csv
2023/01/16,07:24 AM,15.33,11.17,76.0,WNW,3.22,4.51,1031.49,0.0,0.0,0.0,73.7,IMELBO1849.csv
2023/01/16,07:29 AM,15.56,11.22,76.0,WNW,4.51,5.79,1031.49,0.0,0.0,0.0,75.5,IMELBO1849.csv
2023/01/16,07:34 AM,15.67,11.28,75.0,WNW,3.22,4.51,1031.16,0.0,0.0,0.0,75.8,IMELBO1849.csv
2023/01/16,07:39 AM,15.78,11.33,75.0,WNW,3.06,4.83,1031.16,0.0,0.0,0.0,81.1,IMELBO1849.csv
2023/01/16,07:44 AM,15.83,11.44,75.0,WNW,2.74,4.18,1031.16,0.0,0.0,0.0,85.9,IMELBO1849.csv
2023/01/16,07:49 AM,15.94,11.5,75.0,WNW,2.9,4.18,1031.16,0.0,0.0,1.0,123.6,IMELBO1849.csv
2023/01/16,07:54 AM,16.17,11.56,74.0,WNW,2.74,3.54,1031.16,0.0,0.0,1.0,129.2,IMELBO1849.csv
2023/01/16,07:59 AM,16.44,11.83,74.0,West,0.8,1.45,1031.49,0.0,0.0,1.0,138.4,IMELBO1849.csv
2023/01/16,08:04 AM,16.56,11.83,74.0,WNW,1.29,1.93,1031.49,0.0,0.0,1.0,150.0,IMELBO1849.csv
2023/01/16,08:09 AM,16.83,11.83,72.0,WNW,1.93,3.06,1031.49,0.0,0.0,1.0,147.1,IMELBO1849.csv
2023/01/16,08:14 AM,16.94,11.94,73.0,WNW,1.77,2.57,1031.49,0.0,0.0,1.0,129.7,IMELBO1849.csv
2023/01/16,08:19 AM,16.89,12.0,73.0,WNW,1.29,2.25,1031.49,0.0,0.0,1.0,100.2,IMELBO1849.csv
2023/01/16,08:24 AM,16.94,12.06,73.0,NW,1.77,2.25,1031.83,0.0,0.0,0.0,94.9,IMELBO1849.csv
2023/01/16,08:29 AM,16.83,12.11,74.0,West,1.45,2.09,1031.49,0.0,0.0,1.0,116.2,IMELBO1849.csv
2023/01/16,08:34 AM,16.83,12.17,74.0,WNW,0.97,1.93,1031.49,0.0,0.0,1.0,139.2,IMELBO1849.csv
2023/01/16,08:39 AM,17.0,12.17,73.0,NNW,0.64,0.97,1031.83,0.0,0.0,1.0,160.9,IMELBO1849.csv
2023/01/16,08:44 AM,17.28,12.33,73.0,NNW,1.61,2.25,1031.83,0.0,0.0,1.0,169.1,IMELBO1849.csv
2023/01/16,08:49 AM,17.44,12.33,72.0,WNW,1.29,2.09,1031.49,0.0,0.0,1.0,192.6,IMELBO1849.csv
2023/01/16,08:54 AM,17.72,12.56,72.0,NW,0.64,1.45,1031.83,0.0,0.0,2.0,208.2,IMELBO1849.csv
2023/01/16,08:59 AM,17.78,12.72,72.0,NW,1.45,2.41,1031.83,0.0,0.0,2.0,209.1,IMELBO1849.csv
2023/01/16,09:04 AM,17.89,12.78,72.0,North,1.77,2.41,1031.83,0.0,0.0,2.0,207.4,IMELBO1849.csv
2023/01/16,09:09 AM,17.72,12.78,73.0,NW,0.64,1.61,1031.49,0.0,0.0,2.0,208.6,IMELBO1849.csv
2023/01/16,09:14 AM,17.61,12.5,72.0,WNW,0.8,1.61,1031.49,0.0,0.0,2.0,212.5,IMELBO1849.csv
2023/01/16,09:19 AM,17.78,12.67,72.0,WNW,0.97,1.45,1031.49,0.0,0.0,1.0,201.6,IMELBO1849.csv
2023/01/16,09:24 AM,18.0,12.72,71.0,NW,1.29,2.25,1031.49,0.0,0.0,1.0,192.6,IMELBO1849.csv
2023/01/16,09:29 AM,17.83,12.72,72.0,West,0.97,1.61,1031.83,0.0,0.0,1.0,188.3,IMELBO1849.csv
2023/01/16,09:34 AM,17.83,12.72,72.0,West,1.13,1.61,1031.83,0.0,0.0,2.0,210.3,IMELBO1849.csv
2023/01/16,09:39 AM,18.11,12.78,71.0,WNW,0.64,1.29,1031.49,0.0,0.0,2.0,241.6,IMELBO1849.csv
2023/01/16,09:44 AM,18.39,12.89,70.0,WNW,1.77,2.57,1031.83,0.0,0.0,2.0,267.2,IMELBO1849.csv
2023/01/16,09:49 AM,18.39,12.94,70.0,NW,2.25,3.22,1031.83,0.0,0.0,4.0,509.6,IMELBO1849.csv
2023/01/16,09:54 AM,18.94,13.11,69.0,NW,1.45,2.74,1031.49,0.0,0.0,3.0,369.6,IMELBO1849.csv
2023/01/16,09:59 AM,18.83,13.11,69.0,WNW,1.93,3.06,1031.49,0.0,0.0,2.0,264.6,IMELBO1849.csv
2023/01/16,10:04 AM,18.72,13.0,69.0,WSW,2.09,2.74,1031.49,0.0,0.0,2.0,253.7,IMELBO1849.csv
2023/01/16,10:09 AM,18.72,12.94,69.0,NNW,1.13,1.93,1031.49,0.0,0.0,2.0,268.5,IMELBO1849.csv
2023/01/16,10:14 AM,18.72,13.06,70.0,East,2.9,3.54,1031.49,0.0,0.0,2.0,298.9,IMELBO1849.csv
2023/01/16,10:19 AM,18.72,13.0,70.0,ENE,1.61,2.57,1031.49,0.0,0.0,2.0,303.6,IMELBO1849.csv
2023/01/16,10:24 AM,19.17,13.17,68.0,NNW,0.48,0.97,1031.49,0.0,0.0,3.0,307.1,IMELBO1849.csv
2023/01/16,10:29 AM,19.67,13.33,67.0,NW,0.97,1.61,1031.49,0.0,0.0,3.0,312.7,IMELBO1849.csv
2023/01/16,10:34 AM,19.94,13.5,66.0,WNW,1.45,2.41,1031.49,0.0,0.0,3.0,313.2,IMELBO1849.csv
2023/01/16,10:39 AM,19.72,13.39,67.0,WNW,0.97,1.77,1031.49,0.0,0.0,3.0,312.7,IMELBO1849.csv
2023/01/16,10:44 AM,20.0,13.5,66.0,NNW,0.97,1.61,1031.49,0.0,0.0,3.0,310.6,IMELBO1849.csv
2023/01/16,10:49 AM,20.33,13.61,65.0,WNW,1.77,2.74,1031.49,0.0,0.0,2.0,301.4,IMELBO1849.csv
2023/01/16,10:54 AM,20.17,13.56,66.0,WSW,0.97,1.61,1031.49,0.0,0.0,3.0,309.3,IMELBO1849.csv
2023/01/16,10:59 AM,20.39,13.61,65.0,NNW,1.61,2.25,1031.49,0.0,0.0,3.0,328.7,IMELBO1849.csv
2023/01/16,11:04 AM,20.39,13.72,66.0,NE,1.29,2.41,1031.49,0.0,0.0,3.0,363.5,IMELBO1849.csv
2023/01/16,11:09 AM,20.39,13.67,65.0,NE,1.29,1.93,1031.16,0.0,0.0,4.0,430.3,IMELBO1849.csv
2023/01/16,11:14 AM,20.56,13.78,65.0,NNE,2.41,3.38,1031.49,0.0,0.0,4.0,419.0,IMELBO1849.csv
2023/01/16,11:19 AM,20.78,13.83,64.0,NE,2.09,3.38,1031.16,0.0,0.0,4.0,421.6,IMELBO1849.csv
2023/01/16,11:24 AM,20.72,13.72,64.0,East,2.57,3.38,1031.16,0.0,0.0,4.0,453.7,IMELBO1849.csv
2023/01/16,11:29 AM,20.56,13.72,65.0,East,1.93,2.74,1031.16,0.0,0.0,8.0,897.1,IMELBO1849.csv
2023/01/16,11:34 AM,21.5,14.06,63.0,ESE,2.57,3.38,1031.49,0.0,0.0,9.0,931.3,IMELBO1849.csv
2023/01/16,11:39 AM,21.44,14.0,63.0,SSE,2.09,3.38,1031.16,0.0,0.0,8.0,882.3,IMELBO1849.csv
2023/01/16,11:44 AM,21.78,14.0,61.0,WSW,2.57,3.7,1031.16,0.0,0.0,8.0,852.4,IMELBO1849.csv
2023/01/16,11:49 AM,21.78,14.11,62.0,NNW,1.93,2.41,1031.16,0.0,0.0,5.0,581.7,IMELBO1849.csv
2023/01/16,11:54 AM,22.56,14.44,60.0,NE,2.41,3.38,1031.16,0.0,0.0,8.0,838.5,IMELBO1849.csv
2023/01/16,11:59 AM,22.94,14.5,59.0,ENE,1.29,2.57,1031.16,0.0,0.0,7.0,788.2,IMELBO1849.csv
2023/01/16,12:04 PM,23.0,14.61,59.0,,2.9,3.86,1031.16,0.0,0.0,5.0,534.8,IMELBO1849.csv
2023/01/16,12:09 PM,22.72,14.61,60.0,ENE,3.06,4.18,1031.16,0.0,0.0,5.0,538.3,IMELBO1849.csv
2023/01/16,12:14 PM,22.56,14.44,60.0,NNE,1.29,1.77,1031.16,0.0,0.0,5.0,595.2,IMELBO1849.csv
2023/01/16,12:19 PM,22.56,14.44,60.0,SSW,2.74,4.18,1031.16,0.0,0.0,4.0,469.8,IMELBO1849.csv
2023/01/16,12:24 PM,22.72,14.44,59.0,SSW,1.61,2.09,1031.16,0.0,0.0,8.0,865.9,IMELBO1849.csv
2023/01/16,12:29 PM,23.44,14.67,58.0,South,2.09,2.74,1031.16,0.0,0.0,10.0,1047.2,IMELBO1849.csv
2023/01/16,12:34 PM,24.06,14.83,56.0,SSE,1.77,2.57,1031.16,0.0,0.0,9.0,1013.8,IMELBO1849.csv
2023/01/16,12:39 PM,24.94,15.11,54.0,SW,2.09,3.06,1030.82,0.0,0.0,10.0,1094.4,IMELBO1849.csv
2023/01/16,12:44 PM,25.06,15.22,54.0,SSW,1.77,2.57,1030.82,0.0,0.0,10.0,1122.2,IMELBO1849.csv
2023/01/16,12:49 PM,25.22,15.28,54.0,WSW,2.57,3.54,1031.16,0.0,0.0,11.0,1143.0,IMELBO1849.csv
2023/01/16,12:54 PM,24.83,15.11,55.0,SSW,2.74,4.02,1030.82,0.0,0.0,10.0,1127.0,IMELBO1849.csv
2023/01/16,12:59 PM,25.11,15.33,55.0,ESE,2.57,3.38,1030.82,0.0,0.0,11.0,1134.4,IMELBO1849.csv
2023/01/16,01:04 PM,24.78,15.33,55.0,SE,3.38,4.51,1030.82,0.0,0.0,9.0,989.9,IMELBO1849.csv
2023/01/16,01:09 PM,24.72,15.28,55.0,SSE,2.74,3.86,1030.48,0.0,0.0,6.0,658.4,IMELBO1849.csv
2023/01/16,01:14 PM,24.83,15.28,55.0,SW,2.25,3.38,1030.48,0.0,0.0,6.0,707.1,IMELBO1849.csv
2023/01/16,01:19 PM,24.89,15.22,55.0,East,2.09,3.38,1030.48,0.0,0.0,8.0,871.5,IMELBO1849.csv
2023/01/16,01:24 PM,25.5,15.39,54.0,NW,2.25,3.22,1030.48,0.0,0.0,8.0,844.1,IMELBO1849.csv
2023/01/16,01:29 PM,26.06,15.83,53.0,South,2.9,4.34,1030.48,0.0,0.0,7.0,810.7,IMELBO1849.csv
2023/01/16,01:34 PM,26.17,15.78,53.0,WSW,3.7,5.31,1030.48,0.0,0.0,8.0,848.9,IMELBO1849.csv
2023/01/16,01:39 PM,26.11,15.78,53.0,WSW,4.51,5.95,1030.14,0.0,0.0,8.0,880.6,IMELBO1849.csv
2023/01/16,01:44 PM,26.78,16.0,52.0,West,2.74,4.18,1029.8,0.0,0.0,7.0,806.4,IMELBO1849.csv
2023/01/16,01:49 PM,26.78,16.11,52.0,West,2.57,3.86,1029.8,0.0,0.0,4.0,488.4,IMELBO1849.csv
2023/01/16,01:54 PM,26.5,16.0,52.0,WSW,1.77,2.74,1029.8,0.0,0.0,7.0,773.9,IMELBO1849.csv
2023/01/16,01:59 PM,27.5,16.17,50.0,WSW,1.77,2.74,1029.8,0.0,0.0,8.0,913.1,IMELBO1849.csv
2023/01/16,02:04 PM,27.89,16.5,50.0,South,2.57,3.22,1029.46,0.0,0.0,9.0,967.3,IMELBO1849.csv
2023/01/16,02:09 PM,27.83,16.44,50.0,NE,3.38,4.67,1029.46,0.0,0.0,9.0,989.5,IMELBO1849.csv
2023/01/16,02:14 PM,28.44,16.89,49.0,NE,4.99,6.44,1029.46,0.0,0.0,9.0,981.6,IMELBO1849.csv
2023/01/16,02:19 PM,28.11,16.61,50.0,NE,2.25,3.22,1029.46,0.0,0.0,5.0,523.6,IMELBO1849.csv
2023/01/16,02:24 PM,28.11,16.44,49.0,NNE,1.13,2.09,1029.46,0.0,0.0,5.0,555.3,IMELBO1849.csv
2023/01/16,02:29 PM,28.61,16.83,49.0,ENE,1.45,2.09,1029.46,0.0,0.0,6.0,715.8,IMELBO1849.csv
2023/01/16,02:34 PM,28.78,16.78,48.0,East,1.77,2.74,1029.12,0.0,0.0,8.0,823.8,IMELBO1849.csv
2023/01/16,02:39 PM,29.06,16.89,48.0,SE,2.41,3.38,1029.46,0.0,0.0,9.0,973.4,IMELBO1849.csv
2023/01/16,02:44 PM,28.94,17.0,49.0,SE,3.54,4.83,1029.46,0.0,0.0,7.0,774.3,IMELBO1849.csv
2023/01/16,02:49 PM,28.39,16.83,50.0,ESE,3.22,4.51,1029.46,0.0,0.0,4.0,511.0,IMELBO1849.csv
2023/01/16,02:54 PM,27.61,16.44,51.0,ESE,1.45,2.25,1029.46,0.0,0.0,3.0,377.4,IMELBO1849.csv
2023/01/16,02:59 PM,28.22,16.61,49.0,SSW,1.61,2.57,1029.46,0.0,0.0,3.0,313.2,IMELBO1849.csv
2023/01/16,03:04 PM,28.17,16.72,50.0,NE,2.57,3.06,1029.46,0.0,0.0,2.0,279.3,IMELBO1849.csv
2023/01/16,03:09 PM,27.28,16.39,51.0,SSW,9.01,12.87,1029.46,0.0,0.0,2.0,241.6,IMELBO1849.csv
2023/01/16,03:14 PM,25.89,16.0,54.0,SW,8.85,11.91,1029.46,0.0,0.0,1.0,202.1,IMELBO1849.csv
2023/01/16,03:19 PM,25.61,15.72,55.0,SSW,6.11,8.37,1029.46,0.0,0.0,1.0,172.6,IMELBO1849.csv
2023/01/16,03:24 PM,25.39,15.72,55.0,SSW,6.11,8.37,1029.46,0.0,0.0,1.0,160.5,IMELBO1849.csv
2023/01/16,03:29 PM,25.11,15.61,56.0,SSW,7.4,10.3,1029.8,0.0,0.0,1.0,141.8,IMELBO1849.csv
2023/01/16,03:34 PM,24.78,15.44,56.0,South,6.76,9.17,1029.8,0.0,0.0,1.0,152.2,IMELBO1849.csv
2023/01/16,03:39 PM,24.61,15.44,57.0,SSW,7.56,10.78,1029.46,0.0,0.0,1.0,163.4,IMELBO1849.csv
2023/01/16,03:44 PM,24.72,15.5,56.0,South,4.83,6.6,1029.46,0.0,0.0,1.0,187.3,IMELBO1849.csv
2023/01/16,03:49 PM,24.72,15.39,56.0,SSW,7.08,9.81,1029.46,0.0,0.0,2.0,266.7,IMELBO1849.csv
2023/01/16,03:54 PM,24.56,15.39,57.0,SSW,5.63,8.21,1029.46,0.0,0.0,3.0,342.7,IMELBO1849.csv
2023/01/16,03:59 PM,25.0,15.5,55.0,SSW,7.72,10.46,1029.46,0.0,0.0,6.0,665.0,IMELBO1849.csv
2023/01/16,04:04 PM,25.06,15.44,55.0,SW,8.69,11.1,1029.12,0.0,0.0,8.0,900.5,IMELBO1849.csv
2023/01/16,04:09 PM,25.94,15.72,53.0,SSW,5.47,7.24,1029.12,0.0,0.0,8.0,892.7,IMELBO1849.csv
2023/01/16,04:14 PM,26.11,15.89,53.0,SW,6.92,9.33,1029.12,0.0,0.0,7.0,751.8,IMELBO1849.csv
2023/01/16,04:19 PM,26.22,15.83,53.0,SW,5.63,7.4,1028.78,0.0,0.0,8.0,902.7,IMELBO1849.csv
2023/01/16,04:24 PM,25.89,15.89,54.0,SW,5.95,8.04,1029.12,0.0,0.0,3.0,322.2,IMELBO1849.csv
2023/01/16,04:29 PM,25.61,15.78,55.0,SW,7.88,10.14,1029.12,0.0,0.0,3.0,387.0,IMELBO1849.csv
2023/01/16,04:34 PM,25.22,15.5,55.0,SSW,6.6,8.85,1029.12,0.0,0.0,3.0,318.3,IMELBO1849.csv
2023/01/16,04:39 PM,25.22,15.56,55.0,SW,5.47,7.4,1029.12,0.0,0.0,3.0,338.3,IMELBO1849.csv
2023/01/16,04:44 PM,25.39,15.72,55.0,SSW,5.63,7.88,1029.12,0.0,0.0,2.0,245.9,IMELBO1849.csv
2023/01/16,04:49 PM,25.39,15.78,55.0,SW,6.6,8.53,1028.78,0.0,0.0,2.0,224.2,IMELBO1849.csv
2023/01/16,04:54 PM,25.17,15.56,55.0,SW,4.51,5.95,1028.78,0.0,0.0,2.0,273.7,IMELBO1849.csv
2023/01/16,04:59 PM,25.5,15.72,55.0,SW,4.51,5.63,1028.78,0.0,0.0,4.0,454.6,IMELBO1849.csv
2023/01/16,05:04 PM,25.83,15.78,54.0,SSW,3.7,4.99,1028.78,0.0,0.0,7.0,793.3,IMELBO1849.csv
2023/01/16,05:09 PM,26.56,16.22,53.0,South,5.31,6.76,1028.78,0.0,0.0,7.0,755.2,IMELBO1849.csv
2023/01/16,05:14 PM,26.72,16.22,52.0,SSW,2.41,3.06,1028.78,0.0,0.0,6.0,633.7,IMELBO1849.csv
2023/01/16,05:19 PM,26.83,16.33,53.0,South,4.34,5.95,1028.78,0.0,0.0,5.0,539.6,IMELBO1849.csv
2023/01/16,05:24 PM,26.72,16.33,53.0,SE,2.25,3.54,1028.45,0.0,0.0,1.0,159.2,IMELBO1849.csv
2023/01/16,05:29 PM,26.78,16.39,53.0,SE,2.74,3.86,1028.45,0.0,0.0,2.0,255.9,IMELBO1849.csv
2023/01/16,05:34 PM,26.89,16.22,52.0,South,3.38,4.83,1028.45,0.0,0.0,2.0,232.1,IMELBO1849.csv
2023/01/16,05:39 PM,27.17,16.28,51.0,SSE,3.7,5.79,1028.45,0.0,0.0,5.0,591.6,IMELBO1849.csv
2023/01/16,05:44 PM,27.5,16.5,51.0,SE,1.77,3.06,1028.45,0.0,0.0,2.0,271.1,IMELBO1849.csv
2023/01/16,05:49 PM,27.44,16.5,51.0,ESE,2.25,3.06,1028.45,0.0,0.0,1.0,176.9,IMELBO1849.csv
2023/01/16,05:54 PM,27.33,16.61,52.0,South,3.7,4.99,1028.45,0.0,0.0,1.0,147.4,IMELBO1849.csv
2023/01/16,05:59 PM,27.22,16.56,52.0,SE,2.57,3.7,1028.11,0.0,0.0,1.0,146.2,IMELBO1849.csv
2023/01/16,06:04 PM,27.11,16.67,53.0,SSE,4.02,5.95,1028.11,0.0,0.0,1.0,155.2,IMELBO1849.csv
2023/01/16,06:09 PM,27.06,16.67,53.0,SSE,3.86,5.31,1028.11,0.0,0.0,1.0,164.8,IMELBO1849.csv
2023/01/16,06:14 PM,27.06,16.67,53.0,South,4.18,5.63,1028.11,0.0,0.0,1.0,161.7,IMELBO1849.csv
2023/01/16,06:19 PM,26.78,16.67,54.0,South,6.28,8.37,1028.11,0.0,0.0,1.0,156.6,IMELBO1849.csv
2023/01/16,06:24 PM,26.72,16.89,55.0,South,4.99,7.08,1028.11,0.0,0.0,3.0,348.8,IMELBO1849.csv
2023/01/16,06:29 PM,26.56,16.78,55.0,South,5.31,7.4,1028.11,0.0,0.0,3.0,369.6,IMELBO1849.csv
2023/01/16,06:34 PM,26.44,16.89,56.0,SSW,5.95,8.37,1028.11,0.0,0.0,1.0,164.3,IMELBO1849.csv
2023/01/16,06:39 PM,26.11,16.89,57.0,SSW,3.7,5.63,1028.11,0.0,0.0,1.0,136.2,IMELBO1849.csv
2023/01/16,06:44 PM,26.22,17.33,58.0,South,4.34,6.11,1028.45,0.0,0.0,2.0,252.0,IMELBO1849.csv
2023/01/16,06:49 PM,26.17,17.39,59.0,South,4.83,6.92,1028.45,0.0,0.0,3.0,325.8,IMELBO1849.csv
2023/01/16,06:54 PM,26.44,17.61,58.0,SSE,3.22,4.67,1028.45,0.0,0.0,2.0,305.8,IMELBO1849.csv
2023/01/16,06:59 PM,26.5,17.78,59.0,SE,4.18,5.95,1028.45,0.0,0.0,1.0,199.0,IMELBO1849.csv
2023/01/16,07:04 PM,26.33,17.89,60.0,South,4.83,7.08,1028.11,0.0,0.0,1.0,172.6,IMELBO1849.csv
2023/01/16,07:09 PM,25.94,17.83,61.0,SSW,5.95,7.88,1028.11,0.0,0.0,1.0,154.8,IMELBO1849.csv
2023/01/16,07:14 PM,25.72,17.89,62.0,SE,3.22,4.67,1028.11,0.0,0.0,1.0,144.9,IMELBO1849.csv
2023/01/16,07:19 PM,25.5,17.72,62.0,SE,2.9,4.67,1028.11,0.0,0.0,0.0,46.7,IMELBO1849.csv
2023/01/16,07:24 PM,25.28,17.72,63.0,South,2.9,4.51,1028.11,0.0,0.0,0.0,47.2,IMELBO1849.csv
2023/01/16,07:29 PM,25.17,17.67,63.0,SSW,3.38,4.51,1028.11,0.0,0.0,0.0,50.3,IMELBO1849.csv
2023/01/16,07:34 PM,25.06,17.67,63.0,SSW,3.86,5.15,1028.11,0.0,0.0,0.0,47.7,IMELBO1849.csv
2023/01/16,07:39 PM,25.17,17.89,64.0,SSW,4.34,5.31,1028.11,0.0,0.0,0.0,44.7,IMELBO1849.csv
2023/01/16,07:44 PM,25.06,17.89,64.0,South,2.74,3.7,1028.11,0.0,0.0,0.0,41.6,IMELBO1849.csv
2023/01/16,07:49 PM,24.94,18.06,66.0,SSW,4.83,6.28,1028.11,0.0,0.0,0.0,39.9,IMELBO1849.csv
2023/01/16,07:54 PM,24.72,17.94,66.0,SW,4.34,5.47,1028.11,0.0,0.0,0.0,36.8,IMELBO1849.csv
2023/01/16,07:59 PM,24.72,18.06,67.0,SSW,4.51,5.79,1028.11,0.0,0.0,0.0,33.4,IMELBO1849.csv
2023/01/16,08:04 PM,24.44,18.11,68.0,SW,4.83,6.6,1028.11,0.0,0.0,0.0,30.3,IMELBO1849.csv
2023/01/16,08:09 PM,24.39,18.11,68.0,SW,4.51,5.47,1028.11,0.0,0.0,0.0,27.7,IMELBO1849.csv
2023/01/16,08:14 PM,24.39,18.22,68.0,SW,5.15,7.08,1028.11,0.0,0.0,0.0,24.2,IMELBO1849.csv
2023/01/16,08:19 PM,24.22,18.28,69.0,SW,5.15,6.44,1028.11,0.0,0.0,0.0,20.8,IMELBO1849.csv
2023/01/16,08:24 PM,24.11,18.28,70.0,SW,3.86,4.99,1028.11,0.0,0.0,0.0,16.9,IMELBO1849.csv
2023/01/16,08:29 PM,24.0,18.28,70.0,SSW,3.38,4.34,1028.11,0.0,0.0,0.0,13.0,IMELBO1849.csv
2023/01/16,08:34 PM,23.94,18.33,71.0,SW,4.99,6.76,1028.11,0.0,0.0,0.0,9.9,IMELBO1849.csv
2023/01/16,08:39 PM,23.83,18.39,72.0,WSW,4.18,5.47,1028.11,0.0,0.0,0.0,6.9,IMELBO1849.csv
2023/01/16,08:44 PM,23.72,18.44,73.0,SW,3.86,5.31,1028.45,0.0,0.0,0.0,4.3,IMELBO1849.csv
2023/01/16,08:49 PM,23.56,18.44,73.0,SW,2.74,4.02,1028.45,0.0,0.0,0.0,1.7,IMELBO1849.csv
2023/01/16,08:54 PM,23.44,18.44,74.0,WSW,2.57,3.7,1028.45,0.0,0.0,0.0,0.0,IMELBO1849.csv
2023/01/16,08:59 PM,23.28,18.39,74.0,WSW,2.74,4.18,1028.45,0.0,0.0,0.0,0.0,IMELBO1849.csv
2023/01/16,09:04 PM,23.22,18.61,75.0,WSW,3.06,4.34,1028.11,0.0,0.0,0.0,0.0,IMELBO1849.csv
2023/01/16,09:09 PM,23.06,18.56,76.0,WSW,1.93,3.06,1028.11,0.0,0.0,0.0,0.0,IMELBO1849.csv
2023/01/16,09:14 PM,22.94,18.44,76.0,West,1.13,2.09,1028.45,0.0,0.0,0.0,0.0,IMELBO1849.csv
2023/01/16,09:19 PM,22.78,18.44,77.0,WSW,2.41,3.22,1028.45,0.0,0.0,0.0,0.0,IMELBO1849.csv
2023/01/16,09:24 PM,22.78,18.5,77.0,WSW,1.77,2.74,1028.45,0.0,0.0,0.0,0.0,IMELBO1849.csv
2023/01/16,09:29 PM,22.72,18.44,77.0,WSW,1.77,2.57,1028.45,0.0,0.0,0.0,0.0,IMELBO1849.csv
2023/01/16,09:34 PM,22.61,18.61,78.0,WSW,1.61,2.25,1028.45,0.0,0.0,0.0,0.0,IMELBO1849.csv
2023/01/16,09:39 PM,22.5,18.5,78.0,WSW,1.61,1.93,1028.45,0.0,0.0,0.0,0.0,IMELBO1849.csv
2023/01/16,09:44 PM,22.5,18.5,78.0,WSW,1.93,2.74,1028.45,0.0,0.0,0.0,0.0,IMELBO1849.csv
2023/01/16,09:49 PM,22.39,18.56,79.0,West,1.45,2.09,1028.45,0.0,0.0,0.0,0.0,IMELBO1849.csv
2023/01/16,09:54 PM,22.22,18.44,79.0,West,1.29,2.09,1028.45,0.0,0.0,0.0,0.0,IMELBO1849.csv
2023/01/16,09:59 PM,22.11,18.44,80.0,West,0.32,0.64,1028.45,0.0,0.0,0.0,0.0,IMELBO1849.csv
2023/01/16,10:04 PM,21.89,18.28,80.0,West,0.0,0.32,1028.78,0.0,0.0,0.0,0.0,IMELBO1849.csv
2023/01/16,10:09 PM,21.72,18.17,80.0,West,0.0,0.32,1028.78,0.0,0.0,0.0,0.0,IMELBO1849.csv
2023/01/16,10:14 PM,21.56,18.11,81.0,West,0.32,0.48,1028.78,0.0,0.0,0.0,0.0,IMELBO1849.csv
2023/01/16,10:19 PM,21.5,18.11,81.0,West,0.16,0.64,1028.78,0.0,0.0,0.0,0.0,IMELBO1849.csv
2023/01/16,10:24 PM,21.44,18.06,81.0,West,0.32,0.64,1028.78,0.0,0.0,0.0,0.0,IMELBO1849.csv
2023/01/16,10:29 PM,21.28,18.0,81.0,West,2.25,2.74,1028.78,0.0,0.0,0.0,0.0,IMELBO1849.csv
2023/01/16,10:34 PM,21.22,18.0,82.0,WNW,0.48,0.8,1028.78,0.0,0.0,0.0,0.0,IMELBO1849.csv
2023/01/16,10:39 PM,21.06,17.83,82.0,WNW,0.32,0.64,1028.78,0.0,0.0,0.0,0.0,IMELBO1849.csv
2023/01/16,10:44 PM,20.89,17.83,83.0,WNW,0.8,1.45,1028.78,0.0,0.0,0.0,0.0,IMELBO1849.csv
2023/01/16,10:49 PM,20.89,17.89,83.0,WNW,1.29,1.93,1028.78,0.0,0.0,0.0,0.0,IMELBO1849.csv
2023/01/16,10:54 PM,20.78,17.78,83.0,NW,1.45,1.93,1028.78,0.0,0.0,0.0,0.0,IMELBO1849.csv
2023/01/16,10:59 PM,20.72,17.72,83.0,WNW,1.77,2.57,1028.78,0.0,0.0,0.0,0.0,IMELBO1849.csv
2023/01/16,11:04 PM,20.61,17.78,84.0,NW,2.09,2.9,1028.78,0.0,0.0,0.0,0.0,IMELBO1849.csv
2023/01/16,11:09 PM,20.5,17.72,84.0,WNW,2.25,2.9,1028.78,0.0,0.0,0.0,0.0,IMELBO1849.csv
2023/01/16,11:14 PM,20.39,17.61,84.0,NW,2.57,3.54,1028.78,0.0,0.0,0.0,0.0,IMELBO1849.csv
2023/01/16,11:19 PM,20.33,17.56,84.0,NW,2.74,3.86,1028.78,0.0,0.0,0.0,0.0,IMELBO1849.csv
2023/01/16,11:24 PM,20.28,17.5,84.0,NW,3.06,4.18,1028.78,0.0,0.0,0.0,0.0,IMELBO1849.csv
2023/01/16,11:29 PM,20.22,17.44,84.0,WNW,2.74,3.86,1029.12,0.0,0.0,0.0,0.0,IMELBO1849.csv
2023/01/16,11:34 PM,20.28,17.44,84.0,WNW,3.22,4.34,1029.12,0.0,0.0,0.0,0.0,IMELBO1849.csv
2023/01/16,11:39 PM,20.28,17.5,84.0,WNW,3.38,4.67,1029.12,0.0,0.0,0.0,0.0,IMELBO1849.csv
2023/01/16,11:44 PM,20.33,17.56,84.0,WNW,3.86,5.15,1028.78,0.0,0.0,0.0,0.0,IMELBO1849.csv
2023/01/16,11:49 PM,20.39,17.61,84.0,WNW,3.86,5.63,1028.78,0.0,0.0,0.0,0.0,IMELBO1849.csv
2023/01/16,11:54 PM,20.39,17.61,84.0,WNW,6.76,8.21,1028.78,0.0,0.0,0.0,0.0,IMELBO1849.csv
2023/01/16,11:59 PM,20.39,17.61,84.0,WNW,4.34,5.95,1028.78,0.0,0.0,0.0,0.0,IMELBO1849.csv
2023/01/17,12:04 AM,20.33,17.5,84.0,WNW,5.47,7.08,1028.78,0.0,0.0,0.0,0.0,IMELBO1849.csv
2023/01/17,12:09 AM,20.28,17.28,83.0,WNW,3.54,5.31,1028.78,0.0,0.0,0.0,0.0,IMELBO1849.csv
2023/01/17,12:14 AM,20.28,17.28,83.0,WNW,3.38,4.67,1028.78,0.0,0.0,0.0,0.0,IMELBO1849.csv
2023/01/17,12:19 AM,20.28,17.39,84.0,WNW,3.38,4.67,1028.45,0.0,0.0,0.0,0.0,IMELBO1849.csv
2023/01/17,12:24 AM,20.22,17.44,84.0,WNW,4.51,6.76,1028.78,0.0,0.0,0.0,0.0,IMELBO1849.csv
2023/01/17,12:29 AM,20.22,17.39,84.0,WNW,4.02,5.95,1028.78,0.0,0.0,0.0,0.0,IMELBO1849.csv
2023/01/17,12:34 AM,20.22,17.39,84.0,WNW,4.02,5.63,1028.78,0.0,0.0,0.0,0.0,IMELBO1849.csv
2023/01/17,12:39 AM,20.22,17.39,84.0,WNW,4.18,6.11,1028.78,0.0,0.0,0.0,0.0,IMELBO1849.csv
2023/01/17,12:44 AM,20.22,17.44,84.0,West,4.83,6.92,1028.78,0.0,0.0,0.0,0.0,IMELBO1849.csv
2023/01/17,12:49 AM,20.28,17.5,84.0,WNW,3.54,4.83,1028.78,0.0,0.0,0.0,0.0,IMELBO1849.csv
2023/01/17,12:54 AM,20.28,17.5,84.0,WNW,2.09,3.06,1028.78,0.0,0.0,0.0,0.0,IMELBO1849.csv
2023/01/17,12:59 AM,20.28,17.5,84.0,West,0.32,0.8,1028.78,0.0,0.0,0.0,0.0,IMELBO1849.csv
2023/01/17,01:04 AM,20.22,17.39,84.0,West,1.93,2.9,1029.46,0.0,0.0,0.0,0.0,IMELBO1849.csv
2023/01/17,01:09 AM,20.28,17.5,84.0,NE,1.77,2.74,1029.46,0.0,0.0,0.0,0.0,IMELBO1849.csv
2023/01/17,01:14 AM,20.28,17.5,84.0,ENE,3.38,4.34,1029.46,0.0,0.0,0.0,0.0,IMELBO1849.csv
2023/01/17,01:19 AM,20.28,17.5,84.0,NE,2.09,3.06,1029.46,0.0,0.0,0.0,0.0,IMELBO1849.csv
2023/01/17,01:24 AM,20.28,17.5,84.0,ENE,1.45,2.09,1029.12,0.0,0.0,0.0,0.0,IMELBO1849.csv
2023/01/17,01:29 AM,20.28,17.5,84.0,NE,0.97,1.61,1029.12,0.0,0.0,0.0,0.0,IMELBO1849.csv
2023/01/17,01:34 AM,20.28,17.5,84.0,NE,2.41,3.22,1029.12,0.0,0.0,0.0,0.0,IMELBO1849.csv
2023/01/17,01:39 AM,20.28,17.39,84.0,NNE,2.09,2.9,1029.12,0.0,0.0,0.0,0.0,IMELBO1849.csv
2023/01/17,01:44 AM,20.28,17.28,83.0,NE,1.93,2.57,1029.12,0.0,0.0,0.0,0.0,IMELBO1849.csv
2023/01/17,01:49 AM,20.28,17.28,83.0,NE,0.48,1.13,1028.78,0.0,0.0,0.0,0.0,IMELBO1849.csv
2023/01/17,01:54 AM,20.28,17.28,83.0,NNE,0.32,0.8,1028.78,0.0,0.0,0.0,0.0,IMELBO1849.csv
2023/01/17,01:59 AM,20.28,17.11,82.0,NNE,0.32,0.48,1028.78,0.0,0.0,0.0,0.0,IMELBO1849.csv
2023/01/17,02:04 AM,20.22,17.0,82.0,NE,0.16,0.16,1028.78,0.0,0.0,0.0,0.0,IMELBO1849.csv
2023/01/17,02:09 AM,20.22,17.06,82.0,NNE,0.16,0.32,1028.78,0.0,0.0,0.0,0.0,IMELBO1849.csv
2023/01/17,02:14 AM,20.28,17.11,82.0,NNE,0.0,0.0,1028.45,0.0,0.0,0.0,0.0,IMELBO1849.csv
2023/01/17,02:19 AM,20.28,17.11,82.0,NNE,0.0,0.32,1028.45,0.0,0.0,0.0,0.0,IMELBO1849.csv
2023/01/17,02:24 AM,20.28,17.11,82.0,NE,0.97,1.29,1028.45,0.0,0.0,0.0,0.0,IMELBO1849.csv
2023/01/17,02:29 AM,20.28,17.0,82.0,ENE,0.0,0.0,1028.45,0.0,0.0,0.0,0.0,IMELBO1849.csv
2023/01/17,02:34 AM,20.33,16.94,81.0,ENE,0.0,0.0,1028.45,0.0,0.0,0.0,0.0,IMELBO1849.csv
2023/01/17,02:39 AM,20.28,17.0,82.0,ENE,0.0,0.0,1028.11,0.0,0.0,0.0,0.0,IMELBO1849.csv
2023/01/17,02:44 AM,20.28,17.06,82.0,ENE,0.0,0.0,1028.11,0.0,0.0,0.0,0.0,IMELBO1849.csv
2023/01/17,02:49 AM,20.28,16.89,81.0,ENE,0.16,0.64,1028.11,0.0,0.0,0.0,0.0,IMELBO1849.csv
2023/01/17,02:54 AM,20.39,16.94,81.0,ENE,1.13,1.77,1028.11,0.0,0.0,0.0,0.0,IMELBO1849.csv
2023/01/17,02:59 AM,20.5,16.89,80.0,ENE,2.09,2.74,1028.11,0.0,0.0,0.0,0.0,IMELBO1849.csv
2023/01/17,03:04 AM,20.72,17.06,79.0,ENE,1.61,2.09,1027.77,0.0,0.0,0.0,0.0,IMELBO1849.csv
2023/01/17,03:09 AM,20.89,17.17,79.0,NE,1.13,1.77,1027.77,0.0,0.0,0.0,0.0,IMELBO1849.csv
2023/01/17,03:14 AM,21.0,17.0,78.0,NE,0.16,0.64,1027.43,0.0,0.0,0.0,0.0,IMELBO1849.csv
2023/01/17,03:19 AM,21.22,17.11,77.0,NNE,2.57,4.02,1027.77,0.0,0.0,0.0,0.0,IMELBO1849.csv
2023/01/17,03:24 AM,22.28,17.06,72.0,NE,6.6,9.01,1027.77,0.0,0.0,0.0,0.0,IMELBO1849.csv
2023/01/17,03:29 AM,23.56,17.39,68.0,NNE,9.01,12.23,1027.77,0.0,0.0,0.0,0.0,IMELBO1849.csv
2023/01/17,03:34 AM,23.89,17.61,68.0,NNE,6.28,9.01,1027.43,0.0,0.0,0.0,0.0,IMELBO1849.csv
2023/01/17,03:39 AM,23.89,17.61,68.0,NNE,5.47,8.37,1027.43,0.0,0.0,0.0,0.0,IMELBO1849.csv
2023/01/17,03:44 AM,23.89,17.61,68.0,NNE,4.83,6.6,1027.43,0.0,0.0,0.0,0.0,IMELBO1849.csv
2023/01/17,03:49 AM,23.78,17.61,68.0,NNE,3.7,5.15,1027.43,0.0,0.0,0.0,0.0,IMELBO1849.csv
2023/01/17,03:54 AM,23.78,17.56,68.0,NNE,3.22,4.34,1027.43,0.0,0.0,0.0,0.0,IMELBO1849.csv
2023/01/17,03:59 AM,23.72,17.56,68.0,NNE,2.74,3.86,1027.09,0.0,0.0,0.0,0.0,IMELBO1849.csv
2023/01/17,04:04 AM,23.67,17.5,68.0,NNE,4.34,5.79,1027.09,0.0,0.0,0.0,0.0,IMELBO1849.csv
2023/01/17,04:09 AM,23.72,17.61,69.0,North,3.22,4.34,1027.09,0.0,0.0,0.0,0.0,IMELBO1849.csv
2023/01/17,04:14 AM,23.56,17.56,69.0,,1.77,3.06,1027.09,0.0,0.0,0.0,0.0,IMELBO1849.csv
2023/01/17,04:19 AM,23.39,17.56,70.0,North,0.97,1.93,1027.43,0.0,0.0,0.0,0.0,IMELBO1849.csv
2023/01/17,04:24 AM,23.33,17.56,70.0,NNE,2.57,3.22,1027.43,0.0,0.0,0.0,0.0,IMELBO1849.csv
2023/01/17,04:29 AM,23.33,17.56,70.0,NNE,2.25,3.06,1027.09,0.0,0.0,0.0,0.0,IMELBO1849.csv
2023/01/17,04:34 AM,23.28,17.5,70.0,NNE,2.9,4.02,1027.43,0.0,0.0,0.0,0.0,IMELBO1849.csv
2023/01/17,04:39 AM,23.33,17.5,70.0,NE,1.77,2.41,1027.43,0.0,0.0,0.0,0.0,IMELBO1849.csv
2023/01/17,04:44 AM,23.28,17.5,70.0,ENE,1.77,2.57,1027.43,0.0,0.0,0.0,0.0,IMELBO1849.csv
2023/01/17,04:49 AM,23.28,17.39,70.0,NE,1.13,1.77,1027.43,0.0,0.0,0.0,0.0,IMELBO1849.csv
2023/01/17,04:54 AM,23.17,17.39,70.0,ENE,0.97,1.77,1027.43,0.0,0.0,0.0,0.0,IMELBO1849.csv
2023/01/17,04:59 AM,23.22,17.39,70.0,ENE,1.29,2.09,1027.43,0.0,0.0,0.0,0.0,IMELBO1849.csv
2023/01/17,05:04 AM,23.11,17.22,69.0,ENE,1.93,2.9,1027.43,0.0,0.0,0.0,0.0,IMELBO1849.csv
2023/01/17,05:09 AM,23.28,17.11,68.0,ENE,1.93,2.9,1027.43,0.0,0.0,0.0,0.0,IMELBO1849.csv
2023/01/17,05:14 AM,23.22,17.0,68.0,ENE,2.41,3.22,1027.43,0.0,0.0,0.0,0.0,IMELBO1849.csv
2023/01/17,05:19 AM,23.22,17.0,68.0,ENE,3.06,3.86,1027.43,0.0,0.0,0.0,0.0,IMELBO1849.csv
2023/01/17,05:24 AM,23.22,17.0,68.0,ENE,2.9,3.86,1027.43,0.0,0.0,0.0,0.0,IMELBO1849.csv
2023/01/17,05:29 AM,23.11,16.89,68.0,East,3.38,4.51,1027.43,0.0,0.0,0.0,0.0,IMELBO1849.csv
2023/01/17,05:34 AM,23.0,16.78,68.0,East,4.02,5.63,1027.43,0.0,0.0,0.0,0.0,IMELBO1849.csv
2023/01/17,05:39 AM,22.94,16.78,68.0,ENE,4.02,5.47,1027.43,0.0,0.0,0.0,0.0,IMELBO1849.csv
2023/01/17,05:44 AM,23.06,16.61,67.0,ENE,5.31,7.56,1027.43,0.0,0.0,0.0,0.0,IMELBO1849.csv
2023/01/17,05:49 AM,23.06,16.72,68.0,East,4.18,6.11,1027.43,0.0,0.0,0.0,0.0,IMELBO1849.csv
2023/01/17,05:54 AM,22.83,16.67,68.0,NE,3.38,4.99,1027.43,0.0,0.0,0.0,0.0,IMELBO1849.csv
2023/01/17,05:59 AM,22.72,16.56,68.0,NE,4.18,5.79,1027.43,0.0,0.0,0.0,0.0,IMELBO1849.csv
2023/01/17,06:04 AM,22.78,16.5,68.0,ENE,4.02,5.79,1027.43,0.0,0.0,0.0,0.0,IMELBO1849.csv
2023/01/17,06:09 AM,22.78,16.56,68.0,ENE,5.47,7.72,1027.43,0.0,0.0,0.0,0.0,IMELBO1849.csv
2023/01/17,06:14 AM,22.78,16.39,67.0,NE,5.31,7.08,1027.43,0.0,0.0,0.0,1.7,IMELBO1849.csv
2023/01/17,06:19 AM,22.78,16.5,68.0,NE,3.86,5.63,1027.43,0.0,0.0,0.0,3.4,IMELBO1849.csv
2023/01/17,06:24 AM,22.61,16.39,68.0,NE,3.54,4.99,1027.43,0.0,0.0,0.0,6.5,IMELBO1849.csv
2023/01/17,06:29 AM,22.61,16.39,68.0,NNE,4.02,5.31,1027.43,0.0,0.0,0.0,12.1,IMELBO1849.csv
2023/01/17,06:34 AM,22.78,16.33,67.0,NE,3.86,5.31,1027.43,0.0,0.0,0.0,15.2,IMELBO1849.csv
2023/01/17,06:39 AM,22.83,16.44,67.0,NE,5.31,6.76,1027.43,0.0,0.0,0.0,19.5,IMELBO1849.csv
2023/01/17,06:44 AM,22.83,16.44,67.0,NE,3.86,5.31,1027.43,0.0,0.0,0.0,24.2,IMELBO1849.csv
2023/01/17,06:49 AM,22.89,16.5,67.0,NE,4.99,6.44,1027.43,0.0,0.0,0.0,26.8,IMELBO1849.csv
2023/01/17,06:54 AM,22.94,16.56,67.0,NE,4.51,6.28,1027.43,0.0,0.0,0.0,26.8,IMELBO1849.csv
2023/01/17,06:59 AM,23.0,16.61,67.0,NE,4.02,5.47,1027.43,0.0,0.0,0.0,27.7,IMELBO1849.csv
2023/01/17,07:04 AM,22.94,16.56,67.0,ENE,4.18,5.95,1027.43,0.0,0.0,0.0,32.1,IMELBO1849.csv
2023/01/17,07:09 AM,22.89,16.5,67.0,ENE,3.38,4.51,1027.43,0.0,0.0,0.0,38.2,IMELBO1849.csv
2023/01/17,07:14 AM,23.0,16.61,67.0,ENE,3.54,4.83,1027.43,0.0,0.0,0.0,50.7,IMELBO1849.csv
2023/01/17,07:19 AM,23.33,16.67,66.0,ENE,4.34,5.47,1027.43,0.0,0.0,0.0,59.0,IMELBO1849.csv
2023/01/17,07:24 AM,23.67,16.78,65.0,ENE,5.15,7.08,1027.77,0.0,0.0,0.0,68.5,IMELBO1849.csv
2023/01/17,07:29 AM,23.83,16.83,65.0,ENE,5.79,8.21,1027.43,0.0,0.0,0.0,90.2,IMELBO1849.csv
2023/01/17,07:34 AM,24.06,16.83,64.0,NE,5.47,7.4,1027.43,0.0,0.0,0.0,91.0,IMELBO1849.csv
2023/01/17,07:39 AM,24.17,16.94,64.0,NE,6.92,10.3,1027.43,0.0,0.0,1.0,103.1,IMELBO1849.csv
2023/01/17,07:44 AM,24.33,16.94,64.0,NE,4.67,6.76,1027.43,0.0,0.0,1.0,121.0,IMELBO1849.csv
2023/01/17,07:49 AM,24.5,17.0,63.0,ENE,7.24,9.98,1027.43,0.0,0.0,1.0,134.8,IMELBO1849.csv
2023/01/17,07:54 AM,24.56,17.06,63.0,ENE,7.08,10.46,1027.77,0.0,0.0,1.0,136.2,IMELBO1849.csv
2023/01/17,07:59 AM,24.78,17.17,62.0,ENE,6.11,8.85,1027.43,0.0,0.0,1.0,173.8,IMELBO1849.csv
2023/01/17,08:04 AM,25.0,17.22,62.0,ENE,6.44,8.85,1027.77,0.0,0.0,1.0,177.8,IMELBO1849.csv
2023/01/17,08:09 AM,25.22,17.28,61.0,NE,5.47,7.4,1027.77,0.0,0.0,2.0,212.5,IMELBO1849.csv
2023/01/17,08:14 AM,25.61,17.5,61.0,NE,7.08,9.98,1027.77,0.0,0.0,2.0,215.1,IMELBO1849.csv
2023/01/17,08:19 AM,25.83,17.44,60.0,NE,6.76,9.65,1027.43,0.0,0.0,2.0,228.5,IMELBO1849.csv
2023/01/17,08:24 AM,26.06,17.39,59.0,NE,6.92,9.33,1027.43,0.0,0.0,2.0,255.4,IMELBO1849.csv
2023/01/17,08:29 AM,26.28,17.33,58.0,NE,7.08,9.49,1027.77,0.0,0.0,2.0,260.2,IMELBO1849.csv
2023/01/17,08:34 AM,26.39,17.39,58.0,NE,8.04,11.58,1027.77,0.0,0.0,2.0,271.1,IMELBO1849.csv
2023/01/17,08:39 AM,26.44,17.61,58.0,ENE,5.63,7.56,1027.77,0.0,0.0,2.0,282.4,IMELBO1849.csv
2023/01/17,08:44 AM,26.61,17.56,58.0,ENE,5.63,7.88,1027.43,0.0,0.0,2.0,302.8,IMELBO1849.csv
2023/01/17,08:49 AM,26.78,17.56,57.0,NE,8.53,11.75,1027.77,0.0,0.0,3.0,319.2,IMELBO1849.csv
2023/01/17,08:54 AM,26.83,17.67,57.0,ENE,8.04,11.1,1027.77,0.0,0.0,3.0,338.3,IMELBO1849.csv
2023/01/17,08:59 AM,27.11,17.72,56.0,NE,5.31,7.72,1027.43,0.0,0.0,3.0,371.8,IMELBO1849.csv
2023/01/17,09:04 AM,27.39,18.0,56.0,ENE,6.76,9.17,1027.43,0.0,0.0,3.0,380.0,IMELBO1849.csv
2023/01/17,09:09 AM,27.39,17.94,56.0,ENE,6.44,8.85,1027.43,0.0,0.0,3.0,379.1,IMELBO1849.csv
2023/01/17,09:14 AM,28.0,18.0,55.0,NNE,5.63,7.88,1027.77,0.0,0.0,3.0,393.4,IMELBO1849.csv
2023/01/17,09:19 AM,28.33,18.11,54.0,NE,6.6,8.53,1027.43,0.0,0.0,3.0,407.7,IMELBO1849.csv
2023/01/17,09:24 AM,28.61,18.17,53.0,NE,7.56,10.14,1027.43,0.0,0.0,4.0,435.5,IMELBO1849.csv
2023/01/17,09:29 AM,28.94,18.28,53.0,NNE,7.72,11.42,1027.43,0.0,0.0,4.0,483.6,IMELBO1849.csv
2023/01/17,09:34 AM,29.11,18.28,52.0,NE,7.56,10.46,1027.09,0.0,0.0,4.0,481.9,IMELBO1849.csv
2023/01/17,09:39 AM,29.78,18.72,52.0,ENE,6.92,9.65,1027.09,0.0,0.0,5.0,533.1,IMELBO1849.csv
2023/01/17,09:44 AM,29.56,18.67,52.0,NE,7.72,10.94,1027.09,0.0,0.0,5.0,563.8,IMELBO1849.csv
2023/01/17,09:49 AM,29.11,18.61,53.0,NE,9.81,13.52,1027.09,0.0,0.0,5.0,573.4,IMELBO1849.csv
2023/01/17,09:54 AM,28.56,18.39,54.0,NE,9.81,14.16,1027.09,0.0,0.0,4.0,426.8,IMELBO1849.csv
2023/01/17,09:59 AM,28.28,18.33,55.0,ENE,10.3,14.32,1027.09,0.0,0.0,5.0,550.9,IMELBO1849.csv
2023/01/17,10:04 AM,29.06,18.67,53.0,NE,10.78,14.96,1026.75,0.0,0.0,5.0,586.5,IMELBO1849.csv
2023/01/17,10:09 AM,29.17,18.67,53.0,NE,11.42,15.61,1026.41,0.0,0.0,5.0,600.8,IMELBO1849.csv
2023/01/17,10:14 AM,29.61,18.83,52.0,ESE,11.1,15.77,1026.75,0.0,0.0,5.0,607.8,IMELBO1849.csv
2023/01/17,10:19 AM,29.78,18.39,51.0,ENE,11.91,17.38,1026.75,0.0,0.0,5.0,584.8,IMELBO1849.csv
2023/01/17,10:24 AM,30.39,18.39,49.0,NNE,9.98,13.68,1026.41,0.0,0.0,5.0,570.0,IMELBO1849.csv
2023/01/17,10:29 AM,30.72,18.56,48.0,NNE,11.26,15.93,1026.41,0.0,0.0,5.0,588.2,IMELBO1849.csv
2023/01/17,10:34 AM,30.94,18.56,48.0,NE,10.46,14.64,1026.75,0.0,0.0,6.0,626.0,IMELBO1849.csv
2023/01/17,10:39 AM,31.28,18.56,47.0,NNE,11.91,16.73,1026.41,0.0,0.0,6.0,639.3,IMELBO1849.csv
2023/01/17,10:44 AM,31.44,18.56,46.0,NNE,10.62,14.96,1026.41,0.0,0.0,6.0,639.0,IMELBO1849.csv
2023/01/17,10:49 AM,31.5,18.5,46.0,NNE,9.98,14.0,1026.41,0.0,0.0,5.0,612.9,IMELBO1849.csv
2023/01/17,10:54 AM,31.72,18.72,46.0,NNE,11.26,14.8,1026.41,0.0,0.0,6.0,665.9,IMELBO1849.csv
2023/01/17,10:59 AM,31.67,18.67,46.0,NNE,10.46,14.16,1026.41,0.0,0.0,6.0,691.9,IMELBO1849.csv
2023/01/17,11:04 AM,32.22,18.89,45.0,North,8.53,13.03,1026.41,0.0,0.0,6.0,696.2,IMELBO1849.csv
2023/01/17,11:09 AM,32.33,18.89,45.0,NE,8.69,12.71,1026.08,0.0,0.0,6.0,703.5,IMELBO1849.csv
2023/01/17,11:14 AM,31.5,18.78,47.0,ENE,8.21,11.26,1026.08,0.0,0.0,3.0,335.7,IMELBO1849.csv
2023/01/17,11:19 AM,31.11,18.44,47.0,ENE,9.65,13.52,1026.08,0.0,0.0,7.0,735.7,IMELBO1849.csv
2023/01/17,11:24 AM,32.11,18.89,46.0,ENE,9.01,12.39,1026.08,0.0,0.0,7.0,732.2,IMELBO1849.csv
2023/01/17,11:29 AM,32.33,18.94,45.0,NE,9.81,13.68,1025.74,0.0,0.0,7.0,747.8,IMELBO1849.csv
2023/01/17,11:34 AM,32.83,19.11,44.0,ENE,8.69,12.07,1026.08,0.0,0.0,7.0,770.8,IMELBO1849.csv
2023/01/17,11:39 AM,33.0,19.17,44.0,East,9.17,13.35,1026.08,0.0,0.0,7.0,777.8,IMELBO1849.csv
2023/01/17,11:44 AM,33.0,19.11,44.0,ENE,9.81,14.0,1025.74,0.0,0.0,7.0,793.3,IMELBO1849.csv
2023/01/17,11:49 AM,33.89,18.94,41.0,NNE,7.88,10.78,1025.74,0.0,0.0,7.0,796.9,IMELBO1849.csv
2023/01/17,11:54 AM,33.78,19.0,42.0,NNE,9.17,12.87,1025.74,0.0,0.0,7.0,737.8,IMELBO1849.csv
2023/01/17,11:59 AM,34.06,19.06,41.0,NE,8.21,11.26,1025.4,0.0,0.0,7.0,758.2,IMELBO1849.csv
2023/01/17,12:04 PM,34.5,19.0,40.0,NE,7.72,11.26,1025.4,0.0,0.0,7.0,803.8,IMELBO1849.csv
2023/01/17,12:09 PM,34.72,18.89,39.0,NE,8.53,11.75,1025.4,0.0,0.0,7.0,800.3,IMELBO1849.csv
2023/01/17,12:14 PM,34.56,18.61,39.0,North,9.81,13.03,1025.4,0.0,0.0,7.0,788.6,IMELBO1849.csv
2023/01/17,12:19 PM,34.61,18.5,39.0,NNE,8.85,12.55,1025.06,0.0,0.0,7.0,799.5,IMELBO1849.csv
2023/01/17,12:24 PM,34.67,18.72,39.0,NE,7.72,10.3,1025.06,0.0,0.0,8.0,847.2,IMELBO1849.csv
2023/01/17,12:29 PM,34.89,18.89,39.0,NNE,6.76,9.81,1025.06,0.0,0.0,8.0,851.5,IMELBO1849.csv
2023/01/17,12:34 PM,35.33,18.78,38.0,North,8.04,11.42,1024.72,0.0,0.0,7.0,820.8,IMELBO1849.csv
2023/01/17,12:39 PM,35.39,18.5,37.0,NNW,8.53,12.55,1024.72,0.0,0.0,8.0,840.2,IMELBO1849.csv
2023/01/17,12:44 PM,35.94,18.78,37.0,NNE,8.04,11.58,1024.72,0.0,0.0,8.0,863.7,IMELBO1849.csv
2023/01/17,12:49 PM,35.83,18.61,36.0,North,9.33,13.03,1024.72,0.0,0.0,8.0,893.5,IMELBO1849.csv
2023/01/17,12:54 PM,35.67,18.44,36.0,NNW,9.81,14.8,1024.72,0.0,0.0,8.0,872.8,IMELBO1849.csv
2023/01/17,12:59 PM,35.39,18.5,37.0,North,8.21,11.75,1024.72,0.0,0.0,8.0,889.3,IMELBO1849.csv
2023/01/17,01:04 PM,35.28,18.72,38.0,North,7.08,10.46,1024.72,0.0,0.0,8.0,892.7,IMELBO1849.csv
2023/01/17,01:09 PM,35.56,18.56,37.0,,5.63,7.88,1024.72,0.0,0.0,8.0,868.0,IMELBO1849.csv
2023/01/17,01:14 PM,35.61,18.5,37.0,North,10.3,13.52,1024.38,0.0,0.0,8.0,867.1,IMELBO1849.csv
2023/01/17,01:19 PM,35.61,18.44,36.0,NW,9.17,14.16,1024.38,0.0,0.0,8.0,907.0,IMELBO1849.csv
2023/01/17,01:24 PM,35.72,18.56,36.0,NNW,6.6,9.65,1024.38,0.0,0.0,8.0,885.8,IMELBO1849.csv
2023/01/17,01:29 PM,35.72,18.39,36.0,SSW,9.17,12.39,1024.04,0.0,0.0,8.0,912.6,IMELBO1849.csv
2023/01/17,01:34 PM,35.22,18.28,37.0,,7.24,10.94,1024.38,0.0,0.0,9.0,937.0,IMELBO1849.csv
2023/01/17,01:39 PM,35.44,18.22,36.0,,9.65,13.35,1024.04,0.0,0.0,8.0,906.6,IMELBO1849.csv
2023/01/17,01:44 PM,35.83,18.44,36.0,NNE,6.92,9.65,1024.04,0.0,0.0,8.0,860.1,IMELBO1849.csv
2023/01/17,01:49 PM,36.39,18.5,35.0,NE,10.62,14.64,1023.71,0.0,0.0,7.0,822.5,IMELBO1849.csv
2023/01/17,01:54 PM,35.83,18.33,36.0,NNE,8.69,12.39,1023.71,0.0,0.0,8.0,822.8,IMELBO1849.csv
2023/01/17,01:59 PM,36.28,18.44,35.0,NNW,10.3,13.68,1023.71,0.0,0.0,7.0,817.7,IMELBO1849.csv
2023/01/17,02:04 PM,36.11,18.5,36.0,,8.53,11.91,1023.71,0.0,0.0,7.0,814.3,IMELBO1849.csv
2023/01/17,02:09 PM,36.28,18.28,35.0,North,8.85,12.23,1023.71,0.0,0.0,7.0,810.7,IMELBO1849.csv
2023/01/17,02:14 PM,36.39,18.06,34.0,NNE,9.49,13.19,1023.71,0.0,0.0,8.0,880.2,IMELBO1849.csv
2023/01/17,02:19 PM,36.44,18.22,34.0,,9.49,13.19,1023.71,0.0,0.0,8.0,895.8,IMELBO1849.csv
2023/01/17,02:24 PM,36.28,18.06,34.0,NNW,8.69,12.87,1023.71,0.0,0.0,8.0,863.2,IMELBO1849.csv
2023/01/17,02:29 PM,37.11,18.44,34.0,NNE,8.69,12.55,1023.37,0.0,0.0,8.0,845.8,IMELBO1849.csv
2023/01/17,02:34 PM,36.89,18.5,34.0,NNW,8.21,11.58,1023.37,0.0,0.0,8.0,858.1,IMELBO1849.csv
2023/01/17,02:39 PM,36.61,18.28,34.0,North,7.4,10.78,1023.03,0.0,0.0,8.0,917.0,IMELBO1849.csv
2023/01/17,02:44 PM,36.78,18.17,34.0,,7.08,10.3,1023.03,0.0,0.0,7.0,745.6,IMELBO1849.csv
2023/01/17,02:49 PM,36.33,18.33,35.0,North,7.24,10.14,1022.69,0.0,0.0,7.0,731.8,IMELBO1849.csv
2023/01/17,02:54 PM,36.61,18.17,34.0,NNE,10.3,15.12,1023.03,0.0,0.0,8.0,927.1,IMELBO1849.csv
2023/01/17,02:59 PM,36.5,18.44,35.0,NNW,6.76,9.81,1023.03,0.0,0.0,6.0,651.6,IMELBO1849.csv
2023/01/17,03:04 PM,36.61,18.61,35.0,,8.21,12.23,1023.03,0.0,0.0,6.0,647.2,IMELBO1849.csv
2023/01/17,03:09 PM,36.44,18.22,34.0,NNW,9.81,15.45,1022.69,0.0,0.0,6.0,709.2,IMELBO1849.csv
2023/01/17,03:14 PM,36.33,18.0,34.0,NNW,10.62,15.29,1022.69,0.0,0.0,7.0,772.2,IMELBO1849.csv
2023/01/17,03:19 PM,36.28,17.78,34.0,NW,9.81,15.12,1022.69,0.0,0.0,8.0,855.9,IMELBO1849.csv
2023/01/17,03:24 PM,36.72,17.39,32.0,NNW,7.72,10.62,1022.69,0.0,0.0,8.0,911.4,IMELBO1849.csv
2023/01/17,03:29 PM,37.06,17.78,32.0,,9.33,13.03,1022.69,0.0,0.0,8.0,848.9,IMELBO1849.csv
2023/01/17,03:34 PM,37.11,18.0,33.0,North,8.37,12.07,1022.69,0.0,0.0,8.0,839.0,IMELBO1849.csv
2023/01/17,03:39 PM,36.94,17.22,31.0,WNW,9.81,14.32,1022.35,0.0,0.0,8.0,893.5,IMELBO1849.csv
2023/01/17,03:44 PM,37.06,17.61,32.0,North,7.88,11.42,1022.69,0.0,0.0,7.0,768.6,IMELBO1849.csv
2023/01/17,03:49 PM,37.06,17.56,32.0,NNE,6.6,9.17,1022.35,0.0,0.0,8.0,831.2,IMELBO1849.csv
2023/01/17,03:54 PM,37.56,18.22,32.0,NNE,7.24,10.62,1022.35,0.0,0.0,8.0,863.7,IMELBO1849.csv
2023/01/17,03:59 PM,37.06,18.17,33.0,NW,8.85,14.0,1022.01,0.0,0.0,8.0,858.1,IMELBO1849.csv
2023/01/17,04:04 PM,37.11,17.78,32.0,NNE,10.78,14.96,1022.01,0.0,0.0,7.0,807.3,IMELBO1849.csv
2023/01/17,04:09 PM,37.67,17.28,30.0,NW,7.4,12.71,1022.35,0.0,0.0,7.0,745.3,IMELBO1849.csv
2023/01/17,04:14 PM,37.44,17.5,31.0,NW,10.3,14.96,1022.01,0.0,0.0,7.0,749.2,IMELBO1849.csv
2023/01/17,04:19 PM,37.56,17.5,31.0,NW,8.21,13.03,1022.01,0.0,0.0,7.0,752.1,IMELBO1849.csv
2023/01/17,04:24 PM,37.22,17.72,32.0,,6.92,9.17,1022.01,0.0,0.0,5.0,524.0,IMELBO1849.csv
2023/01/17,04:29 PM,36.39,17.67,33.0,NNW,7.72,11.42,1022.01,0.0,0.0,6.0,625.5,IMELBO1849.csv
2023/01/17,04:34 PM,36.67,15.72,29.0,NW,9.01,12.55,1022.01,0.0,0.0,6.0,663.7,IMELBO1849.csv
2023/01/17,04:39 PM,36.94,17.0,31.0,NNW,6.92,9.81,1021.67,0.0,0.0,7.0,812.9,IMELBO1849.csv
2023/01/17,04:44 PM,36.78,17.11,31.0,NNW,5.79,8.04,1021.67,0.0,0.0,8.0,839.0,IMELBO1849.csv
2023/01/17,04:49 PM,36.72,17.17,32.0,NW,7.4,10.78,1021.33,0.0,0.0,7.0,721.4,IMELBO1849.csv
2023/01/17,04:54 PM,36.89,17.06,31.0,West,5.31,7.88,1021.33,0.0,0.0,6.0,718.4,IMELBO1849.csv
2023/01/17,04:59 PM,37.06,16.61,30.0,NNE,5.31,7.4,1021.33,0.0,0.0,5.0,590.8,IMELBO1849.csv
2023/01/17,05:04 PM,36.61,16.94,31.0,NNE,7.72,10.14,1021.0,0.0,0.0,5.0,560.9,IMELBO1849.csv
2023/01/17,05:09 PM,36.83,16.61,30.0,,5.63,8.37,1021.0,0.0,0.0,4.0,476.7,IMELBO1849.csv
2023/01/17,05:14 PM,37.06,17.0,31.0,NNW,6.92,9.98,1021.0,0.0,0.0,6.0,716.2,IMELBO1849.csv
2023/01/17,05:19 PM,36.67,17.17,32.0,NNE,7.88,11.42,1020.66,0.0,0.0,7.0,732.7,IMELBO1849.csv
2023/01/17,05:24 PM,36.94,16.39,30.0,NNW,8.53,11.58,1020.66,0.0,0.0,7.0,726.5,IMELBO1849.csv
2023/01/17,05:29 PM,37.11,16.67,30.0,NW,3.54,5.47,1020.66,0.0,0.0,4.0,420.4,IMELBO1849.csv
2023/01/17,05:34 PM,36.78,17.39,32.0,North,6.76,9.33,1020.66,0.0,0.0,2.0,251.1,IMELBO1849.csv
2023/01/17,05:39 PM,36.0,17.28,33.0,NNE,7.56,10.3,1020.66,0.0,0.0,3.0,331.8,IMELBO1849.csv
2023/01/17,05:44 PM,35.83,17.33,34.0,NE,5.15,7.08,1020.32,0.0,0.0,4.0,509.6,IMELBO1849.csv
2023/01/17,05:49 PM,36.17,17.56,34.0,NNE,5.63,8.21,1020.32,0.0,0.0,4.0,505.4,IMELBO1849.csv
2023/01/17,05:54 PM,36.28,17.39,33.0,,3.7,5.31,1019.98,0.0,0.0,3.0,399.4,IMELBO1849.csv
2023/01/17,05:59 PM,36.33,17.83,34.0,ENE,3.54,5.15,1019.98,0.0,0.0,3.0,350.9,IMELBO1849.csv
2023/01/17,06:04 PM,36.11,16.94,32.0,NE,5.15,7.24,1019.98,0.0,0.0,4.0,437.7,IMELBO1849.csv
2023/01/17,06:09 PM,36.44,16.67,31.0,North,3.54,5.31,1019.98,0.0,0.0,4.0,474.0,IMELBO1849.csv
2023/01/17,06:14 PM,37.17,17.28,31.0,NNW,4.67,6.92,1019.98,0.0,0.0,4.0,435.5,IMELBO1849.csv
2023/01/17,06:19 PM,37.22,18.17,33.0,NNE,5.95,8.04,1019.98,0.0,0.0,4.0,432.0,IMELBO1849.csv
2023/01/17,06:24 PM,36.56,18.5,35.0,ENE,10.3,14.16,1019.98,0.0,0.0,3.0,336.5,IMELBO1849.csv
2023/01/17,06:29 PM,35.67,17.89,35.0,East,6.11,7.72,1019.64,0.0,0.0,1.0,200.4,IMELBO1849.csv
2023/01/17,06:34 PM,35.72,17.89,35.0,NE,4.34,5.63,1019.64,0.0,0.0,2.0,208.2,IMELBO1849.csv
2023/01/17,06:39 PM,35.72,17.89,35.0,NNE,6.76,9.17,1019.64,0.0,0.0,0.0,84.5,IMELBO1849.csv
2023/01/17,06:44 PM,35.61,17.83,35.0,NNE,6.6,9.17,1019.64,0.0,0.0,0.0,69.4,IMELBO1849.csv
2023/01/17,06:49 PM,35.39,17.56,35.0,NNE,7.56,10.46,1019.98,0.0,0.0,0.0,69.7,IMELBO1849.csv
2023/01/17,06:54 PM,35.39,17.56,35.0,NNE,6.92,9.17,1019.98,0.0,0.0,0.0,86.7,IMELBO1849.csv
2023/01/17,06:59 PM,35.33,17.61,35.0,North,5.63,7.72,1019.64,0.0,0.0,0.0,91.9,IMELBO1849.csv
2023/01/17,07:04 PM,35.28,17.78,36.0,North,6.11,8.69,1019.64,0.0,0.0,0.0,89.3,IMELBO1849.csv
2023/01/17,07:09 PM,35.17,17.83,36.0,North,4.83,6.92,1019.98,0.0,0.0,0.0,66.3,IMELBO1849.csv
2023/01/17,07:14 PM,35.0,17.78,36.0,North,4.83,6.6,1019.98,0.0,0.0,0.0,55.1,IMELBO1849.csv
2023/01/17,07:19 PM,34.83,18.0,37.0,North,6.92,9.33,1019.98,0.0,0.0,0.0,55.9,IMELBO1849.csv
2023/01/17,07:24 PM,34.78,17.94,37.0,,5.31,7.56,1020.32,0.0,0.0,0.0,41.6,IMELBO1849.csv
2023/01/17,07:29 PM,34.39,18.17,38.0,WNW,11.91,18.34,1022.01,0.0,0.0,0.0,11.6,IMELBO1849.csv
2023/01/17,07:34 PM,29.67,19.83,56.0,West,15.45,25.42,1022.01,4.32,0.76,0.0,6.5,IMELBO1849.csv
2023/01/17,07:39 PM,24.22,20.28,78.0,WSW,11.26,16.09,1022.01,6.1,1.02,0.0,18.6,IMELBO1849.csv
2023/01/17,07:44 PM,23.22,19.61,80.0,WSW,9.49,14.32,1022.01,6.1,1.02,0.0,37.2,IMELBO1849.csv
2023/01/17,07:49 PM,23.28,19.67,80.0,West,9.49,13.03,1022.01,1.78,1.02,0.0,60.7,IMELBO1849.csv
2023/01/17,07:54 PM,23.22,19.56,80.0,West,12.87,18.34,1022.69,0.0,1.02,0.0,63.7,IMELBO1849.csv
2023/01/17,07:59 PM,23.06,19.33,80.0,WNW,11.26,16.57,1022.69,0.0,1.02,0.0,60.2,IMELBO1849.csv
2023/01/17,08:04 PM,23.11,19.11,78.0,WNW,9.65,14.8,1022.69,0.0,1.02,0.0,47.7,IMELBO1849.csv
2023/01/17,08:09 PM,23.28,18.72,76.0,West,9.17,13.52,1023.03,0.0,1.02,0.0,37.2,IMELBO1849.csv
2023/01/17,08:14 PM,23.44,18.5,74.0,WNW,8.85,13.19,1023.03,0.0,1.02,0.0,25.1,IMELBO1849.csv
2023/01/17,08:19 PM,23.61,18.33,72.0,WNW,6.76,9.81,1023.03,0.0,1.02,0.0,19.1,IMELBO1849.csv
2023/01/17,08:24 PM,23.94,18.11,70.0,West,7.72,11.42,1023.37,0.0,1.02,0.0,13.8,IMELBO1849.csv
2023/01/17,08:29 PM,24.0,18.0,69.0,WNW,8.53,13.19,1023.37,0.0,1.02,0.0,8.2,IMELBO1849.csv
2023/01/17,08:34 PM,24.22,17.56,67.0,West,10.14,15.12,1023.37,0.0,1.02,0.0,2.1,IMELBO1849.csv
2023/01/17,08:39 PM,24.56,17.5,65.0,WNW,12.23,16.41,1023.37,0.0,1.02,0.0,0.0,IMELBO1849.csv
2023/01/17,08:44 PM,24.61,17.56,65.0,West,11.75,17.7,1023.71,0.0,1.02,0.0,0.0,IMELBO1849.csv
2023/01/17,08:49 PM,24.5,17.33,64.0,West,9.81,14.32,1024.04,0.0,1.02,0.0,0.0,IMELBO1849.csv
2023/01/17,08:54 PM,24.39,17.11,64.0,West,8.69,13.03,1023.71,0.0,1.02,0.0,0.0,IMELBO1849.csv
2023/01/17,08:59 PM,24.44,17.11,64.0,West,9.81,13.84,1023.71,0.0,1.02,0.0,0.0,IMELBO1849.csv
2023/01/17,09:04 PM,24.28,16.83,63.0,West,8.69,14.0,1023.71,0.0,1.02,0.0,0.0,IMELBO1849.csv
2023/01/17,09:09 PM,24.06,16.89,64.0,West,8.04,11.58,1023.71,0.0,1.02,0.0,0.0,IMELBO1849.csv
2023/01/17,09:14 PM,24.0,16.78,64.0,WSW,6.28,9.33,1024.04,0.0,1.02,0.0,0.0,IMELBO1849.csv
2023/01/17,09:19 PM,23.89,17.06,65.0,West,5.79,8.21,1024.04,0.0,1.02,0.0,0.0,IMELBO1849.csv
2023/01/17,09:24 PM,23.61,16.94,66.0,West,6.44,9.49,1024.38,0.0,1.02,0.0,0.0,IMELBO1849.csv
2023/01/17,09:29 PM,23.61,16.67,65.0,West,5.79,9.65,1024.38,0.0,1.02,0.0,0.0,IMELBO1849.csv
2023/01/17,09:34 PM,23.61,16.44,64.0,West,6.76,9.49,1024.38,0.0,1.02,0.0,0.0,IMELBO1849.csv
2023/01/17,09:39 PM,23.61,16.39,64.0,WSW,6.6,10.14,1024.38,0.0,1.02,0.0,0.0,IMELBO1849.csv
2023/01/17,09:44 PM,23.61,16.39,64.0,West,6.76,9.98,1024.72,0.0,1.02,0.0,0.0,IMELBO1849.csv
2023/01/17,09:49 PM,23.56,16.33,64.0,WNW,5.63,8.04,1024.72,0.0,1.02,0.0,0.0,IMELBO1849.csv
2023/01/17,09:54 PM,23.44,16.22,64.0,WNW,6.76,9.81,1024.72,0.0,1.02,0.0,0.0,IMELBO1849.csv
2023/01/17,09:59 PM,23.5,16.28,64.0,West,4.51,7.24,1024.72,0.0,1.02,0.0,0.0,IMELBO1849.csv
2023/01/17,10:04 PM,23.5,16.28,64.0,West,4.99,7.72,1025.06,0.0,1.02,0.0,0.0,IMELBO1849.csv
2023/01/17,10:09 PM,23.44,16.33,64.0,West,3.7,5.63,1025.06,0.0,1.02,0.0,0.0,IMELBO1849.csv
2023/01/17,10:14 PM,23.39,16.44,65.0,West,4.51,7.24,1025.06,0.0,1.02,0.0,0.0,IMELBO1849.csv
2023/01/17,10:19 PM,23.33,16.44,65.0,West,3.38,5.31,1025.4,0.0,1.02,0.0,0.0,IMELBO1849.csv
2023/01/17,10:24 PM,23.33,16.44,65.0,WSW,3.22,4.83,1025.4,0.0,1.02,0.0,0.0,IMELBO1849.csv
2023/01/17,10:29 PM,23.28,16.39,65.0,WNW,2.9,4.02,1025.06,0.0,1.02,0.0,0.0,IMELBO1849.csv
2023/01/17,10:34 PM,23.28,16.56,66.0,NW,2.09,2.57,1025.4,0.0,1.02,0.0,0.0,IMELBO1849.csv
2023/01/17,10:39 PM,23.33,16.5,65.0,West,3.86,5.31,1025.4,0.0,1.02,0.0,0.0,IMELBO1849.csv
2023/01/17,10:44 PM,23.39,16.56,65.0,WNW,2.74,4.02,1025.4,0.0,1.02,0.0,0.0,IMELBO1849.csv
2023/01/17,10:49 PM,23.39,16.72,66.0,WNW,3.38,5.31,1025.4,0.0,1.02,0.0,0.0,IMELBO1849.csv
2023/01/17,10:54 PM,23.39,16.72,66.0,WSW,4.02,5.63,1025.4,0.0,1.02,0.0,0.0,IMELBO1849.csv
2023/01/17,10:59 PM,23.28,16.67,67.0,WSW,2.09,3.22,1025.4,0.0,1.02,0.0,0.0,IMELBO1849.csv
2023/01/17,11:04 PM,23.28,16.67,66.0,WSW,2.25,3.54,1025.4,0.0,1.02,0.0,0.0,IMELBO1849.csv
2023/01/17,11:09 PM,23.28,16.78,67.0,West,1.45,2.74,1025.4,0.0,1.02,0.0,0.0,IMELBO1849.csv
2023/01/17,11:14 PM,23.28,16.83,67.0,West,2.09,2.74,1025.4,0.0,1.02,0.0,0.0,IMELBO1849.csv
2023/01/17,11:19 PM,23.22,17.11,69.0,SW,4.18,5.95,1025.06,0.0,1.02,0.0,0.0,IMELBO1849.csv
2023/01/17,11:24 PM,22.94,17.11,70.0,WSW,4.83,6.76,1025.06,0.0,1.02,0.0,0.0,IMELBO1849.csv
2023/01/17,11:29 PM,22.78,17.11,70.0,WSW,2.09,3.22,1025.06,0.0,1.02,0.0,0.0,IMELBO1849.csv
2023/01/17,11:34 PM,22.72,17.0,70.0,WSW,3.54,4.83,1025.06,0.0,1.02,0.0,0.0,IMELBO1849.csv
2023/01/17,11:39 PM,22.78,16.78,69.0,WSW,2.57,3.22,1025.06,0.0,1.02,0.0,0.0,IMELBO1849.csv
2023/01/17,11:44 PM,22.78,16.78,69.0,WNW,1.13,1.77,1025.06,0.0,1.02,0.0,0.0,IMELBO1849.csv
2023/01/17,11:49 PM,22.78,16.78,69.0,WNW,0.64,1.29,1024.72,0.0,1.02,0.0,0.0,IMELBO1849.csv
2023/01/17,11:54 PM,22.78,16.78,69.0,WSW,1.13,1.93,1024.72,0.0,1.02,0.0,0.0,IMELBO1849.csv
2023/01/17,11:59 PM,22.83,16.78,69.0,WNW,1.13,1.93,1024.72,0.0,1.02,0.0,0.0,IMELBO1849.csv
2023/01/18,12:04 AM,22.83,16.83,69.0,WNW,0.8,1.29,1024.72,0.0,0.0,0.0,0.0,IMELBO1849.csv
2023/01/18,12:09 AM,22.78,16.78,69.0,West,1.61,2.25,1024.72,0.0,0.0,0.0,0.0,IMELBO1849.csv
2023/01/18,12:14 AM,22.78,16.78,69.0,SW,0.16,0.8,1025.06,0.0,0.0,0.0,0.0,IMELBO1849.csv
2023/01/18,12:19 AM,22.78,16.78,69.0,West,1.13,1.93,1024.72,0.0,0.0,0.0,0.0,IMELBO1849.csv
2023/01/18,12:24 AM,22.78,16.72,69.0,WNW,0.8,1.61,1024.72,0.0,0.0,0.0,0.0,IMELBO1849.csv
2023/01/18,12:29 AM,22.78,16.78,69.0,WNW,0.97,1.29,1024.72,0.0,0.0,0.0,0.0,IMELBO1849.csv
2023/01/18,12:34 AM,22.78,16.78,69.0,NW,0.64,1.45,1024.72,0.0,0.0,0.0,0.0,IMELBO1849.csv
2023/01/18,12:39 AM,22.78,16.78,69.0,NW,0.0,0.16,1024.38,0.0,0.0,0.0,0.0,IMELBO1849.csv
2023/01/18,12:44 AM,22.72,16.72,69.0,NW,0.16,0.16,1024.38,0.0,0.0,0.0,0.0,IMELBO1849.csv
2023/01/18,12:49 AM,22.72,16.72,69.0,NW,0.0,0.0,1024.38,0.0,0.0,0.0,0.0,IMELBO1849.csv
2023/01/18,12:54 AM,22.61,16.61,69.0,NW,0.48,0.8,1024.38,0.0,0.0,0.0,0.0,IMELBO1849.csv
2023/01/18,12:59 AM,22.61,16.61,69.0,NNW,1.45,2.09,1024.04,0.0,0.0,0.0,0.0,IMELBO1849.csv
2023/01/18,01:04 AM,22.61,16.61,69.0,NE,1.61,2.41,1024.04,0.0,0.0,0.0,0.0,IMELBO1849.csv
2023/01/18,01:09 AM,22.67,16.67,69.0,ENE,3.38,4.02,1024.04,0.0,0.0,0.0,0.0,IMELBO1849.csv
2023/01/18,01:14 AM,22.72,16.94,70.0,East,3.38,4.18,1023.71,0.0,0.0,0.0,0.0,IMELBO1849.csv
2023/01/18,01:19 AM,22.67,16.94,70.0,East,4.51,5.79,1023.71,0.0,0.0,0.0,0.0,IMELBO1849.csv
2023/01/18,01:24 AM,22.56,16.94,71.0,East,3.22,4.34,1023.71,0.0,0.0,0.0,0.0,IMELBO1849.csv
2023/01/18,01:29 AM,22.44,16.94,71.0,East,4.67,5.95,1023.71,0.0,0.0,0.0,0.0,IMELBO1849.csv
2023/01/18,01:34 AM,22.39,16.89,71.0,ENE,4.02,5.31,1023.71,0.0,0.0,0.0,0.0,IMELBO1849.csv
2023/01/18,01:39 AM,22.33,17.0,72.0,East,5.15,7.08,1023.37,0.0,0.0,0.0,0.0,IMELBO1849.csv
2023/01/18,01:44 AM,22.22,17.11,73.0,East,4.83,6.44,1023.37,0.0,0.0,0.0,0.0,IMELBO1849.csv
2023/01/18,01:49 AM,22.17,17.06,73.0,East,6.11,7.72,1023.37,0.0,0.0,0.0,0.0,IMELBO1849.csv
2023/01/18,01:54 AM,22.11,17.0,73.0,East,5.31,7.4,1023.03,0.0,0.0,0.0,0.0,IMELBO1849.csv
2023/01/18,01:59 AM,22.11,17.22,74.0,ENE,6.44,8.53,1022.69,0.0,0.0,0.0,0.0,IMELBO1849.csv
2023/01/18,02:04 AM,22.0,17.28,75.0,ENE,4.99,7.24,1022.69,0.0,0.0,0.0,0.0,IMELBO1849.csv
2023/01/18,02:09 AM,21.89,17.28,75.0,NNE,3.06,4.18,1023.03,0.0,0.0,0.0,0.0,IMELBO1849.csv
2023/01/18,02:14 AM,21.89,17.39,75.0,NNE,4.51,5.79,1023.37,0.0,0.0,0.0,0.0,IMELBO1849.csv
2023/01/18,02:19 AM,21.78,17.78,78.0,NE,4.51,5.95,1023.03,1.27,0.25,0.0,0.0,IMELBO1849.csv
2023/01/18,02:24 AM,21.28,17.89,81.0,ENE,3.86,5.31,1022.69,3.05,0.51,0.0,0.0,IMELBO1849.csv
2023/01/18,02:29 AM,20.89,17.94,83.0,ENE,5.47,7.4,1022.35,3.05,0.51,0.0,0.0,IMELBO1849.csv
2023/01/18,02:34 AM,20.72,17.89,84.0,NE,4.18,5.63,1022.35,1.78,0.51,0.0,0.0,IMELBO1849.csv
2023/01/18,02:39 AM,20.61,17.89,85.0,NNE,3.22,4.34,1022.35,0.0,0.51,0.0,0.0,IMELBO1849.csv
2023/01/18,02:44 AM,20.61,18.0,85.0,North,3.86,4.99,1022.69,4.83,1.27,0.0,0.0,IMELBO1849.csv
2023/01/18,02:49 AM,20.44,18.17,86.0,NE,4.18,6.11,1022.69,8.89,2.03,0.0,0.0,IMELBO1849.csv
2023/01/18,02:54 AM,20.17,18.0,88.0,NE,6.92,9.81,1022.35,10.92,2.54,0.0,0.0,IMELBO1849.csv
2023/01/18,02:59 AM,19.89,18.0,89.0,ENE,6.6,8.85,1022.35,7.11,2.79,0.0,0.0,IMELBO1849.csv
2023/01/18,03:04 AM,19.72,18.06,90.0,ENE,5.47,7.56,1022.01,4.83,3.05,0.0,0.0,IMELBO1849.csv
2023/01/18,03:09 AM,19.56,18.06,91.0,ENE,6.6,9.17,1021.67,4.83,3.3,0.0,0.0,IMELBO1849.csv
2023/01/18,03:14 AM,19.44,17.94,91.0,NE,4.34,5.63,1021.67,3.05,3.3,0.0,0.0,IMELBO1849.csv
2023/01/18,03:19 AM,19.44,17.94,91.0,NNE,4.51,5.95,1021.67,1.78,3.3,0.0,0.0,IMELBO1849.csv
2023/01/18,03:24 AM,19.5,18.22,92.0,NNE,5.47,6.76,1022.01,0.0,3.3,0.0,0.0,IMELBO1849.csv
2023/01/18,03:29 AM,19.5,18.22,92.0,NE,6.76,9.17,1021.67,0.0,3.3,0.0,0.0,IMELBO1849.csv
2023/01/18,03:34 AM,19.44,18.17,92.0,NNE,7.08,9.65,1021.67,0.0,3.3,0.0,0.0,IMELBO1849.csv
2023/01/18,03:39 AM,19.44,18.17,92.0,NNE,9.01,13.19,1021.67,0.0,3.3,0.0,0.0,IMELBO1849.csv
2023/01/18,03:44 AM,19.44,18.17,92.0,NNE,9.17,12.39,1021.33,1.27,3.56,0.0,0.0,IMELBO1849.csv
2023/01/18,03:49 AM,19.44,18.17,92.0,NNE,6.76,8.69,1021.67,1.27,3.56,0.0,0.0,IMELBO1849.csv
2023/01/18,03:54 AM,19.5,18.22,92.0,NNE,6.76,9.65,1021.33,1.27,3.56,0.0,0.0,IMELBO1849.csv
2023/01/18,03:59 AM,19.5,18.22,92.0,NE,5.95,8.53,1021.0,0.0,3.56,0.0,0.0,IMELBO1849.csv
2023/01/18,04:04 AM,19.5,18.22,92.0,NE,5.63,8.04,1021.0,0.0,3.56,0.0,0.0,IMELBO1849.csv
2023/01/18,04:09 AM,19.5,18.22,92.0,NNE,5.95,8.37,1021.0,0.0,3.56,0.0,0.0,IMELBO1849.csv
2023/01/18,04:14 AM,19.5,18.22,92.0,NNE,5.15,6.6,1021.0,0.0,3.56,0.0,0.0,IMELBO1849.csv
2023/01/18,04:19 AM,19.5,18.22,92.0,NNE,5.47,7.4,1021.0,0.0,3.56,0.0,0.0,IMELBO1849.csv
2023/01/18,04:24 AM,19.56,18.22,92.0,NNE,4.51,5.79,1021.0,0.0,3.56,0.0,0.0,IMELBO1849.csv
2023/01/18,04:29 AM,19.61,18.28,92.0,NNE,5.47,7.24,1021.0,0.0,3.56,0.0,0.0,IMELBO1849.csv
2023/01/18,04:34 AM,19.61,18.28,92.0,North,4.34,5.79,1021.0,0.0,3.56,0.0,0.0,IMELBO1849.csv
2023/01/18,04:39 AM,19.61,18.28,92.0,NNE,4.67,6.11,1021.0,0.0,3.56,0.0,0.0,IMELBO1849.csv
2023/01/18,04:44 AM,19.61,18.22,92.0,NNE,7.08,9.33,1021.0,0.0,3.56,0.0,0.0,IMELBO1849.csv
2023/01/18,04:49 AM,19.78,18.17,91.0,NNE,7.4,9.81,1021.0,0.0,3.56,0.0,0.0,IMELBO1849.csv
2023/01/18,04:54 AM,19.94,18.22,90.0,NNE,5.95,8.21,1021.33,0.0,3.56,0.0,0.0,IMELBO1849.csv
2023/01/18,04:59 AM,20.0,18.11,89.0,North,6.44,8.53,1021.67,0.0,3.56,0.0,0.0,IMELBO1849.csv
2023/01/18,05:04 AM,20.11,18.22,89.0,NNE,5.95,7.72,1021.33,0.0,3.56,0.0,0.0,IMELBO1849.csv
2023/01/18,05:09 AM,20.11,18.28,89.0,NNE,4.67,6.44,1021.33,0.0,3.56,0.0,0.0,IMELBO1849.csv
2023/01/18,05:14 AM,20.11,18.39,90.0,NNE,3.54,4.67,1021.33,0.0,3.56,0.0,0.0,IMELBO1849.csv
2023/01/18,05:19 AM,20.06,18.33,90.0,,1.45,2.09,1021.33,1.78,3.81,0.0,0.0,IMELBO1849.csv
2023/01/18,05:24 AM,20.11,18.56,91.0,NNW,0.64,1.13,1021.67,1.78,3.81,0.0,0.0,IMELBO1849.csv
2023/01/18,05:29 AM,20.0,18.5,91.0,NW,1.77,2.41,1021.67,1.78,3.81,0.0,0.0,IMELBO1849.csv
2023/01/18,05:34 AM,20.06,18.67,92.0,NW,0.8,1.29,1022.01,0.0,3.81,0.0,0.0,IMELBO1849.csv
2023/01/18,05:39 AM,20.0,18.72,92.0,NW,0.48,0.64,1022.01,0.0,3.81,0.0,0.0,IMELBO1849.csv
2023/01/18,05:44 AM,19.94,18.67,92.0,NW,0.48,0.8,1021.67,0.0,3.81,0.0,0.0,IMELBO1849.csv
2023/01/18,05:49 AM,20.06,18.78,92.0,NW,0.16,0.64,1021.67,0.0,3.81,0.0,0.0,IMELBO1849.csv
2023/01/18,05:54 AM,20.06,18.78,93.0,NW,0.32,0.8,1021.67,0.0,3.81,0.0,0.0,IMELBO1849.csv
2023/01/18,05:59 AM,20.0,18.78,93.0,NW,0.16,0.32,1022.01,0.0,3.81,0.0,0.0,IMELBO1849.csv
2023/01/18,06:04 AM,20.0,18.78,93.0,NW,0.0,0.0,1022.01,0.0,3.81,0.0,0.0,IMELBO1849.csv
2023/01/18,06:09 AM,20.06,18.83,93.0,NW,0.32,0.8,1021.67,1.27,4.06,0.0,0.0,IMELBO1849.csv
2023/01/18,06:14 AM,20.11,18.89,93.0,WNW,0.64,1.13,1022.01,1.27,4.06,0.0,0.0,IMELBO1849.csv
2023/01/18,06:19 AM,20.11,18.94,94.0,West,0.32,0.48,1022.01,1.27,4.06,0.0,0.0,IMELBO1849.csv
2023/01/18,06:24 AM,20.11,19.0,94.0,West,0.8,1.45,1022.01,0.0,4.06,0.0,0.0,IMELBO1849.csv
2023/01/18,06:29 AM,20.11,19.0,94.0,West,1.13,1.77,1022.01,0.0,4.06,0.0,0.0,IMELBO1849.csv
2023/01/18,06:34 AM,20.06,18.94,94.0,West,0.48,1.13,1022.01,0.0,4.06,0.0,1.7,IMELBO1849.csv
2023/01/18,06:39 AM,20.11,19.0,94.0,West,0.48,0.97,1022.01,0.0,4.06,0.0,3.8,IMELBO1849.csv
2023/01/18,06:44 AM,20.0,18.89,94.0,West,1.29,2.09,1022.01,0.0,4.06,0.0,3.4,IMELBO1849.csv
2023/01/18,06:49 AM,20.0,18.89,94.0,West,0.64,1.13,1022.01,0.0,4.06,0.0,4.8,IMELBO1849.csv
2023/01/18,06:54 AM,20.0,18.89,94.0,West,0.32,0.64,1022.01,0.0,4.06,0.0,8.2,IMELBO1849.csv
2023/01/18,06:59 AM,20.0,18.89,94.0,West,0.8,1.29,1022.01,0.0,4.06,0.0,8.6,IMELBO1849.csv
2023/01/18,07:04 AM,20.11,19.0,94.0,West,0.16,0.16,1022.35,0.0,4.06,0.0,7.7,IMELBO1849.csv
2023/01/18,07:09 AM,20.11,19.0,94.0,West,0.8,1.13,1022.35,0.0,4.06,0.0,9.1,IMELBO1849.csv
2023/01/18,07:14 AM,20.11,19.0,94.0,West,0.8,1.29,1022.35,0.0,4.06,0.0,9.1,IMELBO1849.csv
2023/01/18,07:19 AM,20.11,19.0,94.0,WSW,1.93,2.74,1022.35,0.0,4.06,0.0,19.1,IMELBO1849.csv
2023/01/18,07:24 AM,20.0,18.89,94.0,SW,3.06,4.51,1022.35,0.0,4.06,0.0,35.1,IMELBO1849.csv
2023/01/18,07:29 AM,20.0,18.89,94.0,SW,3.06,4.02,1022.35,0.0,4.06,0.0,62.0,IMELBO1849.csv
2023/01/18,07:34 AM,20.06,18.94,94.0,SW,4.02,5.15,1022.35,0.0,4.06,0.0,86.7,IMELBO1849.csv
2023/01/18,07:39 AM,20.11,18.94,93.0,SW,5.47,8.37,1022.35,0.0,4.06,0.0,94.1,IMELBO1849.csv
2023/01/18,07:44 AM,20.17,18.94,93.0,WSW,5.47,7.56,1022.35,0.0,4.06,1.0,101.4,IMELBO1849.csv
2023/01/18,07:49 AM,20.22,19.06,93.0,WSW,5.31,7.4,1022.35,0.0,4.06,0.0,97.5,IMELBO1849.csv
2023/01/18,07:54 AM,20.28,19.06,93.0,WSW,4.67,6.6,1022.69,0.0,4.06,0.0,81.5,IMELBO1849.csv
2023/01/18,07:59 AM,20.22,18.94,93.0,SW,6.44,9.49,1022.69,0.0,4.06,0.0,75.5,IMELBO1849.csv
2023/01/18,08:04 AM,19.89,18.67,93.0,WSW,5.15,7.88,1022.69,0.0,4.06,0.0,92.4,IMELBO1849.csv
2023/01/18,08:09 AM,19.89,18.61,92.0,WSW,4.51,6.92,1022.69,0.0,4.06,0.0,83.7,IMELBO1849.csv
2023/01/18,08:14 AM,19.72,18.44,92.0,WSW,7.72,11.1,1023.03,0.0,4.06,0.0,75.8,IMELBO1849.csv
2023/01/18,08:19 AM,19.5,18.22,92.0,WSW,9.17,12.23,1023.03,0.0,4.06,0.0,68.9,IMELBO1849.csv
2023/01/18,08:24 AM,19.44,18.28,93.0,WSW,7.24,10.14,1023.03,0.0,4.06,0.0,72.4,IMELBO1849.csv
2023/01/18,08:29 AM,19.28,18.06,93.0,WSW,7.72,11.75,1023.37,1.78,4.32,0.0,44.2,IMELBO1849.csv
2023/01/18,08:34 AM,19.11,18.0,94.0,SW,6.92,10.3,1023.37,1.78,4.32,0.0,44.2,IMELBO1849.csv
2023/01/18,08:39 AM,18.94,17.83,94.0,WSW,6.28,8.85,1023.37,3.56,4.57,0.0,45.5,IMELBO1849.csv
2023/01/18,08:44 AM,18.83,17.72,94.0,WSW,6.6,9.65,1023.71,1.78,4.57,0.0,35.5,IMELBO1849.csv
2023/01/18,08:49 AM,18.72,17.83,95.0,WSW,6.44,9.17,1023.37,1.78,4.57,0.0,61.2,IMELBO1849.csv
2023/01/18,08:54 AM,18.56,17.67,95.0,WSW,7.24,10.94,1023.37,0.0,4.57,0.0,93.6,IMELBO1849.csv
2023/01/18,08:59 AM,18.39,17.61,95.0,WSW,6.6,8.69,1023.37,0.0,4.57,1.0,121.8,IMELBO1849.csv
2023/01/18,09:04 AM,18.28,17.39,95.0,WSW,5.95,8.04,1023.37,0.0,4.57,1.0,103.1,IMELBO1849.csv
2023/01/18,09:09 AM,18.28,17.28,94.0,WSW,4.51,6.76,1023.71,0.0,4.57,1.0,100.6,IMELBO1849.csv
2023/01/18,09:14 AM,18.28,17.17,94.0,WSW,4.34,6.11,1023.71,0.0,4.57,1.0,120.1,IMELBO1849.csv
2023/01/18,09:19 AM,18.22,17.11,94.0,WSW,4.67,7.72,1023.71,0.0,4.57,1.0,119.6,IMELBO1849.csv
2023/01/18,09:24 AM,18.22,17.17,94.0,WSW,3.22,4.83,1023.71,0.0,4.57,1.0,108.4,IMELBO1849.csv
2023/01/18,09:29 AM,18.22,17.11,94.0,SW,4.67,6.92,1023.71,0.0,4.57,0.0,80.3,IMELBO1849.csv
2023/01/18,09:34 AM,18.22,17.17,94.0,West,3.22,4.83,1024.04,0.0,4.57,1.0,140.1,IMELBO1849.csv
2023/01/18,09:39 AM,18.28,17.22,94.0,West,4.18,6.6,1024.04,0.0,4.57,1.0,105.3,IMELBO1849.csv
2023/01/18,09:44 AM,18.22,17.11,94.0,WSW,5.95,8.21,1023.71,0.0,4.57,1.0,103.1,IMELBO1849.csv
2023/01/18,09:49 AM,18.11,16.89,93.0,SW,6.76,10.14,1024.04,0.0,4.57,0.0,71.6,IMELBO1849.csv
2023/01/18,09:54 AM,18.06,16.83,93.0,WSW,5.15,7.72,1024.04,0.0,4.57,1.0,110.1,IMELBO1849.csv
2023/01/18,09:59 AM,18.17,16.83,92.0,SW,5.63,7.88,1023.71,0.0,4.57,1.0,107.5,IMELBO1849.csv
2023/01/18,10:04 AM,18.28,17.0,92.0,SW,5.47,8.04,1024.04,0.0,4.57,1.0,125.8,IMELBO1849.csv
2023/01/18,10:09 AM,18.39,16.89,91.0,SW,4.99,6.76,1024.04,0.0,4.57,1.0,119.6,IMELBO1849.csv
2023/01/18,10:14 AM,18.5,17.0,91.0,SW,4.99,7.56,1024.04,0.0,4.57,0.0,86.7,IMELBO1849.csv
2023/01/18,10:19 AM,18.5,16.83,90.0,WSW,5.79,9.33,1024.04,0.0,4.57,0.0,77.6,IMELBO1849.csv
2023/01/18,10:24 AM,18.56,16.83,90.0,WSW,4.02,5.79,1024.04,0.0,4.57,0.0,82.3,IMELBO1849.csv
2023/01/18,10:29 AM,18.72,17.06,90.0,WSW,3.22,4.83,1024.04,0.0,4.57,0.0,85.4,IMELBO1849.csv
2023/01/18,10:34 AM,18.72,17.0,90.0,WSW,3.54,5.47,1024.38,0.0,4.57,0.0,93.2,IMELBO1849.csv
2023/01/18,10:39 AM,18.61,16.89,90.0,WSW,4.02,5.95,1024.04,1.27,4.83,1.0,114.5,IMELBO1849.csv
2023/01/18,10:44 AM,18.44,16.72,90.0,WSW,4.67,7.08,1024.04,1.27,4.83,0.0,84.0,IMELBO1849.csv
2023/01/18,10:49 AM,18.33,16.72,90.0,SW,5.79,8.37,1024.38,1.27,4.83,0.0,84.0,IMELBO1849.csv
2023/01/18,10:54 AM,18.33,16.72,90.0,WSW,3.54,5.31,1024.04,0.0,4.83,0.0,87.1,IMELBO1849.csv
2023/01/18,10:59 AM,18.56,17.06,91.0,West,3.86,5.95,1024.38,0.0,4.83,1.0,107.9,IMELBO1849.csv
2023/01/18,11:04 AM,18.39,16.94,91.0,WSW,3.22,5.15,1024.38,0.0,4.83,1.0,155.2,IMELBO1849.csv
2023/01/18,11:09 AM,18.33,17.06,92.0,SW,5.31,7.24,1024.38,1.78,5.08,1.0,161.4,IMELBO1849.csv
2023/01/18,11:14 AM,18.22,16.89,92.0,WSW,5.95,8.69,1024.38,1.78,5.08,1.0,159.2,IMELBO1849.csv
2023/01/18,11:19 AM,18.0,16.78,93.0,SW,5.31,7.88,1024.38,1.78,5.08,1.0,155.7,IMELBO1849.csv
2023/01/18,11:24 AM,17.89,16.72,93.0,SW,6.92,9.49,1024.38,0.0,5.08,0.0,80.6,IMELBO1849.csv
2023/01/18,11:29 AM,17.56,16.39,94.0,SW,8.69,11.26,1024.38,0.0,5.08,0.0,75.5,IMELBO1849.csv
2023/01/18,11:34 AM,17.5,16.39,94.0,SW,5.63,7.24,1024.38,1.27,5.33,0.0,90.7,IMELBO1849.csv
2023/01/18,11:39 AM,17.39,16.28,94.0,SW,6.28,8.37,1024.38,1.27,5.33,0.0,61.5,IMELBO1849.csv
2023/01/18,11:44 AM,17.28,16.33,95.0,WSW,7.72,10.3,1024.04,1.78,5.59,0.0,90.7,IMELBO1849.csv
2023/01/18,11:49 AM,17.11,16.28,95.0,SW,6.44,9.17,1024.38,1.78,5.59,0.0,89.8,IMELBO1849.csv
2023/01/18,11:54 AM,16.89,16.11,95.0,SW,8.53,11.1,1024.72,3.05,5.84,0.0,99.3,IMELBO1849.csv
2023/01/18,11:59 AM,16.72,15.89,95.0,SW,9.33,12.55,1024.72,1.27,5.84,1.0,137.9,IMELBO1849.csv
2023/01/18,12:04 PM,16.5,15.72,95.0,SSW,9.98,13.19,1024.72,1.27,5.84,1.0,142.3,IMELBO1849.csv
2023/01/18,12:09 PM,16.33,15.67,95.0,SW,10.3,14.64,1024.72,0.0,5.84,1.0,140.4,IMELBO1849.csv
2023/01/18,12:14 PM,16.33,15.72,96.0,SW,8.85,11.91,1024.38,0.0,5.84,1.0,149.6,IMELBO1849.csv
2023/01/18,12:19 PM,16.33,15.72,96.0,SW,9.33,12.07,1024.72,1.78,6.1,1.0,147.4,IMELBO1849.csv
2023/01/18,12:24 PM,16.33,15.72,96.0,SW,10.14,13.52,1024.72,1.78,6.1,1.0,140.9,IMELBO1849.csv
2023/01/18,12:29 PM,16.33,15.78,96.0,SW,8.53,10.94,1024.38,1.78,6.1,1.0,112.3,IMELBO1849.csv
2023/01/18,12:34 PM,16.44,15.83,96.0,SW,6.6,8.53,1024.38,0.0,6.1,1.0,138.7,IMELBO1849.csv
2023/01/18,12:39 PM,16.61,16.0,96.0,SW,6.92,9.17,1024.72,1.27,6.35,1.0,126.6,IMELBO1849.csv
2023/01/18,12:44 PM,16.44,15.83,96.0,SSW,8.37,11.1,1024.72,1.27,6.35,1.0,106.2,IMELBO1849.csv
2023/01/18,12:49 PM,16.28,15.72,96.0,SW,12.23,15.93,1024.72,1.78,6.6,1.0,112.7,IMELBO1849.csv
2023/01/18,12:54 PM,16.0,15.39,96.0,SW,11.91,16.25,1025.06,3.05,6.86,1.0,115.7,IMELBO1849.csv
2023/01/18,12:59 PM,16.06,15.5,96.0,SSW,7.88,10.94,1025.06,3.05,6.86,1.0,108.4,IMELBO1849.csv
2023/01/18,01:04 PM,15.94,15.33,96.0,SW,7.4,10.62,1024.72,1.27,6.86,0.0,83.7,IMELBO1849.csv
2023/01/18,01:09 PM,15.83,15.28,96.0,SW,8.21,10.62,1025.06,0.0,6.86,0.0,76.3,IMELBO1849.csv
2023/01/18,01:14 PM,15.89,15.44,97.0,SSW,6.44,8.85,1024.72,1.78,7.11,0.0,96.7,IMELBO1849.csv
2023/01/18,01:19 PM,15.89,15.5,97.0,SSW,7.4,9.65,1024.72,1.78,7.11,1.0,123.2,IMELBO1849.csv
2023/01/18,01:24 PM,15.78,15.39,97.0,SW,8.37,11.42,1025.06,1.78,7.11,1.0,132.7,IMELBO1849.csv
2023/01/18,01:29 PM,15.78,15.33,97.0,SW,7.72,10.3,1025.06,1.27,7.37,1.0,163.9,IMELBO1849.csv
2023/01/18,01:34 PM,15.78,15.39,97.0,SW,7.4,9.81,1024.72,1.27,7.37,1.0,165.3,IMELBO1849.csv
2023/01/18,01:39 PM,16.06,15.67,97.0,SW,4.51,6.11,1024.72,1.27,7.37,1.0,164.8,IMELBO1849.csv
2023/01/18,01:44 PM,16.06,15.67,97.0,SW,6.76,9.33,1024.72,1.78,7.62,1.0,117.9,IMELBO1849.csv
2023/01/18,01:49 PM,16.0,15.61,97.0,SW,6.28,8.21,1024.72,1.78,7.62,1.0,141.4,IMELBO1849.csv
2023/01/18,01:54 PM,15.89,15.5,97.0,SSW,8.21,11.75,1024.72,3.56,8.13,1.0,125.8,IMELBO1849.csv
2023/01/18,01:59 PM,15.72,15.28,97.0,SSW,8.04,10.78,1025.06,4.83,8.38,1.0,107.5,IMELBO1849.csv
2023/01/18,02:04 PM,15.56,15.11,97.0,SW,8.69,11.91,1024.72,4.83,8.64,1.0,149.1,IMELBO1849.csv
2023/01/18,02:09 PM,15.56,15.17,97.0,SW,6.28,8.53,1024.72,3.05,8.89,2.0,208.6,IMELBO1849.csv
2023/01/18,02:14 PM,15.72,15.28,97.0,SW,7.88,10.78,1024.72,3.05,8.89,1.0,201.6,IMELBO1849.csv
2023/01/18,02:19 PM,15.72,15.28,97.0,SW,7.56,10.14,1024.72,3.05,9.14,1.0,196.0,IMELBO1849.csv
2023/01/18,02:24 PM,15.72,15.28,97.0,SW,6.44,8.69,1025.06,3.05,9.4,1.0,126.6,IMELBO1849.csv
2023/01/18,02:29 PM,15.67,15.28,97.0,SW,4.99,6.76,1024.72,3.05,9.65,0.0,90.7,IMELBO1849.csv
2023/01/18,02:34 PM,15.56,15.17,97.0,SSW,9.49,12.87,1025.06,3.05,9.91,1.0,168.2,IMELBO1849.csv
2023/01/18,02:39 PM,15.28,14.89,97.0,SW,8.85,11.42,1025.06,3.05,9.91,1.0,166.5,IMELBO1849.csv
2023/01/18,02:44 PM,15.33,14.94,97.0,SW,8.53,10.78,1025.06,3.05,10.16,1.0,122.3,IMELBO1849.csv
2023/01/18,02:49 PM,15.28,14.89,97.0,SW,9.01,12.07,1025.06,1.27,10.16,1.0,112.7,IMELBO1849.csv
2023/01/18,02:54 PM,15.33,14.94,97.0,SSW,6.44,8.53,1025.06,1.27,10.16,1.0,161.7,IMELBO1849.csv
2023/01/18,02:59 PM,15.44,15.06,97.0,SW,5.15,7.08,1025.4,0.0,10.16,1.0,101.4,IMELBO1849.csv
2023/01/18,03:04 PM,15.33,14.94,97.0,SW,8.85,10.94,1025.4,1.78,10.41,0.0,77.6,IMELBO1849.csv
2023/01/18,03:09 PM,15.28,14.89,97.0,SSW,9.01,11.91,1025.06,3.56,10.67,1.0,151.0,IMELBO1849.csv
2023/01/18,03:14 PM,15.28,14.83,97.0,SW,7.24,9.49,1025.06,3.56,10.67,1.0,197.3,IMELBO1849.csv
2023/01/18,03:19 PM,15.28,14.83,97.0,SW,9.01,12.39,1025.06,1.78,10.92,2.0,215.6,IMELBO1849.csv
2023/01/18,03:24 PM,15.06,14.67,97.0,SW,10.3,13.19,1025.4,1.27,10.92,1.0,193.9,IMELBO1849.csv
2023/01/18,03:29 PM,15.17,14.78,97.0,SSW,8.37,11.26,1025.4,1.27,10.92,1.0,175.2,IMELBO1849.csv
2023/01/18,03:34 PM,15.39,15.0,97.0,SW,7.08,9.65,1025.4,0.0,10.92,1.0,159.2,IMELBO1849.csv
2023/01/18,03:39 PM,15.28,14.89,97.0,SSW,6.28,8.85,1025.06,0.0,10.92,1.0,170.4,IMELBO1849.csv
2023/01/18,03:44 PM,15.22,14.83,97.0,SSW,5.95,7.88,1025.4,0.0,10.92,1.0,158.3,IMELBO1849.csv
2023/01/18,03:49 PM,15.17,14.72,97.0,SW,8.21,11.58,1025.06,0.0,10.92,1.0,124.1,IMELBO1849.csv
2023/01/18,03:54 PM,14.72,14.28,97.0,SSW,10.46,13.68,1025.4,1.78,11.18,0.0,72.8,IMELBO1849.csv
2023/01/18,03:59 PM,14.61,14.22,97.0,SW,7.72,10.94,1025.4,1.78,11.18,0.0,54.2,IMELBO1849.csv
2023/01/18,04:04 PM,14.56,14.17,97.0,SSW,9.65,12.87,1025.4,1.78,11.18,0.0,62.9,IMELBO1849.csv
2023/01/18,04:09 PM,14.56,14.17,97.0,SSW,6.6,9.49,1025.4,0.0,11.18,0.0,59.8,IMELBO1849.csv
2023/01/18,04:14 PM,14.5,14.11,97.0,SSW,6.6,9.33,1025.4,0.0,11.18,0.0,68.9,IMELBO1849.csv
2023/01/18,04:19 PM,14.56,14.17,97.0,SW,4.34,5.95,1025.4,0.0,11.18,0.0,72.4,IMELBO1849.csv
2023/01/18,04:24 PM,14.61,14.22,97.0,SW,6.44,8.37,1025.4,0.0,11.18,0.0,77.6,IMELBO1849.csv
2023/01/18,04:29 PM,14.61,14.22,97.0,SSW,5.15,7.08,1025.4,1.27,11.43,0.0,71.9,IMELBO1849.csv
2023/01/18,04:34 PM,14.61,14.22,97.0,SSW,5.15,6.92,1025.4,1.27,11.43,0.0,62.0,IMELBO1849.csv
2023/01/18,04:39 PM,14.56,14.17,97.0,SSW,5.79,7.72,1025.4,1.27,11.43,0.0,70.7,IMELBO1849.csv
2023/01/18,04:44 PM,14.5,14.11,97.0,SSW,7.08,9.01,1025.4,0.0,11.43,0.0,70.7,IMELBO1849.csv
2023/01/18,04:49 PM,14.5,14.11,97.0,SSW,6.6,9.01,1025.4,0.0,11.43,0.0,75.0,IMELBO1849.csv
2023/01/18,04:54 PM,14.61,14.22,97.0,SSW,4.67,6.76,1025.4,0.0,11.43,0.0,67.2,IMELBO1849.csv
2023/01/18,04:59 PM,14.5,14.11,97.0,SW,7.56,9.98,1025.06,1.78,11.68,0.0,67.7,IMELBO1849.csv
2023/01/18,05:04 PM,14.33,13.94,97.0,SW,5.31,6.6,1025.4,1.78,11.68,0.0,55.9,IMELBO1849.csv
2023/01/18,05:09 PM,14.44,14.06,97.0,SSW,6.28,8.69,1025.4,1.78,11.68,0.0,54.2,IMELBO1849.csv
2023/01/18,05:14 PM,14.33,13.94,97.0,SSW,6.76,9.17,1025.4,0.0,11.68,0.0,42.0,IMELBO1849.csv
2023/01/18,05:19 PM,14.17,13.72,97.0,SSW,11.75,15.77,1025.4,0.0,11.68,0.0,45.9,IMELBO1849.csv
2023/01/18,05:24 PM,13.89,13.39,96.0,SW,9.17,12.55,1025.4,0.0,11.68,0.0,52.0,IMELBO1849.csv
2023/01/18,05:29 PM,13.78,13.22,96.0,SW,8.53,11.26,1025.4,0.0,11.68,0.0,42.0,IMELBO1849.csv
2023/01/18,05:34 PM,13.89,13.28,96.0,SSW,5.79,7.56,1025.4,0.0,11.68,0.0,32.9,IMELBO1849.csv
2023/01/18,05:39 PM,13.89,13.28,96.0,SSW,4.18,6.76,1025.4,0.0,11.68,0.0,29.9,IMELBO1849.csv
2023/01/18,05:44 PM,13.89,13.28,96.0,SSW,3.86,5.47,1025.74,0.0,11.68,0.0,31.6,IMELBO1849.csv
2023/01/18,05:49 PM,13.89,13.28,96.0,SSW,3.22,4.83,1025.74,0.0,11.68,0.0,35.1,IMELBO1849.csv
2023/01/18,05:54 PM,13.94,13.33,96.0,SSW,4.51,5.95,1025.74,0.0,11.68,0.0,29.0,IMELBO1849.csv
2023/01/18,05:59 PM,13.94,13.28,96.0,SW,6.92,9.81,1025.4,0.0,11.68,0.0,32.1,IMELBO1849.csv
2023/01/18,06:04 PM,13.78,12.94,95.0,SSW,7.56,11.1,1025.74,0.0,11.68,0.0,36.3,IMELBO1849.csv
2023/01/18,06:09 PM,13.78,12.83,94.0,SSW,8.53,11.75,1025.74,0.0,11.68,0.0,30.7,IMELBO1849.csv
2023/01/18,06:14 PM,13.78,12.72,93.0,SW,9.81,13.52,1025.74,0.0,11.68,0.0,35.5,IMELBO1849.csv
2023/01/18,06:19 PM,13.83,12.72,92.0,SW,7.72,9.65,1026.08,0.0,11.68,0.0,39.0,IMELBO1849.csv
2023/01/18,06:24 PM,13.83,12.61,92.0,SW,9.81,12.87,1026.08,0.0,11.68,0.0,43.3,IMELBO1849.csv
2023/01/18,06:29 PM,13.83,12.28,90.0,SW,8.37,11.1,1026.08,0.0,11.68,0.0,41.6,IMELBO1849.csv
2023/01/18,06:34 PM,13.94,12.17,89.0,SSW,9.01,11.91,1026.08,0.0,11.68,0.0,29.9,IMELBO1849.csv
2023/01/18,06:39 PM,14.11,12.22,89.0,SW,8.53,11.58,1026.08,0.0,11.68,0.0,42.0,IMELBO1849.csv
2023/01/18,06:44 PM,14.06,12.06,88.0,SSW,9.98,13.52,1026.41,0.0,11.68,0.0,42.9,IMELBO1849.csv
2023/01/18,06:49 PM,14.22,12.22,88.0,SW,7.56,10.14,1026.08,0.0,11.68,0.0,52.0,IMELBO1849.csv
2023/01/18,06:54 PM,14.22,11.89,86.0,SW,10.3,14.16,1026.08,0.0,11.68,0.0,84.5,IMELBO1849.csv
2023/01/18,06:59 PM,14.5,11.83,84.0,SW,8.53,11.58,1026.41,0.0,11.68,0.0,65.0,IMELBO1849.csv
2023/01/18,07:04 PM,14.56,11.78,84.0,SW,9.65,13.52,1026.41,0.0,11.68,0.0,47.2,IMELBO1849.csv
2023/01/18,07:09 PM,14.67,11.72,83.0,SW,8.53,11.42,1026.41,0.0,11.68,0.0,50.3,IMELBO1849.csv
2023/01/18,07:14 PM,14.67,11.72,83.0,SW,8.53,11.91,1026.41,0.0,11.68,0.0,81.5,IMELBO1849.csv
2023/01/18,07:19 PM,14.61,11.5,82.0,SW,9.01,11.91,1026.41,0.0,11.68,0.0,82.0,IMELBO1849.csv
2023/01/18,07:24 PM,14.72,11.33,80.0,SSW,9.81,13.19,1026.41,0.0,11.68,0.0,66.8,IMELBO1849.csv
2023/01/18,07:29 PM,14.72,11.17,79.0,SSW,9.81,13.03,1026.75,0.0,11.68,0.0,68.0,IMELBO1849.csv
2023/01/18,07:34 PM,14.78,10.83,77.0,SSW,9.81,13.52,1026.41,0.0,11.68,0.0,69.4,IMELBO1849.csv
2023/01/18,07:39 PM,14.78,10.44,75.0,SW,10.62,14.16,1026.75,0.0,11.68,0.0,45.0,IMELBO1849.csv
2023/01/18,07:44 PM,14.72,10.33,75.0,SSW,9.01,12.71,1026.75,0.0,11.68,0.0,37.7,IMELBO1849.csv
2023/01/18,07:49 PM,14.72,10.28,75.0,SSW,8.04,10.46,1026.75,0.0,11.68,0.0,32.4,IMELBO1849.csv
2023/01/18,07:54 PM,14.72,10.28,75.0,SW,7.56,10.3,1026.75,0.0,11.68,0.0,34.3,IMELBO1849.csv
2023/01/18,07:59 PM,14.72,10.17,74.0,SSW,9.01,12.55,1026.75,0.0,11.68,0.0,32.1,IMELBO1849.csv
2023/01/18,08:04 PM,14.72,9.94,73.0,SW,10.46,14.48,1026.75,0.0,11.68,0.0,24.7,IMELBO1849.csv
2023/01/18,08:09 PM,14.72,10.11,74.0,SW,7.72,10.14,1027.09,0.0,11.68,0.0,16.9,IMELBO1849.csv
2023/01/18,08:14 PM,14.61,10.0,74.0,SSW,8.37,10.78,1027.09,0.0,11.68,0.0,10.8,IMELBO1849.csv
2023/01/18,08:19 PM,14.61,9.72,73.0,SSW,9.98,13.35,1027.09,0.0,11.68,0.0,8.6,IMELBO1849.csv
2023/01/18,08:24 PM,14.61,9.67,72.0,SW,9.98,13.35,1027.09,0.0,11.68,0.0,6.5,IMELBO1849.csv
2023/01/18,08:29 PM,14.61,9.56,72.0,SW,11.58,16.41,1027.09,0.0,11.68,0.0,4.8,IMELBO1849.csv
2023/01/18,08:34 PM,14.61,9.44,71.0,SSW,10.46,14.0,1027.09,0.0,11.68,0.0,3.4,IMELBO1849.csv
2023/01/18,08:39 PM,14.61,9.61,72.0,SSW,9.81,13.19,1027.09,0.0,11.68,0.0,2.6,IMELBO1849.csv
2023/01/18,08:44 PM,14.56,9.56,72.0,SW,9.81,13.35,1027.43,0.0,11.68,0.0,1.7,IMELBO1849.csv
2023/01/18,08:49 PM,14.5,9.61,73.0,SSW,9.33,12.55,1027.43,0.0,11.68,0.0,0.9,IMELBO1849.csv
2023/01/18,08:54 PM,14.5,9.61,73.0,SW,9.65,12.87,1027.43,0.0,11.68,0.0,0.4,IMELBO1849.csv
2023/01/18,08:59 PM,14.39,9.61,73.0,SSW,7.56,9.98,1027.43,0.0,11.68,0.0,0.0,IMELBO1849.csv
2023/01/18,09:04 PM,14.33,9.56,73.0,SW,8.37,11.75,1027.43,0.0,11.68,0.0,0.0,IMELBO1849.csv
2023/01/18,09:09 PM,14.39,9.67,73.0,SW,6.92,9.17,1027.77,0.0,11.68,0.0,0.0,IMELBO1849.csv
2023/01/18,09:14 PM,14.28,9.78,74.0,SW,8.85,12.39,1027.77,0.0,11.68,0.0,0.0,IMELBO1849.csv
2023/01/18,09:19 PM,14.22,9.72,74.0,SW,9.65,13.52,1027.77,0.0,11.68,0.0,0.0,IMELBO1849.csv
2023/01/18,09:24 PM,14.22,9.67,74.0,SW,8.04,11.26,1027.77,0.0,11.68,0.0,0.0,IMELBO1849.csv
2023/01/18,09:29 PM,14.22,9.72,74.0,SW,7.24,9.65,1027.77,0.0,11.68,0.0,0.0,IMELBO1849.csv
2023/01/18,09:34 PM,14.11,9.61,74.0,SW,7.08,9.17,1028.11,0.0,11.68,0.0,0.0,IMELBO1849.csv
2023/01/18,09:39 PM,14.11,9.61,74.0,SW,7.24,9.81,1028.11,0.0,11.68,0.0,0.0,IMELBO1849.csv
2023/01/18,09:44 PM,14.11,9.28,73.0,SW,9.49,13.52,1028.11,0.0,11.68,0.0,0.0,IMELBO1849.csv
2023/01/18,09:49 PM,14.11,9.28,73.0,SW,8.21,11.58,1028.11,0.0,11.68,0.0,0.0,IMELBO1849.csv
2023/01/18,09:54 PM,14.06,9.28,73.0,SW,6.92,9.65,1028.11,0.0,11.68,0.0,0.0,IMELBO1849.csv
2023/01/18,09:59 PM,14.0,9.28,73.0,SW,9.01,11.75,1028.11,0.0,11.68,0.0,0.0,IMELBO1849.csv
2023/01/18,10:04 PM,14.0,9.28,73.0,SW,7.72,10.46,1028.11,0.0,11.68,0.0,0.0,IMELBO1849.csv
2023/01/18,10:09 PM,13.94,9.28,73.0,SW,6.28,9.01,1028.45,0.0,11.68,0.0,0.0,IMELBO1849.csv
2023/01/18,10:14 PM,13.89,9.11,73.0,SW,7.72,10.78,1028.45,0.0,11.68,0.0,0.0,IMELBO1849.csv
2023/01/18,10:19 PM,13.89,9.0,72.0,SW,6.92,9.49,1028.45,0.0,11.68,0.0,0.0,IMELBO1849.csv
2023/01/18,10:24 PM,13.78,8.94,73.0,SW,5.79,7.72,1028.45,0.0,11.68,0.0,0.0,IMELBO1849.csv
2023/01/18,10:29 PM,13.78,8.72,72.0,SW,7.4,10.3,1028.45,0.0,11.68,0.0,0.0,IMELBO1849.csv
2023/01/18,10:34 PM,13.78,8.56,71.0,SW,7.08,9.81,1028.45,0.0,11.68,0.0,0.0,IMELBO1849.csv
2023/01/18,10:39 PM,13.78,8.39,70.0,SW,7.4,10.78,1028.45,0.0,11.68,0.0,0.0,IMELBO1849.csv
2023/01/18,10:44 PM,13.72,8.28,70.0,SW,7.4,9.81,1028.11,0.0,11.68,0.0,0.0,IMELBO1849.csv
2023/01/18,10:49 PM,13.72,8.28,70.0,SW,6.44,8.37,1028.45,0.0,11.68,0.0,0.0,IMELBO1849.csv
2023/01/18,10:54 PM,13.67,8.17,70.0,SW,7.56,10.14,1028.45,0.0,11.68,0.0,0.0,IMELBO1849.csv
2023/01/18,10:59 PM,13.61,8.28,70.0,SW,6.76,9.33,1028.11,0.0,11.68,0.0,0.0,IMELBO1849.csv
2023/01/18,11:04 PM,13.61,8.28,70.0,SW,6.92,9.49,1028.45,0.0,11.68,0.0,0.0,IMELBO1849.csv
2023/01/18,11:09 PM,13.5,8.06,70.0,SW,7.72,10.62,1028.45,0.0,11.68,0.0,0.0,IMELBO1849.csv
2023/01/18,11:14 PM,13.5,7.89,69.0,WSW,6.92,9.33,1028.11,0.0,11.68,0.0,0.0,IMELBO1849.csv
2023/01/18,11:19 PM,13.5,7.89,69.0,WSW,7.08,9.81,1028.11,0.0,11.68,0.0,0.0,IMELBO1849.csv
2023/01/18,11:24 PM,13.5,7.89,69.0,SW,6.11,8.53,1028.11,0.0,11.68,0.0,0.0,IMELBO1849.csv
2023/01/18,11:29 PM,13.39,7.94,70.0,SW,5.47,7.72,1028.11,0.0,11.68,0.0,0.0,IMELBO1849.csv
2023/01/18,11:34 PM,13.33,7.78,69.0,SW,5.63,7.72,1028.11,0.0,11.68,0.0,0.0,IMELBO1849.csv
2023/01/18,11:39 PM,13.22,7.67,69.0,SW,6.11,8.21,1028.11,0.0,11.68,0.0,0.0,IMELBO1849.csv
2023/01/18,11:44 PM,13.11,7.78,70.0,SW,5.31,7.72,1028.11,0.0,11.68,0.0,0.0,IMELBO1849.csv
2023/01/18,11:49 PM,12.94,7.78,71.0,SW,5.15,7.08,1028.11,0.0,11.68,0.0,0.0,IMELBO1849.csv
2023/01/18,11:54 PM,12.78,7.72,71.0,SW,5.79,8.37,1028.11,0.0,11.68,0.0,0.0,IMELBO1849.csv
2023/01/18,11:59 PM,12.78,7.72,71.0,WSW,6.44,9.01,1028.11,0.0,11.68,0.0,0.0,IMELBO1849.csv
2023/01/19,12:04 AM,12.78,7.61,71.0,SW,6.76,9.81,1028.11,0.0,0.0,0.0,0.0,IMELBO1849.csv
2023/01/19,12:09 AM,12.78,7.67,71.0,WSW,6.76,9.17,1028.11,0.0,0.0,0.0,0.0,IMELBO1849.csv
2023/01/19,12:14 AM,12.67,7.61,71.0,SW,5.95,8.21,1028.11,0.0,0.0,0.0,0.0,IMELBO1849.csv
2023/01/19,12:19 AM,12.5,7.5,71.0,SW,6.28,8.69,1028.11,0.0,0.0,0.0,0.0,IMELBO1849.csv
2023/01/19,12:24 AM,12.5,7.44,71.0,SW,5.95,8.37,1028.11,0.0,0.0,0.0,0.0,IMELBO1849.csv
2023/01/19,12:29 AM,12.5,7.22,70.0,SW,5.31,6.92,1028.11,0.0,0.0,0.0,0.0,IMELBO1849.csv
2023/01/19,12:34 AM,12.61,7.28,70.0,SW,5.15,7.08,1027.77,0.0,0.0,0.0,0.0,IMELBO1849.csv
2023/01/19,12:39 AM,12.56,7.28,70.0,WSW,4.99,6.76,1027.77,0.0,0.0,0.0,0.0,IMELBO1849.csv
2023/01/19,12:44 AM,12.44,7.28,71.0,SW,4.83,7.24,1027.77,0.0,0.0,0.0,0.0,IMELBO1849.csv
2023/01/19,12:49 AM,12.28,7.22,71.0,WSW,5.15,7.4,1027.77,0.0,0.0,0.0,0.0,IMELBO1849.csv
2023/01/19,12:54 AM,12.28,7.28,72.0,SW,5.47,7.56,1027.77,0.0,0.0,0.0,0.0,IMELBO1849.csv
2023/01/19,12:59 AM,12.22,7.44,73.0,SW,4.51,6.6,1027.77,0.0,0.0,0.0,0.0,IMELBO1849.csv
2023/01/19,01:04 AM,12.17,7.44,73.0,WSW,3.7,5.79,1027.77,0.0,0.0,0.0,0.0,IMELBO1849.csv
2023/01/19,01:09 AM,12.17,7.44,73.0,WSW,3.7,5.31,1027.77,0.0,0.0,0.0,0.0,IMELBO1849.csv
2023/01/19,01:14 AM,12.17,7.44,73.0,WSW,4.34,6.28,1027.43,0.0,0.0,0.0,0.0,IMELBO1849.csv
2023/01/19,01:19 AM,12.17,7.56,73.0,SW,3.7,5.15,1027.77,0.0,0.0,0.0,0.0,IMELBO1849.csv
2023/01/19,01:24 AM,12.22,7.61,73.0,WSW,5.63,7.56,1027.77,0.0,0.0,0.0,0.0,IMELBO1849.csv
2023/01/19,01:29 AM,12.22,7.72,74.0,WSW,7.08,9.65,1027.77,0.0,0.0,0.0,0.0,IMELBO1849.csv
2023/01/19,01:34 AM,12.22,7.78,74.0,WSW,6.11,8.53,1027.43,0.0,0.0,0.0,0.0,IMELBO1849.csv
2023/01/19,01:39 AM,12.22,7.83,75.0,WSW,5.95,8.04,1027.43,0.0,0.0,0.0,0.0,IMELBO1849.csv
2023/01/19,01:44 AM,12.22,7.72,74.0,SW,4.51,6.76,1027.43,0.0,0.0,0.0,0.0,IMELBO1849.csv
2023/01/19,01:49 AM,12.22,7.72,74.0,SW,5.63,8.21,1027.43,0.0,0.0,0.0,0.0,IMELBO1849.csv
2023/01/19,01:54 AM,12.22,7.89,75.0,WSW,5.79,8.37,1027.43,0.0,0.0,0.0,0.0,IMELBO1849.csv
2023/01/19,01:59 AM,12.22,7.89,75.0,WSW,4.34,5.79,1027.43,0.0,0.0,0.0,0.0,IMELBO1849.csv
2023/01/19,02:04 AM,12.22,7.94,75.0,WSW,3.38,4.99,1027.43,0.0,0.0,0.0,0.0,IMELBO1849.csv
2023/01/19,02:09 AM,12.06,7.94,76.0,SW,5.15,7.72,1027.09,0.0,0.0,0.0,0.0,IMELBO1849.csv
2023/01/19,02:14 AM,12.0,7.89,76.0,SW,5.31,8.37,1027.09,0.0,0.0,0.0,0.0,IMELBO1849.csv
2023/01/19,02:19 AM,11.94,8.0,77.0,SW,4.18,6.44,1027.09,0.0,0.0,0.0,0.0,IMELBO1849.csv
2023/01/19,02:24 AM,11.89,8.0,77.0,WSW,4.34,5.95,1027.09,0.0,0.0,0.0,0.0,IMELBO1849.csv
2023/01/19,02:29 AM,11.89,8.0,77.0,SW,4.51,6.6,1027.09,0.0,0.0,0.0,0.0,IMELBO1849.csv
2023/01/19,02:34 AM,12.0,8.0,77.0,SW,4.83,7.08,1027.09,0.0,0.0,0.0,0.0,IMELBO1849.csv
2023/01/19,02:39 AM,12.06,7.94,76.0,SW,4.99,7.08,1027.09,0.0,0.0,0.0,0.0,IMELBO1849.csv
2023/01/19,02:44 AM,12.11,8.0,76.0,WSW,4.51,6.6,1027.09,0.0,0.0,0.0,0.0,IMELBO1849.csv
2023/01/19,02:49 AM,12.11,8.0,76.0,SW,5.79,7.88,1027.09,0.0,0.0,0.0,0.0,IMELBO1849.csv
2023/01/19,02:54 AM,12.11,8.0,76.0,WSW,5.95,8.04,1027.09,0.0,0.0,0.0,0.0,IMELBO1849.csv
2023/01/19,02:59 AM,12.11,8.0,76.0,WSW,5.15,7.4,1027.09,0.0,0.0,0.0,0.0,IMELBO1849.csv
2023/01/19,03:04 AM,12.22,8.11,76.0,SW,5.63,7.88,1027.09,0.0,0.0,0.0,0.0,IMELBO1849.csv
2023/01/19,03:09 AM,12.22,8.0,76.0,SW,5.47,7.4,1027.09,0.0,0.0,0.0,0.0,IMELBO1849.csv
2023/01/19,03:14 AM,12.28,7.94,75.0,SW,5.15,7.24,1027.09,0.0,0.0,0.0,0.0,IMELBO1849.csv
2023/01/19,03:19 AM,12.22,8.0,75.0,SW,4.67,6.76,1027.09,0.0,0.0,0.0,0.0,IMELBO1849.csv
2023/01/19,03:24 AM,12.22,8.11,76.0,SW,5.47,7.72,1027.09,0.0,0.0,0.0,0.0,IMELBO1849.csv
2023/01/19,03:29 AM,12.22,8.11,76.0,SW,5.63,8.04,1027.09,0.0,0.0,0.0,0.0,IMELBO1849.csv
2023/01/19,03:34 AM,12.22,8.11,76.0,SW,5.63,8.04,1027.09,0.0,0.0,0.0,0.0,IMELBO1849.csv
2023/01/19,03:39 AM,12.28,8.17,76.0,SW,6.6,8.37,1027.09,0.0,0.0,0.0,0.0,IMELBO1849.csv
2023/01/19,03:44 AM,12.28,8.0,75.0,SW,7.24,9.65,1027.43,0.0,0.0,0.0,0.0,IMELBO1849.csv
2023/01/19,03:49 AM,12.33,8.22,76.0,SW,3.54,4.99,1027.09,0.0,0.0,0.0,0.0,IMELBO1849.csv
2023/01/19,03:54 AM,12.28,8.06,75.0,WSW,5.47,7.88,1027.09,0.0,0.0,0.0,0.0,IMELBO1849.csv
2023/01/19,03:59 AM,12.33,8.06,75.0,SW,3.54,4.83,1027.09,0.0,0.0,0.0,0.0,IMELBO1849.csv
2023/01/19,04:04 AM,12.28,8.22,76.0,WSW,3.22,4.67,1027.09,0.0,0.0,0.0,0.0,IMELBO1849.csv
2023/01/19,04:09 AM,12.28,8.17,76.0,WSW,4.18,6.44,1027.43,0.0,0.0,0.0,0.0,IMELBO1849.csv
2023/01/19,04:14 AM,12.22,8.11,76.0,WSW,4.02,5.63,1027.09,0.0,0.0,0.0,0.0,IMELBO1849.csv
2023/01/19,04:19 AM,12.06,8.17,77.0,SW,4.02,5.47,1027.09,0.0,0.0,0.0,0.0,IMELBO1849.csv
2023/01/19,04:24 AM,11.83,7.94,77.0,SW,3.86,5.31,1027.43,0.0,0.0,0.0,0.0,IMELBO1849.csv
2023/01/19,04:29 AM,11.72,8.0,78.0,SW,3.38,5.15,1027.09,0.0,0.0,0.0,0.0,IMELBO1849.csv
2023/01/19,04:34 AM,11.5,8.0,79.0,WSW,4.67,6.44,1027.09,0.0,0.0,0.0,0.0,IMELBO1849.csv
2023/01/19,04:39 AM,11.44,7.94,79.0,WSW,4.18,6.6,1027.09,0.0,0.0,0.0,0.0,IMELBO1849.csv
2023/01/19,04:44 AM,11.39,7.89,79.0,SW,4.83,6.76,1027.09,0.0,0.0,0.0,0.0,IMELBO1849.csv
2023/01/19,04:49 AM,11.33,7.94,80.0,SW,4.02,5.95,1027.09,0.0,0.0,0.0,0.0,IMELBO1849.csv
2023/01/19,04:54 AM,11.22,7.89,80.0,WSW,3.86,5.47,1027.09,0.0,0.0,0.0,0.0,IMELBO1849.csv
2023/01/19,04:59 AM,11.17,7.94,81.0,SW,3.22,4.34,1027.09,0.0,0.0,0.0,0.0,IMELBO1849.csv
2023/01/19,05:04 AM,11.22,8.11,81.0,WSW,3.54,5.47,1027.09,0.0,0.0,0.0,0.0,IMELBO1849.csv
2023/01/19,05:09 AM,11.22,8.17,81.0,SW,4.18,5.63,1027.09,0.0,0.0,0.0,0.0,IMELBO1849.csv
2023/01/19,05:14 AM,11.28,8.28,82.0,SW,4.34,6.92,1027.09,0.0,0.0,0.0,0.0,IMELBO1849.csv
2023/01/19,05:19 AM,11.22,8.28,82.0,SW,4.99,6.6,1027.09,0.0,0.0,0.0,0.0,IMELBO1849.csv
2023/01/19,05:24 AM,11.22,8.39,83.0,SW,5.47,7.88,1027.09,0.0,0.0,0.0,0.0,IMELBO1849.csv
2023/01/19,05:29 AM,11.22,8.39,83.0,SW,5.15,6.92,1027.09,0.0,0.0,0.0,0.0,IMELBO1849.csv
2023/01/19,05:34 AM,11.22,8.33,83.0,WSW,4.18,6.11,1027.09,0.0,0.0,0.0,0.0,IMELBO1849.csv
2023/01/19,05:39 AM,11.22,8.22,82.0,WSW,4.67,6.44,1027.09,0.0,0.0,0.0,0.0,IMELBO1849.csv
2023/01/19,05:44 AM,11.22,8.22,82.0,SW,4.99,6.76,1027.09,0.0,0.0,0.0,0.0,IMELBO1849.csv
2023/01/19,05:49 AM,11.28,8.11,81.0,SW,4.67,6.76,1027.09,0.0,0.0,0.0,0.0,IMELBO1849.csv
2023/01/19,05:54 AM,11.28,8.11,81.0,SW,4.51,6.28,1027.43,0.0,0.0,0.0,0.0,IMELBO1849.csv
2023/01/19,05:59 AM,11.28,8.11,81.0,SW,4.67,6.6,1027.43,0.0,0.0,0.0,0.0,IMELBO1849.csv
2023/01/19,06:04 AM,11.28,8.11,81.0,WSW,5.31,7.24,1027.43,0.0,0.0,0.0,0.0,IMELBO1849.csv
2023/01/19,06:09 AM,11.39,8.22,81.0,WSW,4.83,7.56,1027.09,0.0,0.0,0.0,0.0,IMELBO1849.csv
2023/01/19,06:14 AM,11.39,8.22,81.0,WSW,4.67,6.44,1027.43,0.0,0.0,0.0,0.0,IMELBO1849.csv
2023/01/19,06:19 AM,11.39,8.22,81.0,WSW,4.18,5.95,1027.43,0.0,0.0,0.0,1.7,IMELBO1849.csv
2023/01/19,06:24 AM,11.39,8.22,81.0,WSW,5.63,8.04,1027.43,0.0,0.0,0.0,1.7,IMELBO1849.csv
2023/01/19,06:29 AM,11.39,8.28,81.0,WSW,5.79,8.04,1027.43,0.0,0.0,0.0,3.8,IMELBO1849.csv
2023/01/19,06:34 AM,11.39,8.39,82.0,WSW,6.92,9.65,1027.43,0.0,0.0,0.0,6.5,IMELBO1849.csv
2023/01/19,06:39 AM,11.39,8.33,82.0,SW,5.79,7.88,1027.77,0.0,0.0,0.0,8.6,IMELBO1849.csv
2023/01/19,06:44 AM,11.44,8.44,82.0,WSW,4.99,6.44,1027.77,0.0,0.0,0.0,11.3,IMELBO1849.csv
2023/01/19,06:49 AM,11.5,8.5,82.0,SW,5.31,7.72,1027.77,0.0,0.0,0.0,13.0,IMELBO1849.csv
2023/01/19,06:54 AM,11.61,8.44,81.0,SW,5.47,8.04,1027.77,0.0,0.0,0.0,14.3,IMELBO1849.csv
2023/01/19,06:59 AM,11.67,8.56,82.0,SW,4.51,5.79,1027.77,0.0,0.0,0.0,14.3,IMELBO1849.csv
2023/01/19,07:04 AM,11.72,8.72,82.0,SW,5.47,7.88,1028.11,0.0,0.0,0.0,12.5,IMELBO1849.csv
2023/01/19,07:09 AM,11.67,8.67,82.0,SW,5.15,7.56,1027.77,0.0,0.0,0.0,17.7,IMELBO1849.csv
2023/01/19,07:14 AM,11.72,8.72,82.0,WSW,6.6,9.17,1027.77,0.0,0.0,0.0,19.1,IMELBO1849.csv
2023/01/19,07:19 AM,11.78,8.78,82.0,SW,6.28,8.85,1028.11,0.0,0.0,0.0,15.2,IMELBO1849.csv
2023/01/19,07:24 AM,11.89,9.06,83.0,SW,4.99,6.44,1028.11,0.0,0.0,0.0,13.8,IMELBO1849.csv
2023/01/19,07:29 AM,11.72,9.17,84.0,WSW,5.15,7.24,1028.11,0.0,0.0,0.0,16.4,IMELBO1849.csv
2023/01/19,07:34 AM,11.72,9.22,85.0,SW,5.47,7.4,1028.11,0.0,0.0,0.0,20.8,IMELBO1849.csv
2023/01/19,07:39 AM,11.72,9.5,86.0,SW,4.51,6.11,1028.11,0.0,0.0,0.0,22.0,IMELBO1849.csv
2023/01/19,07:44 AM,11.72,9.56,86.0,SW,4.18,5.79,1028.11,0.0,0.0,0.0,21.7,IMELBO1849.csv
2023/01/19,07:49 AM,11.83,9.61,86.0,SW,4.67,5.95,1028.11,0.0,0.0,0.0,16.0,IMELBO1849.csv
2023/01/19,07:54 AM,12.0,9.78,86.0,SSW,2.74,3.54,1028.45,0.0,0.0,0.0,20.8,IMELBO1849.csv
2023/01/19,07:59 AM,12.06,9.72,85.0,SW,5.15,6.92,1028.45,0.0,0.0,0.0,35.1,IMELBO1849.csv
2023/01/19,08:04 AM,12.33,9.78,84.0,SW,5.31,7.24,1028.45,0.0,0.0,0.0,60.2,IMELBO1849.csv
2023/01/19,08:09 AM,12.61,9.89,84.0,SW,4.83,6.28,1028.45,0.0,0.0,0.0,87.1,IMELBO1849.csv
2023/01/19,08:14 AM,12.94,9.94,82.0,SW,4.67,6.28,1028.78,0.0,0.0,0.0,94.1,IMELBO1849.csv
2023/01/19,08:19 AM,13.28,9.72,79.0,SW,7.72,11.1,1028.78,0.0,0.0,1.0,121.8,IMELBO1849.csv
2023/01/19,08:24 AM,13.89,9.0,72.0,SSW,10.62,14.32,1028.78,0.0,0.0,1.0,144.9,IMELBO1849.csv
2023/01/19,08:29 AM,14.33,8.94,70.0,SSW,7.56,10.3,1028.78,0.0,0.0,1.0,160.9,IMELBO1849.csv
2023/01/19,08:34 AM,14.61,8.5,67.0,SSW,9.33,12.71,1028.78,0.0,0.0,1.0,176.0,IMELBO1849.csv
2023/01/19,08:39 AM,14.78,8.28,65.0,SW,10.94,15.61,1028.78,0.0,0.0,3.0,338.3,IMELBO1849.csv
2023/01/19,08:44 AM,15.06,9.0,67.0,SSW,9.33,13.19,1028.78,0.0,0.0,3.0,351.7,IMELBO1849.csv
2023/01/19,08:49 AM,15.33,9.33,68.0,SSW,11.26,15.77,1028.78,0.0,0.0,4.0,465.0,IMELBO1849.csv
2023/01/19,08:54 AM,15.39,9.0,66.0,SSW,13.68,18.18,1028.78,0.0,0.0,2.0,278.9,IMELBO1849.csv
2023/01/19,08:59 AM,15.22,8.89,66.0,SSW,10.78,15.61,1028.78,1.27,0.25,2.0,237.7,IMELBO1849.csv
2023/01/19,09:04 AM,15.11,8.72,66.0,SSW,12.07,16.89,1029.12,1.27,0.25,2.0,250.7,IMELBO1849.csv
2023/01/19,09:09 AM,15.28,8.67,65.0,SSW,9.17,13.35,1029.46,1.27,0.25,4.0,427.2,IMELBO1849.csv
2023/01/19,09:14 AM,15.72,8.78,64.0,SW,10.3,14.64,1029.46,0.0,0.25,5.0,583.9,IMELBO1849.csv
2023/01/19,09:19 AM,16.17,8.94,62.0,SW,16.73,22.69,1029.12,0.0,0.25,5.0,545.3,IMELBO1849.csv
2023/01/19,09:24 AM,16.0,8.44,61.0,SSW,15.12,21.24,1029.12,0.0,0.25,4.0,484.9,IMELBO1849.csv
2023/01/19,09:29 AM,15.72,8.39,62.0,SSW,13.84,20.27,1029.12,0.0,0.25,4.0,488.4,IMELBO1849.csv
2023/01/19,09:34 AM,16.0,8.44,61.0,SW,14.96,20.43,1029.12,0.0,0.25,5.0,554.3,IMELBO1849.csv
2023/01/19,09:39 AM,16.22,8.72,61.0,SSW,12.39,17.7,1029.12,0.0,0.25,5.0,594.3,IMELBO1849.csv
2023/01/19,09:44 AM,16.44,8.72,60.0,SSW,11.91,16.57,1029.46,0.0,0.25,5.0,606.4,IMELBO1849.csv
2023/01/19,09:49 AM,16.56,8.61,60.0,SW,15.93,21.72,1029.46,0.0,0.25,6.0,705.8,IMELBO1849.csv
2023/01/19,09:54 AM,16.67,8.56,59.0,SSW,13.68,19.47,1029.46,0.0,0.25,7.0,724.8,IMELBO1849.csv
2023/01/19,09:59 AM,16.5,8.44,59.0,SSW,14.16,19.15,1029.46,0.0,0.25,6.0,689.2,IMELBO1849.csv
2023/01/19,10:04 AM,16.22,8.56,61.0,SSW,8.69,12.07,1029.8,0.0,0.25,2.0,248.5,IMELBO1849.csv
2023/01/19,10:09 AM,16.0,8.28,60.0,South,9.49,13.52,1029.8,0.0,0.25,1.0,201.2,IMELBO1849.csv
2023/01/19,10:14 AM,15.83,8.17,60.0,SW,11.42,16.73,1029.8,0.0,0.25,2.0,217.8,IMELBO1849.csv
2023/01/19,10:19 AM,15.56,7.89,60.0,SSW,15.45,21.24,1029.46,0.0,0.25,1.0,199.0,IMELBO1849.csv
2023/01/19,10:24 AM,15.44,7.67,60.0,South,13.03,18.83,1029.8,0.0,0.25,2.0,245.9,IMELBO1849.csv
2023/01/19,10:29 AM,15.56,7.5,59.0,SSW,12.71,18.34,1029.8,0.0,0.25,2.0,263.3,IMELBO1849.csv
2023/01/19,10:34 AM,15.5,7.28,58.0,SSW,14.0,18.02,1029.8,0.0,0.25,2.0,278.9,IMELBO1849.csv
2023/01/19,10:39 AM,15.78,7.33,57.0,SW,10.14,13.52,1029.8,0.0,0.25,2.0,291.4,IMELBO1849.csv
2023/01/19,10:44 AM,15.83,7.22,57.0,SW,13.03,17.38,1029.8,0.0,0.25,2.0,288.0,IMELBO1849.csv
2023/01/19,10:49 AM,15.89,6.94,55.0,SSW,13.03,17.7,1029.8,0.0,0.25,5.0,609.8,IMELBO1849.csv
2023/01/19,10:54 AM,16.11,6.72,54.0,SSW,10.46,15.29,1029.8,0.0,0.25,6.0,679.7,IMELBO1849.csv
2023/01/19,10:59 AM,16.22,6.72,54.0,SSW,6.92,9.81,1029.8,0.0,0.25,2.0,290.5,IMELBO1849.csv
2023/01/19,11:04 AM,16.39,6.67,53.0,SW,9.49,13.68,1029.8,0.0,0.25,3.0,331.8,IMELBO1849.csv
2023/01/19,11:09 AM,16.28,6.33,52.0,SSW,11.91,16.09,1029.8,0.0,0.25,4.0,416.4,IMELBO1849.csv
2023/01/19,11:14 AM,16.17,5.72,50.0,SSW,14.96,19.47,1029.8,0.0,0.25,10.0,1035.4,IMELBO1849.csv
2023/01/19,11:19 AM,16.56,6.39,51.0,SW,9.98,14.16,1029.8,0.0,0.25,3.0,384.7,IMELBO1849.csv
2023/01/19,11:24 AM,16.39,6.61,52.0,SSW,10.94,16.41,1029.8,0.0,0.25,3.0,400.4,IMELBO1849.csv
2023/01/19,11:29 AM,16.39,6.78,53.0,South,12.23,16.41,1029.8,0.0,0.25,3.0,354.8,IMELBO1849.csv
2023/01/19,11:34 AM,15.94,7.0,55.0,SSW,12.39,18.02,1029.8,0.0,0.25,2.0,268.9,IMELBO1849.csv
2023/01/19,11:39 AM,16.0,7.06,55.0,SSW,9.49,13.19,1029.8,0.0,0.25,2.0,243.3,IMELBO1849.csv
2023/01/19,11:44 AM,15.83,7.0,56.0,SW,11.1,15.45,1029.8,0.0,0.25,2.0,246.4,IMELBO1849.csv
2023/01/19,11:49 AM,15.72,7.11,56.0,SSW,12.23,17.22,1029.8,0.0,0.25,3.0,307.5,IMELBO1849.csv
2023/01/19,11:54 AM,15.83,7.5,58.0,SSW,10.3,14.96,1029.8,0.0,0.25,2.0,265.5,IMELBO1849.csv
2023/01/19,11:59 AM,15.72,7.72,59.0,SSW,11.75,15.45,1029.8,0.0,0.25,3.0,328.7,IMELBO1849.csv
2023/01/19,12:04 PM,16.0,7.56,57.0,SSW,7.72,11.1,1030.14,0.0,0.25,4.0,428.5,IMELBO1849.csv
2023/01/19,12:09 PM,16.33,7.06,54.0,SSW,13.03,18.18,1030.14,0.0,0.25,6.0,677.6,IMELBO1849.csv
2023/01/19,12:14 PM,16.39,6.67,53.0,SW,11.42,16.09,1029.8,0.0,0.25,5.0,561.3,IMELBO1849.csv
2023/01/19,12:19 PM,16.67,6.44,51.0,SSW,9.33,13.03,1029.8,0.0,0.25,4.0,472.3,IMELBO1849.csv
2023/01/19,12:24 PM,16.89,6.28,50.0,South,13.19,17.86,1029.8,0.0,0.25,4.0,447.3,IMELBO1849.csv
2023/01/19,12:29 PM,16.89,6.11,49.0,SSW,9.01,12.55,1029.8,0.0,0.25,10.0,1120.5,IMELBO1849.csv
2023/01/19,12:34 PM,17.39,6.72,49.0,SSW,11.58,16.57,1029.8,0.0,0.25,4.0,474.9,IMELBO1849.csv
2023/01/19,12:39 PM,17.0,6.67,51.0,SSW,11.91,16.09,1029.8,0.0,0.25,3.0,366.0,IMELBO1849.csv
2023/01/19,12:44 PM,16.94,6.61,50.0,SSW,12.55,16.57,1029.8,0.0,0.25,5.0,550.0,IMELBO1849.csv
2023/01/19,12:49 PM,17.22,6.67,50.0,SSW,7.72,10.94,1029.8,0.0,0.25,4.0,420.7,IMELBO1849.csv
2023/01/19,12:54 PM,17.33,6.78,50.0,SW,11.58,15.61,1029.8,0.0,0.25,3.0,382.5,IMELBO1849.csv
2023/01/19,12:59 PM,16.78,6.89,52.0,SW,10.3,14.48,1029.8,0.0,0.25,5.0,536.1,IMELBO1849.csv
2023/01/19,01:04 PM,16.94,6.83,51.0,SW,11.75,16.09,1029.8,0.0,0.25,9.0,1005.1,IMELBO1849.csv
2023/01/19,01:09 PM,17.06,6.89,51.0,SSW,13.03,17.86,1029.46,0.0,0.25,3.0,370.8,IMELBO1849.csv
2023/01/19,01:14 PM,17.0,7.0,52.0,SSW,10.78,16.09,1029.8,0.0,0.25,3.0,387.8,IMELBO1849.csv
2023/01/19,01:19 PM,16.89,6.94,52.0,SSW,10.14,14.16,1029.8,0.0,0.25,9.0,945.2,IMELBO1849.csv
2023/01/19,01:24 PM,17.17,6.89,51.0,SSW,12.71,16.57,1029.46,0.0,0.25,5.0,542.2,IMELBO1849.csv
2023/01/19,01:29 PM,17.17,6.89,51.0,SSW,10.78,14.48,1029.8,0.0,0.25,9.0,1007.3,IMELBO1849.csv
2023/01/19,01:34 PM,17.39,6.89,50.0,SSW,8.04,11.1,1029.8,0.0,0.25,8.0,880.6,IMELBO1849.csv
2023/01/19,01:39 PM,18.0,7.0,49.0,South,8.53,11.58,1029.46,0.0,0.25,10.0,1094.9,IMELBO1849.csv
2023/01/19,01:44 PM,18.44,7.94,50.0,South,9.98,13.52,1029.12,0.0,0.25,10.0,1118.3,IMELBO1849.csv
2023/01/19,01:49 PM,17.78,8.17,53.0,SSW,10.46,15.61,1029.12,0.0,0.25,5.0,531.3,IMELBO1849.csv
2023/01/19,01:54 PM,17.5,8.22,55.0,SSW,11.58,17.22,1029.46,0.0,0.25,3.0,396.5,IMELBO1849.csv
2023/01/19,01:59 PM,17.06,8.06,55.0,South,11.42,15.45,1029.46,0.0,0.25,3.0,327.5,IMELBO1849.csv
2023/01/19,02:04 PM,16.78,7.94,56.0,South,11.75,15.45,1029.12,0.0,0.25,3.0,354.4,IMELBO1849.csv
2023/01/19,02:09 PM,17.17,8.22,56.0,SW,8.37,11.42,1029.12,0.0,0.25,5.0,561.8,IMELBO1849.csv
2023/01/19,02:14 PM,17.39,8.28,55.0,SSW,11.75,15.45,1029.12,0.0,0.25,5.0,577.8,IMELBO1849.csv
2023/01/19,02:19 PM,17.28,8.5,56.0,SSW,12.39,17.38,1029.12,0.0,0.25,4.0,506.6,IMELBO1849.csv
2023/01/19,02:24 PM,17.0,8.56,58.0,SW,14.0,19.47,1028.78,0.0,0.25,4.0,436.7,IMELBO1849.csv
2023/01/19,02:29 PM,17.17,8.5,57.0,South,11.1,15.93,1029.12,0.0,0.25,6.0,658.0,IMELBO1849.csv
2023/01/19,02:34 PM,17.33,8.72,57.0,SSW,15.29,19.95,1028.78,0.0,0.25,6.0,708.0,IMELBO1849.csv
2023/01/19,02:39 PM,17.5,8.72,57.0,South,11.58,16.25,1028.78,0.0,0.25,5.0,583.9,IMELBO1849.csv
2023/01/19,02:44 PM,17.17,8.72,57.0,SW,13.52,18.18,1029.12,0.0,0.25,11.0,1151.7,IMELBO1849.csv
2023/01/19,02:49 PM,17.56,8.89,57.0,SSW,12.39,18.34,1028.78,0.0,0.25,9.0,1013.8,IMELBO1849.csv
2023/01/19,02:54 PM,17.72,9.06,57.0,South,10.14,14.96,1028.78,0.0,0.25,4.0,458.0,IMELBO1849.csv
2023/01/19,02:59 PM,17.33,9.06,58.0,SSW,13.19,18.66,1028.78,0.0,0.25,3.0,399.9,IMELBO1849.csv
2023/01/19,03:04 PM,17.28,8.89,58.0,SSW,9.01,13.84,1029.12,0.0,0.25,4.0,448.1,IMELBO1849.csv
2023/01/19,03:09 PM,17.5,9.0,57.0,South,9.81,14.64,1028.78,0.0,0.25,5.0,539.6,IMELBO1849.csv
2023/01/19,03:14 PM,17.39,8.83,57.0,SSW,14.32,19.15,1028.78,0.0,0.25,9.0,925.7,IMELBO1849.csv
2023/01/19,03:19 PM,17.39,9.11,58.0,SSW,9.49,13.68,1028.78,0.0,0.25,6.0,668.9,IMELBO1849.csv
2023/01/19,03:24 PM,17.28,8.89,58.0,SW,11.91,15.61,1028.78,0.0,0.25,10.0,1059.3,IMELBO1849.csv
2023/01/19,03:29 PM,17.56,8.94,57.0,SSE,10.14,14.16,1028.78,0.0,0.25,3.0,356.5,IMELBO1849.csv
2023/01/19,03:34 PM,17.39,9.0,58.0,South,11.1,15.29,1028.78,0.0,0.25,3.0,327.9,IMELBO1849.csv
2023/01/19,03:39 PM,17.17,9.0,59.0,SSW,14.64,20.27,1028.78,0.0,0.25,9.0,982.1,IMELBO1849.csv
2023/01/19,03:44 PM,17.28,8.83,57.0,SE,10.14,14.64,1028.78,0.0,0.25,3.0,307.1,IMELBO1849.csv
2023/01/19,03:49 PM,17.17,8.39,56.0,South,11.58,16.89,1028.78,0.0,0.25,5.0,552.6,IMELBO1849.csv
2023/01/19,03:54 PM,17.22,8.5,57.0,SSW,10.62,14.96,1028.78,0.0,0.25,5.0,579.5,IMELBO1849.csv
2023/01/19,03:59 PM,17.39,8.39,55.0,SSW,13.19,17.38,1028.45,0.0,0.25,6.0,687.5,IMELBO1849.csv
2023/01/19,04:04 PM,17.11,8.28,56.0,SW,16.73,22.04,1028.45,0.0,0.25,3.0,370.8,IMELBO1849.csv
2023/01/19,04:09 PM,17.17,8.61,57.0,SSW,10.78,14.8,1028.78,0.0,0.25,2.0,291.4,IMELBO1849.csv
2023/01/19,04:14 PM,16.89,8.56,58.0,SW,13.03,17.7,1028.45,0.0,0.25,2.0,244.2,IMELBO1849.csv
2023/01/19,04:19 PM,16.78,8.44,58.0,SSW,8.85,12.87,1028.45,0.0,0.25,3.0,333.1,IMELBO1849.csv
2023/01/19,04:24 PM,17.06,8.06,55.0,SSW,10.3,15.29,1028.78,0.0,0.25,2.0,244.2,IMELBO1849.csv
2023/01/19,04:29 PM,17.06,8.33,56.0,SSW,10.3,14.16,1028.45,0.0,0.25,2.0,278.4,IMELBO1849.csv
2023/01/19,04:34 PM,16.72,8.11,57.0,SW,16.89,21.56,1028.78,0.0,0.25,5.0,588.7,IMELBO1849.csv
2023/01/19,04:39 PM,16.83,8.17,57.0,SW,10.14,13.68,1028.78,0.0,0.25,9.0,977.7,IMELBO1849.csv
2023/01/19,04:44 PM,17.78,8.61,55.0,SSW,9.33,12.07,1028.45,0.0,0.25,9.0,927.1,IMELBO1849.csv
2023/01/19,04:49 PM,17.89,8.39,54.0,SSW,12.23,18.02,1028.45,0.0,0.25,8.0,838.1,IMELBO1849.csv
2023/01/19,04:54 PM,17.44,7.83,53.0,SSW,7.4,11.58,1028.78,0.0,0.25,2.0,247.6,IMELBO1849.csv
2023/01/19,04:59 PM,17.28,7.94,54.0,SSW,10.14,14.16,1028.45,0.0,0.25,2.0,217.8,IMELBO1849.csv
2023/01/19,05:04 PM,17.17,7.78,54.0,South,9.17,12.55,1028.78,0.0,0.25,2.0,233.8,IMELBO1849.csv
2023/01/19,05:09 PM,16.94,7.56,54.0,SSW,9.81,15.12,1028.78,0.0,0.25,8.0,880.6,IMELBO1849.csv
2023/01/19,05:14 PM,17.5,7.89,53.0,SSW,8.21,11.26,1028.78,0.0,0.25,8.0,850.6,IMELBO1849.csv
2023/01/19,05:19 PM,17.11,7.89,55.0,SW,10.62,14.96,1028.78,0.0,0.25,1.0,171.3,IMELBO1849.csv
2023/01/19,05:24 PM,16.78,7.5,55.0,SSW,11.42,16.09,1028.45,0.0,0.25,1.0,173.0,IMELBO1849.csv
2023/01/19,05:29 PM,16.83,7.44,54.0,SSW,8.04,12.87,1028.45,0.0,0.25,6.0,678.5,IMELBO1849.csv
2023/01/19,05:34 PM,17.0,7.61,54.0,SSW,6.76,9.65,1028.78,0.0,0.25,1.0,166.5,IMELBO1849.csv
2023/01/19,05:39 PM,16.83,7.67,55.0,SSW,13.03,17.7,1028.78,0.0,0.25,2.0,215.1,IMELBO1849.csv
2023/01/19,05:44 PM,16.67,7.78,56.0,SSW,7.88,11.42,1028.78,0.0,0.25,5.0,571.7,IMELBO1849.csv
2023/01/19,05:49 PM,16.89,8.17,56.0,SSW,10.14,14.16,1028.78,0.0,0.25,1.0,140.9,IMELBO1849.csv
2023/01/19,05:54 PM,16.44,8.28,58.0,SSW,9.17,12.55,1028.78,0.0,0.25,1.0,124.4,IMELBO1849.csv
2023/01/19,05:59 PM,16.61,8.61,59.0,South,8.37,12.07,1028.78,0.0,0.25,1.0,176.5,IMELBO1849.csv
2023/01/19,06:04 PM,16.61,8.28,58.0,South,9.81,14.8,1028.78,0.0,0.25,5.0,554.3,IMELBO1849.csv
2023/01/19,06:09 PM,16.89,8.22,57.0,South,11.1,15.93,1028.45,0.0,0.25,5.0,544.4,IMELBO1849.csv
2023/01/19,06:14 PM,17.33,8.72,57.0,South,7.08,10.14,1028.78,0.0,0.25,1.0,177.8,IMELBO1849.csv
2023/01/19,06:19 PM,16.83,8.56,58.0,SW,13.68,19.47,1028.78,0.0,0.25,2.0,264.6,IMELBO1849.csv
2023/01/19,06:24 PM,16.44,8.44,59.0,SW,9.01,12.55,1029.12,0.0,0.25,1.0,167.4,IMELBO1849.csv
2023/01/19,06:29 PM,16.44,8.5,59.0,SSW,11.42,15.61,1028.78,0.0,0.25,3.0,396.9,IMELBO1849.csv
2023/01/19,06:34 PM,16.5,8.67,60.0,SSW,9.17,12.39,1028.78,0.0,0.25,1.0,130.0,IMELBO1849.csv
2023/01/19,06:39 PM,16.39,8.61,60.0,SSW,9.65,13.68,1029.12,0.0,0.25,1.0,112.7,IMELBO1849.csv
2023/01/19,06:44 PM,16.22,8.44,60.0,SSW,8.69,12.39,1029.12,0.0,0.25,0.0,91.9,IMELBO1849.csv
2023/01/19,06:49 PM,16.06,8.67,61.0,SSW,11.1,15.45,1029.12,0.0,0.25,0.0,60.7,IMELBO1849.csv
2023/01/19,06:54 PM,16.0,8.72,62.0,SSW,8.37,12.23,1029.12,0.0,0.25,0.0,52.0,IMELBO1849.csv
2023/01/19,06:59 PM,16.0,8.67,62.0,South,9.33,13.68,1029.12,0.0,0.25,0.0,52.0,IMELBO1849.csv
2023/01/19,07:04 PM,16.0,8.56,61.0,SSW,9.17,12.39,1028.78,0.0,0.25,0.0,56.8,IMELBO1849.csv
2023/01/19,07:09 PM,15.89,8.39,61.0,SW,10.3,14.64,1029.12,0.0,0.25,0.0,59.0,IMELBO1849.csv
2023/01/19,07:14 PM,15.78,8.5,62.0,SSW,13.19,17.7,1029.12,0.0,0.25,0.0,39.4,IMELBO1849.csv
2023/01/19,07:19 PM,15.72,8.39,62.0,SSW,8.85,13.03,1029.46,0.0,0.25,0.0,31.6,IMELBO1849.csv
2023/01/19,07:24 PM,15.67,8.67,63.0,SSW,10.14,13.68,1029.46,0.0,0.25,0.0,25.9,IMELBO1849.csv
2023/01/19,07:29 PM,15.72,8.67,63.0,South,8.85,11.91,1029.46,0.0,0.25,0.0,25.6,IMELBO1849.csv
2023/01/19,07:34 PM,15.72,8.39,62.0,SSW,8.37,11.75,1029.46,0.0,0.25,0.0,24.7,IMELBO1849.csv
2023/01/19,07:39 PM,15.72,8.28,61.0,SSW,9.65,13.35,1029.46,0.0,0.25,0.0,22.9,IMELBO1849.csv
2023/01/19,07:44 PM,15.61,8.11,61.0,SSW,8.37,12.39,1029.46,0.0,0.25,0.0,21.2,IMELBO1849.csv
2023/01/19,07:49 PM,15.72,8.28,61.0,SSW,8.21,10.94,1029.8,0.0,0.25,0.0,19.1,IMELBO1849.csv
2023/01/19,07:54 PM,15.61,8.06,61.0,SSW,10.94,15.61,1029.8,0.0,0.25,0.0,14.3,IMELBO1849.csv
2023/01/19,07:59 PM,15.56,8.0,61.0,SSW,6.44,9.01,1029.8,0.0,0.25,0.0,14.7,IMELBO1849.csv
2023/01/19,08:04 PM,15.67,8.0,60.0,SSW,9.33,12.87,1029.8,0.0,0.25,0.0,12.5,IMELBO1849.csv
2023/01/19,08:09 PM,15.61,7.89,60.0,SSW,6.44,9.81,1029.8,0.0,0.25,0.0,10.4,IMELBO1849.csv
2023/01/19,08:14 PM,15.61,7.83,60.0,SW,9.49,13.35,1029.8,0.0,0.25,0.0,11.3,IMELBO1849.csv
2023/01/19,08:19 PM,15.5,7.78,60.0,SSW,9.65,13.19,1029.8,0.0,0.25,0.0,8.6,IMELBO1849.csv
2023/01/19,08:24 PM,15.5,8.17,62.0,SSW,7.88,12.07,1029.8,0.0,0.25,0.0,6.9,IMELBO1849.csv
2023/01/19,08:29 PM,15.39,8.28,62.0,SSW,9.81,13.52,1029.8,0.0,0.25,0.0,2.9,IMELBO1849.csv
2023/01/19,08:34 PM,15.39,8.39,63.0,SSW,6.76,9.65,1029.8,0.0,0.25,0.0,1.7,IMELBO1849.csv
2023/01/19,08:39 PM,15.39,8.39,63.0,SW,9.98,13.52,1029.8,0.0,0.25,0.0,1.7,IMELBO1849.csv
2023/01/19,08:44 PM,15.28,8.44,64.0,SSW,7.08,10.62,1029.8,0.0,0.25,0.0,0.0,IMELBO1849.csv
2023/01/19,08:49 PM,15.39,8.44,63.0,SSW,8.21,12.07,1029.8,0.0,0.25,0.0,0.0,IMELBO1849.csv
2023/01/19,08:54 PM,15.39,8.61,64.0,South,6.6,9.33,1030.14,0.0,0.25,0.0,0.0,IMELBO1849.csv
2023/01/19,08:59 PM,15.39,8.61,64.0,SW,7.4,9.81,1029.8,0.0,0.25,0.0,0.0,IMELBO1849.csv
2023/01/19,09:04 PM,15.39,8.56,64.0,South,6.28,8.37,1029.8,0.0,0.25,0.0,0.0,IMELBO1849.csv
2023/01/19,09:09 PM,15.39,8.39,63.0,SSW,6.92,11.26,1029.8,0.0,0.25,0.0,0.0,IMELBO1849.csv
2023/01/19,09:14 PM,15.39,8.56,64.0,South,6.11,8.37,1029.8,0.0,0.25,0.0,0.0,IMELBO1849.csv
2023/01/19,09:19 PM,15.33,8.5,64.0,South,5.47,8.69,1029.8,0.0,0.25,0.0,0.0,IMELBO1849.csv
2023/01/19,09:24 PM,15.28,8.28,63.0,South,5.95,9.49,1029.8,0.0,0.25,0.0,0.0,IMELBO1849.csv
2023/01/19,09:29 PM,15.28,8.22,63.0,SSW,6.76,9.33,1029.8,0.0,0.25,0.0,0.0,IMELBO1849.csv
2023/01/19,09:34 PM,15.28,8.06,62.0,SSW,6.76,9.98,1030.14,0.0,0.25,0.0,0.0,IMELBO1849.csv
2023/01/19,09:39 PM,15.28,7.83,61.0,SSW,6.11,8.37,1030.14,0.0,0.25,0.0,0.0,IMELBO1849.csv
2023/01/19,09:44 PM,15.39,7.89,61.0,SSW,6.28,8.53,1030.14,0.0,0.25,0.0,0.0,IMELBO1849.csv
2023/01/19,09:49 PM,15.33,7.94,61.0,SSW,7.08,9.81,1030.14,0.0,0.25,0.0,0.0,IMELBO1849.csv
2023/01/19,09:54 PM,15.28,8.11,62.0,SSW,6.11,8.37,1030.14,0.0,0.25,0.0,0.0,IMELBO1849.csv
2023/01/19,09:59 PM,15.28,8.11,62.0,SSW,5.79,8.53,1030.14,0.0,0.25,0.0,0.0,IMELBO1849.csv
2023/01/19,10:04 PM,15.28,8.28,63.0,SSW,7.72,11.26,1030.14,0.0,0.25,0.0,0.0,IMELBO1849.csv
2023/01/19,10:09 PM,15.28,8.39,64.0,SSW,7.72,10.62,1030.14,0.0,0.25,0.0,0.0,IMELBO1849.csv
2023/01/19,10:14 PM,15.28,8.44,64.0,South,7.56,10.62,1030.14,0.0,0.25,0.0,0.0,IMELBO1849.csv
2023/01/19,10:19 PM,15.22,8.44,64.0,SSE,4.51,6.6,1030.14,0.0,0.25,0.0,0.0,IMELBO1849.csv
2023/01/19,10:24 PM,15.22,8.33,64.0,SSW,6.44,9.49,1030.14,0.0,0.25,0.0,0.0,IMELBO1849.csv
2023/01/19,10:29 PM,15.22,8.22,63.0,South,5.15,7.88,1030.14,0.0,0.25,0.0,0.0,IMELBO1849.csv
2023/01/19,10:34 PM,15.22,8.22,63.0,South,6.76,9.17,1030.14,0.0,0.25,0.0,0.0,IMELBO1849.csv
2023/01/19,10:39 PM,15.22,8.0,62.0,SSW,6.6,9.49,1030.14,0.0,0.25,0.0,0.0,IMELBO1849.csv
2023/01/19,10:44 PM,15.11,7.89,62.0,South,6.28,9.33,1030.14,0.0,0.25,0.0,0.0,IMELBO1849.csv
2023/01/19,10:49 PM,15.11,7.61,61.0,SSW,5.79,8.04,1030.14,0.0,0.25,0.0,0.0,IMELBO1849.csv
2023/01/19,10:54 PM,15.11,7.5,61.0,South,6.44,9.33,1030.14,0.0,0.25,0.0,0.0,IMELBO1849.csv
2023/01/19,10:59 PM,15.11,7.44,60.0,South,5.63,7.72,1030.14,0.0,0.25,0.0,0.0,IMELBO1849.csv
2023/01/19,11:04 PM,15.11,7.44,60.0,SSW,5.47,7.72,1030.14,0.0,0.25,0.0,0.0,IMELBO1849.csv
2023/01/19,11:09 PM,15.11,7.28,59.0,SSW,8.21,10.94,1030.14,0.0,0.25,0.0,0.0,IMELBO1849.csv
2023/01/19,11:14 PM,15.06,7.22,59.0,South,5.31,8.04,1029.8,0.0,0.25,0.0,0.0,IMELBO1849.csv
2023/01/19,11:19 PM,15.0,7.11,59.0,South,5.15,7.08,1029.8,0.0,0.25,0.0,0.0,IMELBO1849.csv
2023/01/19,11:24 PM,15.0,7.11,59.0,SSW,4.18,5.79,1030.14,0.0,0.25,0.0,0.0,IMELBO1849.csv
2023/01/19,11:29 PM,15.11,7.28,60.0,SSE,5.15,7.4,1029.8,0.0,0.25,0.0,0.0,IMELBO1849.csv
2023/01/19,11:34 PM,15.0,7.39,61.0,SSW,5.47,7.72,1029.8,0.0,0.25,0.0,0.0,IMELBO1849.csv
2023/01/19,11:39 PM,15.0,7.5,61.0,SSW,5.15,7.24,1029.8,0.0,0.25,0.0,0.0,IMELBO1849.csv
2023/01/19,11:44 PM,15.0,7.61,61.0,South,4.51,6.6,1029.8,0.0,0.25,0.0,0.0,IMELBO1849.csv
2023/01/19,11:49 PM,15.0,7.72,62.0,SSE,3.7,5.63,1029.8,0.0,0.25,0.0,0.0,IMELBO1849.csv
2023/01/19,11:54 PM,15.0,7.78,62.0,South,4.18,5.95,1029.8,0.0,0.25,0.0,0.0,IMELBO1849.csv
2023/01/19,11:59 PM,15.0,7.83,62.0,South,4.51,5.95,1029.8,0.0,0.25,0.0,0.0,IMELBO1849.csv
2023/01/20,12:04 AM,15.0,7.78,62.0,SSW,5.63,7.88,1029.8,0.0,0.0,0.0,0.0,IMELBO1849.csv
2023/01/20,12:09 AM,15.0,7.78,62.0,South,4.51,6.11,1029.8,0.0,0.0,0.0,0.0,IMELBO1849.csv
2023/01/20,12:14 AM,15.0,7.78,62.0,SSW,7.08,10.14,1029.8,0.0,0.0,0.0,0.0,IMELBO1849.csv
2023/01/20,12:19 AM,15.0,8.0,63.0,SSW,6.44,9.01,1029.8,0.0,0.0,0.0,0.0,IMELBO1849.csv
2023/01/20,12:24 AM,15.0,7.83,62.0,South,5.95,8.85,1029.8,0.0,0.0,0.0,0.0,IMELBO1849.csv
2023/01/20,12:29 AM,15.0,7.78,62.0,South,4.83,7.4,1029.46,0.0,0.0,0.0,0.0,IMELBO1849.csv
2023/01/20,12:34 AM,15.0,7.78,62.0,South,3.38,4.67,1029.8,0.0,0.0,0.0,0.0,IMELBO1849.csv
2023/01/20,12:39 AM,15.0,7.67,62.0,SSW,4.67,6.6,1029.8,0.0,0.0,0.0,0.0,IMELBO1849.csv
2023/01/20,12:44 AM,15.0,7.5,61.0,SSW,4.83,6.44,1029.8,0.0,0.0,0.0,0.0,IMELBO1849.csv
2023/01/20,12:49 AM,15.0,7.5,61.0,SSW,5.15,7.08,1029.8,0.0,0.0,0.0,0.0,IMELBO1849.csv
2023/01/20,12:54 AM,15.0,7.5,61.0,SSW,3.86,5.47,1029.46,0.0,0.0,0.0,0.0,IMELBO1849.csv
2023/01/20,12:59 AM,15.0,7.5,61.0,SSW,5.47,7.4,1029.8,0.0,0.0,0.0,0.0,IMELBO1849.csv
2023/01/20,01:04 AM,14.94,7.44,61.0,SSW,4.83,6.6,1029.46,0.0,0.0,0.0,0.0,IMELBO1849.csv
2023/01/20,01:09 AM,14.89,7.33,61.0,SW,5.95,8.04,1029.46,0.0,0.0,0.0,0.0,IMELBO1849.csv
2023/01/20,01:14 AM,14.89,7.28,60.0,SSW,8.21,10.46,1029.8,0.0,0.0,0.0,0.0,IMELBO1849.csv
2023/01/20,01:19 AM,14.89,7.33,61.0,SW,7.4,10.78,1029.8,0.0,0.0,0.0,0.0,IMELBO1849.csv
2023/01/20,01:24 AM,14.89,7.39,61.0,SSW,5.15,7.24,1029.46,0.0,0.0,0.0,0.0,IMELBO1849.csv
2023/01/20,01:29 AM,14.78,7.28,61.0,SW,6.28,8.69,1029.46,0.0,0.0,0.0,0.0,IMELBO1849.csv
2023/01/20,01:34 AM,14.78,7.28,61.0,SW,6.76,8.53,1029.46,0.0,0.0,0.0,0.0,IMELBO1849.csv
2023/01/20,01:39 AM,14.72,7.33,61.0,SW,6.6,8.69,1029.46,0.0,0.0,0.0,0.0,IMELBO1849.csv
2023/01/20,01:44 AM,14.72,7.44,62.0,SW,4.99,6.6,1029.12,0.0,0.0,0.0,0.0,IMELBO1849.csv
2023/01/20,01:49 AM,14.72,7.5,62.0,SSW,5.79,7.24,1029.12,0.0,0.0,0.0,0.0,IMELBO1849.csv
2023/01/20,01:54 AM,14.78,7.61,62.0,SSW,3.86,5.31,1029.12,0.0,0.0,0.0,0.0,IMELBO1849.csv
2023/01/20,01:59 AM,14.78,7.61,62.0,SSW,5.47,6.92,1028.78,0.0,0.0,0.0,0.0,IMELBO1849.csv
2023/01/20,02:04 AM,14.78,7.5,61.0,South,5.63,8.21,1029.12,0.0,0.0,0.0,0.0,IMELBO1849.csv
2023/01/20,02:09 AM,14.78,7.39,61.0,South,4.02,5.63,1028.78,0.0,0.0,0.0,0.0,IMELBO1849.csv
2023/01/20,02:14 AM,14.78,7.61,62.0,South,3.86,5.15,1028.78,0.0,0.0,0.0,0.0,IMELBO1849.csv
2023/01/20,02:19 AM,14.78,7.61,62.0,South,2.9,4.02,1028.78,0.0,0.0,0.0,0.0,IMELBO1849.csv
2023/01/20,02:24 AM,14.83,7.67,62.0,SSW,4.34,6.44,1028.78,0.0,0.0,0.0,0.0,IMELBO1849.csv
2023/01/20,02:29 AM,14.89,8.11,64.0,SSW,6.76,9.65,1028.78,0.0,0.0,0.0,0.0,IMELBO1849.csv
2023/01/20,02:34 AM,14.89,8.39,65.0,South,5.47,8.37,1028.78,0.0,0.0,0.0,0.0,IMELBO1849.csv
2023/01/20,02:39 AM,14.78,8.28,65.0,South,5.63,7.88,1028.45,0.0,0.0,0.0,0.0,IMELBO1849.csv
2023/01/20,02:44 AM,14.83,8.22,64.0,SSW,4.83,7.08,1028.78,0.0,0.0,0.0,0.0,IMELBO1849.csv
2023/01/20,02:49 AM,14.89,8.22,64.0,SSE,4.34,6.44,1028.78,0.0,0.0,0.0,0.0,IMELBO1849.csv
2023/01/20,02:54 AM,14.89,8.33,65.0,South,4.02,5.95,1028.78,0.0,0.0,0.0,0.0,IMELBO1849.csv
2023/01/20,02:59 AM,14.89,8.5,65.0,SSW,6.11,8.04,1028.78,0.0,0.0,0.0,0.0,IMELBO1849.csv
2023/01/20,03:04 AM,14.89,8.72,67.0,SSW,4.83,6.44,1028.45,0.0,0.0,0.0,0.0,IMELBO1849.csv
2023/01/20,03:09 AM,14.78,8.72,67.0,SSW,4.02,5.95,1028.45,0.0,0.0,0.0,0.0,IMELBO1849.csv
2023/01/20,03:14 AM,14.78,8.78,67.0,SSW,4.83,6.76,1028.45,0.0,0.0,0.0,0.0,IMELBO1849.csv
2023/01/20,03:19 AM,14.78,8.89,68.0,SSW,4.51,5.95,1028.78,0.0,0.0,0.0,0.0,IMELBO1849.csv
2023/01/20,03:24 AM,14.78,9.0,68.0,SSW,3.38,4.83,1028.78,0.0,0.0,0.0,0.0,IMELBO1849.csv
2023/01/20,03:29 AM,14.78,9.22,69.0,SSW,4.67,6.28,1028.78,0.0,0.0,0.0,0.0,IMELBO1849.csv
2023/01/20,03:34 AM,14.78,8.94,68.0,SSW,5.95,8.04,1028.45,0.0,0.0,0.0,0.0,IMELBO1849.csv
2023/01/20,03:39 AM,14.78,8.83,68.0,SSW,5.63,7.88,1028.45,0.0,0.0,0.0,0.0,IMELBO1849.csv
2023/01/20,03:44 AM,14.78,8.72,67.0,SW,6.92,9.17,1028.45,0.0,0.0,0.0,0.0,IMELBO1849.csv
2023/01/20,03:49 AM,14.78,8.72,67.0,SSW,5.63,7.72,1028.45,0.0,0.0,0.0,0.0,IMELBO1849.csv
2023/01/20,03:54 AM,14.78,8.72,67.0,SSW,4.99,6.28,1028.45,0.0,0.0,0.0,0.0,IMELBO1849.csv
2023/01/20,03:59 AM,14.78,8.72,67.0,SSW,4.18,5.63,1028.45,0.0,0.0,0.0,0.0,IMELBO1849.csv
2023/01/20,04:04 AM,14.78,8.72,67.0,SSW,4.51,6.11,1028.45,0.0,0.0,0.0,0.0,IMELBO1849.csv
2023/01/20,04:09 AM,14.78,8.72,67.0,SSW,4.34,5.95,1028.45,0.0,0.0,0.0,0.0,IMELBO1849.csv
2023/01/20,04:14 AM,14.78,8.72,67.0,SSW,3.54,4.83,1028.45,0.0,0.0,0.0,0.0,IMELBO1849.csv
2023/01/20,04:19 AM,14.78,8.72,67.0,SSW,3.86,4.99,1028.11,0.0,0.0,0.0,0.0,IMELBO1849.csv
2023/01/20,04:24 AM,14.78,8.72,67.0,SSW,4.18,5.47,1028.11,0.0,0.0,0.0,0.0,IMELBO1849.csv
2023/01/20,04:29 AM,14.78,8.67,67.0,SSW,3.06,4.18,1028.45,0.0,0.0,0.0,0.0,IMELBO1849.csv
2023/01/20,04:34 AM,14.78,8.56,66.0,SSW,4.51,6.28,1028.45,0.0,0.0,0.0,0.0,IMELBO1849.csv
2023/01/20,04:39 AM,14.78,8.5,66.0,SSW,2.57,3.7,1028.45,0.0,0.0,0.0,0.0,IMELBO1849.csv
2023/01/20,04:44 AM,14.78,8.5,66.0,South,3.06,4.18,1028.45,0.0,0.0,0.0,0.0,IMELBO1849.csv
2023/01/20,04:49 AM,14.78,8.61,67.0,SSW,4.18,6.11,1028.45,0.0,0.0,0.0,0.0,IMELBO1849.csv
2023/01/20,04:54 AM,14.89,8.78,67.0,SSW,4.34,5.63,1028.45,0.0,0.0,0.0,0.0,IMELBO1849.csv
2023/01/20,04:59 AM,14.89,8.78,67.0,SSW,2.9,4.02,1028.45,0.0,0.0,0.0,0.0,IMELBO1849.csv
2023/01/20,05:04 AM,14.78,8.72,67.0,South,2.25,3.38,1028.45,0.0,0.0,0.0,0.0,IMELBO1849.csv
2023/01/20,05:09 AM,14.78,8.72,67.0,SSW,4.02,5.63,1028.11,0.0,0.0,0.0,0.0,IMELBO1849.csv
2023/01/20,05:14 AM,14.83,8.72,67.0,SSE,3.06,4.67,1028.45,0.0,0.0,0.0,0.0,IMELBO1849.csv
2023/01/20,05:19 AM,14.89,8.78,67.0,South,1.13,2.09,1028.45,0.0,0.0,0.0,0.0,IMELBO1849.csv
2023/01/20,05:24 AM,14.89,8.72,67.0,South,2.9,4.02,1028.45,0.0,0.0,0.0,0.0,IMELBO1849.csv
2023/01/20,05:29 AM,14.89,8.67,66.0,South,2.57,3.7,1028.45,0.0,0.0,0.0,0.0,IMELBO1849.csv
2023/01/20,05:34 AM,14.89,8.61,66.0,South,3.38,4.51,1028.45,0.0,0.0,0.0,0.0,IMELBO1849.csv
2023/01/20,05:39 AM,14.94,8.78,67.0,South,2.57,3.7,1028.45,0.0,0.0,0.0,0.0,IMELBO1849.csv
2023/01/20,05:44 AM,14.89,8.83,67.0,South,2.41,3.38,1028.45,0.0,0.0,0.0,0.0,IMELBO1849.csv
2023/01/20,05:49 AM,15.0,9.28,69.0,South,4.34,5.95,1028.78,0.0,0.0,0.0,0.0,IMELBO1849.csv
2023/01/20,05:54 AM,15.0,9.61,70.0,SSW,4.34,6.11,1028.45,0.0,0.0,0.0,0.0,IMELBO1849.csv
2023/01/20,05:59 AM,15.0,9.61,70.0,South,3.7,4.99,1028.78,0.0,0.0,0.0,0.0,IMELBO1849.csv
2023/01/20,06:04 AM,14.89,9.5,70.0,South,1.29,2.09,1028.78,0.0,0.0,0.0,0.0,IMELBO1849.csv
2023/01/20,06:09 AM,14.89,9.72,71.0,ESE,1.45,2.41,1028.78,0.0,0.0,0.0,0.0,IMELBO1849.csv
2023/01/20,06:14 AM,14.83,9.67,71.0,SE,0.97,1.77,1028.78,0.0,0.0,0.0,0.0,IMELBO1849.csv
2023/01/20,06:19 AM,14.78,9.61,71.0,SSE,1.61,2.9,1028.78,0.0,0.0,0.0,0.0,IMELBO1849.csv
2023/01/20,06:24 AM,14.78,9.61,71.0,ESE,0.64,1.13,1028.78,0.0,0.0,0.0,0.4,IMELBO1849.csv
2023/01/20,06:29 AM,14.78,9.61,71.0,ESE,0.97,1.61,1028.78,0.0,0.0,0.0,1.7,IMELBO1849.csv
2023/01/20,06:34 AM,14.78,9.61,71.0,South,0.97,1.77,1028.78,0.0,0.0,0.0,2.9,IMELBO1849.csv
2023/01/20,06:39 AM,14.78,9.61,71.0,South,0.8,1.29,1028.78,0.0,0.0,0.0,4.3,IMELBO1849.csv
2023/01/20,06:44 AM,14.78,9.72,72.0,SSE,0.64,1.29,1028.78,0.0,0.0,0.0,6.5,IMELBO1849.csv
2023/01/20,06:49 AM,14.78,9.78,72.0,ESE,0.64,1.13,1028.78,0.0,0.0,0.0,9.9,IMELBO1849.csv
2023/01/20,06:54 AM,14.78,9.78,72.0,ESE,1.13,1.77,1028.78,0.0,0.0,0.0,9.9,IMELBO1849.csv
2023/01/20,06:59 AM,14.78,9.78,72.0,ESE,1.93,2.74,1028.78,0.0,0.0,0.0,14.7,IMELBO1849.csv
2023/01/20,07:04 AM,14.78,9.78,72.0,ESE,2.74,3.54,1029.12,0.0,0.0,0.0,21.2,IMELBO1849.csv
2023/01/20,07:09 AM,14.78,9.78,72.0,ESE,1.29,2.09,1029.12,0.0,0.0,0.0,23.9,IMELBO1849.csv
2023/01/20,07:14 AM,14.83,9.83,72.0,ESE,1.93,2.74,1029.12,0.0,0.0,0.0,29.9,IMELBO1849.csv
2023/01/20,07:19 AM,14.78,9.78,72.0,ESE,2.57,3.38,1029.46,0.0,0.0,0.0,36.0,IMELBO1849.csv
2023/01/20,07:24 AM,14.89,9.89,72.0,ESE,2.9,3.86,1029.46,0.0,0.0,0.0,40.2,IMELBO1849.csv
2023/01/20,07:29 AM,14.83,9.83,72.0,East,3.06,4.18,1029.12,0.0,0.0,0.0,43.3,IMELBO1849.csv
2023/01/20,07:34 AM,14.89,9.89,72.0,ESE,1.77,2.41,1029.12,0.0,0.0,0.0,46.7,IMELBO1849.csv
2023/01/20,07:39 AM,15.0,9.94,72.0,ESE,2.41,3.22,1029.46,0.0,0.0,0.0,48.9,IMELBO1849.csv
2023/01/20,07:44 AM,14.89,9.44,70.0,ESE,1.77,2.41,1029.46,0.0,0.0,0.0,52.0,IMELBO1849.csv
2023/01/20,07:49 AM,15.0,9.11,68.0,ESE,2.41,3.7,1029.46,0.0,0.0,0.0,54.2,IMELBO1849.csv
2023/01/20,07:54 AM,15.0,8.83,67.0,ESE,4.18,5.15,1029.46,0.0,0.0,0.0,60.2,IMELBO1849.csv
2023/01/20,07:59 AM,15.11,8.83,66.0,ESE,3.86,4.67,1029.46,0.0,0.0,0.0,70.7,IMELBO1849.csv
2023/01/20,08:04 AM,15.17,8.78,66.0,ESE,3.86,4.83,1029.46,0.0,0.0,0.0,75.0,IMELBO1849.csv
2023/01/20,08:09 AM,15.22,8.5,64.0,ESE,2.41,3.06,1029.46,0.0,0.0,0.0,79.3,IMELBO1849.csv
2023/01/20,08:14 AM,15.33,8.56,64.0,ESE,3.06,4.02,1029.8,0.0,0.0,0.0,82.8,IMELBO1849.csv
2023/01/20,08:19 AM,15.28,8.5,64.0,ESE,5.15,6.76,1029.46,0.0,0.0,0.0,84.5,IMELBO1849.csv
2023/01/20,08:24 AM,15.28,8.39,64.0,East,4.34,5.31,1029.8,0.0,0.0,0.0,86.2,IMELBO1849.csv
2023/01/20,08:29 AM,15.33,8.56,64.0,ESE,4.02,4.99,1029.8,0.0,0.0,0.0,85.4,IMELBO1849.csv
2023/01/20,08:34 AM,15.44,8.67,64.0,ESE,3.22,4.34,1030.14,0.0,0.0,0.0,87.6,IMELBO1849.csv
2023/01/20,08:39 AM,15.5,8.67,64.0,SE,1.93,2.9,1029.8,0.0,0.0,0.0,97.1,IMELBO1849.csv
2023/01/20,08:44 AM,15.61,8.78,64.0,East,3.22,4.34,1029.8,0.0,0.0,1.0,112.7,IMELBO1849.csv
2023/01/20,08:49 AM,15.61,8.72,64.0,ESE,4.51,5.47,1030.14,0.0,0.0,1.0,124.1,IMELBO1849.csv
2023/01/20,08:54 AM,15.72,8.78,63.0,ESE,3.86,4.83,1030.14,0.0,0.0,1.0,131.4,IMELBO1849.csv
2023/01/20,08:59 AM,15.78,8.78,63.0,East,4.34,5.63,1030.14,0.0,0.0,1.0,138.4,IMELBO1849.csv
2023/01/20,09:04 AM,15.83,8.67,62.0,ESE,2.25,3.06,1030.14,0.0,0.0,1.0,166.5,IMELBO1849.csv
2023/01/20,09:09 AM,15.94,8.72,62.0,ESE,3.86,4.99,1030.14,0.0,0.0,1.0,195.1,IMELBO1849.csv
2023/01/20,09:14 AM,16.17,8.72,61.0,ESE,3.06,4.34,1030.14,0.0,0.0,2.0,284.5,IMELBO1849.csv
2023/01/20,09:19 AM,16.56,8.72,60.0,ESE,3.22,4.34,1030.14,0.0,0.0,2.0,299.7,IMELBO1849.csv
2023/01/20,09:24 AM,16.83,8.78,59.0,SE,2.09,3.22,1030.14,0.0,0.0,3.0,339.2,IMELBO1849.csv
2023/01/20,09:29 AM,17.0,8.89,59.0,SSE,2.41,3.38,1030.14,0.0,0.0,4.0,500.1,IMELBO1849.csv
2023/01/20,09:34 AM,17.61,8.89,57.0,SSE,1.93,2.9,1030.14,0.0,0.0,6.0,623.3,IMELBO1849.csv
2023/01/20,09:39 AM,17.72,9.06,57.0,SE,2.57,3.38,1030.48,0.0,0.0,4.0,511.9,IMELBO1849.csv
2023/01/20,09:44 AM,17.61,8.89,57.0,SE,2.41,3.22,1030.48,0.0,0.0,5.0,547.0,IMELBO1849.csv
2023/01/20,09:49 AM,18.44,9.44,56.0,South,2.57,3.86,1030.48,0.0,0.0,6.0,653.6,IMELBO1849.csv
2023/01/20,09:54 AM,18.56,9.44,55.0,South,4.02,5.63,1030.14,0.0,0.0,5.0,601.7,IMELBO1849.csv
2023/01/20,09:59 AM,18.89,9.56,55.0,SSE,3.7,5.47,1030.14,0.0,0.0,5.0,602.0,IMELBO1849.csv
2023/01/20,10:04 AM,19.22,9.61,54.0,ESE,3.38,4.83,1030.14,0.0,0.0,6.0,684.1,IMELBO1849.csv
2023/01/20,10:09 AM,18.61,9.56,55.0,East,3.86,5.47,1030.48,0.0,0.0,4.0,488.4,IMELBO1849.csv
2023/01/20,10:14 AM,18.61,9.39,55.0,,3.38,4.51,1030.14,0.0,0.0,6.0,718.4,IMELBO1849.csv
2023/01/20,10:19 AM,19.06,9.67,54.0,South,2.25,3.22,1030.14,0.0,0.0,7.0,724.3,IMELBO1849.csv
2023/01/20,10:24 AM,19.94,10.06,53.0,South,3.22,4.99,1030.14,0.0,0.0,6.0,688.0,IMELBO1849.csv
2023/01/20,10:29 AM,20.22,10.11,52.0,SSE,4.51,6.92,1029.8,0.0,0.0,7.0,729.6,IMELBO1849.csv
2023/01/20,10:34 AM,20.33,10.11,52.0,South,3.22,4.99,1029.8,0.0,0.0,7.0,742.2,IMELBO1849.csv
2023/01/20,10:39 AM,19.89,9.89,53.0,SSW,5.31,6.92,1030.14,0.0,0.0,7.0,802.0,IMELBO1849.csv
2023/01/20,10:44 AM,19.39,9.83,54.0,SSW,3.86,5.15,1030.14,0.0,0.0,3.0,320.1,IMELBO1849.csv
2023/01/20,10:49 AM,18.72,9.67,55.0,SSW,3.7,4.83,1029.8,0.0,0.0,3.0,373.0,IMELBO1849.csv
2023/01/20,10:54 AM,18.72,9.61,55.0,SSE,2.74,3.86,1029.8,0.0,0.0,7.0,817.2,IMELBO1849.csv
2023/01/20,10:59 AM,20.17,10.28,53.0,ESE,5.31,6.92,1029.8,0.0,0.0,7.0,822.8,IMELBO1849.csv
2023/01/20,11:04 AM,20.83,10.5,52.0,ESE,3.7,4.99,1029.8,0.0,0.0,8.0,832.0,IMELBO1849.csv
2023/01/20,11:09 AM,20.89,10.39,51.0,SSW,3.54,5.15,1029.8,0.0,0.0,8.0,892.7,IMELBO1849.csv
2023/01/20,11:14 AM,20.44,10.28,52.0,SW,6.6,8.69,1029.8,0.0,0.0,8.0,901.4,IMELBO1849.csv
2023/01/20,11:19 AM,19.5,9.94,54.0,SW,5.95,8.04,1029.8,0.0,0.0,9.0,935.3,IMELBO1849.csv
2023/01/20,11:24 AM,19.44,10.06,55.0,SW,6.76,8.85,1029.8,0.0,0.0,8.0,916.5,IMELBO1849.csv
2023/01/20,11:29 AM,19.72,10.22,54.0,SW,3.7,4.99,1029.8,0.0,0.0,8.0,842.9,IMELBO1849.csv
2023/01/20,11:34 AM,19.89,10.22,54.0,SW,3.54,4.83,1029.8,0.0,0.0,7.0,821.6,IMELBO1849.csv
2023/01/20,11:39 AM,20.22,10.39,53.0,SW,5.79,8.37,1029.8,0.0,0.0,8.0,849.4,IMELBO1849.csv
2023/01/20,11:44 AM,19.0,9.83,55.0,SW,6.44,8.21,1029.8,0.0,0.0,8.0,836.3,IMELBO1849.csv
2023/01/20,11:49 AM,19.28,9.83,54.0,SW,3.54,4.51,1029.8,0.0,0.0,8.0,824.7,IMELBO1849.csv
2023/01/20,11:54 AM,20.0,10.22,54.0,SSW,5.79,7.72,1029.46,0.0,0.0,8.0,881.1,IMELBO1849.csv
2023/01/20,11:59 AM,20.22,10.28,53.0,SSW,5.63,8.21,1029.46,0.0,0.0,8.0,889.8,IMELBO1849.csv
2023/01/20,12:04 PM,20.17,10.22,53.0,SW,4.34,6.28,1029.8,0.0,0.0,8.0,828.6,IMELBO1849.csv
2023/01/20,12:09 PM,20.5,10.28,52.0,SW,5.79,8.53,1029.8,0.0,0.0,8.0,839.3,IMELBO1849.csv
2023/01/20,12:14 PM,20.5,10.17,52.0,SW,6.92,8.85,1029.46,0.0,0.0,7.0,809.5,IMELBO1849.csv
2023/01/20,12:19 PM,20.0,10.0,52.0,SSW,7.72,10.94,1029.46,0.0,0.0,7.0,812.1,IMELBO1849.csv
2023/01/20,12:24 PM,20.44,9.94,51.0,SSW,5.95,7.88,1029.46,0.0,0.0,7.0,814.3,IMELBO1849.csv
2023/01/20,12:29 PM,21.06,10.22,50.0,SSW,4.83,6.44,1029.46,0.0,0.0,7.0,806.0,IMELBO1849.csv
2023/01/20,12:34 PM,21.28,10.44,50.0,SSE,4.67,7.08,1029.46,0.0,0.0,7.0,807.7,IMELBO1849.csv
2023/01/20,12:39 PM,21.22,10.28,50.0,SSW,7.56,10.14,1029.46,0.0,0.0,7.0,806.8,IMELBO1849.csv
2023/01/20,12:44 PM,20.72,9.94,50.0,SSW,6.44,8.37,1029.46,0.0,0.0,7.0,815.1,IMELBO1849.csv
2023/01/20,12:49 PM,20.61,9.94,50.0,SSW,6.44,8.37,1029.46,0.0,0.0,7.0,805.1,IMELBO1849.csv
2023/01/20,12:54 PM,20.67,9.94,50.0,ENE,2.57,3.86,1029.46,0.0,0.0,7.0,806.8,IMELBO1849.csv
2023/01/20,12:59 PM,20.83,10.06,50.0,East,5.31,7.08,1029.12,0.0,0.0,8.0,837.1,IMELBO1849.csv
2023/01/20,01:04 PM,21.17,10.11,49.0,SW,4.99,6.92,1029.12,0.0,0.0,8.0,832.9,IMELBO1849.csv
2023/01/20,01:09 PM,21.11,10.33,50.0,SSW,5.15,7.08,1029.46,0.0,0.0,7.0,797.8,IMELBO1849.csv
2023/01/20,01:14 PM,21.89,10.33,48.0,South,4.02,5.63,1029.12,0.0,0.0,7.0,756.9,IMELBO1849.csv
2023/01/20,01:19 PM,21.22,10.17,49.0,SW,6.44,8.69,1029.12,0.0,0.0,7.0,756.0,IMELBO1849.csv
2023/01/20,01:24 PM,21.22,10.0,49.0,SW,4.99,6.76,1029.12,0.0,0.0,7.0,764.7,IMELBO1849.csv
2023/01/20,01:29 PM,21.33,10.11,49.0,SW,5.15,6.76,1029.12,0.0,0.0,7.0,782.6,IMELBO1849.csv
2023/01/20,01:34 PM,21.22,10.06,49.0,SE,2.25,3.38,1029.12,0.0,0.0,7.0,787.4,IMELBO1849.csv
2023/01/20,01:39 PM,21.67,10.28,48.0,South,4.83,6.76,1028.78,0.0,0.0,7.0,790.3,IMELBO1849.csv
2023/01/20,01:44 PM,21.72,10.17,48.0,SSW,6.92,9.01,1028.78,0.0,0.0,7.0,785.2,IMELBO1849.csv
2023/01/20,01:49 PM,21.83,10.28,48.0,SSW,4.51,5.79,1028.78,0.0,0.0,7.0,760.0,IMELBO1849.csv
2023/01/20,01:54 PM,21.67,10.33,49.0,South,4.83,7.56,1028.78,0.0,0.0,7.0,775.6,IMELBO1849.csv
2023/01/20,01:59 PM,21.11,10.17,50.0,South,6.11,7.72,1028.78,0.0,0.0,7.0,781.7,IMELBO1849.csv
2023/01/20,02:04 PM,21.5,10.22,49.0,SSE,5.31,7.4,1028.45,0.0,0.0,7.0,778.2,IMELBO1849.csv
2023/01/20,02:09 PM,21.89,10.33,48.0,SSW,3.86,5.31,1028.45,0.0,0.0,7.0,789.9,IMELBO1849.csv
2023/01/20,02:14 PM,22.0,10.39,48.0,SSW,4.51,6.44,1028.45,0.0,0.0,7.0,797.8,IMELBO1849.csv
2023/01/20,02:19 PM,22.28,10.5,47.0,SSW,4.51,6.11,1028.45,0.0,0.0,7.0,804.7,IMELBO1849.csv
2023/01/20,02:24 PM,22.22,10.5,47.0,South,4.34,6.28,1028.45,0.0,0.0,7.0,804.2,IMELBO1849.csv
2023/01/20,02:29 PM,21.89,10.61,49.0,SSW,7.24,9.17,1028.45,0.0,0.0,7.0,803.4,IMELBO1849.csv
2023/01/20,02:34 PM,22.0,10.33,48.0,South,4.83,6.6,1028.11,0.0,0.0,7.0,789.1,IMELBO1849.csv
2023/01/20,02:39 PM,21.94,10.39,48.0,SW,4.02,5.31,1028.11,0.0,0.0,7.0,786.9,IMELBO1849.csv
2023/01/20,02:44 PM,21.94,10.61,48.0,SSE,5.47,7.56,1028.11,0.0,0.0,7.0,778.2,IMELBO1849.csv
2023/01/20,02:49 PM,21.89,10.56,48.0,ESE,4.18,6.11,1028.11,0.0,0.0,7.0,788.2,IMELBO1849.csv
2023/01/20,02:54 PM,21.83,10.56,49.0,SE,6.44,8.37,1028.11,0.0,0.0,7.0,791.6,IMELBO1849.csv
2023/01/20,02:59 PM,22.11,10.61,48.0,SSW,6.11,8.53,1028.11,0.0,0.0,7.0,771.7,IMELBO1849.csv
2023/01/20,03:04 PM,22.78,10.72,47.0,SSW,4.83,7.08,1028.11,0.0,0.0,7.0,732.2,IMELBO1849.csv
2023/01/20,03:09 PM,22.11,10.44,48.0,SW,5.79,8.53,1028.11,0.0,0.0,7.0,763.5,IMELBO1849.csv
2023/01/20,03:14 PM,22.0,10.28,47.0,SW,6.92,9.65,1028.11,0.0,0.0,7.0,777.0,IMELBO1849.csv
2023/01/20,03:19 PM,22.22,10.39,47.0,SSE,5.63,7.4,1028.11,0.0,0.0,7.0,777.8,IMELBO1849.csv
2023/01/20,03:24 PM,22.39,10.44,47.0,SSW,7.08,10.3,1028.11,0.0,0.0,7.0,774.3,IMELBO1849.csv
2023/01/20,03:29 PM,22.67,10.56,46.0,SSW,7.24,9.33,1028.11,0.0,0.0,7.0,778.7,IMELBO1849.csv
2023/01/20,03:34 PM,22.83,10.39,45.0,SSW,2.09,3.06,1028.11,0.0,0.0,7.0,763.5,IMELBO1849.csv
2023/01/20,03:39 PM,23.06,10.67,45.0,SW,5.31,7.08,1027.77,0.0,0.0,7.0,763.5,IMELBO1849.csv
2023/01/20,03:44 PM,23.28,10.67,45.0,WSW,5.15,7.08,1027.77,0.0,0.0,7.0,754.3,IMELBO1849.csv
2023/01/20,03:49 PM,22.5,10.28,46.0,SW,6.11,7.56,1027.77,0.0,0.0,7.0,747.3,IMELBO1849.csv
2023/01/20,03:54 PM,22.39,10.28,46.0,SSW,3.38,4.99,1027.77,0.0,0.0,7.0,751.8,IMELBO1849.csv
2023/01/20,03:59 PM,23.06,10.56,45.0,SSE,3.38,4.67,1027.77,0.0,0.0,7.0,754.8,IMELBO1849.csv
2023/01/20,04:04 PM,23.33,10.61,45.0,SSW,5.95,8.04,1027.77,0.0,0.0,7.0,762.2,IMELBO1849.csv
2023/01/20,04:09 PM,22.72,10.28,45.0,SSW,4.99,7.08,1027.77,0.0,0.0,7.0,770.3,IMELBO1849.csv
2023/01/20,04:14 PM,23.11,10.44,45.0,SW,6.11,8.53,1027.77,0.0,0.0,7.0,766.9,IMELBO1849.csv
2023/01/20,04:19 PM,23.06,10.67,46.0,South,4.99,7.56,1027.77,0.0,0.0,7.0,747.0,IMELBO1849.csv
2023/01/20,04:24 PM,22.67,10.72,47.0,South,6.92,9.65,1027.77,0.0,0.0,7.0,746.1,IMELBO1849.csv
2023/01/20,04:29 PM,22.56,10.56,47.0,SW,7.56,9.81,1027.43,0.0,0.0,7.0,747.3,IMELBO1849.csv
2023/01/20,04:34 PM,22.72,10.61,46.0,SW,8.21,10.78,1027.43,0.0,0.0,7.0,754.8,IMELBO1849.csv
2023/01/20,04:39 PM,22.11,10.5,48.0,SW,9.49,12.71,1027.43,0.0,0.0,7.0,751.8,IMELBO1849.csv
2023/01/20,04:44 PM,22.22,10.56,48.0,SSW,7.4,10.46,1027.43,0.0,0.0,7.0,730.1,IMELBO1849.csv
2023/01/20,04:49 PM,22.56,10.94,48.0,SSW,6.6,9.01,1027.43,0.0,0.0,6.0,714.4,IMELBO1849.csv
2023/01/20,04:54 PM,22.67,11.17,48.0,SSW,7.88,10.94,1027.43,0.0,0.0,7.0,722.3,IMELBO1849.csv
2023/01/20,04:59 PM,22.11,10.89,49.0,South,5.47,7.72,1027.43,0.0,0.0,6.0,715.8,IMELBO1849.csv
2023/01/20,05:04 PM,22.39,11.11,49.0,SSW,7.4,10.46,1027.43,0.0,0.0,6.0,699.3,IMELBO1849.csv
2023/01/20,05:09 PM,22.17,10.83,49.0,SSE,5.95,8.37,1027.43,0.0,0.0,6.0,686.2,IMELBO1849.csv
2023/01/20,05:14 PM,22.39,11.06,49.0,SSW,8.04,10.62,1027.43,0.0,0.0,6.0,670.2,IMELBO1849.csv
2023/01/20,05:19 PM,21.72,10.83,50.0,South,8.04,11.1,1027.43,0.0,0.0,6.0,658.0,IMELBO1849.csv
2023/01/20,05:24 PM,21.94,11.0,50.0,South,5.79,8.37,1027.43,0.0,0.0,6.0,624.2,IMELBO1849.csv
2023/01/20,05:29 PM,22.28,11.0,49.0,South,4.18,6.44,1027.43,0.0,0.0,5.0,595.2,IMELBO1849.csv
2023/01/20,05:34 PM,22.17,11.11,50.0,SSW,6.11,8.37,1027.43,0.0,0.0,5.0,559.1,IMELBO1849.csv
2023/01/20,05:39 PM,22.06,11.33,51.0,SE,5.63,8.37,1027.43,0.0,0.0,5.0,554.3,IMELBO1849.csv
2023/01/20,05:44 PM,22.11,11.39,51.0,SE,3.86,5.47,1027.43,0.0,0.0,5.0,543.9,IMELBO1849.csv
2023/01/20,05:49 PM,22.06,11.56,51.0,SSW,6.76,9.17,1027.43,0.0,0.0,5.0,520.9,IMELBO1849.csv
2023/01/20,05:54 PM,21.78,11.56,52.0,SE,5.95,9.17,1027.43,0.0,0.0,4.0,481.5,IMELBO1849.csv
2023/01/20,05:59 PM,22.11,11.83,52.0,South,6.44,9.01,1027.09,0.0,0.0,4.0,448.5,IMELBO1849.csv
2023/01/20,06:04 PM,21.67,11.61,53.0,SSW,8.69,12.07,1027.43,0.0,0.0,3.0,408.1,IMELBO1849.csv
2023/01/20,06:09 PM,21.22,11.56,54.0,SW,8.53,11.26,1027.43,0.0,0.0,3.0,376.1,IMELBO1849.csv
2023/01/20,06:14 PM,21.28,11.56,54.0,South,8.37,11.58,1027.43,0.0,0.0,3.0,343.5,IMELBO1849.csv
2023/01/20,06:19 PM,21.11,11.44,54.0,SSW,5.95,8.04,1027.43,0.0,0.0,3.0,323.1,IMELBO1849.csv
2023/01/20,06:24 PM,21.22,11.67,55.0,SSW,8.04,10.94,1027.43,0.0,0.0,3.0,324.4,IMELBO1849.csv
2023/01/20,06:29 PM,21.0,11.72,55.0,SSW,6.92,9.98,1027.43,0.0,0.0,2.0,305.8,IMELBO1849.csv
2023/01/20,06:34 PM,21.17,11.89,56.0,South,6.28,8.53,1027.43,0.0,0.0,2.0,287.6,IMELBO1849.csv
2023/01/20,06:39 PM,20.67,11.94,57.0,SSW,9.49,12.87,1027.43,0.0,0.0,2.0,269.8,IMELBO1849.csv
2023/01/20,06:44 PM,20.28,11.83,58.0,SSW,9.17,11.91,1027.43,0.0,0.0,2.0,260.2,IMELBO1849.csv
2023/01/20,06:49 PM,20.17,12.0,59.0,SSW,10.78,13.84,1027.43,0.0,0.0,2.0,237.7,IMELBO1849.csv
2023/01/20,06:54 PM,20.11,11.94,59.0,SSW,7.56,10.94,1027.43,0.0,0.0,2.0,224.2,IMELBO1849.csv
2023/01/20,06:59 PM,20.11,11.83,59.0,SW,9.17,12.23,1027.43,0.0,0.0,1.0,195.6,IMELBO1849.csv
2023/01/20,07:04 PM,19.83,11.72,60.0,SSW,8.85,12.55,1027.43,0.0,0.0,1.0,171.8,IMELBO1849.csv
2023/01/20,07:09 PM,19.94,11.83,59.0,South,7.24,10.62,1027.43,0.0,0.0,1.0,170.4,IMELBO1849.csv
2023/01/20,07:14 PM,19.61,11.83,61.0,SW,7.08,10.3,1027.43,0.0,0.0,1.0,153.9,IMELBO1849.csv
2023/01/20,07:19 PM,19.33,11.78,62.0,SSW,9.33,12.71,1027.77,0.0,0.0,0.0,71.6,IMELBO1849.csv
2023/01/20,07:24 PM,19.17,11.72,62.0,SSW,10.14,13.68,1027.43,0.0,0.0,0.0,49.4,IMELBO1849.csv
2023/01/20,07:29 PM,19.0,11.72,63.0,SSW,9.01,13.03,1027.77,0.0,0.0,0.0,47.2,IMELBO1849.csv
2023/01/20,07:34 PM,18.83,11.67,63.0,SW,9.17,13.19,1027.77,0.0,0.0,0.0,44.7,IMELBO1849.csv
2023/01/20,07:39 PM,18.78,11.61,63.0,SSW,7.88,10.94,1027.77,0.0,0.0,0.0,42.5,IMELBO1849.csv
2023/01/20,07:44 PM,18.89,11.78,63.0,SW,9.49,12.71,1027.77,0.0,0.0,0.0,40.2,IMELBO1849.csv
2023/01/20,07:49 PM,18.5,11.72,64.0,SW,10.14,14.32,1027.77,0.0,0.0,0.0,37.2,IMELBO1849.csv
2023/01/20,07:54 PM,18.5,11.72,65.0,SSW,8.37,11.58,1027.77,0.0,0.0,0.0,35.1,IMELBO1849.csv
2023/01/20,07:59 PM,18.33,11.67,65.0,SSW,9.01,12.87,1028.11,0.0,0.0,0.0,31.6,IMELBO1849.csv
2023/01/20,08:04 PM,18.28,11.72,65.0,SSW,9.33,12.55,1028.11,0.0,0.0,0.0,28.6,IMELBO1849.csv
2023/01/20,08:09 PM,18.22,11.83,66.0,SSW,5.47,7.4,1028.11,0.0,0.0,0.0,23.9,IMELBO1849.csv
2023/01/20,08:14 PM,18.22,11.89,66.0,SW,8.21,11.26,1028.11,0.0,0.0,0.0,20.8,IMELBO1849.csv
2023/01/20,08:19 PM,18.06,11.83,67.0,SW,7.56,10.3,1028.11,0.0,0.0,0.0,16.9,IMELBO1849.csv
2023/01/20,08:24 PM,18.0,11.94,68.0,SW,5.63,7.88,1028.11,0.0,0.0,0.0,13.3,IMELBO1849.csv
2023/01/20,08:29 PM,17.83,11.83,68.0,SW,7.4,9.98,1028.11,0.0,0.0,0.0,10.4,IMELBO1849.csv
2023/01/20,08:34 PM,17.78,11.89,69.0,SW,7.88,10.78,1028.11,0.0,0.0,0.0,7.3,IMELBO1849.csv
2023/01/20,08:39 PM,17.72,12.0,69.0,SSW,7.08,9.33,1028.11,0.0,0.0,0.0,4.8,IMELBO1849.csv
2023/01/20,08:44 PM,17.67,12.06,70.0,SW,7.08,9.33,1028.11,0.0,0.0,0.0,2.6,IMELBO1849.csv
2023/01/20,08:49 PM,17.61,12.11,70.0,SW,6.28,7.88,1028.45,0.0,0.0,0.0,0.9,IMELBO1849.csv
2023/01/20,08:54 PM,17.61,12.11,70.0,SW,5.47,7.24,1028.45,0.0,0.0,0.0,0.0,IMELBO1849.csv
2023/01/20,08:59 PM,17.5,12.22,71.0,SW,5.47,8.04,1028.11,0.0,0.0,0.0,0.0,IMELBO1849.csv
2023/01/20,09:04 PM,17.39,12.11,71.0,SW,5.79,7.88,1028.45,0.0,0.0,0.0,0.0,IMELBO1849.csv
2023/01/20,09:09 PM,17.33,12.06,71.0,SW,4.83,6.6,1028.45,0.0,0.0,0.0,0.0,IMELBO1849.csv
2023/01/20,09:14 PM,17.28,11.94,71.0,SW,4.34,5.79,1028.45,0.0,0.0,0.0,0.0,IMELBO1849.csv
2023/01/20,09:19 PM,17.22,11.89,71.0,SW,5.63,7.56,1028.45,0.0,0.0,0.0,0.0,IMELBO1849.csv
2023/01/20,09:24 PM,17.22,11.89,71.0,SW,4.51,5.79,1028.45,0.0,0.0,0.0,0.0,IMELBO1849.csv
2023/01/20,09:29 PM,17.17,12.06,72.0,SW,4.99,6.28,1028.45,0.0,0.0,0.0,0.0,IMELBO1849.csv
2023/01/20,09:34 PM,17.06,11.94,72.0,SW,5.31,7.4,1028.45,0.0,0.0,0.0,0.0,IMELBO1849.csv
2023/01/20,09:39 PM,17.0,12.11,73.0,SW,5.15,7.08,1028.45,0.0,0.0,0.0,0.0,IMELBO1849.csv
2023/01/20,09:44 PM,16.94,12.06,73.0,SW,4.83,5.79,1028.11,0.0,0.0,0.0,0.0,IMELBO1849.csv
2023/01/20,09:49 PM,16.89,12.11,74.0,SW,4.34,6.11,1028.45,0.0,0.0,0.0,0.0,IMELBO1849.csv
2023/01/20,09:54 PM,16.83,12.22,74.0,SW,4.51,6.11,1028.45,0.0,0.0,0.0,0.0,IMELBO1849.csv
2023/01/20,09:59 PM,16.78,12.22,74.0,WSW,3.38,4.51,1028.78,0.0,0.0,0.0,0.0,IMELBO1849.csv
2023/01/20,10:04 PM,16.72,12.11,74.0,WSW,2.57,3.38,1028.45,0.0,0.0,0.0,0.0,IMELBO1849.csv
2023/01/20,10:09 PM,16.72,12.11,74.0,WSW,2.9,4.51,1028.45,0.0,0.0,0.0,0.0,IMELBO1849.csv
2023/01/20,10:14 PM,16.61,12.06,74.0,West,2.09,3.22,1028.45,0.0,0.0,0.0,0.0,IMELBO1849.csv
2023/01/20,10:19 PM,16.5,12.11,75.0,SW,2.09,3.06,1028.78,0.0,0.0,0.0,0.0,IMELBO1849.csv
2023/01/20,10:24 PM,16.33,11.94,75.0,WSW,2.09,2.9,1028.78,0.0,0.0,0.0,0.0,IMELBO1849.csv
2023/01/20,10:29 PM,16.22,12.0,76.0,WSW,1.13,2.09,1028.78,0.0,0.0,0.0,0.0,IMELBO1849.csv
2023/01/20,10:34 PM,16.11,11.89,76.0,WSW,1.29,1.93,1028.45,0.0,0.0,0.0,0.0,IMELBO1849.csv
2023/01/20,10:39 PM,16.0,11.78,76.0,WSW,1.77,3.06,1028.45,0.0,0.0,0.0,0.0,IMELBO1849.csv
2023/01/20,10:44 PM,16.0,11.78,76.0,WNW,1.93,3.06,1028.45,0.0,0.0,0.0,0.0,IMELBO1849.csv
2023/01/20,10:49 PM,15.89,11.89,77.0,West,1.61,2.74,1028.45,0.0,0.0,0.0,0.0,IMELBO1849.csv
2023/01/20,10:54 PM,15.78,11.78,77.0,West,1.45,2.41,1028.45,0.0,0.0,0.0,0.0,IMELBO1849.csv
2023/01/20,10:59 PM,15.72,11.89,78.0,WSW,1.93,2.9,1028.45,0.0,0.0,0.0,0.0,IMELBO1849.csv
2023/01/20,11:04 PM,15.72,11.89,78.0,WSW,1.77,2.74,1028.45,0.0,0.0,0.0,0.0,IMELBO1849.csv
2023/01/20,11:09 PM,15.67,11.83,78.0,West,2.41,3.7,1028.45,0.0,0.0,0.0,0.0,IMELBO1849.csv
2023/01/20,11:14 PM,15.61,11.78,78.0,WNW,1.77,2.74,1028.11,0.0,0.0,0.0,0.0,IMELBO1849.csv
2023/01/20,11:19 PM,15.5,11.78,78.0,West,2.09,2.9,1028.11,0.0,0.0,0.0,0.0,IMELBO1849.csv
2023/01/20,11:24 PM,15.5,11.89,79.0,WNW,3.22,4.83,1028.11,0.0,0.0,0.0,0.0,IMELBO1849.csv
2023/01/20,11:29 PM,15.39,11.78,79.0,West,2.09,3.38,1028.11,0.0,0.0,0.0,0.0,IMELBO1849.csv
2023/01/20,11:34 PM,15.28,11.67,79.0,WNW,4.02,5.79,1028.11,0.0,0.0,0.0,0.0,IMELBO1849.csv
2023/01/20,11:39 PM,15.17,11.56,79.0,West,3.54,4.99,1028.11,0.0,0.0,0.0,0.0,IMELBO1849.csv
2023/01/20,11:44 PM,15.11,11.5,79.0,WNW,4.02,5.79,1028.11,0.0,0.0,0.0,0.0,IMELBO1849.csv
2023/01/20,11:49 PM,15.06,11.44,79.0,WNW,7.88,10.14,1028.11,0.0,0.0,0.0,0.0,IMELBO1849.csv
2023/01/20,11:54 PM,15.0,11.39,79.0,WNW,4.18,5.95,1028.11,0.0,0.0,0.0,0.0,IMELBO1849.csv
2023/01/20,11:59 PM,15.0,11.39,79.0,West,2.09,3.06,1028.11,0.0,0.0,0.0,0.0,IMELBO1849.csv
2023/01/21,12:04 AM,15.0,11.39,79.0,WNW,2.09,3.06,1028.11,0.0,0.0,0.0,0.0,IMELBO1849.csv
2023/01/21,12:09 AM,14.89,11.44,80.0,WNW,3.22,4.83,1028.11,0.0,0.0,0.0,0.0,IMELBO1849.csv
2023/01/21,12:14 AM,14.94,11.56,80.0,WNW,3.86,5.79,1027.77,0.0,0.0,0.0,0.0,IMELBO1849.csv
2023/01/21,12:19 AM,15.0,11.61,80.0,WNW,5.63,7.56,1027.77,0.0,0.0,0.0,0.0,IMELBO1849.csv
2023/01/21,12:24 AM,15.0,11.61,80.0,WNW,4.99,6.6,1027.43,0.0,0.0,0.0,0.0,IMELBO1849.csv
2023/01/21,12:29 AM,14.94,11.56,80.0,WNW,4.18,5.79,1027.77,0.0,0.0,0.0,0.0,IMELBO1849.csv
2023/01/21,12:34 AM,14.83,11.44,80.0,WNW,4.18,5.79,1027.77,0.0,0.0,0.0,0.0,IMELBO1849.csv
2023/01/21,12:39 AM,14.78,11.39,80.0,WNW,3.54,4.99,1027.77,0.0,0.0,0.0,0.0,IMELBO1849.csv
2023/01/21,12:44 AM,14.72,11.28,80.0,WNW,2.74,3.7,1027.77,0.0,0.0,0.0,0.0,IMELBO1849.csv
2023/01/21,12:49 AM,14.67,11.22,80.0,WNW,3.7,5.15,1027.43,0.0,0.0,0.0,0.0,IMELBO1849.csv
2023/01/21,12:54 AM,14.61,11.22,80.0,WNW,5.79,7.88,1027.77,0.0,0.0,0.0,0.0,IMELBO1849.csv
2023/01/21,12:59 AM,14.56,11.0,79.0,WNW,4.02,5.47,1027.77,0.0,0.0,0.0,0.0,IMELBO1849.csv
2023/01/21,01:04 AM,14.5,10.89,79.0,WNW,4.51,6.11,1027.43,0.0,0.0,0.0,0.0,IMELBO1849.csv
2023/01/21,01:09 AM,14.44,11.06,80.0,WNW,4.83,6.28,1027.43,0.0,0.0,0.0,0.0,IMELBO1849.csv
2023/01/21,01:14 AM,14.44,11.06,80.0,West,4.83,7.24,1027.43,0.0,0.0,0.0,0.0,IMELBO1849.csv
2023/01/21,01:19 AM,14.39,11.0,80.0,WNW,6.6,8.85,1027.43,0.0,0.0,0.0,0.0,IMELBO1849.csv
2023/01/21,01:24 AM,14.39,11.0,80.0,WNW,6.11,8.21,1027.43,0.0,0.0,0.0,0.0,IMELBO1849.csv
2023/01/21,01:29 AM,14.39,11.0,80.0,WNW,6.11,8.37,1027.43,0.0,0.0,0.0,0.0,IMELBO1849.csv
2023/01/21,01:34 AM,14.39,11.06,80.0,WNW,6.6,9.17,1027.43,0.0,0.0,0.0,0.0,IMELBO1849.csv
2023/01/21,01:39 AM,14.39,11.22,81.0,WNW,6.28,8.21,1027.43,0.0,0.0,0.0,0.0,IMELBO1849.csv
2023/01/21,01:44 AM,14.39,11.22,81.0,WNW,6.92,9.01,1027.43,0.0,0.0,0.0,0.0,IMELBO1849.csv
2023/01/21,01:49 AM,14.39,11.22,81.0,WNW,4.34,5.47,1027.09,0.0,0.0,0.0,0.0,IMELBO1849.csv
2023/01/21,01:54 AM,14.28,11.11,81.0,WNW,4.51,6.44,1027.09,0.0,0.0,0.0,0.0,IMELBO1849.csv
2023/01/21,01:59 AM,14.28,11.17,82.0,WNW,5.15,6.28,1027.09,0.0,0.0,0.0,0.0,IMELBO1849.csv
2023/01/21,02:04 AM,14.28,11.28,82.0,WNW,5.63,7.72,1027.09,0.0,0.0,0.0,0.0,IMELBO1849.csv
2023/01/21,02:09 AM,14.28,11.28,82.0,WNW,6.6,8.21,1027.09,0.0,0.0,0.0,0.0,IMELBO1849.csv
2023/01/21,02:14 AM,14.22,11.22,82.0,WNW,4.99,6.76,1026.75,0.0,0.0,0.0,0.0,IMELBO1849.csv
2023/01/21,02:19 AM,14.28,11.33,82.0,WNW,5.79,8.37,1027.09,0.0,0.0,0.0,0.0,IMELBO1849.csv
2023/01/21,02:24 AM,14.28,11.5,83.0,WNW,4.18,5.31,1027.09,0.0,0.0,0.0,0.0,IMELBO1849.csv
2023/01/21,02:29 AM,14.28,11.5,83.0,WNW,5.63,7.4,1027.09,0.0,0.0,0.0,0.0,IMELBO1849.csv
2023/01/21,02:34 AM,14.28,11.5,83.0,WNW,4.83,6.28,1026.75,0.0,0.0,0.0,0.0,IMELBO1849.csv
2023/01/21,02:39 AM,14.28,11.5,83.0,WNW,5.15,6.6,1027.09,0.0,0.0,0.0,0.0,IMELBO1849.csv
2023/01/21,02:44 AM,14.28,11.5,83.0,WNW,5.31,7.4,1026.75,0.0,0.0,0.0,0.0,IMELBO1849.csv
2023/01/21,02:49 AM,14.28,11.56,84.0,WNW,4.02,5.63,1026.75,0.0,0.0,0.0,0.0,IMELBO1849.csv
2023/01/21,02:54 AM,14.28,11.61,84.0,WNW,4.02,5.31,1026.75,0.0,0.0,0.0,0.0,IMELBO1849.csv
2023/01/21,02:59 AM,14.28,11.61,84.0,WNW,4.18,5.63,1026.75,0.0,0.0,0.0,0.0,IMELBO1849.csv
2023/01/21,03:04 AM,14.28,11.61,84.0,WNW,5.63,7.72,1026.41,0.0,0.0,0.0,0.0,IMELBO1849.csv
2023/01/21,03:09 AM,14.28,11.56,84.0,WNW,4.02,5.47,1026.41,0.0,0.0,0.0,0.0,IMELBO1849.csv
2023/01/21,03:14 AM,14.22,11.5,84.0,WNW,4.83,6.44,1026.41,0.0,0.0,0.0,0.0,IMELBO1849.csv
2023/01/21,03:19 AM,14.22,11.5,84.0,West,4.51,5.79,1026.41,0.0,0.0,0.0,0.0,IMELBO1849.csv
2023/01/21,03:24 AM,14.28,11.72,85.0,WNW,4.67,6.11,1026.41,0.0,0.0,0.0,0.0,IMELBO1849.csv
2023/01/21,03:29 AM,14.28,11.78,85.0,WNW,4.51,6.11,1026.41,0.0,0.0,0.0,0.0,IMELBO1849.csv
2023/01/21,03:34 AM,14.28,11.78,85.0,WNW,4.83,6.76,1026.41,0.0,0.0,0.0,0.0,IMELBO1849.csv
2023/01/21,03:39 AM,14.33,11.83,85.0,WNW,4.83,7.72,1026.41,0.0,0.0,0.0,0.0,IMELBO1849.csv
2023/01/21,03:44 AM,14.39,11.89,85.0,WNW,5.95,7.72,1026.41,0.0,0.0,0.0,0.0,IMELBO1849.csv
2023/01/21,03:49 AM,14.39,11.89,85.0,WNW,5.79,7.72,1026.41,0.0,0.0,0.0,0.0,IMELBO1849.csv
2023/01/21,03:54 AM,14.39,11.89,85.0,WNW,4.34,5.79,1026.41,0.0,0.0,0.0,0.0,IMELBO1849.csv
2023/01/21,03:59 AM,14.39,11.89,85.0,WNW,4.99,6.6,1026.08,0.0,0.0,0.0,0.0,IMELBO1849.csv
2023/01/21,04:04 AM,14.39,11.89,85.0,WNW,5.15,7.4,1026.08,0.0,0.0,0.0,0.0,IMELBO1849.csv
2023/01/21,04:09 AM,14.39,11.89,85.0,WNW,4.83,6.92,1026.41,0.0,0.0,0.0,0.0,IMELBO1849.csv
2023/01/21,04:14 AM,14.33,11.83,85.0,West,4.83,6.44,1026.41,0.0,0.0,0.0,0.0,IMELBO1849.csv
2023/01/21,04:19 AM,14.28,11.78,85.0,WNW,3.22,4.67,1026.41,0.0,0.0,0.0,0.0,IMELBO1849.csv
2023/01/21,04:24 AM,14.28,11.78,85.0,WNW,4.67,7.08,1026.41,0.0,0.0,0.0,0.0,IMELBO1849.csv
2023/01/21,04:29 AM,14.28,11.78,85.0,WNW,4.51,6.28,1026.41,0.0,0.0,0.0,0.0,IMELBO1849.csv
2023/01/21,04:34 AM,14.28,11.78,85.0,WNW,5.79,7.88,1026.41,0.0,0.0,0.0,0.0,IMELBO1849.csv
2023/01/21,04:39 AM,14.28,11.78,85.0,WNW,4.34,5.63,1026.41,0.0,0.0,0.0,0.0,IMELBO1849.csv
2023/01/21,04:44 AM,14.22,11.72,85.0,WNW,4.18,5.79,1026.75,0.0,0.0,0.0,0.0,IMELBO1849.csv
2023/01/21,04:49 AM,14.22,11.72,85.0,WNW,5.47,7.24,1026.75,0.0,0.0,0.0,0.0,IMELBO1849.csv
2023/01/21,04:54 AM,14.22,11.72,85.0,WNW,4.67,6.6,1026.41,0.0,0.0,0.0,0.0,IMELBO1849.csv
2023/01/21,04:59 AM,14.11,11.61,85.0,WNW,3.38,4.83,1026.75,0.0,0.0,0.0,0.0,IMELBO1849.csv
2023/01/21,05:04 AM,14.06,11.56,85.0,WNW,3.38,4.83,1026.75,0.0,0.0,0.0,0.0,IMELBO1849.csv
2023/01/21,05:09 AM,14.0,11.61,86.0,WNW,2.74,4.02,1027.09,0.0,0.0,0.0,0.0,IMELBO1849.csv
2023/01/21,05:14 AM,13.94,11.67,86.0,NW,2.9,4.18,1027.09,0.0,0.0,0.0,0.0,IMELBO1849.csv
2023/01/21,05:19 AM,13.83,11.56,86.0,NW,1.61,2.41,1027.09,0.0,0.0,0.0,0.0,IMELBO1849.csv
2023/01/21,05:24 AM,13.78,11.5,86.0,WNW,2.25,3.22,1027.09,0.0,0.0,0.0,0.0,IMELBO1849.csv
2023/01/21,05:29 AM,13.78,11.5,86.0,WNW,4.02,5.31,1027.09,0.0,0.0,0.0,0.0,IMELBO1849.csv
2023/01/21,05:34 AM,13.72,11.44,86.0,WNW,1.61,2.25,1027.09,0.0,0.0,0.0,0.0,IMELBO1849.csv
2023/01/21,05:39 AM,13.72,11.44,86.0,West,2.41,3.54,1026.75,0.0,0.0,0.0,0.0,IMELBO1849.csv
2023/01/21,05:44 AM,13.72,11.61,87.0,WNW,3.7,4.99,1027.09,0.0,0.0,0.0,0.0,IMELBO1849.csv
2023/01/21,05:49 AM,13.72,11.61,87.0,WNW,5.31,7.4,1027.09,0.0,0.0,0.0,0.0,IMELBO1849.csv
2023/01/21,05:54 AM,13.72,11.61,87.0,West,5.63,7.56,1027.09,0.0,0.0,0.0,0.0,IMELBO1849.csv
2023/01/21,05:59 AM,13.78,11.72,87.0,West,3.7,5.63,1026.75,0.0,0.0,0.0,0.0,IMELBO1849.csv
2023/01/21,06:04 AM,13.72,11.67,87.0,WNW,4.18,6.11,1026.75,0.0,0.0,0.0,0.0,IMELBO1849.csv
2023/01/21,06:09 AM,13.72,11.61,87.0,WNW,4.67,7.08,1026.75,0.0,0.0,0.0,0.0,IMELBO1849.csv
2023/01/21,06:14 AM,13.72,11.61,87.0,WNW,3.38,5.15,1027.09,0.0,0.0,0.0,0.4,IMELBO1849.csv
2023/01/21,06:19 AM,13.72,11.61,87.0,WNW,4.51,6.6,1027.09,0.0,0.0,0.0,1.2,IMELBO1849.csv
2023/01/21,06:24 AM,13.72,11.61,87.0,West,3.22,4.51,1027.09,0.0,0.0,0.0,3.4,IMELBO1849.csv
2023/01/21,06:29 AM,13.72,11.61,87.0,WNW,3.22,4.99,1027.09,0.0,0.0,0.0,6.0,IMELBO1849.csv
2023/01/21,06:34 AM,13.72,11.72,88.0,West,2.57,3.7,1027.09,0.0,0.0,0.0,9.9,IMELBO1849.csv
2023/01/21,06:39 AM,13.72,11.72,88.0,WNW,5.47,7.72,1027.43,0.0,0.0,0.0,13.0,IMELBO1849.csv
2023/01/21,06:44 AM,13.72,11.61,87.0,WNW,4.34,6.11,1027.43,0.0,0.0,0.0,16.0,IMELBO1849.csv
2023/01/21,06:49 AM,13.78,11.72,87.0,WNW,3.86,5.63,1027.43,0.0,0.0,0.0,18.1,IMELBO1849.csv
2023/01/21,06:54 AM,13.78,11.72,87.0,WNW,2.57,4.18,1027.43,0.0,0.0,0.0,21.7,IMELBO1849.csv
2023/01/21,06:59 AM,13.78,11.72,87.0,NNE,3.54,4.99,1028.11,0.0,0.0,0.0,24.2,IMELBO1849.csv
2023/01/21,07:04 AM,13.83,11.72,87.0,NNE,2.9,3.86,1028.11,0.0,0.0,0.0,27.3,IMELBO1849.csv
2023/01/21,07:09 AM,13.89,11.78,87.0,NNE,3.22,4.34,1028.11,0.0,0.0,0.0,29.5,IMELBO1849.csv
2023/01/21,07:14 AM,13.89,11.78,87.0,NNE,2.74,3.7,1028.11,0.0,0.0,0.0,32.4,IMELBO1849.csv
2023/01/21,07:19 AM,14.0,11.89,87.0,NNW,1.61,2.57,1028.11,0.0,0.0,0.0,35.5,IMELBO1849.csv
2023/01/21,07:24 AM,14.11,12.0,87.0,NW,2.74,3.86,1028.11,0.0,0.0,0.0,39.0,IMELBO1849.csv
2023/01/21,07:29 AM,14.17,12.06,87.0,NW,1.29,2.41,1028.45,0.0,0.0,0.0,44.2,IMELBO1849.csv
2023/01/21,07:34 AM,14.22,12.11,87.0,NW,2.9,3.86,1028.11,0.0,0.0,0.0,48.9,IMELBO1849.csv
2023/01/21,07:39 AM,14.33,12.22,87.0,NW,2.25,3.38,1028.11,0.0,0.0,0.0,54.6,IMELBO1849.csv
2023/01/21,07:44 AM,14.44,12.28,87.0,NW,2.09,2.9,1028.45,0.0,0.0,0.0,61.2,IMELBO1849.csv
2023/01/21,07:49 AM,14.61,12.28,86.0,NW,2.74,4.18,1028.45,0.0,0.0,0.0,64.6,IMELBO1849.csv
2023/01/21,07:54 AM,14.72,12.39,86.0,NW,3.06,4.18,1028.45,0.0,0.0,0.0,68.5,IMELBO1849.csv
2023/01/21,07:59 AM,14.83,12.56,86.0,WNW,2.74,3.54,1028.45,0.0,0.0,0.0,78.9,IMELBO1849.csv
2023/01/21,08:04 AM,14.94,12.44,85.0,WNW,2.41,3.54,1028.45,0.0,0.0,0.0,82.0,IMELBO1849.csv
2023/01/21,08:09 AM,15.11,12.61,85.0,WNW,2.74,3.7,1028.45,0.0,0.0,0.0,85.9,IMELBO1849.csv
2023/01/21,08:14 AM,15.22,12.67,85.0,NW,3.86,5.15,1028.45,0.0,0.0,0.0,98.8,IMELBO1849.csv
2023/01/21,08:19 AM,15.22,12.61,84.0,WNW,2.57,4.34,1028.45,0.0,0.0,1.0,111.4,IMELBO1849.csv
2023/01/21,08:24 AM,15.33,12.67,84.0,WNW,1.93,2.57,1028.45,0.0,0.0,1.0,120.5,IMELBO1849.csv
2023/01/21,08:29 AM,15.56,12.83,84.0,WNW,2.9,4.02,1028.78,0.0,0.0,1.0,134.4,IMELBO1849.csv
2023/01/21,08:34 AM,15.72,12.83,83.0,WNW,3.06,4.02,1028.78,0.0,0.0,1.0,149.1,IMELBO1849.csv
2023/01/21,08:39 AM,15.83,12.94,83.0,WNW,2.09,3.22,1028.78,0.0,0.0,1.0,175.7,IMELBO1849.csv
2023/01/21,08:44 AM,16.0,13.06,83.0,WNW,2.9,4.02,1028.78,0.0,0.0,2.0,223.8,IMELBO1849.csv
2023/01/21,08:49 AM,16.33,13.17,82.0,WNW,2.41,3.22,1028.78,0.0,0.0,3.0,330.9,IMELBO1849.csv
2023/01/21,08:54 AM,17.0,13.39,80.0,WNW,3.22,4.34,1028.78,0.0,0.0,3.0,330.5,IMELBO1849.csv
2023/01/21,08:59 AM,17.11,13.39,79.0,WNW,2.41,3.38,1028.78,0.0,0.0,2.0,272.3,IMELBO1849.csv
2023/01/21,09:04 AM,17.33,13.56,79.0,WNW,1.93,2.74,1028.78,0.0,0.0,2.0,254.6,IMELBO1849.csv
2023/01/21,09:09 AM,17.44,13.61,78.0,West,2.09,3.22,1028.45,0.0,0.0,2.0,226.8,IMELBO1849.csv
2023/01/21,09:14 AM,17.22,13.5,79.0,WSW,2.41,3.7,1028.78,0.0,0.0,2.0,242.8,IMELBO1849.csv
2023/01/21,09:19 AM,17.33,13.67,79.0,West,1.77,2.57,1028.45,0.0,0.0,3.0,310.6,IMELBO1849.csv
2023/01/21,09:24 AM,17.72,13.72,78.0,WSW,2.09,3.06,1028.45,0.0,0.0,2.0,303.1,IMELBO1849.csv
2023/01/21,09:29 AM,17.83,13.78,77.0,WNW,3.38,4.99,1028.45,0.0,0.0,2.0,213.0,IMELBO1849.csv
2023/01/21,09:34 AM,17.5,13.72,79.0,WSW,2.09,3.06,1028.45,0.0,0.0,2.0,254.2,IMELBO1849.csv
2023/01/21,09:39 AM,17.61,13.83,79.0,SW,3.86,4.83,1028.45,0.0,0.0,3.0,306.7,IMELBO1849.csv
2023/01/21,09:44 AM,17.83,13.89,78.0,West,2.57,3.38,1028.45,0.0,0.0,3.0,347.4,IMELBO1849.csv
2023/01/21,09:49 AM,18.28,14.17,77.0,WSW,3.38,4.34,1028.45,0.0,0.0,3.0,390.4,IMELBO1849.csv
2023/01/21,09:54 AM,18.56,14.17,76.0,West,2.41,3.7,1028.45,0.0,0.0,4.0,497.0,IMELBO1849.csv
2023/01/21,09:59 AM,18.89,14.33,75.0,WSW,3.22,4.34,1028.45,0.0,0.0,5.0,531.8,IMELBO1849.csv
2023/01/21,10:04 AM,19.33,14.39,73.0,West,2.9,4.18,1028.45,0.0,0.0,5.0,565.2,IMELBO1849.csv
2023/01/21,10:09 AM,20.06,14.72,71.0,SW,3.22,4.67,1028.45,0.0,0.0,5.0,564.3,IMELBO1849.csv
2023/01/21,10:14 AM,20.44,14.72,70.0,WSW,2.57,3.54,1028.45,0.0,0.0,5.0,582.1,IMELBO1849.csv
2023/01/21,10:19 AM,20.5,14.61,69.0,West,2.57,3.54,1028.45,0.0,0.0,5.0,592.5,IMELBO1849.csv
2023/01/21,10:24 AM,20.83,14.67,68.0,NW,1.93,2.74,1028.11,0.0,0.0,5.0,585.1,IMELBO1849.csv
2023/01/21,10:29 AM,21.22,14.72,66.0,SSE,1.93,3.22,1028.11,0.0,0.0,5.0,605.1,IMELBO1849.csv
2023/01/21,10:34 AM,21.22,14.61,66.0,WSW,2.9,4.34,1028.11,0.0,0.0,6.0,629.8,IMELBO1849.csv
2023/01/21,10:39 AM,21.17,14.44,66.0,South,1.13,1.77,1028.11,0.0,0.0,6.0,653.3,IMELBO1849.csv
2023/01/21,10:44 AM,22.17,14.89,63.0,West,1.61,2.25,1028.11,0.0,0.0,6.0,616.5,IMELBO1849.csv
2023/01/21,10:49 AM,22.17,14.78,63.0,SE,2.09,3.06,1028.11,0.0,0.0,6.0,620.7,IMELBO1849.csv
2023/01/21,10:54 AM,22.06,14.61,63.0,South,1.93,2.74,1028.11,0.0,0.0,6.0,623.8,IMELBO1849.csv
2023/01/21,10:59 AM,22.83,14.89,61.0,WSW,3.06,3.86,1027.77,0.0,0.0,6.0,646.3,IMELBO1849.csv
2023/01/21,11:04 AM,22.94,14.83,60.0,WSW,2.25,3.7,1027.77,0.0,0.0,6.0,662.0,IMELBO1849.csv
2023/01/21,11:09 AM,23.17,14.89,60.0,WSW,3.22,4.02,1027.77,0.0,0.0,6.0,668.5,IMELBO1849.csv
2023/01/21,11:14 AM,22.56,14.56,61.0,WNW,2.41,3.54,1027.77,0.0,0.0,6.0,657.2,IMELBO1849.csv
2023/01/21,11:19 AM,23.28,14.83,59.0,WSW,2.41,3.38,1027.77,0.0,0.0,6.0,660.6,IMELBO1849.csv
2023/01/21,11:24 AM,23.22,14.83,59.0,WNW,4.83,6.11,1027.77,0.0,0.0,6.0,686.2,IMELBO1849.csv
2023/01/21,11:29 AM,23.28,14.56,58.0,SW,3.54,4.83,1027.77,0.0,0.0,7.0,756.5,IMELBO1849.csv
2023/01/21,11:34 AM,23.39,14.5,57.0,SW,3.22,4.02,1027.77,0.0,0.0,7.0,755.7,IMELBO1849.csv
2023/01/21,11:39 AM,23.78,14.56,56.0,South,1.45,2.25,1027.77,0.0,0.0,7.0,747.0,IMELBO1849.csv
2023/01/21,11:44 AM,24.39,14.72,55.0,WNW,2.41,3.54,1027.77,0.0,0.0,7.0,772.5,IMELBO1849.csv
2023/01/21,11:49 AM,25.06,15.06,54.0,SW,2.57,3.7,1027.77,0.0,0.0,7.0,749.5,IMELBO1849.csv
2023/01/21,11:54 AM,24.5,15.33,57.0,SW,5.47,7.24,1027.43,0.0,0.0,7.0,751.8,IMELBO1849.csv
2023/01/21,11:59 AM,24.17,15.17,57.0,South,4.02,5.15,1027.43,0.0,0.0,7.0,770.8,IMELBO1849.csv
2023/01/21,12:04 PM,24.67,15.39,56.0,SSW,5.79,7.72,1027.09,0.0,0.0,7.0,764.4,IMELBO1849.csv
2023/01/21,12:09 PM,24.61,15.39,56.0,SW,4.83,7.08,1027.09,0.0,0.0,7.0,763.0,IMELBO1849.csv
2023/01/21,12:14 PM,24.22,15.11,57.0,SSW,6.76,9.17,1027.43,0.0,0.0,7.0,786.5,IMELBO1849.csv
2023/01/21,12:19 PM,24.5,15.17,56.0,SW,4.67,6.6,1027.09,0.0,0.0,7.0,780.8,IMELBO1849.csv
2023/01/21,12:24 PM,24.67,15.06,55.0,SSW,5.95,8.85,1027.09,0.0,0.0,7.0,781.2,IMELBO1849.csv
2023/01/21,12:29 PM,24.89,14.94,54.0,SE,2.09,3.06,1027.09,0.0,0.0,7.0,789.9,IMELBO1849.csv
2023/01/21,12:34 PM,25.33,15.28,54.0,SSW,4.67,6.28,1027.09,0.0,0.0,7.0,800.3,IMELBO1849.csv
2023/01/21,12:39 PM,25.0,15.28,55.0,SSW,4.51,6.44,1027.09,0.0,0.0,7.0,802.9,IMELBO1849.csv
2023/01/21,12:44 PM,25.11,15.22,54.0,ESE,2.57,3.54,1027.09,0.0,0.0,7.0,819.0,IMELBO1849.csv
2023/01/21,12:49 PM,25.17,15.33,54.0,SSW,5.95,7.88,1027.09,0.0,0.0,7.0,822.0,IMELBO1849.csv
2023/01/21,12:54 PM,25.44,16.0,56.0,SSW,7.08,9.49,1027.09,0.0,0.0,8.0,825.0,IMELBO1849.csv
2023/01/21,12:59 PM,25.5,16.28,57.0,South,7.4,10.46,1027.09,0.0,0.0,8.0,834.6,IMELBO1849.csv
2023/01/21,01:04 PM,24.72,15.89,58.0,SW,8.37,12.07,1027.09,0.0,0.0,7.0,819.4,IMELBO1849.csv
2023/01/21,01:09 PM,24.78,16.06,58.0,SSW,8.21,11.58,1027.09,0.0,0.0,7.0,785.2,IMELBO1849.csv
2023/01/21,01:14 PM,25.06,16.06,57.0,SSW,7.08,10.78,1027.09,0.0,0.0,7.0,790.3,IMELBO1849.csv
2023/01/21,01:19 PM,25.39,16.17,57.0,SSW,7.56,9.49,1026.75,0.0,0.0,7.0,786.5,IMELBO1849.csv
2023/01/21,01:24 PM,25.28,16.06,57.0,South,6.6,9.81,1026.75,0.0,0.0,7.0,810.4,IMELBO1849.csv
2023/01/21,01:29 PM,25.72,16.28,56.0,SSW,5.47,7.88,1027.09,0.0,0.0,8.0,827.6,IMELBO1849.csv
2023/01/21,01:34 PM,26.0,16.33,55.0,SSE,4.83,7.08,1026.75,0.0,0.0,7.0,805.1,IMELBO1849.csv
2023/01/21,01:39 PM,26.11,16.39,55.0,SSW,4.99,6.76,1026.75,0.0,0.0,7.0,791.3,IMELBO1849.csv
2023/01/21,01:44 PM,25.5,16.17,56.0,SW,7.88,9.81,1026.41,0.0,0.0,7.0,807.7,IMELBO1849.csv
2023/01/21,01:49 PM,25.17,15.89,57.0,South,7.88,10.94,1026.75,0.0,0.0,7.0,779.9,IMELBO1849.csv
2023/01/21,01:54 PM,25.61,16.06,56.0,South,5.63,8.37,1026.41,0.0,0.0,7.0,768.3,IMELBO1849.csv
2023/01/21,01:59 PM,25.5,15.94,56.0,South,6.92,9.65,1026.41,0.0,0.0,7.0,803.4,IMELBO1849.csv
2023/01/21,02:04 PM,25.44,16.06,56.0,SSW,7.88,10.3,1026.41,0.0,0.0,7.0,805.6,IMELBO1849.csv
2023/01/21,02:09 PM,25.11,15.94,57.0,SW,8.69,12.55,1026.41,0.0,0.0,7.0,808.2,IMELBO1849.csv
2023/01/21,02:14 PM,25.28,15.83,56.0,SW,9.17,12.07,1026.41,0.0,0.0,8.0,826.4,IMELBO1849.csv
2023/01/21,02:19 PM,25.44,15.94,56.0,SW,6.76,9.49,1026.41,0.0,0.0,8.0,841.9,IMELBO1849.csv
2023/01/21,02:24 PM,25.78,16.11,55.0,SW,8.04,11.75,1026.41,0.0,0.0,8.0,853.3,IMELBO1849.csv
2023/01/21,02:29 PM,25.61,16.06,56.0,SW,6.92,10.3,1026.41,0.0,0.0,8.0,859.3,IMELBO1849.csv
2023/01/21,02:34 PM,25.28,16.0,56.0,SW,9.49,13.35,1026.41,0.0,0.0,8.0,851.1,IMELBO1849.csv
2023/01/21,02:39 PM,25.11,15.83,56.0,SSW,9.49,13.03,1026.41,0.0,0.0,7.0,810.4,IMELBO1849.csv
2023/01/21,02:44 PM,25.06,15.78,56.0,SSW,8.69,11.75,1026.41,0.0,0.0,7.0,738.8,IMELBO1849.csv
2023/01/21,02:49 PM,24.44,15.72,58.0,SSW,10.62,14.0,1026.41,0.0,0.0,4.0,495.0,IMELBO1849.csv
2023/01/21,02:54 PM,23.61,15.33,60.0,SW,10.94,14.8,1026.41,0.0,0.0,5.0,512.7,IMELBO1849.csv
2023/01/21,02:59 PM,23.78,15.39,59.0,SSW,7.72,10.94,1026.41,0.0,0.0,6.0,680.5,IMELBO1849.csv
2023/01/21,03:04 PM,24.44,15.78,59.0,SSW,9.81,14.48,1026.08,0.0,0.0,7.0,727.9,IMELBO1849.csv
2023/01/21,03:09 PM,24.11,15.72,60.0,SW,8.53,12.07,1026.41,0.0,0.0,5.0,580.4,IMELBO1849.csv
2023/01/21,03:14 PM,23.33,15.5,62.0,SW,9.33,12.55,1026.41,0.0,0.0,3.0,312.7,IMELBO1849.csv
2023/01/21,03:19 PM,23.0,15.44,63.0,SW,10.3,14.64,1026.41,0.0,0.0,2.0,270.2,IMELBO1849.csv
2023/01/21,03:24 PM,22.72,15.28,63.0,South,10.14,14.32,1026.41,0.0,0.0,2.0,272.3,IMELBO1849.csv
2023/01/21,03:29 PM,22.39,15.28,64.0,SSW,10.3,13.68,1026.41,0.0,0.0,2.0,267.5,IMELBO1849.csv
2023/01/21,03:34 PM,22.0,15.11,65.0,SSW,9.33,13.19,1026.41,0.0,0.0,2.0,278.1,IMELBO1849.csv
2023/01/21,03:39 PM,22.17,15.22,65.0,South,8.04,10.78,1026.41,0.0,0.0,3.0,308.8,IMELBO1849.csv
2023/01/21,03:44 PM,22.22,15.39,65.0,SW,8.53,11.42,1026.08,0.0,0.0,3.0,364.8,IMELBO1849.csv
2023/01/21,03:49 PM,22.06,15.33,66.0,SSW,9.65,12.39,1026.08,0.0,0.0,3.0,369.6,IMELBO1849.csv
2023/01/21,03:54 PM,22.17,15.22,65.0,South,6.44,9.17,1026.41,0.0,0.0,6.0,675.4,IMELBO1849.csv
2023/01/21,03:59 PM,23.28,15.5,62.0,SSW,6.6,9.33,1026.41,0.0,0.0,7.0,734.9,IMELBO1849.csv
2023/01/21,04:04 PM,23.56,15.44,60.0,SSW,11.58,15.45,1026.08,0.0,0.0,7.0,809.9,IMELBO1849.csv
2023/01/21,04:09 PM,23.61,15.22,59.0,SSW,10.3,14.32,1026.08,0.0,0.0,7.0,756.0,IMELBO1849.csv
2023/01/21,04:14 PM,24.06,15.28,58.0,SSW,10.3,14.16,1025.74,0.0,0.0,7.0,783.4,IMELBO1849.csv
2023/01/21,04:19 PM,24.06,15.22,58.0,SSW,10.3,14.48,1025.74,0.0,0.0,6.0,708.3,IMELBO1849.csv
2023/01/21,04:24 PM,23.72,15.0,58.0,SW,12.39,17.7,1025.74,0.0,0.0,7.0,732.7,IMELBO1849.csv
2023/01/21,04:29 PM,23.78,14.89,58.0,SSW,9.65,13.19,1025.74,0.0,0.0,7.0,731.8,IMELBO1849.csv
2023/01/21,04:34 PM,24.0,15.11,57.0,SSW,10.3,14.32,1025.74,0.0,0.0,7.0,731.8,IMELBO1849.csv
2023/01/21,04:39 PM,24.06,15.17,58.0,SSW,9.65,13.35,1025.74,0.0,0.0,7.0,721.4,IMELBO1849.csv
2023/01/21,04:44 PM,23.78,15.11,58.0,SSW,9.65,13.35,1025.74,0.0,0.0,6.0,700.5,IMELBO1849.csv
2023/01/21,04:49 PM,23.89,15.0,57.0,SW,10.78,14.32,1025.74,0.0,0.0,6.0,691.9,IMELBO1849.csv
2023/01/21,04:54 PM,23.61,15.11,59.0,SSW,12.23,16.25,1025.74,0.0,0.0,6.0,654.6,IMELBO1849.csv
2023/01/21,04:59 PM,23.44,15.0,59.0,SSW,9.33,12.87,1025.74,0.0,0.0,6.0,658.4,IMELBO1849.csv
2023/01/21,05:04 PM,23.33,14.89,59.0,SSW,8.85,12.87,1025.74,0.0,0.0,6.0,659.8,IMELBO1849.csv
2023/01/21,05:09 PM,23.17,15.06,60.0,SW,12.07,15.93,1025.74,0.0,0.0,5.0,568.3,IMELBO1849.csv
2023/01/21,05:14 PM,22.5,14.89,62.0,SW,11.75,15.77,1025.4,0.0,0.0,2.0,305.8,IMELBO1849.csv
2023/01/21,05:19 PM,22.33,14.89,63.0,SW,11.91,15.61,1025.74,0.0,0.0,3.0,377.8,IMELBO1849.csv
2023/01/21,05:24 PM,22.5,14.89,62.0,SW,9.33,12.87,1025.74,0.0,0.0,3.0,314.9,IMELBO1849.csv
2023/01/21,05:29 PM,22.33,15.0,63.0,SW,8.69,11.26,1025.74,0.0,0.0,2.0,211.6,IMELBO1849.csv
2023/01/21,05:34 PM,22.17,15.11,64.0,SSW,9.65,13.52,1025.4,0.0,0.0,2.0,249.4,IMELBO1849.csv
2023/01/21,05:39 PM,22.11,15.06,64.0,SSW,12.07,16.57,1025.74,0.0,0.0,2.0,245.5,IMELBO1849.csv
2023/01/21,05:44 PM,21.67,14.83,65.0,SSW,10.94,15.29,1025.4,0.0,0.0,2.0,210.3,IMELBO1849.csv
2023/01/21,05:49 PM,21.72,14.89,65.0,SW,8.85,12.23,1025.4,0.0,0.0,1.0,201.2,IMELBO1849.csv
2023/01/21,05:54 PM,21.44,14.72,66.0,SW,11.26,15.61,1025.4,0.0,0.0,1.0,180.4,IMELBO1849.csv
2023/01/21,05:59 PM,21.06,14.44,66.0,SW,11.91,15.29,1025.4,0.0,0.0,1.0,157.4,IMELBO1849.csv
2023/01/21,06:04 PM,21.0,14.5,67.0,SW,9.81,13.19,1025.4,0.0,0.0,1.0,191.2,IMELBO1849.csv
2023/01/21,06:09 PM,21.28,14.44,65.0,SSW,7.72,11.42,1025.4,0.0,0.0,3.0,370.8,IMELBO1849.csv
2023/01/21,06:14 PM,21.78,14.72,64.0,SSW,11.1,16.57,1025.4,0.0,0.0,3.0,399.1,IMELBO1849.csv
2023/01/21,06:19 PM,21.67,14.78,65.0,SW,11.91,16.09,1025.4,0.0,0.0,3.0,395.6,IMELBO1849.csv
2023/01/21,06:24 PM,21.72,15.06,66.0,SSW,9.98,13.84,1025.4,0.0,0.0,3.0,393.4,IMELBO1849.csv
2023/01/21,06:29 PM,21.72,14.89,65.0,SSW,12.39,16.57,1025.4,0.0,0.0,3.0,349.6,IMELBO1849.csv
2023/01/21,06:34 PM,21.78,14.72,64.0,SW,13.68,17.86,1025.4,0.0,0.0,3.0,337.9,IMELBO1849.csv
2023/01/21,06:39 PM,21.56,14.5,64.0,SSW,13.35,18.34,1025.4,0.0,0.0,3.0,329.2,IMELBO1849.csv
2023/01/21,06:44 PM,21.39,14.33,64.0,SW,10.94,14.16,1025.74,0.0,0.0,3.0,322.2,IMELBO1849.csv
2023/01/21,06:49 PM,21.5,14.33,64.0,SW,13.03,17.06,1025.74,0.0,0.0,2.0,304.0,IMELBO1849.csv
2023/01/21,06:54 PM,21.56,14.39,64.0,SW,11.1,14.32,1025.74,0.0,0.0,2.0,292.8,IMELBO1849.csv
2023/01/21,06:59 PM,21.56,14.56,64.0,SSW,8.21,11.26,1026.08,0.0,0.0,2.0,271.1,IMELBO1849.csv
2023/01/21,07:04 PM,21.61,14.72,65.0,SSW,12.55,16.41,1026.08,0.0,0.0,2.0,247.2,IMELBO1849.csv
2023/01/21,07:09 PM,21.22,14.5,65.0,SSW,11.1,14.8,1026.08,0.0,0.0,2.0,237.2,IMELBO1849.csv
2023/01/21,07:14 PM,21.11,14.72,67.0,SW,10.3,14.32,1026.41,0.0,0.0,2.0,216.9,IMELBO1849.csv
2023/01/21,07:19 PM,20.83,14.5,67.0,SW,11.58,16.09,1026.41,0.0,0.0,1.0,152.7,IMELBO1849.csv
2023/01/21,07:24 PM,20.72,14.44,67.0,SW,8.04,11.26,1026.41,0.0,0.0,1.0,117.1,IMELBO1849.csv
2023/01/21,07:29 PM,20.89,14.61,67.0,SSW,9.33,13.19,1026.41,0.0,0.0,1.0,110.6,IMELBO1849.csv
2023/01/21,07:34 PM,20.61,14.61,68.0,SSW,11.1,14.48,1026.75,0.0,0.0,1.0,102.8,IMELBO1849.csv
2023/01/21,07:39 PM,20.33,14.5,69.0,SW,10.94,14.16,1026.75,0.0,0.0,0.0,94.1,IMELBO1849.csv
2023/01/21,07:44 PM,20.28,14.39,69.0,SW,8.21,11.42,1026.75,0.0,0.0,0.0,85.0,IMELBO1849.csv
2023/01/21,07:49 PM,20.22,14.5,70.0,SW,9.33,13.03,1027.09,0.0,0.0,0.0,72.8,IMELBO1849.csv
2023/01/21,07:54 PM,19.94,14.5,71.0,SW,9.81,13.68,1027.09,0.0,0.0,0.0,62.0,IMELBO1849.csv
2023/01/21,07:59 PM,19.72,14.33,71.0,SW,11.42,15.12,1027.43,0.0,0.0,0.0,52.5,IMELBO1849.csv
2023/01/21,08:04 PM,19.56,14.28,72.0,SSW,9.01,12.39,1027.09,0.0,0.0,0.0,46.4,IMELBO1849.csv
2023/01/21,08:09 PM,19.67,14.44,72.0,SW,7.4,9.81,1027.43,0.0,0.0,0.0,44.2,IMELBO1849.csv
2023/01/21,08:14 PM,19.61,14.39,72.0,SSW,5.95,7.88,1027.43,0.0,0.0,0.0,38.2,IMELBO1849.csv
2023/01/21,08:19 PM,19.5,14.33,72.0,SW,8.53,11.26,1027.43,0.0,0.0,0.0,31.6,IMELBO1849.csv
2023/01/21,08:24 PM,19.33,14.39,73.0,SW,9.17,12.07,1027.43,0.0,0.0,0.0,24.7,IMELBO1849.csv
2023/01/21,08:29 PM,19.17,14.22,73.0,SW,8.53,11.58,1027.77,0.0,0.0,0.0,19.1,IMELBO1849.csv
2023/01/21,08:34 PM,19.11,14.33,74.0,SW,8.37,10.78,1027.43,0.0,0.0,0.0,12.1,IMELBO1849.csv
2023/01/21,08:39 PM,19.0,14.28,74.0,SW,10.3,13.68,1027.43,0.0,0.0,0.0,6.9,IMELBO1849.csv
2023/01/21,08:44 PM,18.89,14.22,74.0,SSW,8.04,10.62,1027.43,0.0,0.0,0.0,3.4,IMELBO1849.csv
2023/01/21,08:49 PM,18.78,14.17,74.0,SW,6.44,8.69,1027.43,0.0,0.0,0.0,1.2,IMELBO1849.csv
2023/01/21,08:54 PM,18.78,14.06,74.0,SW,7.72,10.62,1027.43,0.0,0.0,0.0,0.4,IMELBO1849.csv
2023/01/21,08:59 PM,18.72,14.0,74.0,SW,6.76,8.69,1027.77,0.0,0.0,0.0,0.0,IMELBO1849.csv
2023/01/21,09:04 PM,18.72,14.11,75.0,SW,6.11,8.21,1027.77,0.0,0.0,0.0,0.0,IMELBO1849.csv
2023/01/21,09:09 PM,18.67,14.39,76.0,SW,6.76,8.85,1027.77,0.0,0.0,0.0,0.0,IMELBO1849.csv
2023/01/21,09:14 PM,18.5,14.67,78.0,SW,6.28,8.53,1027.77,0.0,0.0,0.0,0.0,IMELBO1849.csv
2023/01/21,09:19 PM,18.33,14.72,80.0,SW,7.24,9.81,1027.77,0.0,0.0,0.0,0.0,IMELBO1849.csv
2023/01/21,09:24 PM,18.28,14.78,80.0,SW,8.21,10.46,1027.77,0.0,0.0,0.0,0.0,IMELBO1849.csv
2023/01/21,09:29 PM,18.22,14.83,81.0,SW,6.44,8.85,1028.11,0.0,0.0,0.0,0.0,IMELBO1849.csv
2023/01/21,09:34 PM,18.11,14.83,81.0,SW,5.79,7.56,1028.11,0.0,0.0,0.0,0.0,IMELBO1849.csv
2023/01/21,09:39 PM,18.06,14.94,82.0,SW,6.6,8.69,1027.77,0.0,0.0,0.0,0.0,IMELBO1849.csv
2023/01/21,09:44 PM,18.0,14.89,82.0,SW,6.28,8.37,1027.77,0.0,0.0,0.0,0.0,IMELBO1849.csv
2023/01/21,09:49 PM,17.89,14.78,82.0,SW,7.88,11.1,1027.77,0.0,0.0,0.0,0.0,IMELBO1849.csv
2023/01/21,09:54 PM,17.78,14.89,83.0,WSW,5.95,8.04,1028.11,0.0,0.0,0.0,0.0,IMELBO1849.csv
2023/01/21,09:59 PM,17.78,14.89,83.0,SW,4.99,6.6,1028.11,0.0,0.0,0.0,0.0,IMELBO1849.csv
2023/01/21,10:04 PM,17.72,14.78,83.0,SW,5.47,7.4,1028.11,0.0,0.0,0.0,0.0,IMELBO1849.csv
2023/01/21,10:09 PM,17.72,14.94,84.0,SW,5.63,7.72,1028.11,0.0,0.0,0.0,0.0,IMELBO1849.csv
2023/01/21,10:14 PM,17.67,14.89,84.0,SW,5.15,7.24,1028.45,0.0,0.0,0.0,0.0,IMELBO1849.csv
2023/01/21,10:19 PM,17.61,14.89,84.0,SW,3.86,5.47,1028.45,0.0,0.0,0.0,0.0,IMELBO1849.csv
2023/01/21,10:24 PM,17.56,14.83,84.0,SW,4.18,5.47,1028.45,0.0,0.0,0.0,0.0,IMELBO1849.csv
2023/01/21,10:29 PM,17.5,14.78,84.0,WSW,1.77,3.06,1028.45,0.0,0.0,0.0,0.0,IMELBO1849.csv
2023/01/21,10:34 PM,17.39,14.78,84.0,SW,1.77,2.9,1028.78,0.0,0.0,0.0,0.0,IMELBO1849.csv
2023/01/21,10:39 PM,17.39,14.89,85.0,WSW,2.25,3.38,1028.78,0.0,0.0,0.0,0.0,IMELBO1849.csv
2023/01/21,10:44 PM,17.39,14.89,85.0,SW,3.22,4.18,1028.45,0.0,0.0,0.0,0.0,IMELBO1849.csv
2023/01/21,10:49 PM,17.33,14.83,85.0,SW,3.54,4.83,1028.45,0.0,0.0,0.0,0.0,IMELBO1849.csv
2023/01/21,10:54 PM,17.28,14.78,85.0,WSW,3.22,4.34,1028.45,0.0,0.0,0.0,0.0,IMELBO1849.csv
2023/01/21,10:59 PM,17.28,14.78,85.0,WSW,2.57,3.86,1028.11,0.0,0.0,0.0,0.0,IMELBO1849.csv
2023/01/21,11:04 PM,17.22,14.72,85.0,WSW,2.25,3.54,1028.11,0.0,0.0,0.0,0.0,IMELBO1849.csv
2023/01/21,11:09 PM,17.11,14.67,86.0,SW,2.74,4.34,1028.45,0.0,0.0,0.0,0.0,IMELBO1849.csv
2023/01/21,11:14 PM,17.0,14.72,86.0,WSW,2.41,3.7,1028.45,0.0,0.0,0.0,0.0,IMELBO1849.csv
2023/01/21,11:19 PM,17.0,14.72,86.0,WSW,1.29,1.93,1028.11,0.0,0.0,0.0,0.0,IMELBO1849.csv
2023/01/21,11:24 PM,16.89,14.61,86.0,SW,2.09,3.38,1028.11,0.0,0.0,0.0,0.0,IMELBO1849.csv
2023/01/21,11:29 PM,16.89,14.61,86.0,WSW,1.93,3.06,1028.11,0.0,0.0,0.0,0.0,IMELBO1849.csv
2023/01/21,11:34 PM,16.89,14.61,86.0,WSW,1.93,3.22,1028.45,0.0,0.0,0.0,0.0,IMELBO1849.csv
2023/01/21,11:39 PM,16.89,14.61,86.0,SW,2.57,3.7,1028.11,0.0,0.0,0.0,0.0,IMELBO1849.csv
2023/01/21,11:44 PM,16.83,14.56,86.0,WSW,1.77,2.74,1028.11,0.0,0.0,0.0,0.0,IMELBO1849.csv
2023/01/21,11:49 PM,16.89,14.61,86.0,WSW,3.06,4.18,1028.45,0.0,0.0,0.0,0.0,IMELBO1849.csv
2023/01/21,11:54 PM,16.89,14.61,86.0,SW,2.74,3.7,1028.11,0.0,0.0,0.0,0.0,IMELBO1849.csv
2023/01/21,11:59 PM,16.89,14.72,87.0,WSW,2.25,3.54,1028.11,0.0,0.0,0.0,0.0,IMELBO1849.csv
2023/01/22,12:14 AM,17.0,14.89,87.0,WNW,1.13,2.74,1027.77,0.0,0.0,0.0,0.0,IMELBO1849.csv
2023/01/22,12:19 AM,17.11,14.89,87.0,WSW,2.09,3.54,1028.11,0.0,0.0,0.0,0.0,IMELBO1849.csv
2023/01/22,12:32 AM,17.17,14.94,87.0,West,0.97,0.97,1028.45,0.0,0.0,0.0,0.0,IMELBO1849.csv
2023/01/22,12:35 AM,17.22,15.0,87.0,SW,2.09,3.54,1028.11,0.0,0.0,0.0,0.0,IMELBO1849.csv
2023/01/22,12:58 AM,17.11,15.11,88.0,WSW,1.29,2.74,1028.11,0.0,0.0,0.0,0.0,IMELBO1849.csv
2023/01/22,01:04 AM,17.22,15.22,88.0,SW,3.86,5.47,1027.77,0.0,0.0,0.0,0.0,IMELBO1849.csv
2023/01/22,01:07 AM,17.28,15.28,88.0,SW,5.47,7.24,1027.77,0.0,0.0,0.0,0.0,IMELBO1849.csv
2023/01/22,01:17 AM,17.5,15.5,88.0,SSW,4.67,5.47,1027.43,0.0,0.0,0.0,0.0,IMELBO1849.csv
2023/01/22,01:24 AM,17.39,15.5,89.0,SW,4.83,6.44,1027.77,0.0,0.0,0.0,0.0,IMELBO1849.csv
2023/01/22,01:27 AM,17.39,15.5,89.0,SW,1.77,3.54,1027.77,0.0,0.0,0.0,0.0,IMELBO1849.csv
2023/01/22,01:33 AM,17.39,15.5,89.0,WSW,4.18,4.51,1027.43,0.0,0.0,0.0,0.0,IMELBO1849.csv
2023/01/22,01:38 AM,17.28,15.39,89.0,WSW,4.02,5.47,1027.77,0.0,0.0,0.0,0.0,IMELBO1849.csv
2023/01/22,01:43 AM,17.28,15.39,89.0,SW,2.25,2.9,1027.77,0.0,0.0,0.0,0.0,IMELBO1849.csv
2023/01/22,01:54 AM,17.28,15.39,89.0,WSW,1.61,3.54,1027.77,0.0,0.0,0.0,0.0,IMELBO1849.csv
2023/01/22,01:55 AM,17.28,15.39,89.0,WSW,1.13,1.77,1027.77,0.0,0.0,0.0,0.0,IMELBO1849.csv
2023/01/22,02:06 AM,17.28,15.39,89.0,SW,1.13,1.77,1027.43,0.0,0.0,0.0,0.0,IMELBO1849.csv
2023/01/22,02:12 AM,17.22,15.28,89.0,SW,2.74,3.54,1027.77,0.0,0.0,0.0,0.0,IMELBO1849.csv
2023/01/22,02:21 AM,17.22,15.28,89.0,WSW,1.77,1.77,1027.43,0.0,0.0,0.0,0.0,IMELBO1849.csv
2023/01/22,02:29 AM,17.22,15.28,89.0,WSW,2.9,3.54,1027.43,0.0,0.0,0.0,0.0,IMELBO1849.csv
2023/01/22,02:31 AM,17.22,15.28,89.0,SW,1.45,2.74,1027.43,0.0,0.0,0.0,0.0,IMELBO1849.csv
2023/01/22,02:38 AM,17.28,15.39,89.0,SW,1.13,1.77,1027.43,0.0,0.0,0.0,0.0,IMELBO1849.csv
2023/01/22,02:49 AM,17.28,15.39,89.0,WSW,2.25,3.54,1027.43,0.0,0.0,0.0,0.0,IMELBO1849.csv
2023/01/22,02:58 AM,17.28,15.39,89.0,SW,4.02,5.47,1027.43,0.0,0.0,0.0,0.0,IMELBO1849.csv
2023/01/22,03:01 AM,17.28,15.39,89.0,SW,2.57,3.54,1027.09,0.0,0.0,0.0,0.0,IMELBO1849.csv
2023/01/22,03:19 AM,17.56,15.67,89.0,SW,6.11,7.88,1027.09,0.0,0.0,0.0,0.0,IMELBO1849.csv
2023/01/22,03:24 AM,17.61,15.72,89.0,SW,3.7,4.99,1027.09,0.0,0.0,0.0,0.0,IMELBO1849.csv
2023/01/22,03:33 AM,17.61,15.5,88.0,WSW,3.54,5.47,1027.09,0.0,0.0,0.0,0.0,IMELBO1849.csv
2023/01/22,03:38 AM,17.61,15.5,88.0,SW,5.63,9.17,1027.09,0.0,0.0,0.0,0.0,IMELBO1849.csv
2023/01/22,03:41 AM,17.61,15.39,87.0,WSW,6.44,7.24,1027.09,0.0,0.0,0.0,0.0,IMELBO1849.csv
2023/01/22,03:47 AM,17.72,15.5,87.0,SSW,3.06,5.47,1027.09,0.0,0.0,0.0,0.0,IMELBO1849.csv
2023/01/22,04:07 AM,17.78,15.22,85.0,South,6.44,9.33,1027.09,0.0,0.0,0.0,0.0,IMELBO1849.csv
2023/01/22,04:13 AM,17.78,15.22,85.0,SSW,4.34,5.47,1027.09,0.0,0.0,0.0,0.0,IMELBO1849.csv
2023/01/22,04:18 AM,17.78,15.22,85.0,South,5.31,7.24,1026.75,0.0,0.0,0.0,0.0,IMELBO1849.csv
2023/01/22,04:20 AM,17.78,15.22,85.0,SSE,1.13,1.77,1027.09,0.0,0.0,0.0,0.0,IMELBO1849.csv
2023/01/22,04:31 AM,17.78,15.22,85.0,South,7.24,11.1,1027.09,0.0,0.0,0.0,0.0,IMELBO1849.csv
2023/01/22,04:37 AM,17.78,15.22,85.0,SW,8.37,10.14,1027.09,0.0,0.0,0.0,0.0,IMELBO1849.csv
2023/01/22,04:42 AM,17.78,15.22,85.0,SSW,6.44,7.24,1027.09,0.0,0.0,0.0,0.0,IMELBO1849.csv
2023/01/22,04:54 AM,17.78,15.22,85.0,SW,5.47,7.4,1027.09,0.0,0.0,0.0,0.0,IMELBO1849.csv
2023/01/22,04:57 AM,17.78,15.22,85.0,SW,7.24,9.33,1027.09,0.0,0.0,0.0,0.0,IMELBO1849.csv
2023/01/22,05:03 AM,17.78,15.22,85.0,SW,9.98,14.0,1027.09,0.0,0.0,0.0,0.0,IMELBO1849.csv
2023/01/22,05:12 AM,17.78,15.22,85.0,South,6.44,7.24,1027.09,0.0,0.0,0.0,0.0,IMELBO1849.csv
2023/01/22,05:16 AM,17.78,15.22,85.0,SW,7.24,9.33,1027.43,0.0,0.0,0.0,0.0,IMELBO1849.csv
2023/01/22,05:23 AM,17.78,15.22,85.0,SSW,4.99,7.4,1027.43,0.0,0.0,0.0,0.0,IMELBO1849.csv
2023/01/22,05:28 AM,17.78,15.22,85.0,SW,3.54,5.47,1027.43,0.0,0.0,0.0,0.0,IMELBO1849.csv
2023/01/22,05:33 AM,17.78,15.22,85.0,SW,5.79,7.24,1027.43,0.0,0.0,0.0,0.0,IMELBO1849.csv
2023/01/22,05:39 AM,17.89,15.28,85.0,SSW,3.7,5.63,1027.43,0.0,0.0,0.0,0.0,IMELBO1849.csv
2023/01/22,05:42 AM,17.78,15.22,85.0,SW,4.67,5.47,1027.43,0.0,0.0,0.0,0.0,IMELBO1849.csv
2023/01/22,05:49 AM,17.78,15.22,85.0,South,7.4,10.14,1027.77,0.0,0.0,0.0,0.0,IMELBO1849.csv
2023/01/22,05:54 AM,17.78,15.33,86.0,SSW,4.83,6.44,1027.77,0.0,0.0,0.0,0.0,IMELBO1849.csv
2023/01/22,05:58 AM,17.78,15.44,87.0,SSW,4.18,6.44,1028.11,0.0,0.0,0.0,0.0,IMELBO1849.csv
2023/01/22,06:06 AM,17.72,15.5,87.0,WSW,0.32,1.77,1027.77,0.0,0.0,0.0,0.0,IMELBO1849.csv
2023/01/22,06:16 AM,17.61,15.5,88.0,SSW,5.47,5.47,1028.11,0.0,0.0,0.0,0.0,IMELBO1849.csv
2023/01/22,06:27 AM,17.61,15.5,88.0,SSW,2.41,2.74,1028.11,0.0,0.0,0.0,0.0,IMELBO1849.csv
2023/01/22,06:38 AM,17.61,15.72,89.0,ESE,2.9,3.54,1028.11,0.0,0.0,0.0,0.9,IMELBO1849.csv
2023/01/22,06:44 AM,17.5,15.61,89.0,SSE,0.8,1.29,1028.11,0.0,0.0,0.0,2.1,IMELBO1849.csv
2023/01/22,06:51 AM,17.28,15.61,90.0,ESE,2.9,3.54,1028.45,0.0,0.0,0.0,4.3,IMELBO1849.csv
2023/01/22,06:59 AM,17.28,15.61,90.0,South,2.09,3.54,1028.45,0.0,0.0,0.0,4.3,IMELBO1849.csv
2023/01/22,07:08 AM,17.28,15.61,90.0,ESE,0.64,1.77,1028.45,0.0,0.0,0.0,5.6,IMELBO1849.csv
2023/01/22,07:14 AM,17.28,15.56,90.0,SE,1.77,2.74,1028.78,0.0,0.0,0.0,11.6,IMELBO1849.csv
2023/01/22,07:16 AM,17.28,15.56,90.0,East,1.29,1.77,1028.78,0.0,0.0,0.0,17.7,IMELBO1849.csv
2023/01/22,07:22 AM,17.22,15.5,90.0,SSE,0.32,1.77,1028.78,0.0,0.0,0.0,18.6,IMELBO1849.csv
2023/01/22,07:33 AM,17.28,15.61,90.0,ESE,0.8,1.77,1028.78,0.0,0.0,0.0,26.8,IMELBO1849.csv
2023/01/22,07:37 AM,17.28,15.39,89.0,SE,1.13,1.77,1029.12,0.0,0.0,0.0,26.4,IMELBO1849.csv
2023/01/22,07:49 AM,17.39,15.39,88.0,South,3.06,4.51,1029.12,0.0,0.0,0.0,29.0,IMELBO1849.csv
2023/01/22,07:51 AM,17.39,15.39,88.0,SE,2.57,3.54,1029.12,0.0,0.0,0.0,21.2,IMELBO1849.csv
2023/01/22,07:58 AM,17.5,15.5,88.0,SE,0.64,1.77,1029.12,0.0,0.0,0.0,26.8,IMELBO1849.csv
2023/01/22,08:04 AM,17.5,15.56,89.0,South,2.09,3.54,1029.46,0.0,0.0,0.0,33.4,IMELBO1849.csv
2023/01/22,08:08 AM,17.5,15.61,89.0,South,1.29,1.77,1029.12,0.0,0.0,0.0,39.9,IMELBO1849.csv
2023/01/22,08:13 AM,17.5,15.61,89.0,South,0.48,1.77,1029.46,0.0,0.0,0.0,69.7,IMELBO1849.csv
2023/01/22,08:19 AM,17.78,15.89,89.0,South,0.0,0.0,1029.12,0.0,0.0,0.0,89.8,IMELBO1849.csv
2023/01/22,08:22 AM,17.78,15.89,89.0,ESE,2.57,3.54,1029.46,0.0,0.0,0.0,70.2,IMELBO1849.csv
2023/01/22,08:26 AM,17.78,15.72,88.0,South,2.09,2.74,1029.46,0.0,0.0,0.0,69.4,IMELBO1849.csv
2023/01/22,08:32 AM,17.89,15.72,87.0,SE,2.41,2.74,1029.46,0.0,0.0,0.0,84.0,IMELBO1849.csv
2023/01/22,08:37 AM,18.11,15.72,86.0,SE,1.77,3.54,1029.12,0.0,0.0,0.0,70.2,IMELBO1849.csv
2023/01/22,08:43 AM,18.22,15.61,85.0,South,3.54,5.47,1029.46,0.0,0.0,1.0,112.7,IMELBO1849.csv
2023/01/22,08:49 AM,18.5,15.78,84.0,SW,3.86,4.83,1029.46,0.0,0.0,0.0,93.2,IMELBO1849.csv
2023/01/22,08:51 AM,18.5,16.11,86.0,SW,2.09,3.54,1029.46,0.0,0.0,0.0,45.9,IMELBO1849.csv
2023/01/22,08:55 AM,18.39,16.22,87.0,SW,1.77,1.77,1029.46,0.0,0.0,0.0,52.5,IMELBO1849.csv
2023/01/22,09:02 AM,18.28,16.11,87.0,South,3.22,5.47,1029.46,0.0,0.0,0.0,59.8,IMELBO1849.csv
2023/01/22,09:08 AM,18.39,16.11,87.0,SSW,4.83,5.47,1029.46,0.0,0.0,0.0,72.4,IMELBO1849.csv
2023/01/22,09:14 AM,18.33,16.06,87.0,South,1.77,3.7,1029.46,0.0,0.0,1.0,148.3,IMELBO1849.csv
2023/01/22,09:19 AM,18.78,16.0,84.0,SSW,2.74,3.54,1029.46,0.0,0.0,4.0,418.5,IMELBO1849.csv
2023/01/22,09:21 AM,19.0,16.11,83.0,SSW,4.02,5.47,1029.12,0.0,0.0,2.0,258.5,IMELBO1849.csv
2023/01/22,09:27 AM,19.28,15.56,79.0,South,4.67,6.44,1029.46,0.0,0.0,2.0,278.1,IMELBO1849.csv
2023/01/22,09:33 AM,20.56,16.06,76.0,South,2.41,4.51,1029.46,0.0,0.0,5.0,559.6,IMELBO1849.csv
2023/01/22,09:42 AM,21.89,16.22,70.0,SW,2.9,7.24,1029.12,0.0,0.0,5.0,583.9,IMELBO1849.csv
2023/01/22,09:49 AM,21.5,15.89,71.0,SSE,3.22,3.54,1029.46,0.0,0.0,3.0,379.1,IMELBO1849.csv
2023/01/22,09:53 AM,21.22,15.72,71.0,South,6.44,9.17,1029.46,0.0,0.0,5.0,605.6,IMELBO1849.csv
2023/01/22,09:58 AM,20.94,15.61,71.0,ESE,4.34,6.11,1029.46,0.0,0.0,6.0,616.8,IMELBO1849.csv
2023/01/22,10:00 AM,21.0,15.78,72.0,SSW,2.09,3.54,1029.46,0.0,0.0,3.0,329.2,IMELBO1849.csv
2023/01/22,10:08 AM,21.11,15.72,71.0,SW,2.09,3.54,1029.12,0.0,0.0,2.0,228.1,IMELBO1849.csv
2023/01/22,10:14 AM,20.72,15.5,72.0,South,5.79,9.33,1029.46,0.0,0.0,2.0,265.0,IMELBO1849.csv
2023/01/22,10:20 AM,20.28,15.28,73.0,SW,9.65,13.03,1029.46,0.0,0.0,2.0,218.1,IMELBO1849.csv
2023/01/22,10:27 AM,20.78,15.61,72.0,SW,6.44,7.24,1029.46,0.0,0.0,4.0,501.5,IMELBO1849.csv
2023/01/22,10:33 AM,20.28,15.11,72.0,SW,3.86,4.51,1029.8,0.0,0.0,1.0,192.6,IMELBO1849.csv
2023/01/22,10:39 AM,21.06,15.33,70.0,SSW,5.47,7.24,1029.12,0.0,0.0,6.0,634.5,IMELBO1849.csv
2023/01/22,10:44 AM,21.61,15.22,67.0,WSW,4.67,5.47,1029.12,0.0,0.0,6.0,619.4,IMELBO1849.csv
2023/01/22,10:49 AM,22.39,15.72,66.0,SW,3.54,5.47,1029.12,0.0,0.0,6.0,618.5,IMELBO1849.csv
2023/01/22,10:54 AM,22.22,15.61,66.0,SSW,2.09,3.54,1029.12,0.0,0.0,6.0,707.5,IMELBO1849.csv
2023/01/22,10:59 AM,22.67,15.56,64.0,SSW,4.02,6.44,1029.12,0.0,0.0,7.0,728.3,IMELBO1849.csv
2023/01/22,11:02 AM,22.89,16.0,65.0,ESE,6.92,7.24,1029.12,0.0,0.0,7.0,761.7,IMELBO1849.csv
2023/01/22,11:07 AM,22.94,15.83,64.0,SSW,8.53,12.07,1029.12,0.0,0.0,8.0,828.6,IMELBO1849.csv
2023/01/22,11:15 AM,21.78,15.39,67.0,SW,4.34,5.47,1029.12,0.0,0.0,6.0,628.1,IMELBO1849.csv
2023/01/22,11:24 AM,23.22,15.5,62.0,SW,2.09,3.54,1028.78,0.0,0.0,7.0,743.1,IMELBO1849.csv
2023/01/22,11:29 AM,23.72,15.78,61.0,SE,4.67,7.24,1028.78,0.0,0.0,7.0,783.4,IMELBO1849.csv
2023/01/22,11:32 AM,23.78,15.72,61.0,SSE,2.9,3.54,1028.78,0.0,0.0,8.0,833.7,IMELBO1849.csv
2023/01/22,11:40 AM,24.0,15.22,58.0,SW,4.02,5.47,1028.78,0.0,0.0,8.0,884.0,IMELBO1849.csv
2023/01/22,11:58 AM,23.89,15.83,61.0,SSW,6.28,8.37,1028.78,0.0,0.0,8.0,885.8,IMELBO1849.csv
2023/01/22,12:01 PM,23.28,15.89,63.0,SSE,3.54,5.47,1028.78,0.0,0.0,8.0,843.8,IMELBO1849.csv
2023/01/22,12:08 PM,24.39,15.61,58.0,SSW,2.9,3.54,1028.78,0.0,0.0,8.0,866.8,IMELBO1849.csv
2023/01/22,12:19 PM,23.61,15.28,60.0,SSW,5.95,9.17,1028.78,0.0,0.0,8.0,873.2,IMELBO1849.csv
2023/01/22,12:24 PM,23.72,15.33,60.0,ENE,2.09,2.74,1028.78,0.0,0.0,4.0,492.3,IMELBO1849.csv
2023/01/22,12:33 PM,23.5,15.0,59.0,SE,5.79,9.33,1028.45,0.0,0.0,2.0,254.6,IMELBO1849.csv
2023/01/22,12:38 PM,23.61,15.11,59.0,SE,2.09,3.54,1028.45,0.0,0.0,2.0,228.5,IMELBO1849.csv
2023/01/22,12:48 PM,23.22,15.0,60.0,SSW,5.47,7.24,1028.45,0.0,0.0,1.0,184.7,IMELBO1849.csv
2023/01/22,12:56 PM,23.11,14.89,60.0,SW,7.24,9.33,1028.45,0.0,0.0,2.0,214.7,IMELBO1849.csv
2023/01/22,01:02 PM,23.0,14.89,60.0,SE,5.47,7.24,1028.45,0.0,0.0,2.0,205.1,IMELBO1849.csv
2023/01/22,01:19 PM,22.89,14.61,60.0,South,4.18,4.51,1028.45,0.0,0.0,3.0,345.7,IMELBO1849.csv
2023/01/22,01:24 PM,23.44,14.89,59.0,SE,2.09,3.54,1028.11,0.0,0.0,7.0,814.3,IMELBO1849.csv
2023/01/22,01:26 PM,24.22,15.22,57.0,SSE,1.13,1.77,1028.11,0.0,0.0,3.0,389.9,IMELBO1849.csv
2023/01/22,01:31 PM,24.39,15.11,56.0,ESE,2.57,3.54,1028.11,0.0,0.0,8.0,878.0,IMELBO1849.csv
2023/01/22,01:39 PM,24.61,14.89,55.0,SSW,5.63,6.92,1028.11,0.0,0.0,9.0,970.4,IMELBO1849.csv
2023/01/22,01:42 PM,24.78,14.72,54.0,SW,7.08,8.37,1028.11,0.0,0.0,9.0,1001.2,IMELBO1849.csv
2023/01/22,01:49 PM,24.5,15.22,56.0,South,5.47,7.24,1028.11,0.0,0.0,2.0,292.8,IMELBO1849.csv
2023/01/22,01:51 PM,24.11,15.11,57.0,SSW,5.79,9.33,1028.11,0.0,0.0,9.0,941.7,IMELBO1849.csv
2023/01/22,01:59 PM,24.67,15.06,55.0,SW,6.28,8.04,1027.77,0.0,0.0,3.0,374.7,IMELBO1849.csv
2023/01/22,02:02 PM,24.06,15.06,57.0,WSW,7.08,9.17,1027.77,0.0,0.0,9.0,953.5,IMELBO1849.csv
2023/01/22,02:14 PM,24.61,15.78,58.0,ESE,2.9,3.54,1027.77,0.0,0.0,2.0,296.7,IMELBO1849.csv
2023/01/22,02:19 PM,23.78,15.28,59.0,WNW,5.47,7.24,1027.43,0.0,0.0,2.0,282.4,IMELBO1849.csv
2023/01/22,02:20 PM,23.78,15.28,59.0,South,6.44,9.33,1027.43,0.0,0.0,2.0,273.3,IMELBO1849.csv
2023/01/22,02:31 PM,24.11,15.61,59.0,South,5.79,7.24,1027.09,0.0,0.0,9.0,930.8,IMELBO1849.csv
2023/01/22,02:38 PM,24.72,15.89,58.0,SW,4.67,7.24,1027.43,0.0,0.0,4.0,439.8,IMELBO1849.csv
2023/01/22,02:44 PM,24.22,15.39,58.0,SW,5.31,8.37,1027.09,0.0,0.0,3.0,347.0,IMELBO1849.csv
2023/01/22,02:50 PM,24.28,15.0,56.0,SSW,11.58,16.57,1027.09,0.0,0.0,10.0,1045.0,IMELBO1849.csv
2023/01/22,02:56 PM,24.72,15.61,57.0,South,11.1,13.03,1027.09,0.0,0.0,9.0,960.8,IMELBO1849.csv
2023/01/22,03:13 PM,24.67,15.44,56.0,South,8.04,13.03,1027.09,0.0,0.0,9.0,960.5,IMELBO1849.csv
2023/01/22,03:28 PM,25.17,15.94,57.0,South,6.6,8.37,1027.43,0.0,0.0,2.0,268.5,IMELBO1849.csv
2023/01/22,03:36 PM,24.28,15.44,58.0,SSE,11.42,16.57,1027.09,0.0,0.0,9.0,944.0,IMELBO1849.csv
2023/01/22,03:44 PM,25.39,15.83,56.0,SSE,7.24,10.3,1027.09,0.0,0.0,7.0,777.0,IMELBO1849.csv
2023/01/22,03:46 PM,25.0,15.61,56.0,SW,4.02,7.24,1026.75,0.0,0.0,2.0,285.4,IMELBO1849.csv
2023/01/22,03:55 PM,23.5,15.0,59.0,SSE,12.55,14.8,1027.09,0.0,0.0,4.0,415.6,IMELBO1849.csv
2023/01/22,04:07 PM,23.61,15.39,60.0,SW,8.69,13.03,1027.09,0.0,0.0,7.0,802.9,IMELBO1849.csv
2023/01/22,04:21 PM,23.5,15.28,60.0,SW,6.11,11.1,1026.75,0.0,0.0,2.0,218.6,IMELBO1849.csv
2023/01/22,04:28 PM,23.67,15.67,61.0,SW,11.58,14.16,1027.09,0.0,0.0,8.0,845.5,IMELBO1849.csv
2023/01/22,04:31 PM,23.5,15.61,61.0,SSE,9.65,13.03,1026.75,0.0,0.0,4.0,439.8,IMELBO1849.csv
2023/01/22,04:42 PM,23.39,15.5,61.0,SSW,9.33,13.03,1027.09,0.0,0.0,2.0,251.1,IMELBO1849.csv
2023/01/22,04:57 PM,23.5,15.44,61.0,SW,10.46,13.84,1027.09,0.0,0.0,8.0,888.8,IMELBO1849.csv
2023/01/22,05:03 PM,23.78,15.78,61.0,SSW,9.98,14.8,1027.09,0.0,0.0,6.0,671.9,IMELBO1849.csv
2023/01/22,05:08 PM,23.5,15.61,61.0,South,5.79,9.33,1027.09,0.0,0.0,3.0,348.8,IMELBO1849.csv
2023/01/22,05:19 PM,23.67,15.72,61.0,South,5.79,9.17,1027.09,0.0,0.0,6.0,716.2,IMELBO1849.csv
2023/01/22,05:20 PM,23.78,15.61,60.0,SSE,9.65,13.03,1026.75,0.0,0.0,6.0,661.5,IMELBO1849.csv
2023/01/22,05:31 PM,23.11,15.39,62.0,SSW,10.3,13.03,1027.09,0.0,0.0,3.0,317.5,IMELBO1849.csv
2023/01/22,05:36 PM,23.0,15.61,63.0,SW,7.88,9.33,1026.75,0.0,0.0,1.0,170.1,IMELBO1849.csv
2023/01/22,05:44 PM,23.0,15.17,61.0,SSW,9.65,14.16,1026.75,0.0,0.0,5.0,585.6,IMELBO1849.csv
2023/01/22,05:50 PM,22.89,15.5,63.0,SW,6.76,8.37,1027.43,0.0,0.0,1.0,159.2,IMELBO1849.csv
2023/01/22,06:02 PM,22.5,15.39,64.0,SSW,16.57,18.34,1027.43,0.0,0.0,1.0,109.2,IMELBO1849.csv
2023/01/22,06:24 PM,22.22,15.28,65.0,SSW,4.67,5.47,1027.77,0.0,0.0,3.0,353.9,IMELBO1849.csv
2023/01/22,06:26 PM,22.39,15.28,64.0,SSW,9.65,11.1,1027.77,0.0,0.0,3.0,335.3,IMELBO1849.csv
2023/01/22,06:30 PM,22.22,15.28,65.0,SSW,4.34,5.47,1027.43,0.0,0.0,3.0,307.9,IMELBO1849.csv
2023/01/22,06:43 PM,22.61,15.44,64.0,SSE,5.15,7.24,1027.77,0.0,0.0,2.0,272.3,IMELBO1849.csv
2023/01/22,06:48 PM,22.72,15.78,65.0,WSW,5.47,7.24,1027.77,0.0,0.0,2.0,242.5,IMELBO1849.csv
2023/01/22,07:04 PM,21.72,15.28,67.0,SW,8.04,11.26,1028.11,0.0,0.0,1.0,184.4,IMELBO1849.csv
2023/01/22,07:05 PM,21.72,15.5,68.0,ENE,4.02,5.47,1028.11,0.0,0.0,1.0,142.6,IMELBO1849.csv
2023/01/22,07:14 PM,21.22,15.11,68.0,SSW,6.28,8.37,1027.77,0.0,0.0,0.0,85.4,IMELBO1849.csv
2023/01/22,07:19 PM,21.28,15.22,68.0,ESE,3.22,4.18,1028.11,0.0,0.0,1.0,104.5,IMELBO1849.csv
2023/01/22,07:23 PM,21.61,15.22,67.0,SW,9.01,14.8,1028.11,0.0,0.0,0.0,92.7,IMELBO1849.csv
2023/01/22,07:29 PM,21.28,15.33,69.0,SSW,6.11,11.1,1028.11,0.0,0.0,0.0,83.2,IMELBO1849.csv
2023/01/22,07:30 PM,21.28,15.39,69.0,SW,10.78,14.8,1028.11,0.0,0.0,0.0,76.3,IMELBO1849.csv
2023/01/22,07:35 PM,21.28,15.61,70.0,SSE,5.47,9.33,1028.11,0.0,0.0,0.0,65.9,IMELBO1849.csv
2023/01/22,07:44 PM,20.72,15.56,72.0,SW,8.04,10.3,1028.11,0.0,0.0,0.0,55.4,IMELBO1849.csv
2023/01/22,07:49 PM,20.61,15.61,73.0,SSW,4.83,6.76,1028.45,0.0,0.0,0.0,49.8,IMELBO1849.csv
2023/01/22,07:50 PM,20.61,15.61,73.0,SW,4.34,5.47,1028.11,0.0,0.0,0.0,47.2,IMELBO1849.csv
2023/01/22,07:59 PM,20.5,15.61,74.0,SW,5.63,8.37,1028.11,0.0,0.0,0.0,43.3,IMELBO1849.csv
2023/01/22,08:04 PM,20.39,15.61,74.0,SSW,7.72,10.3,1028.11,0.0,0.0,0.0,36.0,IMELBO1849.csv
2023/01/22,08:13 PM,20.39,15.78,75.0,SSW,4.18,5.47,1028.11,0.0,0.0,0.0,31.2,IMELBO1849.csv
2023/01/22,08:18 PM,20.22,15.78,76.0,SSW,6.11,7.24,1028.11,0.0,0.0,0.0,22.9,IMELBO1849.csv
2023/01/22,08:35 PM,20.0,15.78,77.0,SE,4.67,5.47,1028.45,0.0,0.0,0.0,1.7,IMELBO1849.csv
2023/01/22,08:49 PM,19.72,15.78,78.0,SSW,4.02,4.99,1028.45,0.0,0.0,0.0,0.0,IMELBO1849.csv
2023/01/22,08:54 PM,19.67,15.83,78.0,SW,4.02,5.47,1028.45,0.0,0.0,0.0,0.0,IMELBO1849.csv
2023/01/22,08:58 PM,19.39,15.72,79.0,WSW,5.47,7.24,1028.45,0.0,0.0,0.0,0.0,IMELBO1849.csv
2023/01/22,09:09 PM,19.39,15.72,79.0,South,3.86,5.47,1028.45,0.0,0.0,0.0,0.0,IMELBO1849.csv
2023/01/22,09:27 PM,19.22,15.72,80.0,WSW,4.18,5.47,1028.78,0.0,0.0,0.0,0.0,IMELBO1849.csv
2023/01/22,09:34 PM,19.11,15.61,80.0,SW,4.18,5.47,1028.45,0.0,0.0,0.0,0.0,IMELBO1849.csv
2023/01/22,09:39 PM,19.11,15.72,81.0,SSW,2.41,3.54,1028.78,0.0,0.0,0.0,0.0,IMELBO1849.csv
2023/01/22,09:42 PM,19.22,15.72,80.0,SW,3.06,4.02,1028.78,0.0,0.0,0.0,0.0,IMELBO1849.csv
2023/01/22,09:47 PM,19.11,15.61,80.0,SW,2.74,3.54,1028.45,0.0,0.0,0.0,0.0,IMELBO1849.csv
2023/01/22,09:52 PM,19.0,15.72,81.0,WSW,2.09,3.54,1028.78,0.0,0.0,0.0,0.0,IMELBO1849.csv
2023/01/22,09:58 PM,18.89,15.61,81.0,SW,4.34,5.47,1028.78,0.0,0.0,0.0,0.0,IMELBO1849.csv
2023/01/22,10:09 PM,18.78,15.5,81.0,WSW,1.77,1.77,1028.45,0.0,0.0,0.0,0.0,IMELBO1849.csv
2023/01/22,10:17 PM,18.61,15.5,82.0,SW,0.64,1.77,1028.45,0.0,0.0,0.0,0.0,IMELBO1849.csv
2023/01/22,10:37 PM,18.28,15.61,84.0,SW,4.34,5.47,1028.45,0.0,0.0,0.0,0.0,IMELBO1849.csv
2023/01/22,10:44 PM,18.22,15.56,84.0,SW,1.45,1.77,1028.45,0.0,0.0,0.0,0.0,IMELBO1849.csv
2023/01/22,10:48 PM,18.22,15.5,84.0,SW,1.45,1.77,1028.45,0.0,0.0,0.0,0.0,IMELBO1849.csv
2023/01/22,10:53 PM,18.11,15.39,84.0,WSW,2.9,3.7,1028.45,0.0,0.0,0.0,0.0,IMELBO1849.csv
2023/01/22,10:57 PM,18.0,15.28,84.0,WSW,0.32,1.77,1028.45,0.0,0.0,0.0,0.0,IMELBO1849.csv
2023/01/22,11:04 PM,17.78,15.22,85.0,West,4.02,7.24,1028.45,0.0,0.0,0.0,0.0,IMELBO1849.csv
2023/01/22,11:09 PM,17.72,15.11,85.0,SW,3.22,4.18,1028.78,0.0,0.0,0.0,0.0,IMELBO1849.csv
2023/01/22,11:13 PM,17.61,15.17,86.0,SW,3.38,4.51,1028.45,0.0,0.0,0.0,0.0,IMELBO1849.csv
2023/01/22,11:27 PM,17.33,15.0,86.0,SW,1.77,2.74,1028.78,0.0,0.0,0.0,0.0,IMELBO1849.csv
2023/01/22,11:34 PM,17.28,15.11,87.0,SW,1.45,3.54,1028.78,0.0,0.0,0.0,0.0,IMELBO1849.csv
2023/01/22,11:42 PM,17.22,15.0,87.0,SSW,3.22,3.54,1028.45,0.0,0.0,0.0,0.0,IMELBO1849.csv
2023/01/22,11:48 PM,17.22,15.0,87.0,SW,0.0,0.0,1028.45,0.0,0.0,0.0,0.0,IMELBO1849.csv
2023/01/22,11:54 PM,17.22,15.0,87.0,SW,0.0,0.0,1028.45,0.0,0.0,0.0,0.0,IMELBO1849.csv
2023/01/23,12:01 AM,17.28,15.11,87.0,WSW,1.13,1.77,1028.11,0.0,0.0,0.0,0.0,IMELBO1849.csv
2023/01/23,12:08 AM,17.28,15.11,87.0,WSW,1.45,1.77,1028.45,0.0,0.0,0.0,0.0,IMELBO1849.csv
2023/01/23,12:12 AM,17.28,15.11,87.0,SSW,1.13,1.77,1028.45,0.0,0.0,0.0,0.0,IMELBO1849.csv
2023/01/23,12:18 AM,17.22,15.22,88.0,SW,0.0,0.0,1028.45,0.0,0.0,0.0,0.0,IMELBO1849.csv
2023/01/23,12:23 AM,17.17,15.17,88.0,SW,0.16,0.64,1028.78,0.0,0.0,0.0,0.0,IMELBO1849.csv
2023/01/23,12:29 AM,17.22,15.22,88.0,WSW,0.16,0.64,1028.11,0.0,0.0,0.0,0.0,IMELBO1849.csv
2023/01/23,12:35 AM,17.28,15.28,88.0,WSW,0.32,1.77,1028.11,0.0,0.0,0.0,0.0,IMELBO1849.csv
2023/01/23,12:44 AM,17.28,15.28,88.0,West,2.25,3.22,1028.11,0.0,0.0,0.0,0.0,IMELBO1849.csv
2023/01/23,12:52 AM,17.28,15.28,88.0,WNW,1.61,2.25,1028.45,0.0,0.0,0.0,0.0,IMELBO1849.csv
2023/01/23,12:59 AM,17.22,15.22,88.0,West,0.32,1.77,1028.11,0.0,0.0,0.0,0.0,IMELBO1849.csv
2023/01/23,01:01 AM,17.28,15.28,88.0,West,1.13,3.54,1028.45,0.0,0.0,0.0,0.0,IMELBO1849.csv
2023/01/23,01:14 AM,17.22,15.22,88.0,NW,4.02,5.47,1028.11,0.0,0.0,0.0,0.0,IMELBO1849.csv
2023/01/23,01:18 AM,17.22,15.22,88.0,NW,4.34,7.24,1028.11,0.0,0.0,0.0,0.0,IMELBO1849.csv
2023/01/23,01:29 AM,17.06,15.06,88.0,West,1.45,1.77,1028.11,0.0,0.0,0.0,0.0,IMELBO1849.csv
2023/01/23,01:34 AM,17.0,15.0,88.0,West,1.61,2.9,1028.11,0.0,0.0,0.0,0.0,IMELBO1849.csv
2023/01/23,01:41 AM,16.89,15.11,89.0,West,1.45,1.77,1027.77,0.0,0.0,0.0,0.0,IMELBO1849.csv
2023/01/23,01:48 AM,16.78,15.0,89.0,WNW,3.86,5.47,1028.11,0.0,0.0,0.0,0.0,IMELBO1849.csv
2023/01/23,01:55 AM,16.72,14.89,89.0,West,2.09,3.54,1027.77,0.0,0.0,0.0,0.0,IMELBO1849.csv
2023/01/23,02:04 AM,16.5,14.72,89.0,WNW,4.67,5.47,1027.77,0.0,0.0,0.0,0.0,IMELBO1849.csv
2023/01/23,02:05 AM,16.5,14.72,89.0,WNW,7.24,9.33,1027.77,0.0,0.0,0.0,0.0,IMELBO1849.csv
2023/01/23,02:12 AM,16.5,14.89,90.0,NW,2.09,3.54,1027.43,0.0,0.0,0.0,0.0,IMELBO1849.csv
2023/01/23,02:19 AM,16.39,14.78,90.0,West,3.38,4.51,1027.43,0.0,0.0,0.0,0.0,IMELBO1849.csv
2023/01/23,02:21 AM,16.39,14.78,90.0,WNW,4.02,7.24,1027.43,0.0,0.0,0.0,0.0,IMELBO1849.csv
2023/01/23,02:25 AM,16.28,14.72,90.0,WNW,1.45,1.77,1027.09,0.0,0.0,0.0,0.0,IMELBO1849.csv
2023/01/23,02:32 AM,16.28,14.72,90.0,West,2.25,3.7,1027.43,0.0,0.0,0.0,0.0,IMELBO1849.csv
2023/01/23,02:37 AM,16.28,14.72,90.0,WNW,4.34,5.47,1027.09,0.0,0.0,0.0,0.0,IMELBO1849.csv
2023/01/23,02:56 AM,16.22,14.78,91.0,WNW,4.02,5.47,1027.09,0.0,0.0,0.0,0.0,IMELBO1849.csv
2023/01/23,03:02 AM,16.22,14.78,91.0,WNW,0.0,0.0,1027.43,0.0,0.0,0.0,0.0,IMELBO1849.csv
2023/01/23,03:09 AM,16.28,14.89,91.0,WNW,0.64,1.77,1027.09,0.0,0.0,0.0,0.0,IMELBO1849.csv
2023/01/23,03:14 AM,16.28,14.89,91.0,WNW,1.61,1.77,1027.09,0.0,0.0,0.0,0.0,IMELBO1849.csv
2023/01/23,03:17 AM,16.39,15.0,91.0,West,1.13,1.77,1027.09,0.0,0.0,0.0,0.0,IMELBO1849.csv
2023/01/23,03:21 AM,16.5,15.11,91.0,West,0.97,0.97,1027.09,0.0,0.0,0.0,0.0,IMELBO1849.csv
2023/01/23,03:26 AM,16.61,15.22,91.0,West,1.13,1.77,1027.09,0.0,0.0,0.0,0.0,IMELBO1849.csv
2023/01/23,03:39 AM,16.78,15.11,90.0,West,0.32,1.77,1026.75,0.0,0.0,0.0,0.0,IMELBO1849.csv
2023/01/23,03:54 AM,16.89,15.22,90.0,WNW,2.25,3.7,1027.09,0.0,0.0,0.0,0.0,IMELBO1849.csv
2023/01/23,03:59 AM,16.89,15.22,90.0,WNW,0.0,0.0,1026.75,0.0,0.0,0.0,0.0,IMELBO1849.csv
2023/01/23,04:00 AM,16.89,15.22,90.0,WNW,0.0,0.0,1026.75,0.0,0.0,0.0,0.0,IMELBO1849.csv
2023/01/23,04:07 AM,16.89,15.22,90.0,WSW,2.9,3.54,1026.75,0.0,0.0,0.0,0.0,IMELBO1849.csv
2023/01/23,04:10 AM,16.89,15.22,90.0,WSW,1.77,1.77,1026.75,0.0,0.0,0.0,0.0,IMELBO1849.csv
2023/01/23,04:16 AM,16.89,15.22,90.0,WNW,1.13,1.77,1027.09,0.0,0.0,0.0,0.0,IMELBO1849.csv
2023/01/23,04:22 AM,16.89,15.11,89.0,WSW,0.0,0.0,1027.09,0.0,0.0,0.0,0.0,IMELBO1849.csv
2023/01/23,04:34 AM,16.94,15.17,89.0,WNW,0.0,0.0,1027.09,0.0,0.0,0.0,0.0,IMELBO1849.csv
2023/01/23,04:38 AM,17.0,15.22,89.0,WNW,0.0,0.0,1027.09,0.0,0.0,0.0,0.0,IMELBO1849.csv
2023/01/23,04:41 AM,17.0,15.22,89.0,WNW,0.32,1.77,1026.75,0.0,0.0,0.0,0.0,IMELBO1849.csv
2023/01/23,04:51 AM,17.0,15.22,89.0,NW,0.32,1.77,1027.09,0.0,0.0,0.0,0.0,IMELBO1849.csv
2023/01/23,05:04 AM,17.06,15.06,88.0,NW,1.13,1.13,1027.09,0.0,0.0,0.0,0.0,IMELBO1849.csv
2023/01/23,05:23 AM,17.0,15.0,88.0,NW,1.45,1.77,1027.43,0.0,0.0,0.0,0.0,IMELBO1849.csv
2023/01/23,05:27 AM,16.89,14.89,88.0,NW,2.09,3.54,1027.43,0.0,0.0,0.0,0.0,IMELBO1849.csv
2023/01/23,05:47 AM,17.0,14.89,87.0,NW,0.16,0.97,1027.09,0.0,0.0,0.0,0.0,IMELBO1849.csv
2023/01/23,05:52 AM,17.0,14.89,87.0,NW,1.45,1.77,1027.43,0.0,0.0,0.0,0.0,IMELBO1849.csv
2023/01/23,05:58 AM,17.0,14.89,87.0,NW,0.97,1.77,1027.77,0.0,0.0,0.0,0.0,IMELBO1849.csv
2023/01/23,06:00 AM,17.0,14.89,87.0,NW,1.77,1.77,1027.43,0.0,0.0,0.0,0.0,IMELBO1849.csv
2023/01/23,06:06 AM,17.0,14.89,87.0,NW,0.64,1.77,1027.43,0.0,0.0,0.0,0.0,IMELBO1849.csv
2023/01/23,06:12 AM,17.11,14.89,87.0,NW,0.0,0.0,1027.43,0.0,0.0,0.0,0.0,IMELBO1849.csv
2023/01/23,06:29 AM,17.11,14.78,86.0,NW,2.09,3.06,1027.77,0.0,0.0,0.0,0.4,IMELBO1849.csv
2023/01/23,06:34 AM,17.11,14.61,85.0,NW,3.86,5.47,1027.77,0.0,0.0,0.0,1.7,IMELBO1849.csv
2023/01/23,06:49 AM,17.22,14.5,84.0,WNW,0.8,0.97,1027.77,0.0,0.0,0.0,7.7,IMELBO1849.csv
2023/01/23,06:55 AM,17.22,14.28,83.0,NW,1.77,3.54,1027.77,0.0,0.0,0.0,10.4,IMELBO1849.csv
2023/01/23,07:01 AM,17.28,14.39,83.0,NW,2.09,3.54,1027.77,0.0,0.0,0.0,13.8,IMELBO1849.csv
2023/01/23,07:09 AM,17.22,14.28,83.0,WNW,0.97,0.97,1028.11,0.0,0.0,0.0,17.7,IMELBO1849.csv
2023/01/23,07:13 AM,17.28,14.39,83.0,NNW,2.25,2.74,1028.11,0.0,0.0,0.0,20.8,IMELBO1849.csv
2023/01/23,07:19 AM,17.28,14.39,83.0,NW,1.45,1.77,1028.11,0.0,0.0,0.0,27.3,IMELBO1849.csv
2023/01/23,07:20 AM,17.28,14.22,82.0,WNW,1.13,1.77,1028.11,0.0,0.0,0.0,29.0,IMELBO1849.csv
2023/01/23,07:32 AM,17.39,14.28,82.0,NNW,1.45,1.77,1028.11,0.0,0.0,0.0,35.1,IMELBO1849.csv
2023/01/23,07:38 AM,17.39,14.28,82.0,NW,0.0,0.0,1027.77,0.0,0.0,0.0,40.7,IMELBO1849.csv
2023/01/23,07:49 AM,17.39,14.28,82.0,NNE,0.0,0.0,1028.45,0.0,0.0,0.0,48.1,IMELBO1849.csv
2023/01/23,07:58 AM,17.39,14.5,83.0,NE,0.97,1.77,1028.11,0.0,0.0,0.0,57.6,IMELBO1849.csv
2023/01/23,08:07 AM,17.61,14.39,82.0,NE,1.77,1.77,1028.45,0.0,0.0,0.0,74.1,IMELBO1849.csv
2023/01/23,08:14 AM,17.78,14.5,81.0,NNE,1.61,1.77,1028.45,0.0,0.0,0.0,82.0,IMELBO1849.csv
2023/01/23,08:23 AM,18.0,14.61,81.0,NNW,0.16,0.97,1028.45,0.0,0.0,0.0,96.3,IMELBO1849.csv
2023/01/23,08:31 AM,18.22,14.72,80.0,NNW,2.57,3.54,1028.45,0.0,0.0,1.0,108.9,IMELBO1849.csv
2023/01/23,08:44 AM,18.33,14.67,79.0,WNW,1.45,2.41,1028.78,0.0,0.0,1.0,144.0,IMELBO1849.csv
2023/01/23,08:52 AM,18.33,14.56,79.0,WNW,0.16,0.97,1028.45,0.0,0.0,1.0,175.2,IMELBO1849.csv
2023/01/23,08:55 AM,18.61,14.72,78.0,NW,2.09,3.54,1028.45,0.0,0.0,1.0,183.9,IMELBO1849.csv
2023/01/23,09:04 AM,18.83,14.78,77.0,NW,2.74,4.51,1028.78,0.0,0.0,1.0,181.3,IMELBO1849.csv
2023/01/23,09:08 AM,18.89,14.61,76.0,NW,0.32,1.77,1028.45,0.0,0.0,1.0,199.0,IMELBO1849.csv
2023/01/23,09:13 AM,19.11,14.78,76.0,NNW,0.0,0.0,1028.78,0.0,0.0,2.0,267.2,IMELBO1849.csv
2023/01/23,09:15 AM,19.22,14.72,75.0,NNW,0.64,1.77,1028.45,0.0,0.0,4.0,424.6,IMELBO1849.csv
2023/01/23,09:24 AM,19.61,14.78,74.0,WNW,2.25,3.54,1028.45,0.0,0.0,4.0,432.0,IMELBO1849.csv
2023/01/23,09:27 AM,19.72,14.72,73.0,SW,0.32,1.77,1028.78,0.0,0.0,4.0,431.1,IMELBO1849.csv
2023/01/23,09:33 AM,21.0,15.11,69.0,WSW,1.13,1.77,1028.11,0.0,0.0,4.0,441.1,IMELBO1849.csv
2023/01/23,09:38 AM,21.61,15.28,67.0,NE,0.8,1.77,1028.45,0.0,0.0,4.0,476.3,IMELBO1849.csv
2023/01/23,09:42 AM,21.72,15.28,67.0,NE,2.09,3.54,1028.45,0.0,0.0,4.0,490.6,IMELBO1849.csv
2023/01/23,09:48 AM,21.5,15.11,67.0,NE,2.09,3.54,1028.11,0.0,0.0,4.0,472.3,IMELBO1849.csv
2023/01/23,10:08 AM,21.94,15.44,67.0,SW,1.61,1.77,1028.11,0.0,0.0,5.0,526.2,IMELBO1849.csv
2023/01/23,10:15 AM,21.89,15.28,66.0,West,1.13,1.77,1028.11,0.0,0.0,5.0,543.5,IMELBO1849.csv
2023/01/23,10:24 AM,21.78,15.22,66.0,West,3.7,5.47,1028.11,0.0,0.0,5.0,580.4,IMELBO1849.csv
2023/01/23,10:32 AM,22.22,15.28,65.0,SW,1.13,1.77,1027.77,0.0,0.0,5.0,582.1,IMELBO1849.csv
2023/01/23,10:36 AM,22.28,15.22,64.0,WNW,2.74,3.7,1027.77,0.0,0.0,5.0,599.1,IMELBO1849.csv
2023/01/23,10:44 AM,23.0,15.61,63.0,SSW,2.09,3.54,1028.11,0.0,0.0,5.0,595.2,IMELBO1849.csv
2023/01/23,10:59 AM,23.44,15.56,61.0,NW,1.29,1.77,1027.77,0.0,0.0,6.0,640.3,IMELBO1849.csv
2023/01/23,11:01 AM,23.5,15.5,61.0,NNW,2.41,3.54,1027.77,0.0,0.0,6.0,638.5,IMELBO1849.csv
2023/01/23,11:09 AM,23.5,15.5,61.0,SW,2.57,3.54,1027.77,0.0,0.0,6.0,675.8,IMELBO1849.csv
2023/01/23,11:12 AM,23.39,15.5,61.0,WNW,1.45,1.77,1027.43,0.0,0.0,6.0,695.4,IMELBO1849.csv
2023/01/23,11:18 AM,23.72,15.5,60.0,North,1.45,3.54,1027.43,0.0,0.0,6.0,701.5,IMELBO1849.csv
2023/01/23,11:23 AM,24.0,15.5,59.0,SSW,1.45,1.77,1027.43,0.0,0.0,6.0,718.7,IMELBO1849.csv
2023/01/23,11:32 AM,24.5,15.72,58.0,SSW,2.09,3.54,1027.43,0.0,0.0,6.0,713.6,IMELBO1849.csv
2023/01/23,11:50 AM,24.78,15.5,56.0,SW,6.44,9.33,1027.09,0.0,0.0,7.0,741.7,IMELBO1849.csv
2023/01/23,11:59 AM,24.89,15.28,55.0,West,2.57,3.54,1027.09,0.0,0.0,7.0,747.3,IMELBO1849.csv
2023/01/23,12:02 PM,25.22,15.28,54.0,South,4.67,5.47,1027.09,0.0,0.0,7.0,744.8,IMELBO1849.csv
2023/01/23,12:09 PM,24.61,15.28,56.0,ESE,3.54,4.83,1027.09,0.0,0.0,7.0,773.0,IMELBO1849.csv
2023/01/23,12:19 PM,25.94,15.06,51.0,ENE,1.61,2.9,1026.75,0.0,0.0,7.0,771.2,IMELBO1849.csv
2023/01/23,12:24 PM,25.78,15.06,52.0,ESE,2.9,6.44,1027.09,0.0,0.0,7.0,778.7,IMELBO1849.csv
2023/01/23,12:25 PM,25.61,14.78,51.0,ESE,6.11,7.24,1026.75,0.0,0.0,7.0,780.8,IMELBO1849.csv
2023/01/23,12:33 PM,26.17,14.94,50.0,SW,5.15,6.6,1026.41,0.0,0.0,7.0,789.9,IMELBO1849.csv
2023/01/23,12:36 PM,26.06,14.39,49.0,WNW,3.38,4.51,1026.75,0.0,0.0,7.0,801.2,IMELBO1849.csv
2023/01/23,12:48 PM,26.39,14.89,49.0,West,2.09,3.54,1026.41,0.0,0.0,7.0,806.0,IMELBO1849.csv
2023/01/23,01:06 PM,26.72,14.72,48.0,ESE,3.06,4.83,1026.08,0.0,0.0,7.0,767.4,IMELBO1849.csv
2023/01/23,01:13 PM,27.39,14.78,46.0,West,2.09,7.24,1025.74,0.0,0.0,7.0,748.7,IMELBO1849.csv
2023/01/23,01:23 PM,27.39,14.83,46.0,,2.57,3.54,1025.74,0.0,0.0,7.0,764.4,IMELBO1849.csv
2023/01/23,01:26 PM,27.89,15.33,47.0,SW,3.06,4.51,1025.74,0.0,0.0,7.0,782.1,IMELBO1849.csv
2023/01/23,01:37 PM,27.61,14.06,43.0,SW,4.83,6.76,1025.74,0.0,0.0,7.0,780.4,IMELBO1849.csv
2023/01/23,01:44 PM,27.56,14.28,44.0,West,2.9,3.7,1025.74,0.0,0.0,7.0,792.5,IMELBO1849.csv
2023/01/23,01:49 PM,27.72,14.83,45.0,WSW,6.76,9.81,1025.4,0.0,0.0,7.0,800.3,IMELBO1849.csv
2023/01/23,01:50 PM,28.0,15.0,45.0,SW,7.24,9.33,1025.06,0.0,0.0,7.0,802.5,IMELBO1849.csv
2023/01/23,01:59 PM,27.61,14.33,44.0,SSW,3.22,4.34,1025.4,0.0,0.0,7.0,822.0,IMELBO1849.csv
2023/01/23,02:04 PM,28.0,15.72,47.0,East,6.92,7.24,1025.4,0.0,0.0,7.0,783.4,IMELBO1849.csv
2023/01/23,02:12 PM,27.33,15.78,49.0,SSE,7.56,9.81,1025.4,0.0,0.0,7.0,802.9,IMELBO1849.csv
2023/01/23,02:17 PM,28.11,17.0,51.0,West,5.79,7.24,1025.06,0.0,0.0,7.0,800.0,IMELBO1849.csv
2023/01/23,02:23 PM,27.83,16.61,51.0,SSE,7.24,10.14,1025.06,0.0,0.0,8.0,834.2,IMELBO1849.csv
2023/01/23,02:33 PM,27.72,16.72,51.0,South,4.02,5.47,1024.72,0.0,0.0,7.0,746.1,IMELBO1849.csv
2023/01/23,02:36 PM,27.72,16.5,50.0,South,5.15,8.04,1025.06,0.0,0.0,7.0,779.5,IMELBO1849.csv
2023/01/23,02:41 PM,27.78,16.78,51.0,South,4.67,7.24,1025.06,0.0,0.0,7.0,774.3,IMELBO1849.csv
2023/01/23,02:54 PM,27.67,16.0,49.0,ESE,8.37,11.1,1025.06,0.0,0.0,7.0,773.4,IMELBO1849.csv
2023/01/23,02:59 PM,27.72,15.72,48.0,SSW,7.88,10.3,1024.72,0.0,0.0,7.0,728.8,IMELBO1849.csv
2023/01/23,03:06 PM,27.22,15.61,49.0,East,3.22,3.54,1025.06,0.0,0.0,7.0,749.5,IMELBO1849.csv
2023/01/23,03:12 PM,28.28,15.61,46.0,WSW,5.47,7.24,1024.72,0.0,0.0,7.0,763.5,IMELBO1849.csv
2023/01/23,03:23 PM,27.11,14.78,47.0,SSW,7.24,11.1,1024.38,0.0,0.0,7.0,755.7,IMELBO1849.csv
2023/01/23,03:28 PM,27.61,15.0,46.0,SE,3.54,3.54,1024.72,0.0,0.0,7.0,756.5,IMELBO1849.csv
2023/01/23,03:35 PM,27.61,14.61,45.0,South,11.1,13.03,1024.38,0.0,0.0,7.0,745.6,IMELBO1849.csv
2023/01/23,03:40 PM,27.39,14.5,45.0,SSE,5.79,7.24,1024.72,0.0,0.0,7.0,744.4,IMELBO1849.csv
2023/01/23,03:47 PM,26.78,14.56,47.0,South,6.92,8.53,1024.38,0.0,0.0,7.0,730.5,IMELBO1849.csv
2023/01/23,03:53 PM,27.39,14.5,45.0,SW,4.67,7.24,1024.38,0.0,0.0,7.0,728.3,IMELBO1849.csv
2023/01/23,03:59 PM,27.56,14.39,45.0,South,7.56,10.14,1024.38,0.0,0.0,7.0,725.3,IMELBO1849.csv
2023/01/23,04:06 PM,28.17,14.78,44.0,SSW,4.99,6.6,1024.38,0.0,0.0,7.0,743.9,IMELBO1849.csv
2023/01/23,04:11 PM,28.28,14.61,43.0,NE,2.09,3.54,1024.04,0.0,0.0,7.0,744.8,IMELBO1849.csv
2023/01/23,04:19 PM,28.39,15.0,44.0,SSE,7.24,9.33,1024.04,0.0,0.0,7.0,728.8,IMELBO1849.csv
2023/01/23,04:24 PM,28.5,14.89,44.0,SSW,3.86,6.44,1024.04,0.0,0.0,7.0,737.0,IMELBO1849.csv
2023/01/23,04:27 PM,28.39,15.0,44.0,SSE,7.88,13.03,1024.38,0.0,0.0,7.0,735.2,IMELBO1849.csv
2023/01/23,04:46 PM,28.28,14.89,44.0,SW,6.44,9.33,1023.71,0.0,0.0,6.0,705.3,IMELBO1849.csv
2023/01/23,05:04 PM,27.78,14.78,45.0,SE,2.57,3.54,1023.71,0.0,0.0,6.0,678.5,IMELBO1849.csv
2023/01/23,05:09 PM,27.78,14.5,44.0,SSW,8.69,12.07,1023.71,0.0,0.0,6.0,670.7,IMELBO1849.csv
2023/01/23,05:13 PM,27.5,14.22,44.0,SSW,9.01,13.03,1023.37,0.0,0.0,6.0,642.4,IMELBO1849.csv
2023/01/23,05:19 PM,28.06,14.72,44.0,South,6.76,9.81,1023.71,0.0,0.0,6.0,634.5,IMELBO1849.csv
2023/01/23,05:24 PM,27.61,14.33,44.0,SE,3.86,5.47,1023.71,0.0,0.0,5.0,614.3,IMELBO1849.csv
2023/01/23,05:26 PM,27.61,13.89,43.0,SSE,8.69,11.1,1023.37,0.0,0.0,5.0,586.8,IMELBO1849.csv
2023/01/23,05:35 PM,27.33,13.72,43.0,South,3.86,6.44,1023.37,0.0,0.0,5.0,558.2,IMELBO1849.csv
2023/01/23,05:43 PM,27.61,13.22,41.0,SSW,6.28,9.33,1023.03,0.0,0.0,5.0,516.6,IMELBO1849.csv
2023/01/23,05:48 PM,27.72,13.33,41.0,East,4.99,6.92,1023.03,0.0,0.0,4.0,488.0,IMELBO1849.csv
2023/01/23,05:56 PM,27.28,12.89,41.0,SSW,4.67,7.24,1023.03,0.0,0.0,4.0,417.7,IMELBO1849.csv
2023/01/23,06:01 PM,27.39,12.28,39.0,East,5.79,7.24,1023.37,0.0,0.0,3.0,385.6,IMELBO1849.csv
2023/01/23,06:08 PM,27.22,12.11,39.0,SSE,10.14,13.03,1023.03,0.0,0.0,3.0,355.6,IMELBO1849.csv
2023/01/23,06:17 PM,26.72,12.39,41.0,SSW,9.33,14.8,1023.03,0.0,0.0,3.0,328.7,IMELBO1849.csv
2023/01/23,06:24 PM,26.61,13.22,44.0,SSW,10.46,14.0,1023.03,0.0,0.0,3.0,315.4,IMELBO1849.csv
2023/01/23,06:29 PM,26.5,13.61,45.0,SE,7.08,8.37,1023.37,0.0,0.0,2.0,288.5,IMELBO1849.csv
2023/01/23,06:32 PM,26.61,13.72,45.0,SW,5.47,9.33,1023.03,0.0,0.0,2.0,264.1,IMELBO1849.csv
2023/01/23,06:46 PM,26.5,15.0,49.0,South,4.34,6.44,1023.37,0.0,0.0,2.0,222.5,IMELBO1849.csv
2023/01/23,07:03 PM,25.78,16.33,56.0,SSW,7.4,11.75,1023.37,0.0,0.0,1.0,170.1,IMELBO1849.csv
2023/01/23,07:10 PM,25.61,16.22,56.0,South,9.33,13.03,1023.03,0.0,0.0,1.0,146.2,IMELBO1849.csv
2023/01/23,07:19 PM,25.33,16.22,57.0,SW,6.44,10.46,1023.37,0.0,0.0,0.0,66.8,IMELBO1849.csv
2023/01/23,07:23 PM,25.11,16.28,58.0,SW,2.9,3.54,1023.71,0.0,0.0,0.0,56.3,IMELBO1849.csv
2023/01/23,07:29 PM,25.11,16.28,58.0,South,9.33,14.8,1023.37,0.0,0.0,0.0,52.0,IMELBO1849.csv
2023/01/23,07:35 PM,25.0,16.22,58.0,South,4.34,5.47,1023.37,0.0,0.0,0.0,47.7,IMELBO1849.csv
2023/01/23,07:44 PM,25.11,16.0,57.0,SW,4.83,7.4,1023.37,0.0,0.0,0.0,43.8,IMELBO1849.csv
2023/01/23,07:49 PM,25.0,15.89,57.0,SSE,6.28,9.17,1023.71,0.0,0.0,0.0,42.5,IMELBO1849.csv
2023/01/23,07:52 PM,24.72,15.5,57.0,South,9.49,10.3,1023.71,0.0,0.0,0.0,37.7,IMELBO1849.csv
2023/01/23,08:02 PM,24.61,15.28,56.0,ESE,2.9,3.54,1023.37,0.0,0.0,0.0,29.5,IMELBO1849.csv
2023/01/23,08:13 PM,24.39,15.11,56.0,WSW,6.92,9.33,1023.37,0.0,0.0,0.0,19.5,IMELBO1849.csv
2023/01/23,08:19 PM,24.33,15.06,56.0,SSW,5.79,8.69,1023.71,0.0,0.0,0.0,19.1,IMELBO1849.csv
2023/01/23,08:20 PM,24.28,15.28,57.0,SE,7.24,9.33,1023.37,0.0,0.0,0.0,13.3,IMELBO1849.csv
2023/01/23,08:32 PM,23.94,15.44,59.0,South,5.15,6.6,1023.71,0.0,0.0,0.0,7.3,IMELBO1849.csv
2023/01/23,08:39 PM,23.89,15.39,59.0,SE,6.28,10.14,1023.71,0.0,0.0,0.0,4.3,IMELBO1849.csv
2023/01/23,08:41 PM,23.89,15.39,59.0,South,6.28,8.37,1023.71,0.0,0.0,0.0,1.7,IMELBO1849.csv
2023/01/23,08:48 PM,23.72,15.5,60.0,SSW,3.54,5.47,1023.71,0.0,0.0,0.0,0.0,IMELBO1849.csv
2023/01/23,08:54 PM,23.72,15.78,61.0,South,2.41,4.51,1023.71,0.0,0.0,0.0,0.0,IMELBO1849.csv
2023/01/23,08:58 PM,23.61,15.72,61.0,SSW,3.22,5.47,1023.71,0.0,0.0,0.0,0.0,IMELBO1849.csv
2023/01/23,09:02 PM,23.61,15.72,61.0,South,2.9,5.47,1023.71,0.0,0.0,0.0,0.0,IMELBO1849.csv
2023/01/23,09:14 PM,23.39,15.72,62.0,SE,2.41,3.7,1024.04,0.0,0.0,0.0,0.0,IMELBO1849.csv
2023/01/23,09:18 PM,23.39,15.72,62.0,South,2.9,3.54,1024.04,0.0,0.0,0.0,0.0,IMELBO1849.csv
2023/01/23,09:24 PM,23.28,15.89,63.0,SSE,1.13,1.77,1024.04,0.0,0.0,0.0,0.0,IMELBO1849.csv
2023/01/23,09:26 PM,23.28,15.89,63.0,SSW,2.9,3.54,1024.04,0.0,0.0,0.0,0.0,IMELBO1849.csv
2023/01/23,09:34 PM,23.22,15.78,63.0,SSW,2.74,4.02,1023.71,0.0,0.0,0.0,0.0,IMELBO1849.csv
2023/01/23,09:42 PM,23.11,15.72,63.0,South,2.25,3.54,1024.04,0.0,0.0,0.0,0.0,IMELBO1849.csv
2023/01/23,09:45 PM,23.11,15.72,63.0,SSE,3.54,5.47,1023.71,0.0,0.0,0.0,0.0,IMELBO1849.csv
2023/01/23,10:02 PM,22.78,15.39,63.0,SSW,1.45,1.77,1023.71,0.0,0.0,0.0,0.0,IMELBO1849.csv
2023/01/23,10:14 PM,22.5,15.39,64.0,SSW,2.41,2.74,1024.04,0.0,0.0,0.0,0.0,IMELBO1849.csv
2023/01/23,10:16 PM,22.5,15.39,64.0,SSW,1.13,1.77,1024.04,0.0,0.0,0.0,0.0,IMELBO1849.csv
2023/01/23,10:24 PM,22.5,15.61,65.0,SSW,2.41,2.74,1024.04,0.0,0.0,0.0,0.0,IMELBO1849.csv
2023/01/23,10:28 PM,22.44,15.56,65.0,SW,2.25,2.9,1024.04,0.0,0.0,0.0,0.0,IMELBO1849.csv
2023/01/23,10:36 PM,22.28,15.72,66.0,SSW,1.45,1.77,1024.04,0.0,0.0,0.0,0.0,IMELBO1849.csv
2023/01/23,10:41 PM,22.22,15.78,67.0,SW,1.77,3.54,1024.04,0.0,0.0,0.0,0.0,IMELBO1849.csv
2023/01/23,10:45 PM,22.11,15.72,67.0,SW,1.45,1.77,1023.71,0.0,0.0,0.0,0.0,IMELBO1849.csv
2023/01/23,10:54 PM,21.83,15.83,69.0,SW,1.61,2.74,1023.71,0.0,0.0,0.0,0.0,IMELBO1849.csv
2023/01/23,10:55 PM,21.78,15.89,69.0,SW,2.9,3.54,1023.71,0.0,0.0,0.0,0.0,IMELBO1849.csv
2023/01/23,11:04 PM,21.78,16.06,70.0,WSW,2.25,3.54,1023.71,0.0,0.0,0.0,0.0,IMELBO1849.csv
2023/01/23,11:14 PM,21.28,15.78,71.0,WNW,1.13,1.77,1023.71,0.0,0.0,0.0,0.0,IMELBO1849.csv
2023/01/23,11:19 PM,21.11,15.78,72.0,NW,2.57,3.54,1023.71,0.0,0.0,0.0,0.0,IMELBO1849.csv
2023/01/23,11:20 PM,21.11,15.78,72.0,NW,1.13,1.77,1023.71,0.0,0.0,0.0,0.0,IMELBO1849.csv
2023/01/23,11:27 PM,20.94,16.17,74.0,WNW,2.09,2.9,1023.71,0.0,0.0,0.0,0.0,IMELBO1849.csv
2023/01/23,11:32 PM,20.61,16.0,75.0,NW,2.9,3.54,1024.04,0.0,0.0,0.0,0.0,IMELBO1849.csv
2023/01/23,11:37 PM,20.39,16.0,76.0,NW,5.79,9.33,1023.71,0.0,0.0,0.0,0.0,IMELBO1849.csv
2023/01/23,11:44 PM,20.06,16.28,79.0,WNW,4.67,5.47,1023.71,0.0,0.0,0.0,0.0,IMELBO1849.csv
2023/01/23,11:46 PM,20.0,16.28,79.0,WNW,4.34,5.47,1024.04,0.0,0.0,0.0,0.0,IMELBO1849.csv
2023/01/23,11:58 PM,19.44,15.56,78.0,West,4.83,7.4,1024.04,0.0,0.0,0.0,0.0,IMELBO1849.csv
2023/01/24,12:04 AM,19.33,15.78,80.0,WNW,5.79,7.88,1024.04,0.0,0.0,0.0,0.0,IMELBO1849.csv
2023/01/24,12:09 AM,19.22,15.94,82.0,NW,3.06,4.51,1024.04,0.0,0.0,0.0,0.0,IMELBO1849.csv
2023/01/24,12:14 AM,19.11,16.22,83.0,WNW,1.13,1.77,1023.71,0.0,0.0,0.0,0.0,IMELBO1849.csv
2023/01/24,12:24 AM,19.0,16.39,85.0,WNW,0.64,1.77,1023.71,0.0,0.0,0.0,0.0,IMELBO1849.csv
2023/01/24,12:31 AM,19.0,16.61,86.0,West,4.99,5.47,1023.71,0.0,0.0,0.0,0.0,IMELBO1849.csv
2023/01/24,12:38 AM,18.89,16.5,86.0,WNW,6.92,9.17,1023.37,0.0,0.0,0.0,0.0,IMELBO1849.csv
2023/01/24,12:43 AM,18.78,16.39,86.0,WNW,1.45,1.77,1023.37,0.0,0.0,0.0,0.0,IMELBO1849.csv
2023/01/24,12:47 AM,18.78,16.33,86.0,West,1.61,2.74,1023.71,0.0,0.0,0.0,0.0,IMELBO1849.csv
2023/01/24,01:03 AM,18.78,16.39,86.0,West,0.97,0.97,1023.37,0.0,0.0,0.0,0.0,IMELBO1849.csv
2023/01/24,01:07 AM,18.78,16.39,86.0,WNW,2.57,3.54,1023.37,0.0,0.0,0.0,0.0,IMELBO1849.csv
2023/01/24,01:14 AM,18.61,15.78,84.0,WNW,3.06,3.54,1023.37,0.0,0.0,0.0,0.0,IMELBO1849.csv
2023/01/24,01:18 AM,18.5,15.39,82.0,NW,2.9,3.54,1023.37,0.0,0.0,0.0,0.0,IMELBO1849.csv
2023/01/24,01:20 AM,18.61,15.5,82.0,WNW,1.45,1.77,1023.37,0.0,0.0,0.0,0.0,IMELBO1849.csv
2023/01/24,01:27 AM,18.61,15.5,82.0,WNW,1.61,2.41,1023.03,0.0,0.0,0.0,0.0,IMELBO1849.csv
2023/01/24,01:34 AM,18.44,15.33,82.0,WNW,4.02,5.47,1023.37,0.0,0.0,0.0,0.0,IMELBO1849.csv
2023/01/24,01:39 AM,18.28,15.28,82.0,NW,3.06,3.54,1023.37,0.0,0.0,0.0,0.0,IMELBO1849.csv
2023/01/24,01:48 AM,18.28,15.39,83.0,WNW,1.77,2.41,1023.37,0.0,0.0,0.0,0.0,IMELBO1849.csv
2023/01/24,01:54 AM,18.28,15.44,83.0,WNW,4.34,5.47,1023.37,0.0,0.0,0.0,0.0,IMELBO1849.csv
2023/01/24,01:59 AM,18.28,15.56,84.0,WNW,3.38,4.51,1023.37,0.0,0.0,0.0,0.0,IMELBO1849.csv
2023/01/24,02:04 AM,18.22,15.5,84.0,WNW,2.25,3.06,1023.03,0.0,0.0,0.0,0.0,IMELBO1849.csv
2023/01/24,02:09 AM,18.22,15.5,84.0,WNW,2.74,4.02,1023.03,0.0,0.0,0.0,0.0,IMELBO1849.csv
2023/01/24,02:14 AM,18.22,15.5,84.0,NW,2.09,3.22,1023.03,0.0,0.0,0.0,0.0,IMELBO1849.csv
2023/01/24,02:19 AM,18.11,15.5,85.0,WNW,2.41,3.38,1023.03,0.0,0.0,0.0,0.0,IMELBO1849.csv
2023/01/24,02:24 AM,18.11,15.5,85.0,WNW,2.09,3.06,1023.03,0.0,0.0,0.0,0.0,IMELBO1849.csv
2023/01/24,02:29 AM,18.11,15.5,85.0,WNW,2.9,4.02,1022.69,0.0,0.0,0.0,0.0,IMELBO1849.csv
2023/01/24,02:34 AM,18.06,15.44,85.0,WNW,1.29,1.77,1022.69,0.0,0.0,0.0,0.0,IMELBO1849.csv
2023/01/24,02:39 AM,18.0,15.33,85.0,WNW,2.41,3.7,1022.69,0.0,0.0,0.0,0.0,IMELBO1849.csv
2023/01/24,02:44 AM,18.0,15.28,84.0,WNW,2.41,3.22,1022.69,0.0,0.0,0.0,0.0,IMELBO1849.csv
2023/01/24,02:49 AM,17.89,15.11,83.0,WNW,1.13,1.93,1022.69,0.0,0.0,0.0,0.0,IMELBO1849.csv
2023/01/24,02:54 AM,17.89,15.0,83.0,WNW,0.97,1.93,1022.69,0.0,0.0,0.0,0.0,IMELBO1849.csv
2023/01/24,02:59 AM,17.78,14.89,83.0,NW,0.97,1.77,1022.69,0.0,0.0,0.0,0.0,IMELBO1849.csv
2023/01/24,03:04 AM,17.78,14.89,83.0,NW,0.8,1.29,1022.69,0.0,0.0,0.0,0.0,IMELBO1849.csv
2023/01/24,03:09 AM,17.78,14.83,83.0,NW,0.16,0.32,1022.69,0.0,0.0,0.0,0.0,IMELBO1849.csv
2023/01/24,03:14 AM,17.72,14.94,84.0,NW,0.64,1.45,1022.69,0.0,0.0,0.0,0.0,IMELBO1849.csv
2023/01/24,03:19 AM,17.56,14.83,84.0,NNW,0.8,1.45,1022.69,0.0,0.0,0.0,0.0,IMELBO1849.csv
2023/01/24,03:24 AM,17.39,14.72,84.0,NNW,0.8,0.97,1022.69,0.0,0.0,0.0,0.0,IMELBO1849.csv
2023/01/24,03:29 AM,17.28,14.61,84.0,NNW,0.16,0.48,1022.69,0.0,0.0,0.0,0.0,IMELBO1849.csv
2023/01/24,03:34 AM,17.22,14.56,84.0,NNW,0.0,0.16,1022.69,0.0,0.0,0.0,0.0,IMELBO1849.csv
2023/01/24,03:39 AM,17.17,14.44,84.0,NNW,0.0,0.0,1022.35,0.0,0.0,0.0,0.0,IMELBO1849.csv
2023/01/24,03:44 AM,17.11,14.5,85.0,NNW,0.0,0.0,1022.35,0.0,0.0,0.0,0.0,IMELBO1849.csv
2023/01/24,03:49 AM,17.06,14.56,85.0,NNW,0.0,0.0,1022.35,0.0,0.0,0.0,0.0,IMELBO1849.csv
2023/01/24,03:54 AM,16.94,14.44,85.0,NNW,0.0,0.0,1022.35,0.0,0.0,0.0,0.0,IMELBO1849.csv
2023/01/24,03:59 AM,16.78,14.28,85.0,NNW,0.0,0.0,1022.35,0.0,0.0,0.0,0.0,IMELBO1849.csv
2023/01/24,04:04 AM,16.78,14.44,86.0,NNW,0.0,0.0,1022.35,0.0,0.0,0.0,0.0,IMELBO1849.csv
2023/01/24,04:09 AM,16.83,14.56,86.0,NNW,0.32,0.8,1022.35,0.0,0.0,0.0,0.0,IMELBO1849.csv
2023/01/24,04:14 AM,16.89,14.61,86.0,NNW,0.16,0.32,1022.35,0.0,0.0,0.0,0.0,IMELBO1849.csv
2023/01/24,04:19 AM,17.0,14.72,86.0,NNW,0.32,0.48,1022.35,0.0,0.0,0.0,0.0,IMELBO1849.csv
2023/01/24,04:24 AM,17.0,14.72,86.0,,2.25,3.22,1022.69,0.0,0.0,0.0,0.0,IMELBO1849.csv
2023/01/24,04:29 AM,16.78,14.5,86.0,NNE,2.25,3.06,1022.35,0.0,0.0,0.0,0.0,IMELBO1849.csv
2023/01/24,04:34 AM,16.67,14.33,86.0,North,1.13,1.61,1022.35,0.0,0.0,0.0,0.0,IMELBO1849.csv
2023/01/24,04:39 AM,16.56,14.22,86.0,NNW,0.32,0.8,1022.35,0.0,0.0,0.0,0.0,IMELBO1849.csv
2023/01/24,04:44 AM,16.39,14.06,86.0,North,0.64,1.13,1022.69,0.0,0.0,0.0,0.0,IMELBO1849.csv
2023/01/24,04:49 AM,16.28,13.94,86.0,NNE,0.48,1.29,1022.35,0.0,0.0,0.0,0.0,IMELBO1849.csv
2023/01/24,04:54 AM,16.22,13.89,86.0,NNE,0.32,0.97,1022.69,0.0,0.0,0.0,0.0,IMELBO1849.csv
2023/01/24,04:59 AM,16.22,13.89,86.0,NNW,0.0,0.0,1022.35,0.0,0.0,0.0,0.0,IMELBO1849.csv
2023/01/24,05:04 AM,16.06,13.78,86.0,NNW,0.0,0.0,1022.35,0.0,0.0,0.0,0.0,IMELBO1849.csv
2023/01/24,05:09 AM,16.0,13.72,86.0,NNE,1.13,1.45,1022.69,0.0,0.0,0.0,0.0,IMELBO1849.csv
2023/01/24,05:14 AM,16.0,13.72,86.0,North,1.61,2.25,1022.69,0.0,0.0,0.0,0.0,IMELBO1849.csv
2023/01/24,05:19 AM,16.0,13.72,86.0,,0.64,1.29,1022.69,0.0,0.0,0.0,0.0,IMELBO1849.csv
2023/01/24,05:24 AM,16.0,13.72,86.0,NNW,0.0,0.16,1022.69,0.0,0.0,0.0,0.0,IMELBO1849.csv
2023/01/24,05:29 AM,15.94,13.67,86.0,North,0.97,1.45,1022.69,0.0,0.0,0.0,0.0,IMELBO1849.csv
2023/01/24,05:34 AM,16.0,13.72,86.0,North,1.13,1.77,1022.69,0.0,0.0,0.0,0.0,IMELBO1849.csv
2023/01/24,05:39 AM,16.0,13.72,86.0,,1.77,2.25,1022.69,0.0,0.0,0.0,0.0,IMELBO1849.csv
2023/01/24,05:44 AM,16.0,13.72,86.0,,1.45,2.09,1022.69,0.0,0.0,0.0,0.0,IMELBO1849.csv
2023/01/24,05:49 AM,16.0,13.72,86.0,North,1.93,2.9,1022.69,0.0,0.0,0.0,0.0,IMELBO1849.csv
2023/01/24,05:54 AM,16.0,13.72,86.0,North,2.74,3.7,1022.69,0.0,0.0,0.0,0.0,IMELBO1849.csv
2023/01/24,05:59 AM,15.94,13.67,86.0,NNE,0.64,1.13,1022.69,0.0,0.0,0.0,0.0,IMELBO1849.csv
2023/01/24,06:04 AM,15.89,13.67,87.0,NE,0.32,0.48,1022.69,0.0,0.0,0.0,0.0,IMELBO1849.csv
2023/01/24,06:09 AM,15.78,13.72,87.0,NE,0.0,0.16,1022.69,0.0,0.0,0.0,0.0,IMELBO1849.csv
2023/01/24,06:14 AM,15.72,13.61,87.0,NE,0.0,0.0,1022.69,0.0,0.0,0.0,0.0,IMELBO1849.csv
2023/01/24,06:19 AM,15.67,13.56,87.0,NE,0.0,0.0,1022.69,0.0,0.0,0.0,0.4,IMELBO1849.csv
2023/01/24,06:24 AM,15.67,13.56,87.0,NE,0.0,0.0,1022.69,0.0,0.0,0.0,2.1,IMELBO1849.csv
2023/01/24,06:29 AM,15.72,13.67,88.0,NE,0.0,0.0,1022.69,0.0,0.0,0.0,3.4,IMELBO1849.csv
2023/01/24,06:34 AM,15.72,13.67,88.0,North,0.48,0.97,1022.69,0.0,0.0,0.0,6.9,IMELBO1849.csv
2023/01/24,06:39 AM,15.83,13.72,87.0,NNW,0.64,1.45,1022.69,0.0,0.0,0.0,11.6,IMELBO1849.csv
2023/01/24,06:44 AM,16.06,13.94,87.0,,0.97,1.61,1022.69,0.0,0.0,0.0,17.3,IMELBO1849.csv
2023/01/24,06:49 AM,16.22,13.94,86.0,North,1.61,2.09,1022.69,0.0,0.0,0.0,19.5,IMELBO1849.csv
2023/01/24,06:54 AM,16.39,13.94,85.0,NNE,1.93,2.57,1023.03,0.0,0.0,0.0,23.4,IMELBO1849.csv
2023/01/24,06:59 AM,16.61,14.06,85.0,NNE,1.93,2.74,1022.69,0.0,0.0,0.0,27.3,IMELBO1849.csv
2023/01/24,07:04 AM,16.72,14.0,84.0,North,2.41,3.06,1022.69,0.0,0.0,0.0,36.0,IMELBO1849.csv
2023/01/24,07:09 AM,16.72,14.0,84.0,North,1.45,2.25,1022.69,0.0,0.0,0.0,43.3,IMELBO1849.csv
2023/01/24,07:14 AM,16.78,14.11,84.0,,1.61,2.41,1023.03,0.0,0.0,0.0,45.9,IMELBO1849.csv
2023/01/24,07:19 AM,16.83,14.06,83.0,NNE,1.45,2.25,1023.03,0.0,0.0,0.0,45.5,IMELBO1849.csv
2023/01/24,07:24 AM,17.06,14.17,83.0,NNE,1.45,2.25,1023.03,0.0,0.0,0.0,39.0,IMELBO1849.csv
2023/01/24,07:29 AM,17.11,14.06,82.0,NW,0.8,1.77,1023.37,0.0,0.0,0.0,52.5,IMELBO1849.csv
2023/01/24,07:34 AM,17.22,14.11,82.0,NW,1.29,1.77,1023.37,0.0,0.0,0.0,56.3,IMELBO1849.csv
2023/01/24,07:39 AM,17.22,14.11,82.0,NNW,1.45,2.25,1023.37,0.0,0.0,0.0,44.2,IMELBO1849.csv
2023/01/24,07:44 AM,17.17,14.06,82.0,NNE,0.8,1.45,1023.37,0.0,0.0,0.0,49.4,IMELBO1849.csv
2023/01/24,07:49 AM,17.22,13.94,81.0,NNE,0.8,1.45,1023.37,0.0,0.0,0.0,59.3,IMELBO1849.csv
2023/01/24,07:54 AM,17.28,14.0,81.0,NNW,0.8,1.61,1023.37,0.0,0.0,1.0,144.9,IMELBO1849.csv
2023/01/24,07:59 AM,17.67,14.22,80.0,NW,0.32,0.97,1023.37,0.0,0.0,1.0,167.0,IMELBO1849.csv
2023/01/24,08:04 AM,18.61,14.33,76.0,,1.29,1.77,1023.37,0.0,0.0,1.0,190.0,IMELBO1849.csv
2023/01/24,08:09 AM,19.11,14.5,75.0,WNW,2.09,3.38,1023.71,0.0,0.0,1.0,200.4,IMELBO1849.csv
2023/01/24,08:14 AM,19.22,14.56,74.0,NW,1.29,2.25,1023.71,0.0,0.0,2.0,209.1,IMELBO1849.csv
2023/01/24,08:19 AM,19.44,14.72,74.0,WNW,1.45,1.93,1023.71,0.0,0.0,2.0,212.5,IMELBO1849.csv
2023/01/24,08:24 AM,19.61,14.89,74.0,WNW,4.99,6.6,1024.04,0.0,0.0,1.0,198.2,IMELBO1849.csv
2023/01/24,08:29 AM,19.56,15.06,75.0,WNW,2.74,4.02,1024.04,0.0,0.0,1.0,191.2,IMELBO1849.csv
2023/01/24,08:34 AM,19.67,15.28,76.0,WNW,1.77,3.06,1023.71,0.0,0.0,1.0,197.3,IMELBO1849.csv
2023/01/24,08:39 AM,19.72,15.44,77.0,West,2.25,3.7,1023.71,0.0,0.0,1.0,188.6,IMELBO1849.csv
2023/01/24,08:44 AM,19.78,15.67,77.0,SW,2.74,3.54,1023.71,0.0,0.0,1.0,147.1,IMELBO1849.csv
2023/01/24,08:49 AM,19.72,15.61,77.0,WSW,1.61,2.57,1024.04,0.0,0.0,1.0,141.8,IMELBO1849.csv
2023/01/24,08:54 AM,19.72,15.33,76.0,WSW,1.77,2.74,1024.04,0.0,0.0,1.0,133.1,IMELBO1849.csv
2023/01/24,08:59 AM,19.78,15.33,76.0,WSW,1.61,2.74,1024.04,0.0,0.0,1.0,176.5,IMELBO1849.csv
2023/01/24,09:04 AM,20.22,15.56,74.0,West,1.45,2.57,1024.04,0.0,0.0,3.0,351.7,IMELBO1849.csv
2023/01/24,09:09 AM,20.72,15.61,72.0,WSW,2.09,3.38,1024.04,0.0,0.0,3.0,403.3,IMELBO1849.csv
2023/01/24,09:14 AM,21.17,15.72,71.0,WSW,1.93,3.06,1024.04,0.0,0.0,4.0,490.6,IMELBO1849.csv
2023/01/24,09:19 AM,21.89,16.06,69.0,WNW,1.45,2.41,1024.04,0.0,0.0,3.0,339.6,IMELBO1849.csv
2023/01/24,09:24 AM,22.5,16.11,67.0,WNW,1.93,3.06,1024.04,0.0,0.0,4.0,500.6,IMELBO1849.csv
2023/01/24,09:29 AM,22.61,16.28,67.0,WNW,2.9,4.18,1024.04,0.0,0.0,3.0,344.4,IMELBO1849.csv
2023/01/24,09:34 AM,22.22,16.78,71.0,WNW,2.41,3.7,1023.71,1.78,0.25,1.0,159.2,IMELBO1849.csv
2023/01/24,09:39 AM,21.44,17.0,76.0,WNW,2.9,4.51,1024.04,6.1,1.02,1.0,113.2,IMELBO1849.csv
2023/01/24,09:44 AM,20.44,16.61,78.0,NNW,1.13,1.77,1023.71,10.92,2.03,0.0,94.9,IMELBO1849.csv
2023/01/24,09:49 AM,20.0,16.39,79.0,NNE,2.57,3.22,1023.71,10.92,2.29,1.0,105.8,IMELBO1849.csv
2023/01/24,09:54 AM,19.5,16.0,80.0,NE,1.45,1.77,1023.71,7.87,2.29,1.0,134.8,IMELBO1849.csv
2023/01/24,09:59 AM,19.67,16.22,81.0,North,0.0,0.0,1023.71,1.27,2.29,1.0,162.2,IMELBO1849.csv
2023/01/24,10:04 AM,19.89,16.5,81.0,,0.16,0.48,1023.71,0.0,2.29,2.0,211.6,IMELBO1849.csv
2023/01/24,10:09 AM,20.22,16.89,81.0,NNW,0.0,0.32,1023.71,0.0,2.29,2.0,250.7,IMELBO1849.csv
2023/01/24,10:14 AM,20.56,17.06,81.0,NW,1.29,1.93,1023.71,0.0,2.29,2.0,291.9,IMELBO1849.csv
2023/01/24,10:19 AM,21.06,17.17,79.0,NNE,1.13,1.77,1023.71,0.0,2.29,2.0,302.8,IMELBO1849.csv
2023/01/24,10:24 AM,21.33,17.0,76.0,NW,1.29,1.93,1023.71,0.0,2.29,3.0,319.2,IMELBO1849.csv
2023/01/24,10:29 AM,21.94,17.17,74.0,,1.45,2.09,1023.71,0.0,2.29,5.0,575.6,IMELBO1849.csv
2023/01/24,10:34 AM,22.67,17.17,71.0,NNE,2.09,2.74,1023.37,0.0,2.29,6.0,700.5,IMELBO1849.csv
2023/01/24,10:39 AM,23.83,17.61,68.0,NNE,1.61,2.09,1023.37,0.0,2.29,6.0,682.4,IMELBO1849.csv
2023/01/24,10:44 AM,24.28,17.33,65.0,NNW,1.61,2.25,1023.37,0.0,2.29,3.0,396.0,IMELBO1849.csv
2023/01/24,10:49 AM,24.17,17.06,65.0,North,0.97,1.45,1023.37,0.0,2.29,2.0,298.0,IMELBO1849.csv
2023/01/24,10:54 AM,24.33,17.06,64.0,NNW,1.77,2.74,1023.37,0.0,2.29,3.0,323.1,IMELBO1849.csv
2023/01/24,10:59 AM,24.28,16.5,62.0,NW,3.22,4.83,1023.37,0.0,2.29,3.0,342.2,IMELBO1849.csv
2023/01/24,11:04 AM,24.28,16.06,60.0,NW,2.9,4.67,1023.37,0.0,2.29,3.0,342.2,IMELBO1849.csv
2023/01/24,11:09 AM,24.44,15.83,59.0,NW,3.54,4.99,1023.37,0.0,2.29,3.0,338.3,IMELBO1849.csv
2023/01/24,11:14 AM,24.56,16.06,59.0,WNW,3.22,4.99,1023.37,0.0,2.29,3.0,325.8,IMELBO1849.csv
2023/01/24,11:19 AM,24.61,15.78,58.0,NW,4.18,5.79,1023.37,0.0,2.29,2.0,282.4,IMELBO1849.csv
2023/01/24,11:24 AM,24.5,15.44,57.0,WNW,6.6,9.17,1023.37,0.0,2.29,2.0,283.2,IMELBO1849.csv
2023/01/24,11:29 AM,24.5,15.44,57.0,NW,6.92,9.98,1023.37,0.0,2.29,3.0,310.1,IMELBO1849.csv
2023/01/24,11:34 AM,24.72,15.44,56.0,NW,4.34,6.6,1023.37,0.0,2.29,3.0,321.9,IMELBO1849.csv
2023/01/24,11:39 AM,24.83,15.33,55.0,WNW,6.11,8.37,1023.37,0.0,2.29,3.0,370.4,IMELBO1849.csv
2023/01/24,11:44 AM,25.06,15.22,54.0,WNW,4.99,7.08,1023.37,0.0,2.29,3.0,352.6,IMELBO1849.csv
2023/01/24,11:49 AM,25.22,15.39,55.0,WNW,5.15,6.76,1023.37,0.0,2.29,3.0,369.1,IMELBO1849.csv
2023/01/24,11:54 AM,25.33,15.28,54.0,WNW,3.06,4.67,1023.37,0.0,2.29,3.0,355.3,IMELBO1849.csv
2023/01/24,11:59 AM,25.56,15.33,53.0,WNW,4.67,7.24,1023.37,0.0,2.29,3.0,392.1,IMELBO1849.csv
2023/01/24,12:04 PM,25.5,15.22,53.0,NW,5.63,8.37,1023.37,0.0,2.29,4.0,432.9,IMELBO1849.csv
2023/01/24,12:09 PM,25.72,15.33,53.0,NW,3.06,4.51,1023.37,0.0,2.29,4.0,417.7,IMELBO1849.csv
2023/01/24,12:14 PM,26.11,15.39,52.0,NNW,4.18,6.11,1023.37,0.0,2.29,3.0,361.7,IMELBO1849.csv
2023/01/24,12:19 PM,25.89,15.0,51.0,NW,6.28,8.69,1023.37,0.0,2.29,3.0,357.0,IMELBO1849.csv
2023/01/24,12:24 PM,25.78,14.39,49.0,WNW,6.28,9.49,1023.37,0.0,2.29,3.0,365.2,IMELBO1849.csv
2023/01/24,12:29 PM,25.78,14.22,49.0,NW,5.79,7.72,1023.37,0.0,2.29,3.0,341.8,IMELBO1849.csv
2023/01/24,12:34 PM,25.67,14.06,49.0,WNW,7.56,11.42,1023.37,0.0,2.29,3.0,354.4,IMELBO1849.csv
2023/01/24,12:39 PM,25.72,14.11,49.0,WNW,7.24,9.81,1023.37,0.0,2.29,4.0,419.0,IMELBO1849.csv
2023/01/24,12:44 PM,25.83,14.0,48.0,WNW,6.92,9.65,1023.37,0.0,2.29,4.0,431.6,IMELBO1849.csv
2023/01/24,12:49 PM,25.89,14.22,48.0,WNW,4.99,7.56,1023.37,0.0,2.29,3.0,345.7,IMELBO1849.csv
2023/01/24,12:54 PM,25.89,14.22,48.0,WNW,5.31,7.56,1023.37,0.0,2.29,2.0,296.2,IMELBO1849.csv
2023/01/24,12:59 PM,26.06,14.44,49.0,West,3.06,4.51,1023.37,0.0,2.29,2.0,289.3,IMELBO1849.csv
2023/01/24,01:04 PM,26.17,14.39,48.0,NW,5.31,7.72,1023.37,0.0,2.29,2.0,275.4,IMELBO1849.csv
2023/01/24,01:09 PM,25.83,14.28,49.0,WNW,7.4,10.94,1023.37,0.0,2.29,2.0,255.4,IMELBO1849.csv
2023/01/24,01:14 PM,25.78,14.61,50.0,WNW,5.63,7.72,1023.37,0.0,2.29,2.0,255.4,IMELBO1849.csv
2023/01/24,01:19 PM,25.33,15.0,53.0,WNW,4.34,5.95,1023.37,0.0,2.29,2.0,284.1,IMELBO1849.csv
2023/01/24,01:24 PM,25.44,14.83,52.0,West,2.9,4.18,1023.37,0.0,2.29,3.0,326.1,IMELBO1849.csv
2023/01/24,01:29 PM,25.83,14.83,51.0,NW,4.02,6.11,1023.03,0.0,2.29,3.0,383.9,IMELBO1849.csv
2023/01/24,01:34 PM,26.06,14.72,50.0,NW,7.4,10.94,1023.03,0.0,2.29,4.0,416.8,IMELBO1849.csv
2023/01/24,01:39 PM,25.94,14.39,49.0,WNW,8.04,11.91,1023.03,0.0,2.29,4.0,452.0,IMELBO1849.csv
2023/01/24,01:44 PM,25.89,14.22,49.0,WNW,7.24,10.62,1023.03,0.0,2.29,4.0,489.7,IMELBO1849.csv
2023/01/24,01:49 PM,25.89,14.17,48.0,WNW,9.81,13.52,1022.69,0.0,2.29,5.0,514.1,IMELBO1849.csv
2023/01/24,01:54 PM,25.94,13.83,47.0,NW,6.76,10.14,1022.69,0.0,2.29,7.0,731.3,IMELBO1849.csv
2023/01/24,01:59 PM,26.61,13.78,45.0,NW,5.47,8.04,1022.69,0.0,2.29,7.0,727.0,IMELBO1849.csv
2023/01/24,02:04 PM,27.11,13.78,44.0,WNW,5.95,9.01,1022.69,0.0,2.29,7.0,796.0,IMELBO1849.csv
2023/01/24,02:09 PM,27.28,13.94,44.0,WNW,7.08,9.65,1022.35,0.0,2.29,7.0,820.8,IMELBO1849.csv
2023/01/24,02:14 PM,27.28,14.17,44.0,WNW,6.6,9.81,1022.35,0.0,2.29,7.0,805.6,IMELBO1849.csv
2023/01/24,02:19 PM,27.33,14.0,44.0,WNW,6.6,8.85,1022.35,0.0,2.29,6.0,714.4,IMELBO1849.csv
2023/01/24,02:24 PM,26.94,13.83,45.0,WNW,6.6,8.53,1022.35,0.0,2.29,5.0,609.0,IMELBO1849.csv
2023/01/24,02:29 PM,26.78,13.72,45.0,West,6.11,9.65,1022.35,0.0,2.29,5.0,590.8,IMELBO1849.csv
2023/01/24,02:34 PM,26.67,13.44,44.0,West,4.83,7.56,1022.35,0.0,2.29,5.0,524.8,IMELBO1849.csv
2023/01/24,02:39 PM,26.72,13.0,43.0,West,3.22,4.51,1022.35,0.0,2.29,4.0,440.3,IMELBO1849.csv
2023/01/24,02:44 PM,26.83,12.67,42.0,WNW,5.47,7.72,1022.35,0.0,2.29,3.0,392.9,IMELBO1849.csv
2023/01/24,02:49 PM,26.72,13.11,43.0,WNW,7.56,10.62,1022.01,0.0,2.29,3.0,364.0,IMELBO1849.csv
2023/01/24,02:54 PM,26.56,13.89,46.0,NW,7.56,11.26,1022.35,0.0,2.29,3.0,404.2,IMELBO1849.csv
2023/01/24,02:59 PM,26.67,14.06,46.0,NW,7.08,10.46,1022.01,0.0,2.29,4.0,510.1,IMELBO1849.csv
2023/01/24,03:04 PM,26.78,14.39,46.0,WNW,5.79,7.72,1022.35,0.0,2.29,5.0,538.8,IMELBO1849.csv
2023/01/24,03:09 PM,26.72,14.56,47.0,West,3.06,4.67,1022.35,0.0,2.29,3.0,380.3,IMELBO1849.csv
2023/01/24,03:14 PM,26.83,14.89,48.0,West,3.38,4.83,1022.35,0.0,2.29,3.0,330.5,IMELBO1849.csv
2023/01/24,03:19 PM,26.89,15.33,49.0,WNW,6.28,8.37,1022.35,0.0,2.29,4.0,483.2,IMELBO1849.csv
2023/01/24,03:24 PM,26.78,15.89,51.0,West,6.11,8.69,1022.35,0.0,2.29,4.0,468.4,IMELBO1849.csv
2023/01/24,03:29 PM,26.78,15.28,49.0,West,5.95,9.01,1022.35,0.0,2.29,3.0,403.8,IMELBO1849.csv
2023/01/24,03:34 PM,26.72,14.61,48.0,West,5.31,8.69,1022.69,0.0,2.29,2.0,301.4,IMELBO1849.csv
2023/01/24,03:39 PM,26.61,14.33,47.0,WSW,5.79,8.69,1022.35,0.0,2.29,2.0,298.9,IMELBO1849.csv
2023/01/24,03:44 PM,26.56,14.44,47.0,West,5.63,8.69,1022.35,0.0,2.29,2.0,271.5,IMELBO1849.csv
2023/01/24,03:49 PM,26.33,14.11,47.0,WSW,4.83,7.4,1022.35,0.0,2.29,2.0,208.2,IMELBO1849.csv
2023/01/24,03:54 PM,26.28,14.22,48.0,WSW,4.02,6.28,1022.69,0.0,2.29,1.0,193.1,IMELBO1849.csv
2023/01/24,03:59 PM,26.28,14.44,48.0,WSW,4.18,6.28,1022.69,0.0,2.29,1.0,184.4,IMELBO1849.csv
2023/01/24,04:04 PM,26.11,14.5,49.0,SW,5.15,7.56,1022.35,0.0,2.29,1.0,138.4,IMELBO1849.csv
2023/01/24,04:09 PM,26.22,14.33,48.0,WSW,3.06,4.34,1022.35,0.0,2.29,1.0,121.8,IMELBO1849.csv
2023/01/24,04:14 PM,26.28,14.28,48.0,WSW,2.09,3.7,1022.35,0.0,2.29,1.0,119.3,IMELBO1849.csv
2023/01/24,04:19 PM,26.17,14.06,47.0,West,5.15,7.24,1022.35,0.0,2.29,1.0,133.6,IMELBO1849.csv
2023/01/24,04:24 PM,26.17,14.28,48.0,West,2.41,4.18,1022.35,0.0,2.29,1.0,141.4,IMELBO1849.csv
2023/01/24,04:29 PM,26.33,14.44,48.0,WSW,3.7,5.47,1022.01,0.0,2.29,1.0,159.2,IMELBO1849.csv
2023/01/24,04:34 PM,26.17,14.61,49.0,West,3.7,4.99,1022.35,0.0,2.29,1.0,158.7,IMELBO1849.csv
2023/01/24,04:39 PM,26.22,14.89,50.0,West,4.18,5.95,1022.01,0.0,2.29,1.0,188.3,IMELBO1849.csv
2023/01/24,04:44 PM,25.89,15.11,51.0,SW,4.02,4.99,1022.01,0.0,2.29,2.0,256.3,IMELBO1849.csv
2023/01/24,04:49 PM,25.83,15.17,52.0,SW,4.18,5.63,1022.01,0.0,2.29,3.0,337.4,IMELBO1849.csv
2023/01/24,04:54 PM,26.28,15.33,51.0,WSW,3.38,4.99,1022.35,0.0,2.29,6.0,698.8,IMELBO1849.csv
2023/01/24,04:59 PM,26.44,15.44,51.0,SSW,3.54,4.67,1022.01,0.0,2.29,6.0,638.5,IMELBO1849.csv
2023/01/24,05:04 PM,26.78,15.33,49.0,West,1.77,2.74,1022.01,0.0,2.29,8.0,829.4,IMELBO1849.csv
2023/01/24,05:09 PM,27.28,15.28,48.0,SW,5.79,7.88,1022.35,0.0,2.29,8.0,833.3,IMELBO1849.csv
2023/01/24,05:14 PM,27.44,14.67,45.0,WNW,6.11,8.53,1022.35,0.0,2.29,3.0,322.7,IMELBO1849.csv
2023/01/24,05:19 PM,26.83,15.61,50.0,West,8.37,11.91,1022.01,0.0,2.29,2.0,225.1,IMELBO1849.csv
2023/01/24,05:24 PM,26.17,15.72,53.0,SW,4.99,6.6,1022.35,0.0,2.29,1.0,117.9,IMELBO1849.csv
2023/01/24,05:29 PM,25.67,15.67,54.0,WSW,8.04,11.1,1022.35,0.0,2.29,0.0,88.0,IMELBO1849.csv
2023/01/24,05:34 PM,25.0,15.78,57.0,SW,7.56,10.62,1022.69,0.0,2.29,1.0,114.9,IMELBO1849.csv
2023/01/24,05:39 PM,24.5,15.56,57.0,SW,7.4,9.98,1022.69,0.0,2.29,1.0,127.5,IMELBO1849.csv
2023/01/24,05:44 PM,24.56,15.5,57.0,SSW,7.24,9.65,1022.69,0.0,2.29,1.0,139.2,IMELBO1849.csv
2023/01/24,05:49 PM,24.67,15.39,56.0,SW,6.11,8.04,1022.69,0.0,2.29,1.0,136.2,IMELBO1849.csv
2023/01/24,05:54 PM,24.78,15.17,55.0,SW,5.95,8.04,1022.69,0.0,2.29,1.0,171.3,IMELBO1849.csv
2023/01/24,05:59 PM,24.94,15.06,54.0,South,3.22,4.51,1022.69,0.0,2.29,3.0,307.5,IMELBO1849.csv
2023/01/24,06:04 PM,25.39,15.67,55.0,WSW,3.06,4.34,1022.69,0.0,2.29,3.0,327.0,IMELBO1849.csv
2023/01/24,06:09 PM,24.56,17.67,65.0,ESE,6.28,9.17,1022.69,0.0,2.29,3.0,323.1,IMELBO1849.csv
2023/01/24,06:14 PM,23.44,17.39,69.0,ESE,5.15,7.08,1022.69,0.0,2.29,2.0,301.4,IMELBO1849.csv
2023/01/24,06:19 PM,23.28,17.11,68.0,SSE,3.54,5.63,1022.69,0.0,2.29,2.0,297.1,IMELBO1849.csv
2023/01/24,06:24 PM,23.56,16.72,65.0,SE,2.74,4.02,1022.69,0.0,2.29,1.0,201.6,IMELBO1849.csv
2023/01/24,06:29 PM,23.61,16.72,65.0,East,2.09,3.22,1022.69,0.0,2.29,2.0,258.0,IMELBO1849.csv
2023/01/24,06:34 PM,23.72,16.78,65.0,ESE,5.31,7.08,1022.69,0.0,2.29,2.0,286.3,IMELBO1849.csv
2023/01/24,06:39 PM,23.28,17.17,69.0,East,3.54,4.67,1023.03,0.0,2.29,2.0,277.6,IMELBO1849.csv
2023/01/24,06:44 PM,23.17,16.56,67.0,ESE,3.38,4.51,1022.69,0.0,2.29,1.0,191.7,IMELBO1849.csv
2023/01/24,06:49 PM,23.44,15.89,63.0,South,2.09,2.9,1022.69,0.0,2.29,1.0,197.8,IMELBO1849.csv
2023/01/24,06:54 PM,23.78,15.78,61.0,SE,2.57,3.38,1022.69,0.0,2.29,1.0,201.6,IMELBO1849.csv
2023/01/24,06:59 PM,23.61,16.56,65.0,East,4.83,6.44,1022.69,0.0,2.29,2.0,204.3,IMELBO1849.csv
2023/01/24,07:04 PM,22.67,16.28,67.0,East,6.76,8.37,1022.69,0.0,2.29,1.0,173.0,IMELBO1849.csv
2023/01/24,07:09 PM,22.39,16.22,68.0,ESE,4.83,6.6,1022.69,0.0,2.29,1.0,156.6,IMELBO1849.csv
2023/01/24,07:14 PM,22.33,16.0,67.0,ESE,4.67,6.11,1022.69,0.0,2.29,1.0,138.4,IMELBO1849.csv
2023/01/24,07:19 PM,22.28,15.78,66.0,East,4.18,5.15,1022.69,0.0,2.29,1.0,114.0,IMELBO1849.csv
2023/01/24,07:24 PM,22.5,15.56,65.0,ESE,4.51,5.95,1022.69,0.0,2.29,0.0,58.5,IMELBO1849.csv
2023/01/24,07:29 PM,22.39,15.28,64.0,ESE,3.86,4.99,1022.69,0.0,2.29,0.0,55.4,IMELBO1849.csv
2023/01/24,07:34 PM,22.39,15.22,64.0,ESE,3.86,4.99,1022.69,0.0,2.29,0.0,52.8,IMELBO1849.csv
2023/01/24,07:39 PM,22.44,15.06,63.0,ESE,2.57,3.54,1022.69,0.0,2.29,0.0,48.9,IMELBO1849.csv
2023/01/24,07:44 PM,22.44,15.06,63.0,East,3.54,4.67,1022.69,0.0,2.29,0.0,45.9,IMELBO1849.csv
2023/01/24,07:49 PM,22.39,15.0,63.0,East,3.38,4.34,1022.69,0.0,2.29,0.0,41.6,IMELBO1849.csv
2023/01/24,07:54 PM,22.33,15.06,63.0,East,3.06,3.7,1022.69,0.0,2.29,0.0,38.5,IMELBO1849.csv
2023/01/24,07:59 PM,22.28,14.83,63.0,East,3.22,4.02,1022.69,0.0,2.29,0.0,33.4,IMELBO1849.csv
2023/01/24,08:04 PM,22.22,14.78,63.0,East,2.41,3.22,1022.69,0.0,2.29,0.0,29.5,IMELBO1849.csv
2023/01/24,08:09 PM,22.22,14.89,63.0,ENE,1.93,2.74,1022.69,0.0,2.29,0.0,25.9,IMELBO1849.csv
2023/01/24,08:14 PM,22.22,15.11,64.0,ENE,1.61,2.41,1022.69,0.0,2.29,0.0,22.5,IMELBO1849.csv
2023/01/24,08:19 PM,22.22,15.11,64.0,ENE,1.93,2.74,1022.69,0.0,2.29,0.0,18.6,IMELBO1849.csv
2023/01/24,08:24 PM,22.06,15.0,64.0,ENE,1.77,2.41,1022.69,0.0,2.29,0.0,14.3,IMELBO1849.csv
2023/01/24,08:29 PM,21.94,15.0,65.0,ENE,3.22,4.02,1022.69,0.0,2.29,0.0,11.6,IMELBO1849.csv
2023/01/24,08:34 PM,21.83,14.94,65.0,NE,2.74,3.7,1022.69,0.0,2.29,0.0,7.7,IMELBO1849.csv
2023/01/24,08:39 PM,21.78,15.06,66.0,East,3.7,4.99,1022.69,0.0,2.29,0.0,5.6,IMELBO1849.csv
2023/01/24,08:44 PM,21.67,15.17,67.0,NE,2.9,4.02,1022.69,0.0,2.29,0.0,2.6,IMELBO1849.csv
2023/01/24,08:49 PM,21.5,15.11,67.0,NE,1.77,2.41,1023.03,0.0,2.29,0.0,0.4,IMELBO1849.csv
2023/01/24,08:54 PM,21.33,15.28,68.0,ENE,2.09,3.06,1023.03,0.0,2.29,0.0,0.0,IMELBO1849.csv
2023/01/24,08:59 PM,21.22,15.33,69.0,East,1.61,2.41,1023.37,0.0,2.29,0.0,0.0,IMELBO1849.csv
2023/01/24,09:04 PM,21.11,15.39,70.0,ENE,2.74,3.38,1023.37,0.0,2.29,0.0,0.0,IMELBO1849.csv
2023/01/24,09:09 PM,20.94,15.56,71.0,NE,1.61,2.09,1023.37,0.0,2.29,0.0,0.0,IMELBO1849.csv
2023/01/24,09:14 PM,20.78,15.44,71.0,NE,1.45,2.41,1023.71,0.0,2.29,0.0,0.0,IMELBO1849.csv
2023/01/24,09:19 PM,20.72,15.5,72.0,ENE,1.45,1.77,1023.71,0.0,2.29,0.0,0.0,IMELBO1849.csv
2023/01/24,09:24 PM,20.67,15.44,72.0,ENE,2.57,3.22,1023.71,0.0,2.29,0.0,0.0,IMELBO1849.csv
2023/01/24,09:29 PM,20.56,15.39,72.0,ENE,2.09,2.9,1023.71,0.0,2.29,0.0,0.0,IMELBO1849.csv
2023/01/24,09:34 PM,20.44,15.44,73.0,ENE,2.25,3.22,1023.71,0.0,2.29,0.0,0.0,IMELBO1849.csv
2023/01/24,09:39 PM,20.33,15.33,73.0,ENE,2.9,3.7,1023.71,0.0,2.29,0.0,0.0,IMELBO1849.csv
2023/01/24,09:44 PM,20.28,15.39,74.0,ENE,1.61,2.25,1023.71,0.0,2.29,0.0,0.0,IMELBO1849.csv
2023/01/24,09:49 PM,20.17,15.39,74.0,ENE,1.77,2.41,1024.04,0.0,2.29,0.0,0.0,IMELBO1849.csv
2023/01/24,09:54 PM,20.11,15.44,74.0,ENE,1.13,1.77,1024.04,0.0,2.29,0.0,0.0,IMELBO1849.csv
2023/01/24,09:59 PM,19.94,15.44,75.0,ENE,0.48,0.97,1024.38,0.0,2.29,0.0,0.0,IMELBO1849.csv
2023/01/24,10:04 PM,19.89,15.39,75.0,East,2.09,2.9,1024.38,0.0,2.29,0.0,0.0,IMELBO1849.csv
2023/01/24,10:09 PM,19.78,15.39,76.0,East,1.45,2.09,1024.04,0.0,2.29,0.0,0.0,IMELBO1849.csv
2023/01/24,10:14 PM,19.72,15.28,76.0,East,0.97,1.77,1024.38,0.0,2.29,0.0,0.0,IMELBO1849.csv
2023/01/24,10:19 PM,19.56,15.22,76.0,East,0.16,0.32,1024.38,0.0,2.29,0.0,0.0,IMELBO1849.csv
2023/01/24,10:24 PM,19.39,15.11,76.0,East,0.0,0.0,1024.04,0.0,2.29,0.0,0.0,IMELBO1849.csv
2023/01/24,10:29 PM,19.28,15.0,76.0,East,0.48,0.97,1024.38,0.0,2.29,0.0,0.0,IMELBO1849.csv
2023/01/24,10:34 PM,19.28,15.0,76.0,East,0.8,1.13,1024.04,0.0,2.29,0.0,0.0,IMELBO1849.csv
2023/01/24,10:39 PM,19.22,14.89,76.0,East,0.0,0.0,1024.04,0.0,2.29,0.0,0.0,IMELBO1849.csv
2023/01/24,10:44 PM,19.06,14.94,77.0,East,0.0,0.0,1024.04,0.0,2.29,0.0,0.0,IMELBO1849.csv
2023/01/24,10:49 PM,19.0,14.89,77.0,East,0.0,0.0,1024.04,0.0,2.29,0.0,0.0,IMELBO1849.csv
2023/01/24,10:54 PM,18.94,14.83,77.0,East,0.0,0.0,1024.04,0.0,2.29,0.0,0.0,IMELBO1849.csv
2023/01/24,10:59 PM,18.72,14.78,78.0,East,0.0,0.0,1024.04,0.0,2.29,0.0,0.0,IMELBO1849.csv
2023/01/24,11:04 PM,18.61,14.72,78.0,East,0.0,0.0,1024.04,0.0,2.29,0.0,0.0,IMELBO1849.csv
2023/01/24,11:09 PM,18.56,14.78,79.0,East,0.0,0.0,1024.04,0.0,2.29,0.0,0.0,IMELBO1849.csv
2023/01/24,11:14 PM,18.33,14.67,79.0,East,0.0,0.0,1024.04,0.0,2.29,0.0,0.0,IMELBO1849.csv
2023/01/24,11:19 PM,18.39,14.89,80.0,East,0.0,0.0,1024.04,0.0,2.29,0.0,0.0,IMELBO1849.csv
2023/01/24,11:24 PM,18.44,14.89,80.0,East,0.0,0.0,1024.04,0.0,2.29,0.0,0.0,IMELBO1849.csv
2023/01/24,11:29 PM,18.39,14.89,80.0,East,0.0,0.0,1024.04,0.0,2.29,0.0,0.0,IMELBO1849.csv
2023/01/24,11:34 PM,18.33,14.83,80.0,ESE,0.97,1.45,1024.04,0.0,2.29,0.0,0.0,IMELBO1849.csv
2023/01/24,11:39 PM,18.5,15.0,80.0,SE,1.13,1.93,1023.71,0.0,2.29,0.0,0.0,IMELBO1849.csv
2023/01/24,11:44 PM,18.61,15.11,80.0,SSE,0.48,0.97,1024.04,0.0,2.29,0.0,0.0,IMELBO1849.csv
2023/01/24,11:49 PM,18.67,15.28,81.0,SSE,1.61,2.09,1024.04,0.0,2.29,0.0,0.0,IMELBO1849.csv
2023/01/24,11:54 PM,18.72,15.44,81.0,SSW,1.77,2.57,1024.04,0.0,2.29,0.0,0.0,IMELBO1849.csv
2023/01/24,11:59 PM,18.72,15.67,82.0,SSW,1.29,2.09,1024.04,0.0,2.29,0.0,0.0,IMELBO1849.csv
2023/01/25,12:04 AM,18.72,15.61,82.0,SSW,1.61,2.09,1023.71,0.0,0.0,0.0,0.0,IMELBO1849.csv
2023/01/25,12:09 AM,18.67,15.61,82.0,SSW,1.93,2.74,1024.04,0.0,0.0,0.0,0.0,IMELBO1849.csv
2023/01/25,12:14 AM,18.56,15.67,83.0,SSW,1.77,2.41,1024.04,0.0,0.0,0.0,0.0,IMELBO1849.csv
2023/01/25,12:19 AM,18.5,15.61,83.0,SSW,2.57,3.22,1024.04,0.0,0.0,0.0,0.0,IMELBO1849.csv
2023/01/25,12:24 AM,18.5,15.61,83.0,SSW,2.41,3.22,1024.04,0.0,0.0,0.0,0.0,IMELBO1849.csv
2023/01/25,12:29 AM,18.44,15.56,83.0,SSW,1.61,2.25,1024.04,0.0,0.0,0.0,0.0,IMELBO1849.csv
2023/01/25,12:34 AM,18.39,15.44,83.0,SW,2.09,3.06,1024.04,0.0,0.0,0.0,0.0,IMELBO1849.csv
2023/01/25,12:39 AM,18.28,15.5,84.0,SW,2.41,3.38,1024.04,0.0,0.0,0.0,0.0,IMELBO1849.csv
2023/01/25,12:44 AM,18.22,15.44,84.0,SW,1.77,2.41,1024.04,0.0,0.0,0.0,0.0,IMELBO1849.csv
2023/01/25,12:49 AM,18.06,15.33,84.0,SW,1.61,2.25,1024.38,0.0,0.0,0.0,0.0,IMELBO1849.csv
2023/01/25,12:54 AM,17.94,15.33,85.0,SW,0.97,1.93,1024.38,0.0,0.0,0.0,0.0,IMELBO1849.csv
2023/01/25,12:59 AM,17.83,15.22,85.0,SW,1.77,2.9,1024.38,0.0,0.0,0.0,0.0,IMELBO1849.csv
2023/01/25,01:04 AM,17.72,15.28,86.0,SW,3.38,4.02,1024.38,0.0,0.0,0.0,0.0,IMELBO1849.csv
2023/01/25,01:09 AM,17.5,15.11,86.0,West,4.02,5.47,1024.38,0.0,0.0,0.0,0.0,IMELBO1849.csv
2023/01/25,01:14 AM,17.33,15.11,87.0,WNW,2.09,2.74,1024.38,0.0,0.0,0.0,0.0,IMELBO1849.csv
2023/01/25,01:19 AM,17.22,15.0,87.0,West,1.61,2.25,1024.38,0.0,0.0,0.0,0.0,IMELBO1849.csv
2023/01/25,01:24 AM,17.06,14.94,88.0,WNW,3.7,4.99,1024.04,0.0,0.0,0.0,0.0,IMELBO1849.csv
2023/01/25,01:29 AM,16.89,14.89,88.0,WNW,4.18,5.47,1024.04,0.0,0.0,0.0,0.0,IMELBO1849.csv
2023/01/25,01:34 AM,16.89,15.06,89.0,WNW,2.9,3.86,1024.04,0.0,0.0,0.0,0.0,IMELBO1849.csv
2023/01/25,01:39 AM,16.78,15.0,89.0,WNW,2.41,3.38,1024.04,0.0,0.0,0.0,0.0,IMELBO1849.csv
2023/01/25,01:44 AM,16.78,15.0,89.0,WNW,3.38,4.34,1024.04,0.0,0.0,0.0,0.0,IMELBO1849.csv
2023/01/25,01:49 AM,16.72,14.89,89.0,WNW,2.57,3.86,1024.04,0.0,0.0,0.0,0.0,IMELBO1849.csv
2023/01/25,01:54 AM,16.56,14.89,90.0,WNW,2.9,4.34,1024.04,0.0,0.0,0.0,0.0,IMELBO1849.csv
2023/01/25,01:59 AM,16.5,14.89,90.0,WNW,4.34,5.47,1023.71,0.0,0.0,0.0,0.0,IMELBO1849.csv
2023/01/25,02:04 AM,16.5,14.89,90.0,WNW,4.02,4.99,1023.71,0.0,0.0,0.0,0.0,IMELBO1849.csv
2023/01/25,02:09 AM,16.5,14.89,90.0,WNW,3.54,4.34,1023.71,0.0,0.0,0.0,0.0,IMELBO1849.csv
2023/01/25,02:14 AM,16.5,15.11,91.0,WNW,4.18,5.47,1023.71,0.0,0.0,0.0,0.0,IMELBO1849.csv
2023/01/25,02:19 AM,16.5,15.11,91.0,WNW,2.41,3.7,1023.71,0.0,0.0,0.0,0.0,IMELBO1849.csv
2023/01/25,02:24 AM,16.5,15.11,91.0,WNW,2.74,4.02,1023.71,0.0,0.0,0.0,0.0,IMELBO1849.csv
2023/01/25,02:29 AM,16.56,15.17,91.0,WNW,2.74,3.86,1023.71,0.0,0.0,0.0,0.0,IMELBO1849.csv
2023/01/25,02:34 AM,16.61,15.22,91.0,WNW,2.57,3.7,1023.71,0.0,0.0,0.0,0.0,IMELBO1849.csv
2023/01/25,02:39 AM,16.61,15.28,92.0,WNW,2.25,3.06,1023.71,0.0,0.0,0.0,0.0,IMELBO1849.csv
2023/01/25,02:44 AM,16.61,15.28,92.0,WNW,3.22,4.83,1023.71,0.0,0.0,0.0,0.0,IMELBO1849.csv
2023/01/25,02:49 AM,16.61,15.28,92.0,WNW,3.06,4.18,1023.37,0.0,0.0,0.0,0.0,IMELBO1849.csv
2023/01/25,02:54 AM,16.61,15.28,92.0,WNW,2.57,3.7,1023.71,0.0,0.0,0.0,0.0,IMELBO1849.csv
2023/01/25,02:59 AM,16.61,15.28,92.0,WNW,2.9,4.34,1023.37,0.0,0.0,0.0,0.0,IMELBO1849.csv
2023/01/25,03:04 AM,16.61,15.28,92.0,WNW,1.61,2.25,1023.37,0.0,0.0,0.0,0.0,IMELBO1849.csv
2023/01/25,03:09 AM,16.61,15.28,92.0,WNW,1.45,2.09,1023.37,0.0,0.0,0.0,0.0,IMELBO1849.csv
2023/01/25,03:14 AM,16.61,15.28,92.0,WNW,0.16,0.64,1023.71,0.0,0.0,0.0,0.0,IMELBO1849.csv
2023/01/25,03:19 AM,16.5,15.22,92.0,WNW,0.16,0.32,1023.37,0.0,0.0,0.0,0.0,IMELBO1849.csv
2023/01/25,03:24 AM,16.5,15.28,93.0,WNW,0.0,0.32,1023.37,0.0,0.0,0.0,0.0,IMELBO1849.csv
2023/01/25,03:29 AM,16.56,15.33,93.0,WNW,0.16,0.16,1023.37,0.0,0.0,0.0,0.0,IMELBO1849.csv
2023/01/25,03:34 AM,16.61,15.39,93.0,WNW,0.0,0.0,1023.37,0.0,0.0,0.0,0.0,IMELBO1849.csv
2023/01/25,03:39 AM,16.72,15.5,93.0,WNW,0.16,0.64,1023.37,0.0,0.0,0.0,0.0,IMELBO1849.csv
2023/01/25,03:44 AM,16.72,15.5,93.0,WNW,0.0,0.0,1023.37,0.0,0.0,0.0,0.0,IMELBO1849.csv
2023/01/25,03:49 AM,16.78,15.61,93.0,WNW,0.0,0.0,1023.37,0.0,0.0,0.0,0.0,IMELBO1849.csv
2023/01/25,03:54 AM,16.83,15.67,93.0,WNW,0.0,0.0,1023.37,0.0,0.0,0.0,0.0,IMELBO1849.csv
2023/01/25,03:59 AM,16.94,15.72,93.0,WNW,0.0,0.0,1023.37,0.0,0.0,0.0,0.0,IMELBO1849.csv
2023/01/25,04:04 AM,17.0,15.78,93.0,WNW,0.16,0.48,1023.03,0.0,0.0,0.0,0.0,IMELBO1849.csv
2023/01/25,04:09 AM,17.06,15.83,93.0,WNW,0.0,0.16,1023.03,0.0,0.0,0.0,0.0,IMELBO1849.csv
2023/01/25,04:14 AM,17.0,15.78,93.0,WNW,0.16,0.48,1023.03,0.0,0.0,0.0,0.0,IMELBO1849.csv
2023/01/25,04:19 AM,16.94,15.72,93.0,WNW,0.16,0.48,1023.03,0.0,0.0,0.0,0.0,IMELBO1849.csv
2023/01/25,04:24 AM,16.83,15.67,93.0,WNW,0.16,0.48,1023.03,0.0,0.0,0.0,0.0,IMELBO1849.csv
2023/01/25,04:29 AM,16.78,15.56,93.0,WNW,0.0,0.0,1023.37,0.0,0.0,0.0,0.0,IMELBO1849.csv
2023/01/25,04:34 AM,16.72,15.5,93.0,WNW,0.0,0.0,1023.37,0.0,0.0,0.0,0.0,IMELBO1849.csv
2023/01/25,04:39 AM,16.67,15.44,93.0,WNW,0.0,0.0,1023.37,0.0,0.0,0.0,0.0,IMELBO1849.csv
2023/01/25,04:44 AM,16.72,15.5,93.0,WNW,0.0,0.0,1023.37,0.0,0.0,0.0,0.0,IMELBO1849.csv
2023/01/25,04:49 AM,16.78,15.61,93.0,WNW,0.0,0.0,1023.71,0.0,0.0,0.0,0.0,IMELBO1849.csv
2023/01/25,04:54 AM,16.89,15.72,93.0,WNW,0.16,0.32,1023.71,0.0,0.0,0.0,0.0,IMELBO1849.csv
2023/01/25,04:59 AM,16.94,15.78,93.0,WNW,0.0,0.0,1023.71,0.0,0.0,0.0,0.0,IMELBO1849.csv
2023/01/25,05:04 AM,17.0,15.78,93.0,WNW,0.0,0.0,1023.37,0.0,0.0,0.0,0.0,IMELBO1849.csv
2023/01/25,05:09 AM,16.89,15.72,93.0,NW,0.0,0.0,1023.71,0.0,0.0,0.0,0.0,IMELBO1849.csv
2023/01/25,05:14 AM,16.89,15.72,93.0,NW,0.0,0.0,1023.37,0.0,0.0,0.0,0.0,IMELBO1849.csv
2023/01/25,05:19 AM,16.89,15.72,93.0,NW,0.16,0.32,1023.71,0.0,0.0,0.0,0.0,IMELBO1849.csv
2023/01/25,05:24 AM,16.94,15.72,93.0,NW,0.64,1.13,1023.71,0.0,0.0,0.0,0.0,IMELBO1849.csv
2023/01/25,05:29 AM,17.0,15.78,93.0,NW,0.16,0.48,1023.71,0.0,0.0,0.0,0.0,IMELBO1849.csv
2023/01/25,05:34 AM,17.0,15.78,93.0,NNW,1.45,2.09,1023.71,0.0,0.0,0.0,0.0,IMELBO1849.csv
2023/01/25,05:39 AM,17.0,15.78,93.0,NNW,0.64,1.29,1023.71,0.0,0.0,0.0,0.0,IMELBO1849.csv
2023/01/25,05:44 AM,17.0,15.78,93.0,North,1.13,1.93,1023.71,0.0,0.0,0.0,0.0,IMELBO1849.csv
2023/01/25,05:49 AM,16.94,15.78,93.0,NE,1.77,2.57,1023.37,0.0,0.0,0.0,0.0,IMELBO1849.csv
2023/01/25,05:54 AM,16.94,15.72,93.0,NE,1.13,1.61,1023.37,0.0,0.0,0.0,0.0,IMELBO1849.csv
2023/01/25,05:59 AM,16.89,15.72,93.0,NE,1.77,2.74,1023.37,0.0,0.0,0.0,0.0,IMELBO1849.csv
2023/01/25,06:04 AM,16.89,15.72,93.0,NE,1.61,2.25,1023.37,0.0,0.0,0.0,0.0,IMELBO1849.csv
2023/01/25,06:09 AM,16.89,15.72,93.0,NE,1.77,2.25,1023.71,0.0,0.0,0.0,0.0,IMELBO1849.csv
2023/01/25,06:14 AM,16.89,15.67,93.0,NE,0.64,1.13,1023.71,0.0,0.0,0.0,0.0,IMELBO1849.csv
2023/01/25,06:19 AM,16.89,15.61,92.0,NE,0.8,1.61,1023.71,0.0,0.0,0.0,0.0,IMELBO1849.csv
2023/01/25,06:24 AM,16.89,15.61,92.0,NE,0.48,0.8,1023.71,0.0,0.0,0.0,0.0,IMELBO1849.csv
2023/01/25,06:29 AM,17.0,15.72,92.0,NE,0.97,1.45,1023.71,0.0,0.0,0.0,0.9,IMELBO1849.csv
2023/01/25,06:34 AM,17.0,15.72,92.0,NE,0.48,0.8,1023.71,0.0,0.0,0.0,1.7,IMELBO1849.csv
2023/01/25,06:39 AM,17.11,15.78,92.0,NE,1.13,2.25,1023.71,0.0,0.0,0.0,3.4,IMELBO1849.csv
2023/01/25,06:44 AM,17.11,15.78,92.0,NE,1.13,1.77,1023.71,0.0,0.0,0.0,5.6,IMELBO1849.csv
2023/01/25,06:49 AM,17.22,15.89,92.0,NE,2.09,2.57,1023.71,0.0,0.0,0.0,6.9,IMELBO1849.csv
2023/01/25,06:54 AM,17.22,15.89,92.0,NE,2.41,3.22,1023.71,0.0,0.0,0.0,11.6,IMELBO1849.csv
2023/01/25,06:59 AM,17.22,15.89,92.0,NE,2.25,3.06,1023.71,0.0,0.0,0.0,19.5,IMELBO1849.csv
2023/01/25,07:04 AM,17.22,15.83,92.0,NE,1.93,2.74,1023.71,0.0,0.0,0.0,23.9,IMELBO1849.csv
2023/01/25,07:09 AM,17.22,15.78,91.0,NNE,2.09,3.06,1023.71,0.0,0.0,0.0,31.6,IMELBO1849.csv
2023/01/25,07:14 AM,17.28,15.78,91.0,NNE,1.77,2.41,1024.04,0.0,0.0,0.0,45.9,IMELBO1849.csv
2023/01/25,07:19 AM,17.33,15.67,90.0,NE,2.25,3.22,1024.04,0.0,0.0,0.0,56.3,IMELBO1849.csv
2023/01/25,07:24 AM,17.5,15.61,89.0,NE,1.93,2.9,1024.04,0.0,0.0,0.0,70.7,IMELBO1849.csv
2023/01/25,07:29 AM,17.72,15.61,88.0,NNE,2.9,4.02,1024.04,0.0,0.0,0.0,74.1,IMELBO1849.csv
2023/01/25,07:34 AM,17.83,15.61,87.0,NNE,2.74,3.86,1024.04,0.0,0.0,0.0,63.7,IMELBO1849.csv
2023/01/25,07:39 AM,17.89,15.5,86.0,NNE,1.93,2.9,1024.04,0.0,0.0,0.0,65.0,IMELBO1849.csv
2023/01/25,07:44 AM,18.0,15.61,86.0,NNE,2.41,3.38,1024.38,0.0,0.0,0.0,71.9,IMELBO1849.csv
2023/01/25,07:49 AM,18.0,15.61,86.0,NNE,2.09,2.9,1024.04,0.0,0.0,0.0,88.8,IMELBO1849.csv
2023/01/25,07:54 AM,18.0,15.61,86.0,North,3.22,4.18,1024.04,0.0,0.0,0.0,95.4,IMELBO1849.csv
2023/01/25,07:59 AM,18.0,15.5,86.0,NE,4.99,6.44,1024.04,0.0,0.0,1.0,116.6,IMELBO1849.csv
2023/01/25,08:04 AM,18.0,15.56,86.0,NE,5.15,7.24,1024.04,0.0,0.0,1.0,163.9,IMELBO1849.csv
2023/01/25,08:09 AM,18.17,15.56,85.0,NE,4.67,6.28,1024.04,0.0,0.0,1.0,173.0,IMELBO1849.csv
2023/01/25,08:14 AM,18.5,15.67,83.0,ENE,5.63,7.56,1024.04,0.0,0.0,1.0,192.6,IMELBO1849.csv
2023/01/25,08:19 AM,18.83,15.78,82.0,NE,3.38,4.51,1024.04,0.0,0.0,2.0,212.5,IMELBO1849.csv
2023/01/25,08:24 AM,19.28,15.83,81.0,NNE,4.02,5.63,1024.38,0.0,0.0,2.0,227.7,IMELBO1849.csv
2023/01/25,08:29 AM,19.56,16.0,80.0,NE,2.74,3.86,1024.38,0.0,0.0,2.0,241.6,IMELBO1849.csv
2023/01/25,08:34 AM,19.83,16.11,79.0,NNE,4.02,5.31,1024.38,0.0,0.0,2.0,254.2,IMELBO1849.csv
2023/01/25,08:39 AM,19.94,16.11,78.0,North,2.9,4.02,1024.38,0.0,0.0,2.0,267.5,IMELBO1849.csv
2023/01/25,08:44 AM,20.22,16.06,77.0,NNE,3.38,4.67,1024.38,0.0,0.0,2.0,280.1,IMELBO1849.csv
2023/01/25,08:49 AM,20.22,15.94,77.0,NE,4.83,6.44,1024.38,0.0,0.0,2.0,295.8,IMELBO1849.csv
2023/01/25,08:54 AM,20.28,15.94,76.0,NE,4.83,6.76,1024.38,0.0,0.0,3.0,321.9,IMELBO1849.csv
2023/01/25,08:59 AM,20.61,16.11,76.0,ENE,3.38,4.67,1024.38,0.0,0.0,3.0,339.2,IMELBO1849.csv
2023/01/25,09:04 AM,20.83,16.17,75.0,ENE,4.83,6.44,1024.38,0.0,0.0,3.0,360.9,IMELBO1849.csv
2023/01/25,09:09 AM,20.94,16.0,73.0,NE,5.31,7.72,1024.38,0.0,0.0,3.0,383.4,IMELBO1849.csv
2023/01/25,09:14 AM,21.28,15.94,72.0,NE,5.31,7.56,1024.38,0.0,0.0,3.0,392.6,IMELBO1849.csv
2023/01/25,09:19 AM,21.5,16.11,71.0,ENE,5.63,8.21,1024.38,0.0,0.0,4.0,413.7,IMELBO1849.csv
2023/01/25,09:24 AM,21.61,16.17,71.0,ENE,4.18,5.79,1024.38,0.0,0.0,4.0,428.5,IMELBO1849.csv
2023/01/25,09:29 AM,22.06,16.28,70.0,NE,4.51,6.11,1024.38,0.0,0.0,4.0,428.5,IMELBO1849.csv
2023/01/25,09:34 AM,22.22,16.22,69.0,ENE,4.99,6.28,1024.38,0.0,0.0,4.0,458.9,IMELBO1849.csv
2023/01/25,09:39 AM,22.39,16.22,68.0,ENE,5.15,7.4,1024.38,0.0,0.0,4.0,478.0,IMELBO1849.csv
2023/01/25,09:44 AM,22.78,16.39,67.0,ENE,5.31,7.08,1024.38,0.0,0.0,4.0,484.1,IMELBO1849.csv
2023/01/25,09:49 AM,23.0,16.44,66.0,ENE,4.18,5.95,1024.38,0.0,0.0,4.0,489.3,IMELBO1849.csv
2023/01/25,09:54 AM,23.5,16.61,65.0,ENE,4.02,5.47,1024.04,0.0,0.0,4.0,507.1,IMELBO1849.csv
2023/01/25,09:59 AM,23.78,16.72,65.0,East,4.67,6.44,1024.04,0.0,0.0,5.0,519.2,IMELBO1849.csv
2023/01/25,10:04 AM,23.83,16.67,64.0,East,4.99,6.92,1024.04,0.0,0.0,5.0,529.6,IMELBO1849.csv
2023/01/25,10:09 AM,24.22,16.67,63.0,ENE,6.11,7.56,1023.71,0.0,0.0,5.0,531.3,IMELBO1849.csv
2023/01/25,10:14 AM,24.56,16.67,62.0,ENE,3.86,5.31,1024.04,0.0,0.0,5.0,552.2,IMELBO1849.csv
2023/01/25,10:19 AM,24.83,16.72,61.0,ESE,2.57,3.54,1023.71,0.0,0.0,5.0,572.5,IMELBO1849.csv
2023/01/25,10:24 AM,25.44,16.78,59.0,ENE,4.34,6.28,1023.71,0.0,0.0,5.0,574.7,IMELBO1849.csv
2023/01/25,10:29 AM,25.83,16.67,57.0,ENE,2.25,3.38,1023.71,0.0,0.0,5.0,582.6,IMELBO1849.csv
2023/01/25,10:34 AM,26.39,16.61,55.0,ESE,3.22,4.18,1023.71,0.0,0.0,5.0,598.6,IMELBO1849.csv
2023/01/25,10:39 AM,26.61,16.17,53.0,East,2.74,4.34,1023.71,0.0,0.0,5.0,605.9,IMELBO1849.csv
2023/01/25,10:44 AM,27.33,16.33,51.0,,2.74,3.7,1023.37,0.0,0.0,5.0,589.9,IMELBO1849.csv
2023/01/25,10:49 AM,27.83,16.22,49.0,NNW,2.57,3.7,1023.37,0.0,0.0,5.0,599.5,IMELBO1849.csv
2023/01/25,10:54 AM,28.06,15.78,47.0,NNE,3.54,4.67,1023.37,0.0,0.0,6.0,631.1,IMELBO1849.csv
2023/01/25,10:59 AM,28.28,14.83,44.0,NNE,5.15,7.24,1023.37,0.0,0.0,6.0,647.2,IMELBO1849.csv
2023/01/25,11:04 AM,28.39,13.22,39.0,NNW,4.83,6.92,1023.03,0.0,0.0,6.0,665.9,IMELBO1849.csv
2023/01/25,11:09 AM,28.5,13.72,40.0,WNW,3.22,4.67,1023.03,0.0,0.0,6.0,701.8,IMELBO1849.csv
2023/01/25,11:14 AM,29.0,14.11,40.0,NNE,4.34,5.95,1023.03,0.0,0.0,7.0,729.1,IMELBO1849.csv
2023/01/25,11:19 AM,29.22,14.06,40.0,NNW,4.34,6.28,1023.03,0.0,0.0,7.0,756.5,IMELBO1849.csv
2023/01/25,11:24 AM,29.5,14.17,39.0,NNW,6.28,9.33,1023.03,0.0,0.0,7.0,797.3,IMELBO1849.csv
2023/01/25,11:29 AM,29.56,14.0,39.0,WNW,8.37,12.55,1023.03,0.0,0.0,7.0,817.7,IMELBO1849.csv
2023/01/25,11:34 AM,29.67,14.0,38.0,NNW,6.11,8.69,1023.03,0.0,0.0,7.0,793.3,IMELBO1849.csv
2023/01/25,11:39 AM,29.61,14.22,39.0,NNW,8.69,12.71,1023.03,0.0,0.0,7.0,810.4,IMELBO1849.csv
2023/01/25,11:44 AM,29.44,13.89,39.0,NW,7.08,9.81,1023.03,0.0,0.0,7.0,788.2,IMELBO1849.csv
2023/01/25,11:49 AM,29.28,14.0,39.0,NW,6.6,10.14,1022.69,0.0,0.0,7.0,807.7,IMELBO1849.csv
2023/01/25,11:54 AM,29.83,14.06,38.0,NNW,7.56,11.58,1022.69,0.0,0.0,8.0,850.6,IMELBO1849.csv
2023/01/25,11:59 AM,28.94,13.22,38.0,NW,7.08,10.78,1022.69,0.0,0.0,7.0,819.9,IMELBO1849.csv
2023/01/25,12:04 PM,29.17,13.17,37.0,WNW,9.17,13.52,1022.69,0.0,0.0,7.0,813.3,IMELBO1849.csv
2023/01/25,12:09 PM,29.17,13.17,37.0,West,6.28,9.01,1022.69,0.0,0.0,7.0,816.8,IMELBO1849.csv
2023/01/25,12:14 PM,29.56,13.22,37.0,NW,9.65,14.16,1022.69,0.0,0.0,7.0,803.4,IMELBO1849.csv
2023/01/25,12:19 PM,29.89,13.39,36.0,WNW,5.47,8.37,1022.69,0.0,0.0,7.0,786.0,IMELBO1849.csv
2023/01/25,12:24 PM,29.61,13.28,37.0,West,6.76,10.3,1022.69,0.0,0.0,7.0,777.0,IMELBO1849.csv
2023/01/25,12:29 PM,29.83,13.28,36.0,NW,7.56,11.42,1022.69,0.0,0.0,7.0,793.3,IMELBO1849.csv
2023/01/25,12:34 PM,29.67,13.17,36.0,NW,6.76,9.98,1022.69,0.0,0.0,7.0,817.7,IMELBO1849.csv
2023/01/25,12:39 PM,30.56,13.39,35.0,WNW,5.47,7.88,1022.35,0.0,0.0,8.0,831.2,IMELBO1849.csv
2023/01/25,12:44 PM,30.44,13.78,36.0,WNW,8.69,12.71,1022.35,0.0,0.0,8.0,834.6,IMELBO1849.csv
2023/01/25,12:49 PM,30.28,12.94,35.0,West,8.04,11.91,1022.69,0.0,0.0,8.0,874.5,IMELBO1849.csv
2023/01/25,12:54 PM,30.06,13.11,35.0,West,5.47,8.37,1022.35,0.0,0.0,8.0,859.3,IMELBO1849.csv
2023/01/25,12:59 PM,29.61,12.33,35.0,WNW,8.69,12.71,1022.35,0.0,0.0,8.0,846.3,IMELBO1849.csv
2023/01/25,01:04 PM,30.56,13.11,34.0,West,6.92,10.14,1022.35,0.0,0.0,8.0,846.7,IMELBO1849.csv
2023/01/25,01:09 PM,30.94,13.33,34.0,WNW,5.47,9.33,1022.35,0.0,0.0,8.0,846.3,IMELBO1849.csv
2023/01/25,01:14 PM,31.22,13.56,34.0,NW,5.95,9.01,1022.35,0.0,0.0,8.0,864.5,IMELBO1849.csv
2023/01/25,01:19 PM,31.17,13.83,35.0,WNW,6.92,10.46,1022.35,0.0,0.0,8.0,864.9,IMELBO1849.csv
2023/01/25,01:24 PM,30.78,13.33,34.0,WNW,8.04,11.42,1022.35,0.0,0.0,8.0,894.9,IMELBO1849.csv
2023/01/25,01:29 PM,31.22,13.17,33.0,WNW,6.92,10.14,1022.01,0.0,0.0,8.0,871.5,IMELBO1849.csv
2023/01/25,01:34 PM,30.89,12.06,32.0,WNW,9.49,14.48,1022.35,0.0,0.0,8.0,846.3,IMELBO1849.csv
2023/01/25,01:39 PM,31.28,12.22,31.0,WNW,5.47,7.72,1022.35,0.0,0.0,8.0,863.7,IMELBO1849.csv
2023/01/25,01:44 PM,31.39,12.94,32.0,WNW,6.92,10.3,1022.01,0.0,0.0,9.0,925.7,IMELBO1849.csv
2023/01/25,01:49 PM,31.44,13.0,32.0,,5.31,8.04,1022.01,0.0,0.0,8.0,878.4,IMELBO1849.csv
2023/01/25,01:54 PM,31.78,12.83,32.0,WNW,6.28,9.17,1022.01,0.0,0.0,8.0,862.8,IMELBO1849.csv
2023/01/25,01:59 PM,31.61,12.67,31.0,WNW,5.79,9.01,1022.01,0.0,0.0,8.0,886.2,IMELBO1849.csv
2023/01/25,02:04 PM,31.78,12.11,30.0,WNW,7.56,11.75,1022.01,0.0,0.0,8.0,915.3,IMELBO1849.csv
2023/01/25,02:09 PM,31.89,12.28,30.0,WNW,8.85,13.35,1022.01,0.0,0.0,8.0,924.4,IMELBO1849.csv
2023/01/25,02:14 PM,31.78,12.5,31.0,WNW,6.11,9.49,1022.01,0.0,0.0,8.0,883.1,IMELBO1849.csv
2023/01/25,02:19 PM,31.94,12.28,30.0,West,6.92,9.65,1022.01,0.0,0.0,8.0,926.6,IMELBO1849.csv
2023/01/25,02:24 PM,31.83,12.56,31.0,West,4.67,7.4,1021.67,0.0,0.0,9.0,934.4,IMELBO1849.csv
2023/01/25,02:29 PM,32.28,13.11,31.0,WNW,7.72,11.91,1022.01,0.0,0.0,9.0,957.4,IMELBO1849.csv
2023/01/25,02:34 PM,31.72,13.22,32.0,NW,9.17,13.84,1022.01,0.0,0.0,4.0,447.3,IMELBO1849.csv
2023/01/25,02:39 PM,30.78,12.72,33.0,NW,3.7,5.63,1022.01,0.0,0.0,9.0,943.1,IMELBO1849.csv
2023/01/25,02:44 PM,32.06,13.0,31.0,WNW,3.7,5.79,1022.01,0.0,0.0,9.0,950.4,IMELBO1849.csv
2023/01/25,02:49 PM,31.89,13.0,32.0,NNW,6.76,9.65,1022.01,0.0,0.0,8.0,924.9,IMELBO1849.csv
2023/01/25,02:54 PM,31.89,12.83,31.0,WNW,10.94,16.41,1021.67,0.0,0.0,8.0,914.8,IMELBO1849.csv
2023/01/25,02:59 PM,31.11,12.44,32.0,NW,7.4,10.62,1021.67,0.0,0.0,8.0,844.6,IMELBO1849.csv
2023/01/25,03:04 PM,32.22,12.78,31.0,West,6.76,10.3,1021.67,0.0,0.0,8.0,831.5,IMELBO1849.csv
2023/01/25,03:09 PM,32.17,12.67,30.0,WNW,9.65,15.61,1021.67,0.0,0.0,8.0,884.0,IMELBO1849.csv
2023/01/25,03:14 PM,32.17,12.56,30.0,NNW,6.44,8.85,1021.33,0.0,0.0,9.0,948.7,IMELBO1849.csv
2023/01/25,03:19 PM,31.5,12.5,31.0,NW,5.47,7.4,1021.33,0.0,0.0,8.0,874.5,IMELBO1849.csv
2023/01/25,03:24 PM,31.28,12.56,32.0,NW,7.56,11.1,1021.33,0.0,0.0,9.0,940.9,IMELBO1849.csv
2023/01/25,03:29 PM,32.22,12.83,31.0,NW,5.63,8.37,1021.33,0.0,0.0,9.0,934.4,IMELBO1849.csv
2023/01/25,03:34 PM,32.67,13.39,31.0,NNW,7.4,10.94,1021.33,0.0,0.0,9.0,927.4,IMELBO1849.csv
2023/01/25,03:39 PM,32.06,13.28,32.0,North,4.67,5.95,1021.33,0.0,0.0,9.0,960.8,IMELBO1849.csv
2023/01/25,03:44 PM,31.83,13.39,32.0,WNW,8.69,13.03,1021.33,0.0,0.0,3.0,381.7,IMELBO1849.csv
2023/01/25,03:49 PM,31.11,13.11,33.0,NW,5.79,9.33,1021.33,0.0,0.0,4.0,510.5,IMELBO1849.csv
2023/01/25,03:54 PM,31.17,13.11,33.0,NW,6.6,9.49,1021.33,0.0,0.0,8.0,909.2,IMELBO1849.csv
2023/01/25,03:59 PM,31.94,13.33,32.0,WNW,5.63,8.37,1021.0,0.0,0.0,8.0,868.5,IMELBO1849.csv
2023/01/25,04:04 PM,32.5,13.67,32.0,,4.34,6.11,1021.0,0.0,0.0,8.0,908.3,IMELBO1849.csv
2023/01/25,04:09 PM,32.72,14.39,33.0,NW,8.37,12.87,1021.0,0.0,0.0,8.0,903.6,IMELBO1849.csv
2023/01/25,04:14 PM,31.17,16.67,42.0,SSW,10.46,15.29,1021.0,0.0,0.0,8.0,911.8,IMELBO1849.csv
2023/01/25,04:19 PM,29.5,16.94,47.0,SW,10.46,14.64,1021.0,0.0,0.0,8.0,826.4,IMELBO1849.csv
2023/01/25,04:24 PM,28.17,16.78,50.0,SW,9.33,12.71,1021.0,0.0,0.0,5.0,574.7,IMELBO1849.csv
2023/01/25,04:29 PM,27.61,17.0,52.0,SW,10.3,13.52,1021.0,0.0,0.0,3.0,400.4,IMELBO1849.csv
2023/01/25,04:34 PM,27.33,17.17,54.0,SSW,7.72,10.78,1021.0,0.0,0.0,8.0,872.4,IMELBO1849.csv
2023/01/25,04:39 PM,27.61,17.22,53.0,SE,5.63,8.21,1021.0,0.0,0.0,6.0,687.5,IMELBO1849.csv
2023/01/25,04:44 PM,27.56,16.83,52.0,SSW,5.15,7.4,1021.0,0.0,0.0,7.0,819.9,IMELBO1849.csv
2023/01/25,04:49 PM,28.17,16.83,50.0,South,7.4,10.3,1021.0,0.0,0.0,8.0,837.6,IMELBO1849.csv
2023/01/25,04:54 PM,28.67,17.06,49.0,SSE,5.47,8.21,1021.0,0.0,0.0,7.0,779.5,IMELBO1849.csv
2023/01/25,04:59 PM,28.94,17.06,49.0,SSW,6.44,8.53,1021.0,0.0,0.0,7.0,771.2,IMELBO1849.csv
2023/01/25,05:04 PM,29.0,16.89,48.0,South,5.15,7.08,1021.0,0.0,0.0,4.0,500.6,IMELBO1849.csv
2023/01/25,05:09 PM,28.67,16.61,48.0,SE,3.06,4.67,1021.0,0.0,0.0,7.0,733.5,IMELBO1849.csv
2023/01/25,05:14 PM,28.78,16.83,48.0,South,4.51,6.11,1021.0,0.0,0.0,7.0,743.9,IMELBO1849.csv
2023/01/25,05:19 PM,29.0,16.61,47.0,ESE,3.38,4.83,1021.0,0.0,0.0,6.0,678.0,IMELBO1849.csv
2023/01/25,05:24 PM,29.17,17.0,48.0,SE,2.9,4.34,1020.66,0.0,0.0,1.0,145.7,IMELBO1849.csv
2023/01/25,05:29 PM,29.0,16.61,47.0,South,3.54,4.99,1020.66,0.0,0.0,6.0,643.7,IMELBO1849.csv
2023/01/25,05:34 PM,29.61,16.83,46.0,SSE,3.54,5.15,1020.66,0.0,0.0,5.0,593.0,IMELBO1849.csv
2023/01/25,05:39 PM,29.33,16.83,47.0,South,4.34,5.79,1020.66,0.0,0.0,5.0,572.5,IMELBO1849.csv
2023/01/25,05:44 PM,29.39,16.83,47.0,SSE,3.38,4.51,1020.66,0.0,0.0,5.0,521.4,IMELBO1849.csv
2023/01/25,05:49 PM,29.72,16.89,46.0,SSW,3.54,4.83,1020.66,0.0,0.0,4.0,504.0,IMELBO1849.csv
2023/01/25,05:54 PM,29.89,16.67,45.0,SE,3.38,4.67,1020.66,0.0,0.0,4.0,485.8,IMELBO1849.csv
2023/01/25,05:59 PM,29.72,16.67,45.0,ESE,2.57,4.34,1020.32,0.0,0.0,4.0,444.2,IMELBO1849.csv
2023/01/25,06:04 PM,29.78,16.67,45.0,SSE,2.25,3.22,1020.32,0.0,0.0,4.0,430.3,IMELBO1849.csv
2023/01/25,06:09 PM,30.17,16.28,43.0,SSW,3.22,4.18,1020.32,0.0,0.0,3.0,389.9,IMELBO1849.csv
2023/01/25,06:14 PM,29.83,16.28,44.0,ESE,2.74,3.7,1020.32,0.0,0.0,3.0,409.5,IMELBO1849.csv
2023/01/25,06:19 PM,29.72,16.28,44.0,South,5.95,8.04,1020.32,0.0,0.0,3.0,395.1,IMELBO1849.csv
2023/01/25,06:24 PM,29.39,17.22,48.0,SSE,4.99,7.4,1020.32,0.0,0.0,3.0,344.4,IMELBO1849.csv
2023/01/25,06:29 PM,29.17,16.78,47.0,SE,3.7,5.31,1019.98,0.0,0.0,2.0,303.1,IMELBO1849.csv
2023/01/25,06:34 PM,29.11,15.94,45.0,South,2.09,3.22,1020.32,0.0,0.0,2.0,303.6,IMELBO1849.csv
2023/01/25,06:39 PM,29.44,16.0,44.0,SE,3.06,4.02,1020.32,0.0,0.0,2.0,301.0,IMELBO1849.csv
2023/01/25,06:44 PM,29.06,17.39,49.0,SSW,7.56,10.3,1020.32,0.0,0.0,2.0,248.1,IMELBO1849.csv
2023/01/25,06:49 PM,28.39,17.22,51.0,SE,2.57,3.54,1020.32,0.0,0.0,1.0,105.0,IMELBO1849.csv
2023/01/25,06:54 PM,28.5,17.17,50.0,SSE,1.61,2.57,1020.32,0.0,0.0,1.0,129.7,IMELBO1849.csv
2023/01/25,06:59 PM,28.61,17.39,51.0,SSW,3.06,4.18,1020.66,0.0,0.0,1.0,181.7,IMELBO1849.csv
2023/01/25,07:04 PM,28.5,17.28,51.0,SSW,3.7,4.99,1020.32,0.0,0.0,1.0,192.1,IMELBO1849.csv
2023/01/25,07:09 PM,28.67,17.06,49.0,SSE,2.25,3.22,1020.32,0.0,0.0,1.0,187.3,IMELBO1849.csv
2023/01/25,07:14 PM,28.56,18.28,54.0,SSE,8.21,11.91,1020.66,0.0,0.0,1.0,167.9,IMELBO1849.csv
2023/01/25,07:19 PM,26.11,17.89,60.0,South,8.37,11.42,1020.66,0.0,0.0,0.0,71.9,IMELBO1849.csv
2023/01/25,07:24 PM,25.67,17.67,61.0,South,8.37,13.35,1020.66,0.0,0.0,0.0,68.0,IMELBO1849.csv
2023/01/25,07:29 PM,24.94,17.28,63.0,South,8.69,12.55,1021.0,0.0,0.0,0.0,67.7,IMELBO1849.csv
2023/01/25,07:34 PM,24.61,17.56,65.0,SSW,10.78,15.12,1021.0,0.0,0.0,0.0,72.8,IMELBO1849.csv
2023/01/25,07:39 PM,24.0,17.22,66.0,South,6.92,9.98,1021.0,0.0,0.0,0.0,68.5,IMELBO1849.csv
2023/01/25,07:44 PM,23.56,17.28,68.0,South,9.17,13.19,1021.33,0.0,0.0,0.0,61.2,IMELBO1849.csv
2023/01/25,07:49 PM,22.89,17.22,70.0,SSW,9.33,13.68,1021.33,0.0,0.0,0.0,56.8,IMELBO1849.csv
2023/01/25,07:54 PM,22.28,16.89,72.0,SSW,11.42,15.77,1021.67,0.0,0.0,0.0,52.0,IMELBO1849.csv
2023/01/25,07:59 PM,21.72,16.61,73.0,SSW,12.23,16.73,1021.67,0.0,0.0,0.0,41.6,IMELBO1849.csv
2023/01/25,08:04 PM,21.39,16.56,74.0,SSW,8.53,12.71,1021.67,0.0,0.0,0.0,37.2,IMELBO1849.csv
2023/01/25,08:09 PM,21.17,16.28,74.0,SSW,11.26,15.45,1022.01,0.0,0.0,0.0,30.3,IMELBO1849.csv
2023/01/25,08:14 PM,20.56,15.83,74.0,SW,12.71,17.38,1022.35,0.0,0.0,0.0,25.1,IMELBO1849.csv
2023/01/25,08:19 PM,20.33,15.61,74.0,SW,9.17,12.71,1022.35,0.0,0.0,0.0,18.1,IMELBO1849.csv
2023/01/25,08:24 PM,20.22,15.61,75.0,SW,13.84,18.34,1022.69,0.0,0.0,0.0,14.7,IMELBO1849.csv
2023/01/25,08:29 PM,19.94,15.44,75.0,SSW,9.81,14.48,1022.69,0.0,0.0,0.0,10.4,IMELBO1849.csv
2023/01/25,08:34 PM,19.83,15.33,75.0,SSW,12.23,16.57,1023.03,0.0,0.0,0.0,7.7,IMELBO1849.csv
2023/01/25,08:39 PM,19.72,15.22,75.0,SSW,11.26,15.12,1023.03,0.0,0.0,0.0,4.3,IMELBO1849.csv
2023/01/25,08:44 PM,19.72,15.39,76.0,SW,13.19,17.54,1023.37,0.0,0.0,0.0,2.1,IMELBO1849.csv
2023/01/25,08:49 PM,19.61,15.39,77.0,SW,10.14,13.19,1023.37,0.0,0.0,0.0,0.9,IMELBO1849.csv
2023/01/25,08:54 PM,19.44,15.28,77.0,SW,10.46,14.16,1023.71,0.0,0.0,0.0,0.0,IMELBO1849.csv
2023/01/25,08:59 PM,19.39,15.28,77.0,SW,9.17,11.91,1023.71,0.0,0.0,0.0,0.0,IMELBO1849.csv
2023/01/25,09:04 PM,19.33,15.28,77.0,SW,10.3,14.16,1023.71,0.0,0.0,0.0,0.0,IMELBO1849.csv
2023/01/25,09:09 PM,19.22,15.28,78.0,SW,9.98,14.0,1024.04,0.0,0.0,0.0,0.0,IMELBO1849.csv
2023/01/25,09:14 PM,19.22,15.28,78.0,SW,9.01,11.91,1024.04,0.0,0.0,0.0,0.0,IMELBO1849.csv
2023/01/25,09:19 PM,19.17,15.28,78.0,SW,9.65,12.23,1024.38,0.0,0.0,0.0,0.0,IMELBO1849.csv
2023/01/25,09:24 PM,19.22,15.28,78.0,SSW,6.28,8.85,1024.38,0.0,0.0,0.0,0.0,IMELBO1849.csv
2023/01/25,09:29 PM,19.28,15.33,78.0,SW,5.95,7.56,1024.38,0.0,0.0,0.0,0.0,IMELBO1849.csv
2023/01/25,09:34 PM,19.28,15.39,78.0,SW,5.31,7.56,1024.72,0.0,0.0,0.0,0.0,IMELBO1849.csv
2023/01/25,09:39 PM,19.28,15.39,78.0,SW,6.92,8.69,1024.72,0.0,0.0,0.0,0.0,IMELBO1849.csv
2023/01/25,09:44 PM,19.22,15.5,79.0,SW,7.88,10.14,1024.72,0.0,0.0,0.0,0.0,IMELBO1849.csv
2023/01/25,09:49 PM,19.11,15.39,79.0,WSW,6.11,8.69,1024.72,0.0,0.0,0.0,0.0,IMELBO1849.csv
2023/01/25,09:54 PM,18.94,15.44,80.0,SW,8.69,11.75,1025.06,0.0,0.0,0.0,0.0,IMELBO1849.csv
2023/01/25,09:59 PM,18.89,15.39,80.0,SW,8.04,10.3,1025.06,0.0,0.0,0.0,0.0,IMELBO1849.csv
2023/01/25,10:04 PM,18.89,15.39,80.0,SW,6.44,8.69,1025.4,0.0,0.0,0.0,0.0,IMELBO1849.csv
2023/01/25,10:09 PM,18.89,15.39,80.0,SW,6.92,9.65,1025.4,0.0,0.0,0.0,0.0,IMELBO1849.csv
2023/01/25,10:14 PM,18.83,15.33,80.0,SSW,8.85,11.42,1025.4,0.0,0.0,0.0,0.0,IMELBO1849.csv
2023/01/25,10:19 PM,18.78,15.39,80.0,SSW,6.44,8.53,1025.4,0.0,0.0,0.0,0.0,IMELBO1849.csv
2023/01/25,10:24 PM,18.89,15.39,80.0,SW,6.11,8.37,1025.4,0.0,0.0,0.0,0.0,IMELBO1849.csv
2023/01/25,10:29 PM,18.89,15.39,80.0,SW,5.79,8.04,1025.4,0.0,0.0,0.0,0.0,IMELBO1849.csv
2023/01/25,10:34 PM,18.83,15.39,80.0,SW,6.76,9.17,1025.4,0.0,0.0,0.0,0.0,IMELBO1849.csv
2023/01/25,10:39 PM,18.78,15.5,81.0,SW,5.15,6.76,1025.4,0.0,0.0,0.0,0.0,IMELBO1849.csv
2023/01/25,10:44 PM,18.83,15.39,80.0,SSW,4.83,6.6,1025.4,0.0,0.0,0.0,0.0,IMELBO1849.csv
2023/01/25,10:49 PM,18.78,15.28,80.0,SW,6.6,9.33,1025.74,0.0,0.0,0.0,0.0,IMELBO1849.csv
2023/01/25,10:54 PM,18.67,15.17,80.0,SW,5.47,7.08,1025.4,0.0,0.0,0.0,0.0,IMELBO1849.csv
2023/01/25,10:59 PM,18.61,15.11,80.0,SSW,6.6,8.53,1025.4,0.0,0.0,0.0,0.0,IMELBO1849.csv
2023/01/25,11:04 PM,18.44,15.11,81.0,SW,5.15,6.92,1025.4,0.0,0.0,0.0,0.0,IMELBO1849.csv
2023/01/25,11:09 PM,18.39,15.11,81.0,SW,4.34,5.79,1025.4,0.0,0.0,0.0,0.0,IMELBO1849.csv
2023/01/25,11:14 PM,18.33,15.06,81.0,SW,2.9,4.02,1025.4,0.0,0.0,0.0,0.0,IMELBO1849.csv
2023/01/25,11:19 PM,18.28,14.94,81.0,SW,5.79,7.72,1025.4,0.0,0.0,0.0,0.0,IMELBO1849.csv
2023/01/25,11:24 PM,18.22,14.89,81.0,SSW,3.22,4.34,1025.74,0.0,0.0,0.0,0.0,IMELBO1849.csv
2023/01/25,11:29 PM,18.22,15.11,82.0,SSW,4.51,5.95,1026.08,0.0,0.0,0.0,0.0,IMELBO1849.csv
2023/01/25,11:34 PM,18.22,15.11,82.0,SSW,4.34,5.63,1026.08,0.0,0.0,0.0,0.0,IMELBO1849.csv
2023/01/25,11:39 PM,18.22,15.11,82.0,SSW,4.18,5.31,1025.4,0.0,0.0,0.0,0.0,IMELBO1849.csv
2023/01/25,11:44 PM,18.22,15.0,81.0,SSW,4.99,6.76,1025.74,0.0,0.0,0.0,0.0,IMELBO1849.csv
2023/01/25,11:49 PM,18.22,14.94,81.0,SSW,3.86,5.15,1025.4,0.0,0.0,0.0,0.0,IMELBO1849.csv
2023/01/25,11:54 PM,18.22,14.89,81.0,SSW,3.38,4.67,1025.4,0.0,0.0,0.0,0.0,IMELBO1849.csv
2023/01/25,11:59 PM,18.22,15.06,82.0,SSW,4.34,5.63,1025.4,0.0,0.0,0.0,0.0,IMELBO1849.csv
2023/01/26,12:04 AM,18.17,15.06,82.0,SW,4.67,5.63,1025.4,0.0,0.0,0.0,0.0,IMELBO1849.csv
2023/01/26,12:09 AM,18.17,15.06,82.0,SSW,2.57,3.7,1025.4,0.0,0.0,0.0,0.0,IMELBO1849.csv
2023/01/26,12:14 AM,18.22,14.89,81.0,SW,5.15,6.6,1025.4,0.0,0.0,0.0,0.0,IMELBO1849.csv
2023/01/26,12:19 AM,18.22,14.89,81.0,SSW,5.15,6.6,1025.4,0.0,0.0,0.0,0.0,IMELBO1849.csv
2023/01/26,12:24 AM,18.17,14.83,81.0,SSW,3.7,4.67,1025.4,0.0,0.0,0.0,0.0,IMELBO1849.csv
2023/01/26,12:29 AM,18.22,14.94,81.0,SSW,4.67,6.11,1025.4,0.0,0.0,0.0,0.0,IMELBO1849.csv
2023/01/26,12:34 AM,18.22,14.89,81.0,SSW,4.34,5.95,1025.74,0.0,0.0,0.0,0.0,IMELBO1849.csv
2023/01/26,12:39 AM,18.17,14.83,81.0,SW,4.02,4.99,1025.74,0.0,0.0,0.0,0.0,IMELBO1849.csv
2023/01/26,12:44 AM,18.17,14.83,81.0,SSW,4.02,4.99,1025.4,0.0,0.0,0.0,0.0,IMELBO1849.csv
2023/01/26,12:49 AM,18.22,14.89,81.0,SW,3.86,4.83,1025.74,0.0,0.0,0.0,0.0,IMELBO1849.csv
2023/01/26,12:54 AM,18.22,14.89,81.0,SSW,4.02,5.15,1025.4,0.0,0.0,0.0,0.0,IMELBO1849.csv
2023/01/26,12:59 AM,18.17,14.83,81.0,SW,4.34,5.47,1025.74,0.0,0.0,0.0,0.0,IMELBO1849.csv
2023/01/26,01:04 AM,18.22,14.72,80.0,SW,4.34,5.79,1025.74,0.0,0.0,0.0,0.0,IMELBO1849.csv
2023/01/26,01:09 AM,18.22,14.83,81.0,SW,4.02,5.31,1025.74,0.0,0.0,0.0,0.0,IMELBO1849.csv
2023/01/26,01:14 AM,18.11,14.78,81.0,SW,3.86,5.47,1025.4,0.0,0.0,0.0,0.0,IMELBO1849.csv
2023/01/26,01:19 AM,18.11,14.78,81.0,SW,3.54,4.34,1025.4,0.0,0.0,0.0,0.0,IMELBO1849.csv
2023/01/26,01:24 AM,17.78,14.11,79.0,SW,5.15,7.4,1025.4,0.0,0.0,0.0,0.0,IMELBO1849.csv
2023/01/26,01:29 AM,17.39,13.28,77.0,WSW,4.67,6.92,1025.4,0.0,0.0,0.0,0.0,IMELBO1849.csv
2023/01/26,01:34 AM,17.28,13.17,77.0,SW,4.51,6.28,1025.4,0.0,0.0,0.0,0.0,IMELBO1849.csv
2023/01/26,01:39 AM,17.22,12.89,76.0,SW,5.15,7.56,1025.4,0.0,0.0,0.0,0.0,IMELBO1849.csv
2023/01/26,01:44 AM,17.11,12.67,75.0,SW,5.31,8.04,1025.4,0.0,0.0,0.0,0.0,IMELBO1849.csv
2023/01/26,01:49 AM,17.11,12.56,75.0,SW,4.34,5.63,1025.4,0.0,0.0,0.0,0.0,IMELBO1849.csv
2023/01/26,01:54 AM,17.22,12.61,74.0,SW,3.86,5.15,1025.4,0.0,0.0,0.0,0.0,IMELBO1849.csv
2023/01/26,01:59 AM,17.22,12.61,74.0,SW,4.02,5.47,1025.4,0.0,0.0,0.0,0.0,IMELBO1849.csv
2023/01/26,02:04 AM,17.22,12.61,74.0,SW,2.25,2.9,1025.4,0.0,0.0,0.0,0.0,IMELBO1849.csv
2023/01/26,02:09 AM,17.28,12.72,74.0,WSW,2.74,4.02,1025.4,0.0,0.0,0.0,0.0,IMELBO1849.csv
2023/01/26,02:14 AM,17.28,12.67,74.0,WSW,4.02,6.11,1025.4,0.0,0.0,0.0,0.0,IMELBO1849.csv
2023/01/26,02:19 AM,16.94,12.44,74.0,WSW,3.7,5.15,1025.06,0.0,0.0,0.0,0.0,IMELBO1849.csv
2023/01/26,02:24 AM,16.67,12.28,75.0,WSW,3.7,5.47,1025.4,0.0,0.0,0.0,0.0,IMELBO1849.csv
2023/01/26,02:29 AM,16.39,12.11,75.0,SW,3.7,5.15,1025.06,0.0,0.0,0.0,0.0,IMELBO1849.csv
2023/01/26,02:34 AM,16.22,12.06,76.0,SW,4.34,6.44,1025.4,0.0,0.0,0.0,0.0,IMELBO1849.csv
2023/01/26,02:39 AM,16.11,11.89,76.0,WSW,4.99,6.92,1025.06,0.0,0.0,0.0,0.0,IMELBO1849.csv
2023/01/26,02:44 AM,16.0,11.83,76.0,WSW,4.02,5.95,1025.4,0.0,0.0,0.0,0.0,IMELBO1849.csv
2023/01/26,02:49 AM,15.89,11.89,77.0,WSW,3.22,4.67,1025.4,0.0,0.0,0.0,0.0,IMELBO1849.csv
2023/01/26,02:54 AM,15.78,11.78,77.0,SW,4.18,5.79,1025.4,0.0,0.0,0.0,0.0,IMELBO1849.csv
2023/01/26,02:59 AM,15.72,11.72,77.0,WSW,4.34,6.28,1025.4,0.0,0.0,0.0,0.0,IMELBO1849.csv
2023/01/26,03:04 AM,15.67,11.72,78.0,SW,2.74,4.51,1025.4,0.0,0.0,0.0,0.0,IMELBO1849.csv
2023/01/26,03:09 AM,15.56,11.78,78.0,WSW,3.06,4.34,1025.4,0.0,0.0,0.0,0.0,IMELBO1849.csv
2023/01/26,03:14 AM,15.5,11.72,78.0,WSW,2.9,4.67,1025.4,0.0,0.0,0.0,0.0,IMELBO1849.csv
2023/01/26,03:19 AM,15.39,11.72,79.0,WSW,2.57,3.7,1025.4,0.0,0.0,0.0,0.0,IMELBO1849.csv
2023/01/26,03:24 AM,15.28,11.67,79.0,WSW,2.25,3.54,1025.4,0.0,0.0,0.0,0.0,IMELBO1849.csv
2023/01/26,03:29 AM,15.22,11.72,80.0,WSW,2.41,3.54,1025.4,0.0,0.0,0.0,0.0,IMELBO1849.csv
2023/01/26,03:34 AM,15.17,11.78,80.0,WSW,2.41,3.54,1025.4,0.0,0.0,0.0,0.0,IMELBO1849.csv
2023/01/26,03:39 AM,15.11,11.72,80.0,WSW,2.74,4.51,1025.4,0.0,0.0,0.0,0.0,IMELBO1849.csv
2023/01/26,03:44 AM,15.11,11.72,80.0,WSW,3.7,5.31,1025.4,0.0,0.0,0.0,0.0,IMELBO1849.csv
2023/01/26,03:49 AM,15.17,11.67,80.0,WSW,3.38,5.15,1025.4,0.0,0.0,0.0,0.0,IMELBO1849.csv
2023/01/26,03:54 AM,15.22,11.67,79.0,WSW,2.74,4.02,1025.4,0.0,0.0,0.0,0.0,IMELBO1849.csv
2023/01/26,03:59 AM,15.28,11.61,79.0,WSW,4.18,6.11,1025.74,0.0,0.0,0.0,0.0,IMELBO1849.csv
2023/01/26,04:04 AM,15.28,11.5,78.0,WSW,3.06,4.67,1025.4,0.0,0.0,0.0,0.0,IMELBO1849.csv
2023/01/26,04:09 AM,15.17,11.33,78.0,WSW,2.9,4.67,1025.74,0.0,0.0,0.0,0.0,IMELBO1849.csv
2023/01/26,04:14 AM,15.0,11.33,79.0,WSW,3.38,4.51,1025.74,0.0,0.0,0.0,0.0,IMELBO1849.csv
2023/01/26,04:19 AM,14.89,11.28,79.0,WSW,2.9,4.18,1025.74,0.0,0.0,0.0,0.0,IMELBO1849.csv
2023/01/26,04:24 AM,14.78,11.28,79.0,West,0.97,1.77,1025.74,0.0,0.0,0.0,0.0,IMELBO1849.csv
2023/01/26,04:29 AM,14.72,11.28,80.0,WSW,1.45,2.57,1025.74,0.0,0.0,0.0,0.0,IMELBO1849.csv
2023/01/26,04:34 AM,14.61,11.22,80.0,WSW,1.13,1.93,1025.74,0.0,0.0,0.0,0.0,IMELBO1849.csv
2023/01/26,04:39 AM,14.5,11.11,80.0,West,1.29,2.57,1025.74,0.0,0.0,0.0,0.0,IMELBO1849.csv
2023/01/26,04:44 AM,14.5,11.11,80.0,WNW,0.8,1.77,1026.08,0.0,0.0,0.0,0.0,IMELBO1849.csv
2023/01/26,04:49 AM,14.39,11.17,81.0,WNW,1.13,2.09,1026.08,0.0,0.0,0.0,0.0,IMELBO1849.csv
2023/01/26,04:54 AM,14.39,11.22,81.0,WNW,2.25,3.22,1026.08,0.0,0.0,0.0,0.0,IMELBO1849.csv
2023/01/26,04:59 AM,14.33,11.17,81.0,WNW,2.41,3.22,1026.08,0.0,0.0,0.0,0.0,IMELBO1849.csv
2023/01/26,05:04 AM,14.28,11.11,81.0,WNW,2.57,4.02,1026.08,0.0,0.0,0.0,0.0,IMELBO1849.csv
2023/01/26,05:09 AM,14.39,11.17,81.0,WNW,1.77,3.06,1026.08,0.0,0.0,0.0,0.0,IMELBO1849.csv
2023/01/26,05:14 AM,14.44,11.06,80.0,WNW,2.57,3.38,1026.08,0.0,0.0,0.0,0.0,IMELBO1849.csv
2023/01/26,05:19 AM,14.56,11.17,80.0,NW,2.74,3.38,1026.08,0.0,0.0,0.0,0.0,IMELBO1849.csv
2023/01/26,05:24 AM,14.61,11.22,80.0,WNW,2.25,3.38,1026.41,0.0,0.0,0.0,0.0,IMELBO1849.csv
2023/01/26,05:29 AM,14.72,11.28,80.0,WNW,1.93,2.9,1026.41,0.0,0.0,0.0,0.0,IMELBO1849.csv
2023/01/26,05:34 AM,14.72,11.28,80.0,WNW,2.09,3.22,1026.41,0.0,0.0,0.0,0.0,IMELBO1849.csv
2023/01/26,05:39 AM,14.78,11.22,79.0,WNW,2.9,3.86,1026.08,0.0,0.0,0.0,0.0,IMELBO1849.csv
2023/01/26,05:44 AM,14.78,11.22,79.0,WNW,2.09,3.22,1026.41,0.0,0.0,0.0,0.0,IMELBO1849.csv
2023/01/26,05:49 AM,14.78,11.22,79.0,WNW,2.09,2.74,1026.41,0.0,0.0,0.0,0.0,IMELBO1849.csv
2023/01/26,05:54 AM,14.72,11.28,80.0,WNW,0.8,1.61,1026.41,0.0,0.0,0.0,0.0,IMELBO1849.csv
2023/01/26,05:59 AM,14.61,11.22,80.0,WNW,0.97,1.77,1026.41,0.0,0.0,0.0,0.0,IMELBO1849.csv
2023/01/26,06:04 AM,14.5,11.11,80.0,WNW,1.13,2.09,1026.41,0.0,0.0,0.0,0.0,IMELBO1849.csv
2023/01/26,06:09 AM,14.39,11.17,81.0,WNW,1.93,3.06,1026.41,0.0,0.0,0.0,0.0,IMELBO1849.csv
2023/01/26,06:14 AM,14.33,11.17,81.0,WNW,2.57,3.54,1026.41,0.0,0.0,0.0,0.0,IMELBO1849.csv
2023/01/26,06:19 AM,14.28,11.11,81.0,WNW,1.93,2.74,1026.75,0.0,0.0,0.0,0.9,IMELBO1849.csv
2023/01/26,06:24 AM,14.22,11.0,81.0,WNW,2.57,3.22,1026.75,0.0,0.0,0.0,2.6,IMELBO1849.csv
2023/01/26,06:29 AM,14.22,11.0,81.0,WNW,3.22,4.18,1026.75,0.0,0.0,0.0,4.3,IMELBO1849.csv
2023/01/26,06:34 AM,14.22,11.0,81.0,WNW,1.93,3.06,1027.09,0.0,0.0,0.0,6.9,IMELBO1849.csv
2023/01/26,06:39 AM,14.22,11.0,81.0,WNW,1.45,2.25,1027.09,0.0,0.0,0.0,9.9,IMELBO1849.csv
2023/01/26,06:44 AM,14.22,11.0,81.0,WNW,2.41,3.54,1026.75,0.0,0.0,0.0,12.5,IMELBO1849.csv
2023/01/26,06:49 AM,14.28,11.06,81.0,WNW,3.22,4.18,1026.75,0.0,0.0,0.0,18.1,IMELBO1849.csv
2023/01/26,06:54 AM,14.33,11.17,81.0,WNW,3.38,4.67,1026.75,0.0,0.0,0.0,22.0,IMELBO1849.csv
2023/01/26,06:59 AM,14.56,11.33,81.0,WNW,1.93,2.74,1026.75,0.0,0.0,0.0,24.7,IMELBO1849.csv
2023/01/26,07:04 AM,14.72,11.5,81.0,NW,2.25,3.06,1026.75,0.0,0.0,0.0,28.1,IMELBO1849.csv
2023/01/26,07:09 AM,14.72,11.39,80.0,WNW,2.09,3.06,1026.75,0.0,0.0,0.0,34.6,IMELBO1849.csv
2023/01/26,07:14 AM,14.83,11.44,80.0,WNW,2.09,3.06,1027.09,0.0,0.0,0.0,45.5,IMELBO1849.csv
2023/01/26,07:19 AM,15.0,11.61,80.0,WNW,3.7,4.99,1027.09,0.0,0.0,0.0,56.3,IMELBO1849.csv
2023/01/26,07:24 AM,15.17,11.56,79.0,WNW,4.02,5.31,1027.09,0.0,0.0,0.0,68.0,IMELBO1849.csv
2023/01/26,07:29 AM,15.28,11.67,79.0,WNW,3.86,5.15,1027.09,0.0,0.0,0.0,83.7,IMELBO1849.csv
2023/01/26,07:34 AM,15.61,11.78,78.0,NW,2.25,3.06,1027.43,0.0,0.0,0.0,90.7,IMELBO1849.csv
2023/01/26,07:39 AM,15.89,11.89,77.0,WNW,3.54,5.63,1027.43,0.0,0.0,1.0,105.0,IMELBO1849.csv
2023/01/26,07:44 AM,15.89,11.89,77.0,WNW,3.38,4.83,1027.43,0.0,0.0,0.0,90.7,IMELBO1849.csv
2023/01/26,07:49 AM,16.0,12.0,77.0,WNW,2.57,3.54,1027.43,0.0,0.0,0.0,93.6,IMELBO1849.csv
2023/01/26,07:54 AM,16.06,12.06,77.0,WNW,2.57,3.54,1027.43,0.0,0.0,0.0,91.5,IMELBO1849.csv
2023/01/26,07:59 AM,16.11,12.11,77.0,WNW,2.41,3.7,1027.43,0.0,0.0,1.0,101.9,IMELBO1849.csv
2023/01/26,08:04 AM,16.17,12.17,77.0,WNW,2.74,4.02,1027.43,0.0,0.0,1.0,124.1,IMELBO1849.csv
2023/01/26,08:09 AM,16.39,12.22,77.0,WNW,3.06,4.67,1027.43,0.0,0.0,1.0,192.1,IMELBO1849.csv
2023/01/26,08:14 AM,16.78,12.39,76.0,WNW,3.7,5.31,1027.43,0.0,0.0,2.0,229.4,IMELBO1849.csv
2023/01/26,08:19 AM,16.94,12.56,75.0,WNW,4.34,6.6,1027.43,0.0,0.0,2.0,205.5,IMELBO1849.csv
2023/01/26,08:24 AM,17.06,12.61,75.0,WNW,3.54,5.31,1027.77,0.0,0.0,2.0,207.7,IMELBO1849.csv
2023/01/26,08:29 AM,17.17,12.78,76.0,West,3.7,5.15,1027.77,0.0,0.0,1.0,201.6,IMELBO1849.csv
2023/01/26,08:34 AM,17.28,13.0,76.0,West,2.57,3.54,1027.77,0.0,0.0,2.0,259.8,IMELBO1849.csv
2023/01/26,08:39 AM,17.61,13.11,75.0,West,2.9,4.34,1028.11,0.0,0.0,2.0,254.6,IMELBO1849.csv
2023/01/26,08:44 AM,17.72,13.17,75.0,WSW,3.38,4.99,1028.11,0.0,0.0,2.0,287.1,IMELBO1849.csv
2023/01/26,08:49 AM,18.0,13.22,74.0,WSW,3.54,5.31,1028.11,0.0,0.0,3.0,357.8,IMELBO1849.csv
2023/01/26,08:54 AM,18.28,13.33,73.0,SW,3.22,4.67,1028.11,0.0,0.0,2.0,211.1,IMELBO1849.csv
2023/01/26,08:59 AM,18.22,13.39,73.0,West,2.41,3.54,1028.11,0.0,0.0,1.0,130.9,IMELBO1849.csv
2023/01/26,09:04 AM,18.0,13.39,75.0,WSW,4.18,5.95,1028.11,0.0,0.0,1.0,117.4,IMELBO1849.csv
2023/01/26,09:09 AM,17.78,13.44,76.0,SW,5.31,7.08,1028.11,0.0,0.0,1.0,155.7,IMELBO1849.csv
2023/01/26,09:14 AM,17.67,13.56,77.0,SW,5.95,8.21,1028.11,0.0,0.0,1.0,154.4,IMELBO1849.csv
2023/01/26,09:19 AM,17.61,13.5,77.0,SW,6.28,8.53,1028.11,0.0,0.0,2.0,207.4,IMELBO1849.csv
2023/01/26,09:24 AM,17.72,13.67,77.0,SW,6.6,8.85,1028.11,0.0,0.0,6.0,630.8,IMELBO1849.csv
2023/01/26,09:29 AM,18.56,14.0,75.0,SW,4.67,6.92,1028.11,0.0,0.0,5.0,615.5,IMELBO1849.csv
2023/01/26,09:34 AM,18.33,13.72,75.0,SW,6.92,9.01,1028.11,0.0,0.0,1.0,167.0,IMELBO1849.csv
2023/01/26,09:39 AM,18.0,13.56,75.0,SSW,7.72,10.14,1028.11,0.0,0.0,5.0,602.5,IMELBO1849.csv
2023/01/26,09:44 AM,18.33,13.67,74.0,SW,7.72,9.98,1028.11,0.0,0.0,5.0,576.9,IMELBO1849.csv
2023/01/26,09:49 AM,18.5,13.78,74.0,SSW,3.38,4.83,1028.11,0.0,0.0,3.0,337.4,IMELBO1849.csv
2023/01/26,09:54 AM,18.89,13.72,72.0,SSW,5.95,8.69,1028.11,0.0,0.0,1.0,170.4,IMELBO1849.csv
2023/01/26,09:59 AM,18.5,13.78,74.0,SW,9.17,12.71,1028.11,0.0,0.0,1.0,147.4,IMELBO1849.csv
2023/01/26,10:04 AM,18.11,13.61,75.0,SW,8.37,10.78,1028.11,0.0,0.0,1.0,168.2,IMELBO1849.csv
2023/01/26,10:09 AM,18.0,13.5,75.0,SW,8.37,10.94,1028.11,0.0,0.0,2.0,247.6,IMELBO1849.csv
2023/01/26,10:14 AM,18.33,13.56,74.0,SSW,7.08,10.14,1028.11,0.0,0.0,7.0,762.2,IMELBO1849.csv
2023/01/26,10:19 AM,19.06,13.67,71.0,South,6.76,10.46,1028.11,0.0,0.0,4.0,511.9,IMELBO1849.csv
2023/01/26,10:24 AM,19.33,13.83,71.0,SSW,5.79,8.37,1028.11,0.0,0.0,6.0,659.4,IMELBO1849.csv
2023/01/26,10:29 AM,19.72,14.11,70.0,SSW,4.99,7.08,1028.45,0.0,0.0,3.0,307.9,IMELBO1849.csv
2023/01/26,10:34 AM,19.11,13.83,72.0,SSW,9.81,13.19,1028.45,0.0,0.0,2.0,270.2,IMELBO1849.csv
2023/01/26,10:39 AM,18.61,13.72,73.0,SW,8.37,11.26,1028.45,0.0,0.0,2.0,206.4,IMELBO1849.csv
2023/01/26,10:44 AM,18.67,13.61,73.0,SW,7.56,9.98,1028.45,0.0,0.0,3.0,324.4,IMELBO1849.csv
2023/01/26,10:49 AM,18.78,13.44,71.0,SW,7.56,10.14,1028.45,0.0,0.0,7.0,812.4,IMELBO1849.csv
2023/01/26,10:54 AM,19.5,13.72,69.0,SW,9.17,11.91,1028.45,0.0,0.0,8.0,904.4,IMELBO1849.csv
2023/01/26,10:59 AM,19.67,13.61,68.0,SSW,6.28,8.85,1028.11,0.0,0.0,8.0,835.1,IMELBO1849.csv
2023/01/26,11:04 AM,20.17,13.44,65.0,SSW,8.85,12.39,1028.11,0.0,0.0,8.0,898.0,IMELBO1849.csv
2023/01/26,11:09 AM,20.17,13.44,65.0,SW,9.01,12.07,1028.11,0.0,0.0,8.0,898.8,IMELBO1849.csv
2023/01/26,11:14 AM,20.22,13.44,65.0,SSW,6.6,9.49,1028.11,0.0,0.0,7.0,811.2,IMELBO1849.csv
2023/01/26,11:19 AM,20.89,13.61,63.0,South,6.76,9.17,1028.11,0.0,0.0,8.0,853.3,IMELBO1849.csv
2023/01/26,11:24 AM,20.78,13.5,63.0,SSW,6.28,8.53,1028.11,0.0,0.0,8.0,900.5,IMELBO1849.csv
2023/01/26,11:29 AM,21.17,13.56,62.0,SSW,6.6,8.85,1028.11,0.0,0.0,8.0,921.3,IMELBO1849.csv
2023/01/26,11:34 AM,21.5,13.67,61.0,SSW,7.72,9.98,1027.77,0.0,0.0,8.0,895.4,IMELBO1849.csv
2023/01/26,11:39 AM,21.11,13.33,61.0,SSW,8.85,11.26,1028.11,0.0,0.0,8.0,900.2,IMELBO1849.csv
2023/01/26,11:44 AM,21.56,13.5,60.0,SSE,6.28,8.37,1028.11,0.0,0.0,9.0,975.1,IMELBO1849.csv
2023/01/26,11:49 AM,21.78,13.56,60.0,SW,7.08,9.49,1028.11,0.0,0.0,7.0,783.8,IMELBO1849.csv
2023/01/26,11:54 AM,21.89,13.44,59.0,SE,6.11,8.85,1028.11,0.0,0.0,10.0,1056.3,IMELBO1849.csv
2023/01/26,11:59 AM,21.56,13.39,60.0,SSW,6.44,9.49,1027.77,0.0,0.0,9.0,960.5,IMELBO1849.csv
2023/01/26,12:04 PM,21.89,13.17,58.0,SSE,4.67,6.44,1028.11,0.0,0.0,9.0,944.8,IMELBO1849.csv
2023/01/26,12:09 PM,21.89,13.44,59.0,SSW,5.63,7.24,1028.11,0.0,0.0,2.0,221.2,IMELBO1849.csv
2023/01/26,12:14 PM,21.11,13.56,62.0,South,6.44,9.17,1028.11,0.0,0.0,9.0,954.7,IMELBO1849.csv
2023/01/26,12:19 PM,21.11,14.06,64.0,East,6.6,9.49,1028.11,0.0,0.0,8.0,880.2,IMELBO1849.csv
2023/01/26,12:24 PM,21.06,13.72,63.0,SSE,5.95,8.85,1028.11,0.0,0.0,9.0,993.4,IMELBO1849.csv
2023/01/26,12:29 PM,21.06,13.78,63.0,SE,5.79,8.69,1028.11,0.0,0.0,10.0,1056.7,IMELBO1849.csv
2023/01/26,12:34 PM,21.11,13.67,63.0,SSW,8.53,11.26,1028.11,0.0,0.0,10.0,1085.4,IMELBO1849.csv
2023/01/26,12:39 PM,21.61,13.83,61.0,SSE,5.95,9.01,1028.11,0.0,0.0,9.0,1006.0,IMELBO1849.csv
2023/01/26,12:44 PM,22.0,13.67,59.0,South,5.95,8.53,1028.11,0.0,0.0,9.0,998.1,IMELBO1849.csv
2023/01/26,12:49 PM,22.06,13.44,58.0,South,6.11,8.37,1028.11,0.0,0.0,1.0,200.8,IMELBO1849.csv
2023/01/26,12:54 PM,21.22,13.17,60.0,SSW,5.95,8.53,1028.11,0.0,0.0,1.0,158.3,IMELBO1849.csv
2023/01/26,12:59 PM,20.78,12.94,61.0,South,8.21,11.58,1028.11,0.0,0.0,9.0,960.0,IMELBO1849.csv
2023/01/26,01:04 PM,21.06,13.11,60.0,South,6.92,10.46,1028.11,0.0,0.0,9.0,1011.1,IMELBO1849.csv
2023/01/26,01:09 PM,21.11,12.94,59.0,SSW,6.6,9.33,1028.11,0.0,0.0,10.0,1031.5,IMELBO1849.csv
2023/01/26,01:14 PM,22.11,13.17,57.0,SSW,8.69,12.55,1028.11,0.0,0.0,9.0,957.8,IMELBO1849.csv
2023/01/26,01:19 PM,21.94,13.06,57.0,SSE,5.95,8.53,1028.11,0.0,0.0,8.0,878.4,IMELBO1849.csv
2023/01/26,01:24 PM,22.94,13.28,55.0,SE,5.31,7.56,1028.11,0.0,0.0,9.0,993.4,IMELBO1849.csv
2023/01/26,01:29 PM,22.39,13.06,56.0,South,6.76,9.49,1028.11,0.0,0.0,2.0,275.9,IMELBO1849.csv
2023/01/26,01:34 PM,21.72,12.61,56.0,South,5.47,7.88,1028.11,0.0,0.0,9.0,944.8,IMELBO1849.csv
2023/01/26,01:39 PM,21.5,12.61,57.0,SSE,7.72,11.1,1028.11,0.0,0.0,9.0,975.6,IMELBO1849.csv
2023/01/26,01:44 PM,21.44,12.61,57.0,SE,7.08,10.62,1028.11,0.0,0.0,5.0,598.2,IMELBO1849.csv
2023/01/26,01:49 PM,21.0,12.44,58.0,ESE,7.56,11.91,1028.11,0.0,0.0,9.0,934.8,IMELBO1849.csv
2023/01/26,01:54 PM,21.67,12.72,57.0,SSW,9.49,13.52,1028.11,0.0,0.0,8.0,914.0,IMELBO1849.csv
2023/01/26,01:59 PM,21.94,13.0,57.0,South,7.4,11.26,1028.11,0.0,0.0,8.0,922.3,IMELBO1849.csv
2023/01/26,02:04 PM,22.39,13.11,56.0,South,7.4,11.26,1028.11,0.0,0.0,8.0,923.2,IMELBO1849.csv
2023/01/26,02:09 PM,21.67,12.83,57.0,SSE,8.37,12.39,1028.11,0.0,0.0,2.0,270.6,IMELBO1849.csv
2023/01/26,02:14 PM,20.78,12.39,59.0,South,9.49,14.48,1028.11,0.0,0.0,2.0,255.1,IMELBO1849.csv
2023/01/26,02:19 PM,20.56,12.39,60.0,South,9.81,13.84,1028.11,0.0,0.0,3.0,320.5,IMELBO1849.csv
2023/01/26,02:24 PM,20.5,12.17,59.0,SSE,8.04,10.46,1028.11,0.0,0.0,3.0,354.8,IMELBO1849.csv
2023/01/26,02:29 PM,20.67,12.11,58.0,SE,6.28,9.49,1028.11,0.0,0.0,6.0,699.3,IMELBO1849.csv
2023/01/26,02:34 PM,20.89,12.17,57.0,South,8.53,12.23,1028.11,0.0,0.0,10.0,1104.8,IMELBO1849.csv
2023/01/26,02:39 PM,21.44,12.11,55.0,South,8.21,12.39,1028.11,0.0,0.0,10.0,1095.8,IMELBO1849.csv
2023/01/26,02:44 PM,22.11,12.5,55.0,South,9.49,13.52,1028.45,0.0,0.0,9.0,967.0,IMELBO1849.csv
2023/01/26,02:49 PM,21.17,12.22,57.0,SSW,8.37,11.58,1028.45,0.0,0.0,5.0,559.1,IMELBO1849.csv
2023/01/26,02:54 PM,20.94,12.22,58.0,South,9.49,13.52,1028.45,0.0,0.0,4.0,414.7,IMELBO1849.csv
2023/01/26,02:59 PM,21.11,12.33,57.0,ESE,8.04,12.39,1028.45,0.0,0.0,10.0,1065.4,IMELBO1849.csv
2023/01/26,03:04 PM,21.5,12.44,56.0,SSE,6.44,9.81,1028.45,0.0,0.0,9.0,1018.9,IMELBO1849.csv
2023/01/26,03:09 PM,22.0,12.5,55.0,SE,6.76,10.3,1028.11,0.0,0.0,9.0,984.7,IMELBO1849.csv
2023/01/26,03:14 PM,21.67,12.06,54.0,South,7.56,10.78,1028.11,0.0,0.0,10.0,1067.1,IMELBO1849.csv
2023/01/26,03:19 PM,21.61,11.89,54.0,South,7.56,10.94,1028.45,0.0,0.0,7.0,734.9,IMELBO1849.csv
2023/01/26,03:24 PM,21.61,11.94,54.0,SSE,7.08,10.62,1028.45,0.0,0.0,6.0,622.9,IMELBO1849.csv
2023/01/26,03:29 PM,21.44,11.78,54.0,SSW,6.92,9.81,1028.11,0.0,0.0,9.0,935.3,IMELBO1849.csv
2023/01/26,03:34 PM,22.0,12.0,53.0,SE,6.92,9.81,1028.11,0.0,0.0,9.0,955.2,IMELBO1849.csv
2023/01/26,03:39 PM,22.33,12.17,52.0,SE,7.08,10.46,1028.45,0.0,0.0,9.0,1003.4,IMELBO1849.csv
2023/01/26,03:44 PM,21.67,11.78,54.0,SSW,7.72,11.1,1028.11,0.0,0.0,9.0,948.7,IMELBO1849.csv
2023/01/26,03:49 PM,21.94,11.89,53.0,South,7.72,10.78,1028.45,0.0,0.0,9.0,939.2,IMELBO1849.csv
2023/01/26,03:54 PM,23.0,12.17,50.0,SSW,7.08,9.81,1028.45,0.0,0.0,9.0,970.4,IMELBO1849.csv
2023/01/26,03:59 PM,22.33,11.94,52.0,South,7.72,11.26,1028.45,0.0,0.0,5.0,516.1,IMELBO1849.csv
2023/01/26,04:04 PM,21.78,11.83,53.0,SE,7.08,10.14,1028.11,0.0,0.0,2.0,262.4,IMELBO1849.csv
2023/01/26,04:09 PM,21.11,11.44,54.0,South,6.92,9.98,1028.11,0.0,0.0,1.0,160.9,IMELBO1849.csv
2023/01/26,04:14 PM,20.72,11.17,54.0,SSW,9.49,14.0,1028.11,0.0,0.0,8.0,870.2,IMELBO1849.csv
2023/01/26,04:19 PM,21.22,11.06,52.0,SSW,9.01,12.07,1028.11,0.0,0.0,9.0,937.0,IMELBO1849.csv
2023/01/26,04:24 PM,21.94,11.17,50.0,SSE,7.08,11.1,1028.45,0.0,0.0,9.0,978.2,IMELBO1849.csv
2023/01/26,04:29 PM,21.83,11.22,51.0,SSE,6.11,8.69,1028.45,0.0,0.0,2.0,272.0,IMELBO1849.csv
2023/01/26,04:34 PM,21.78,11.39,52.0,South,6.44,9.17,1028.45,0.0,0.0,8.0,890.6,IMELBO1849.csv
2023/01/26,04:39 PM,22.22,11.61,51.0,SSW,8.85,13.68,1028.11,0.0,0.0,8.0,914.5,IMELBO1849.csv
2023/01/26,04:44 PM,21.89,11.39,51.0,WNW,6.11,9.01,1028.45,0.0,0.0,7.0,774.8,IMELBO1849.csv
2023/01/26,04:49 PM,21.17,10.94,52.0,SE,6.44,9.81,1028.45,0.0,0.0,4.0,426.0,IMELBO1849.csv
2023/01/26,04:54 PM,21.11,10.78,52.0,South,8.37,11.75,1028.45,0.0,0.0,8.0,882.8,IMELBO1849.csv
2023/01/26,04:59 PM,21.67,11.0,51.0,SSW,9.65,14.0,1028.45,0.0,0.0,8.0,844.1,IMELBO1849.csv
2023/01/26,05:04 PM,21.83,10.94,50.0,SSW,9.49,13.84,1028.45,0.0,0.0,8.0,882.8,IMELBO1849.csv
2023/01/26,05:09 PM,21.56,11.0,51.0,SSW,10.3,15.12,1028.45,0.0,0.0,6.0,626.4,IMELBO1849.csv
2023/01/26,05:14 PM,21.17,10.72,51.0,South,6.76,9.33,1028.45,0.0,0.0,5.0,578.7,IMELBO1849.csv
2023/01/26,05:19 PM,21.28,10.83,51.0,South,8.04,11.42,1028.45,0.0,0.0,7.0,728.8,IMELBO1849.csv
2023/01/26,05:24 PM,21.39,10.94,51.0,SSW,10.46,13.68,1028.45,0.0,0.0,6.0,714.8,IMELBO1849.csv
2023/01/26,05:29 PM,21.44,11.0,51.0,SSW,8.21,11.58,1028.45,0.0,0.0,6.0,705.3,IMELBO1849.csv
2023/01/26,05:34 PM,21.61,11.06,51.0,SSW,9.01,11.91,1028.45,0.0,0.0,5.0,603.0,IMELBO1849.csv
2023/01/26,05:39 PM,21.56,11.17,52.0,SSW,7.72,10.46,1028.45,0.0,0.0,5.0,543.5,IMELBO1849.csv
2023/01/26,05:44 PM,21.28,11.17,52.0,SSW,8.85,12.23,1028.45,0.0,0.0,4.0,508.4,IMELBO1849.csv
2023/01/26,05:49 PM,20.94,11.0,53.0,SW,11.26,14.96,1028.45,0.0,0.0,4.0,483.2,IMELBO1849.csv
2023/01/26,05:54 PM,20.83,11.0,53.0,SSW,9.17,12.39,1028.45,0.0,0.0,4.0,463.3,IMELBO1849.csv
2023/01/26,05:59 PM,20.67,11.0,54.0,SSW,7.4,9.81,1028.45,0.0,0.0,4.0,424.3,IMELBO1849.csv
2023/01/26,06:04 PM,21.22,11.17,53.0,South,5.95,8.69,1028.45,0.0,0.0,3.0,390.4,IMELBO1849.csv
2023/01/26,06:09 PM,21.06,11.11,53.0,SSW,7.4,10.78,1028.45,0.0,0.0,3.0,353.5,IMELBO1849.csv
2023/01/26,06:14 PM,20.61,10.89,54.0,SW,9.65,13.52,1028.45,0.0,0.0,3.0,345.7,IMELBO1849.csv
2023/01/26,06:19 PM,20.61,10.72,53.0,South,7.24,10.46,1028.45,0.0,0.0,3.0,331.8,IMELBO1849.csv
2023/01/26,06:24 PM,20.67,10.72,53.0,SSW,8.85,12.23,1028.11,0.0,0.0,3.0,318.3,IMELBO1849.csv
2023/01/26,06:29 PM,20.39,10.44,53.0,SSW,9.33,12.55,1028.45,0.0,0.0,2.0,301.9,IMELBO1849.csv
2023/01/26,06:34 PM,20.67,10.39,52.0,SSW,7.88,12.07,1028.78,0.0,0.0,2.0,283.2,IMELBO1849.csv
2023/01/26,06:39 PM,20.56,10.22,52.0,SSW,8.69,11.91,1028.78,0.0,0.0,2.0,261.5,IMELBO1849.csv
2023/01/26,06:44 PM,20.33,10.11,52.0,SSW,6.11,9.65,1028.78,0.0,0.0,2.0,249.8,IMELBO1849.csv
2023/01/26,06:49 PM,20.44,10.06,51.0,South,7.24,10.14,1028.78,0.0,0.0,2.0,237.7,IMELBO1849.csv
2023/01/26,06:54 PM,20.06,10.17,53.0,SSW,9.33,13.03,1028.78,0.0,0.0,2.0,212.5,IMELBO1849.csv
2023/01/26,06:59 PM,19.89,10.0,53.0,SSW,8.21,11.1,1028.78,0.0,0.0,1.0,175.7,IMELBO1849.csv
2023/01/26,07:04 PM,19.89,9.67,52.0,South,6.28,9.17,1028.78,0.0,0.0,1.0,171.3,IMELBO1849.csv
2023/01/26,07:09 PM,19.94,9.5,51.0,SSW,6.92,9.98,1028.78,0.0,0.0,1.0,162.2,IMELBO1849.csv
2023/01/26,07:14 PM,19.61,9.33,51.0,SW,10.62,14.64,1028.78,0.0,0.0,1.0,137.9,IMELBO1849.csv
2023/01/26,07:19 PM,19.33,9.17,52.0,SSW,7.56,11.75,1028.78,0.0,0.0,1.0,125.8,IMELBO1849.csv
2023/01/26,07:24 PM,19.33,9.44,53.0,South,7.88,10.78,1028.78,0.0,0.0,0.0,48.9,IMELBO1849.csv
2023/01/26,07:29 PM,19.22,9.28,53.0,South,7.88,11.1,1029.12,0.0,0.0,0.0,45.9,IMELBO1849.csv
2023/01/26,07:34 PM,19.11,9.17,53.0,SSE,6.76,10.3,1028.78,0.0,0.0,0.0,43.3,IMELBO1849.csv
2023/01/26,07:39 PM,19.17,9.61,54.0,South,5.31,8.37,1029.12,0.0,0.0,0.0,41.1,IMELBO1849.csv
2023/01/26,07:44 PM,19.0,9.78,55.0,SSW,8.37,11.91,1029.46,0.0,0.0,0.0,39.4,IMELBO1849.csv
2023/01/26,07:49 PM,18.78,10.06,57.0,SSW,9.49,12.87,1029.12,0.0,0.0,0.0,36.0,IMELBO1849.csv
2023/01/26,07:54 PM,18.33,10.06,58.0,SW,10.78,14.48,1029.12,0.0,0.0,0.0,33.4,IMELBO1849.csv
2023/01/26,07:59 PM,18.22,10.17,59.0,SSW,7.88,10.94,1029.46,0.0,0.0,0.0,31.2,IMELBO1849.csv
2023/01/26,08:04 PM,18.33,10.17,59.0,SSW,7.56,10.3,1029.46,0.0,0.0,0.0,27.7,IMELBO1849.csv
2023/01/26,08:09 PM,18.11,10.17,60.0,SSW,8.04,10.46,1029.12,0.0,0.0,0.0,24.2,IMELBO1849.csv
2023/01/26,08:14 PM,18.0,9.72,58.0,SSW,8.53,11.91,1029.12,0.0,0.0,0.0,20.8,IMELBO1849.csv
2023/01/26,08:19 PM,17.83,9.78,59.0,SSW,10.62,14.8,1029.46,0.0,0.0,0.0,17.3,IMELBO1849.csv
2023/01/26,08:24 PM,17.72,10.0,61.0,South,6.6,8.37,1029.46,0.0,0.0,0.0,13.0,IMELBO1849.csv
2023/01/26,08:29 PM,17.67,10.06,61.0,SSW,6.92,9.01,1029.46,0.0,0.0,0.0,9.9,IMELBO1849.csv
2023/01/26,08:34 PM,17.5,10.0,62.0,SSW,5.63,7.72,1029.46,0.0,0.0,0.0,6.5,IMELBO1849.csv
2023/01/26,08:39 PM,17.33,10.0,62.0,SW,9.17,12.55,1029.46,0.0,0.0,0.0,3.8,IMELBO1849.csv
2023/01/26,08:44 PM,17.28,10.0,62.0,SSW,6.92,9.49,1029.46,0.0,0.0,0.0,1.7,IMELBO1849.csv
2023/01/26,08:49 PM,17.28,10.17,63.0,SSW,5.47,7.08,1029.46,0.0,0.0,0.0,0.9,IMELBO1849.csv
2023/01/26,08:54 PM,17.22,10.11,63.0,SSW,5.79,8.04,1029.8,0.0,0.0,0.0,0.0,IMELBO1849.csv
2023/01/26,08:59 PM,17.11,10.17,64.0,SSW,7.72,10.46,1029.46,0.0,0.0,0.0,0.0,IMELBO1849.csv
2023/01/26,09:04 PM,17.0,10.22,64.0,SSW,6.76,8.69,1029.46,0.0,0.0,0.0,0.0,IMELBO1849.csv
2023/01/26,09:09 PM,16.89,10.11,64.0,SW,7.4,10.14,1029.8,0.0,0.0,0.0,0.0,IMELBO1849.csv
2023/01/26,09:14 PM,16.83,10.06,64.0,SSW,8.04,10.94,1029.8,0.0,0.0,0.0,0.0,IMELBO1849.csv
2023/01/26,09:19 PM,16.83,10.06,64.0,SSW,6.28,8.21,1029.8,0.0,0.0,0.0,0.0,IMELBO1849.csv
2023/01/26,09:24 PM,16.78,10.0,64.0,SW,5.63,7.56,1029.8,0.0,0.0,0.0,0.0,IMELBO1849.csv
2023/01/26,09:29 PM,16.78,10.0,64.0,SSW,7.08,9.33,1029.8,0.0,0.0,0.0,0.0,IMELBO1849.csv
2023/01/26,09:34 PM,16.78,9.94,64.0,SSW,8.04,10.3,1029.8,0.0,0.0,0.0,0.0,IMELBO1849.csv
2023/01/26,09:39 PM,16.61,9.89,64.0,SW,5.95,7.72,1029.8,0.0,0.0,0.0,0.0,IMELBO1849.csv
2023/01/26,09:44 PM,16.61,10.0,65.0,SW,5.47,7.08,1029.8,0.0,0.0,0.0,0.0,IMELBO1849.csv
2023/01/26,09:49 PM,16.5,9.89,65.0,SW,5.63,7.72,1029.8,0.0,0.0,0.0,0.0,IMELBO1849.csv
2023/01/26,09:54 PM,16.5,9.94,65.0,SW,7.4,9.65,1029.8,0.0,0.0,0.0,0.0,IMELBO1849.csv
2023/01/26,09:59 PM,16.44,10.06,66.0,SW,5.47,7.24,1029.8,0.0,0.0,0.0,0.0,IMELBO1849.csv
2023/01/26,10:04 PM,16.39,10.06,66.0,SSW,5.15,6.76,1029.8,0.0,0.0,0.0,0.0,IMELBO1849.csv
2023/01/26,10:09 PM,16.28,10.11,67.0,SW,5.47,7.24,1029.8,0.0,0.0,0.0,0.0,IMELBO1849.csv
2023/01/26,10:14 PM,16.28,10.11,67.0,SW,4.83,6.28,1030.14,0.0,0.0,0.0,0.0,IMELBO1849.csv
2023/01/26,10:19 PM,16.28,10.22,68.0,SSW,4.83,6.6,1030.14,0.0,0.0,0.0,0.0,IMELBO1849.csv
2023/01/26,10:24 PM,16.28,10.33,68.0,SSW,3.86,4.99,1029.8,0.0,0.0,0.0,0.0,IMELBO1849.csv
2023/01/26,10:29 PM,16.22,10.28,68.0,SW,5.15,6.44,1029.8,0.0,0.0,0.0,0.0,IMELBO1849.csv
2023/01/26,10:34 PM,16.22,10.44,69.0,SSW,5.47,7.24,1029.8,0.0,0.0,0.0,0.0,IMELBO1849.csv
2023/01/26,10:39 PM,16.22,10.44,69.0,SSW,4.51,5.95,1029.8,0.0,0.0,0.0,0.0,IMELBO1849.csv
2023/01/26,10:44 PM,16.11,10.39,69.0,SSW,3.38,4.67,1029.8,0.0,0.0,0.0,0.0,IMELBO1849.csv
2023/01/26,10:49 PM,16.17,10.44,69.0,South,3.86,5.15,1029.8,0.0,0.0,0.0,0.0,IMELBO1849.csv
2023/01/26,10:54 PM,16.22,10.5,69.0,South,3.22,4.51,1029.8,0.0,0.0,0.0,0.0,IMELBO1849.csv
2023/01/26,10:59 PM,16.22,10.44,69.0,South,4.67,6.92,1029.8,0.0,0.0,0.0,0.0,IMELBO1849.csv
2023/01/26,11:04 PM,16.22,10.33,68.0,South,2.9,4.02,1030.14,0.0,0.0,0.0,0.0,IMELBO1849.csv
2023/01/26,11:09 PM,16.22,10.28,68.0,South,2.25,3.54,1030.14,0.0,0.0,0.0,0.0,IMELBO1849.csv
2023/01/26,11:14 PM,16.11,10.28,68.0,South,2.25,3.22,1029.8,0.0,0.0,0.0,0.0,IMELBO1849.csv
2023/01/26,11:19 PM,16.11,10.39,69.0,SE,2.09,3.22,1029.8,0.0,0.0,0.0,0.0,IMELBO1849.csv
2023/01/26,11:24 PM,16.11,10.39,69.0,South,2.25,3.7,1029.8,0.0,0.0,0.0,0.0,IMELBO1849.csv
2023/01/26,11:29 PM,16.22,10.44,69.0,South,3.54,4.83,1029.8,0.0,0.0,0.0,0.0,IMELBO1849.csv
2023/01/26,11:34 PM,16.22,10.33,68.0,South,3.38,4.99,1029.8,0.0,0.0,0.0,0.0,IMELBO1849.csv
2023/01/26,11:39 PM,16.17,10.28,68.0,South,3.06,4.67,1029.8,0.0,0.0,0.0,0.0,IMELBO1849.csv
2023/01/26,11:44 PM,16.06,10.22,68.0,SSE,2.9,4.34,1029.8,0.0,0.0,0.0,0.0,IMELBO1849.csv
2023/01/26,11:49 PM,15.89,10.22,69.0,SSE,1.77,2.9,1029.8,0.0,0.0,0.0,0.0,IMELBO1849.csv
2023/01/26,11:54 PM,15.78,10.17,69.0,SSE,1.93,3.22,1029.8,0.0,0.0,0.0,0.0,IMELBO1849.csv
2023/01/26,11:59 PM,15.78,10.39,70.0,SE,1.61,2.41,1029.8,0.0,0.0,0.0,0.0,IMELBO1849.csv
2023/01/27,12:04 AM,15.78,10.39,70.0,SSE,1.13,2.09,1029.8,0.0,0.0,0.0,0.0,IMELBO1849.csv
2023/01/27,12:09 AM,15.72,10.28,70.0,ESE,2.74,4.18,1029.8,0.0,0.0,0.0,0.0,IMELBO1849.csv
2023/01/27,12:14 AM,15.72,10.06,69.0,SSE,2.25,3.54,1029.8,0.0,0.0,0.0,0.0,IMELBO1849.csv
2023/01/27,12:19 AM,15.78,10.11,69.0,SE,1.93,2.9,1029.8,0.0,0.0,0.0,0.0,IMELBO1849.csv
2023/01/27,12:24 AM,15.78,10.11,69.0,ESE,2.9,3.86,1029.8,0.0,0.0,0.0,0.0,IMELBO1849.csv
2023/01/27,12:29 AM,15.78,10.11,69.0,SSE,2.09,3.22,1029.8,0.0,0.0,0.0,0.0,IMELBO1849.csv
2023/01/27,12:34 AM,15.72,10.06,69.0,ESE,2.74,4.02,1029.46,0.0,0.0,0.0,0.0,IMELBO1849.csv
2023/01/27,12:39 AM,15.72,10.06,69.0,SE,3.38,4.67,1029.46,0.0,0.0,0.0,0.0,IMELBO1849.csv
2023/01/27,12:44 AM,15.67,10.28,70.0,SE,2.41,3.38,1029.46,0.0,0.0,0.0,0.0,IMELBO1849.csv
2023/01/27,12:49 AM,15.61,10.22,70.0,SE,3.06,4.51,1029.8,0.0,0.0,0.0,0.0,IMELBO1849.csv
2023/01/27,12:54 AM,15.56,10.17,70.0,SSE,2.9,3.86,1029.46,0.0,0.0,0.0,0.0,IMELBO1849.csv
2023/01/27,12:59 AM,15.5,10.11,70.0,SSE,2.9,4.34,1029.46,0.0,0.0,0.0,0.0,IMELBO1849.csv
2023/01/27,01:04 AM,15.44,10.06,70.0,SE,2.74,4.18,1029.46,0.0,0.0,0.0,0.0,IMELBO1849.csv
2023/01/27,01:09 AM,15.28,9.89,70.0,SSE,2.09,3.7,1029.46,0.0,0.0,0.0,0.0,IMELBO1849.csv
2023/01/27,01:14 AM,15.17,9.94,71.0,ESE,2.09,3.06,1029.46,0.0,0.0,0.0,0.0,IMELBO1849.csv
2023/01/27,01:19 AM,15.0,9.78,71.0,SE,2.41,3.54,1029.12,0.0,0.0,0.0,0.0,IMELBO1849.csv
2023/01/27,01:24 AM,14.94,9.72,71.0,SE,1.77,2.9,1029.12,0.0,0.0,0.0,0.0,IMELBO1849.csv
2023/01/27,01:29 AM,14.89,9.72,71.0,ESE,2.57,3.7,1029.12,0.0,0.0,0.0,0.0,IMELBO1849.csv
2023/01/27,01:34 AM,14.78,9.61,71.0,SSE,1.61,2.74,1029.12,0.0,0.0,0.0,0.0,IMELBO1849.csv
2023/01/27,01:39 AM,14.78,9.61,71.0,SE,1.93,3.22,1028.78,0.0,0.0,0.0,0.0,IMELBO1849.csv
2023/01/27,01:44 AM,14.72,9.5,71.0,SE,1.61,2.41,1029.12,0.0,0.0,0.0,0.0,IMELBO1849.csv
2023/01/27,01:49 AM,14.61,9.39,71.0,SE,1.45,2.25,1029.12,0.0,0.0,0.0,0.0,IMELBO1849.csv
2023/01/27,01:54 AM,14.61,9.39,71.0,SSE,1.29,2.09,1029.12,0.0,0.0,0.0,0.0,IMELBO1849.csv
2023/01/27,01:59 AM,14.5,9.39,71.0,SSE,1.77,2.74,1029.12,0.0,0.0,0.0,0.0,IMELBO1849.csv
2023/01/27,02:04 AM,14.5,9.5,72.0,SE,1.61,2.41,1029.12,0.0,0.0,0.0,0.0,IMELBO1849.csv
2023/01/27,02:09 AM,14.44,9.44,72.0,SE,1.61,2.74,1029.12,0.0,0.0,0.0,0.0,IMELBO1849.csv
2023/01/27,02:14 AM,14.39,9.39,72.0,SSE,2.09,2.9,1028.78,0.0,0.0,0.0,0.0,IMELBO1849.csv
2023/01/27,02:19 AM,14.33,9.33,72.0,SSE,0.97,1.77,1028.78,0.0,0.0,0.0,0.0,IMELBO1849.csv
2023/01/27,02:24 AM,14.28,9.28,72.0,SSE,1.61,2.57,1028.78,0.0,0.0,0.0,0.0,IMELBO1849.csv
2023/01/27,02:29 AM,14.22,9.33,73.0,SE,1.45,2.41,1028.78,0.0,0.0,0.0,0.0,IMELBO1849.csv
2023/01/27,02:34 AM,14.06,9.28,73.0,SSE,0.64,1.61,1028.78,0.0,0.0,0.0,0.0,IMELBO1849.csv
2023/01/27,02:39 AM,14.0,9.28,73.0,SSE,1.13,1.93,1028.45,0.0,0.0,0.0,0.0,IMELBO1849.csv
2023/01/27,02:44 AM,13.94,9.22,73.0,SSE,1.29,1.93,1028.78,0.0,0.0,0.0,0.0,IMELBO1849.csv
2023/01/27,02:49 AM,13.94,9.28,73.0,SSE,1.45,2.09,1028.45,0.0,0.0,0.0,0.0,IMELBO1849.csv
2023/01/27,02:54 AM,13.89,9.22,73.0,SSE,1.29,2.25,1028.45,0.0,0.0,0.0,0.0,IMELBO1849.csv
2023/01/27,02:59 AM,13.83,9.17,73.0,SE,1.13,1.77,1028.45,0.0,0.0,0.0,0.0,IMELBO1849.csv
2023/01/27,03:04 AM,13.78,9.28,74.0,SSE,1.77,2.74,1028.45,0.0,0.0,0.0,0.0,IMELBO1849.csv
2023/01/27,03:09 AM,13.78,9.17,73.0,SSE,1.77,3.06,1028.45,0.0,0.0,0.0,0.0,IMELBO1849.csv
2023/01/27,03:14 AM,13.78,9.22,74.0,SSE,1.61,2.41,1028.45,0.0,0.0,0.0,0.0,IMELBO1849.csv
2023/01/27,03:19 AM,13.78,9.17,73.0,South,2.41,3.54,1028.45,0.0,0.0,0.0,0.0,IMELBO1849.csv
2023/01/27,03:24 AM,13.72,9.11,73.0,South,1.77,2.25,1028.45,0.0,0.0,0.0,0.0,IMELBO1849.csv
2023/01/27,03:29 AM,13.72,9.22,74.0,SSW,1.93,2.9,1028.11,0.0,0.0,0.0,0.0,IMELBO1849.csv
2023/01/27,03:34 AM,13.61,9.11,74.0,South,1.77,2.41,1028.11,0.0,0.0,0.0,0.0,IMELBO1849.csv
2023/01/27,03:39 AM,13.61,9.11,74.0,SSW,0.97,1.61,1028.11,0.0,0.0,0.0,0.0,IMELBO1849.csv
2023/01/27,03:44 AM,13.39,8.89,74.0,SSW,0.16,0.48,1028.11,0.0,0.0,0.0,0.0,IMELBO1849.csv
2023/01/27,03:49 AM,13.22,8.78,74.0,SSW,0.16,0.32,1028.11,0.0,0.0,0.0,0.0,IMELBO1849.csv
2023/01/27,03:54 AM,13.11,8.78,75.0,SSW,0.16,0.64,1027.77,0.0,0.0,0.0,0.0,IMELBO1849.csv
2023/01/27,03:59 AM,13.06,8.78,75.0,SSW,0.0,0.16,1027.77,0.0,0.0,0.0,0.0,IMELBO1849.csv
2023/01/27,04:04 AM,13.06,8.94,76.0,SSW,0.8,1.61,1027.77,0.0,0.0,0.0,0.0,IMELBO1849.csv
2023/01/27,04:09 AM,13.11,9.0,76.0,SSW,0.48,0.97,1028.11,0.0,0.0,0.0,0.0,IMELBO1849.csv
2023/01/27,04:14 AM,12.94,8.89,76.0,SSW,0.0,0.0,1028.11,0.0,0.0,0.0,0.0,IMELBO1849.csv
2023/01/27,04:19 AM,12.89,9.0,77.0,SSW,0.0,0.32,1028.11,0.0,0.0,0.0,0.0,IMELBO1849.csv
2023/01/27,04:24 AM,12.78,8.94,77.0,SSW,0.16,0.48,1028.11,0.0,0.0,0.0,0.0,IMELBO1849.csv
2023/01/27,04:29 AM,12.61,8.89,78.0,SSW,0.0,0.0,1027.77,0.0,0.0,0.0,0.0,IMELBO1849.csv
2023/01/27,04:34 AM,12.44,8.94,79.0,SSW,0.0,0.16,1027.77,0.0,0.0,0.0,0.0,IMELBO1849.csv
2023/01/27,04:39 AM,12.5,9.0,79.0,SSW,0.0,0.0,1028.11,0.0,0.0,0.0,0.0,IMELBO1849.csv
2023/01/27,04:44 AM,12.44,8.94,79.0,SSW,0.32,0.97,1028.11,0.0,0.0,0.0,0.0,IMELBO1849.csv
2023/01/27,04:49 AM,12.39,8.94,80.0,SSW,0.0,0.0,1028.11,0.0,0.0,0.0,0.0,IMELBO1849.csv
2023/01/27,04:54 AM,12.28,8.89,80.0,SSW,0.0,0.0,1027.77,0.0,0.0,0.0,0.0,IMELBO1849.csv
2023/01/27,04:59 AM,12.11,8.78,80.0,SSW,0.0,0.0,1028.11,0.0,0.0,0.0,0.0,IMELBO1849.csv
2023/01/27,05:04 AM,12.0,8.78,81.0,SSW,0.16,0.48,1028.11,0.0,0.0,0.0,0.0,IMELBO1849.csv
2023/01/27,05:09 AM,12.0,8.78,81.0,SSW,0.64,1.13,1028.11,0.0,0.0,0.0,0.0,IMELBO1849.csv
2023/01/27,05:14 AM,11.94,8.78,81.0,SSW,0.97,1.45,1028.11,0.0,0.0,0.0,0.0,IMELBO1849.csv
2023/01/27,05:19 AM,11.89,8.72,81.0,SSW,1.29,1.93,1028.11,0.0,0.0,0.0,0.0,IMELBO1849.csv
2023/01/27,05:24 AM,11.78,8.67,81.0,SSW,0.8,1.29,1028.11,0.0,0.0,0.0,0.0,IMELBO1849.csv
2023/01/27,05:29 AM,11.72,8.72,82.0,SSW,0.16,0.48,1028.11,0.0,0.0,0.0,0.0,IMELBO1849.csv
2023/01/27,05:34 AM,11.67,8.67,82.0,SSW,0.64,1.13,1028.11,0.0,0.0,0.0,0.0,IMELBO1849.csv
2023/01/27,05:39 AM,11.61,8.61,82.0,SSW,0.64,1.13,1028.11,0.0,0.0,0.0,0.0,IMELBO1849.csv
2023/01/27,05:44 AM,11.61,8.61,82.0,SSW,0.0,0.16,1028.11,0.0,0.0,0.0,0.0,IMELBO1849.csv
2023/01/27,05:49 AM,11.44,8.67,83.0,SSW,0.32,0.64,1028.11,0.0,0.0,0.0,0.0,IMELBO1849.csv
2023/01/27,05:54 AM,11.39,8.61,83.0,SSW,0.16,0.48,1028.11,0.0,0.0,0.0,0.0,IMELBO1849.csv
2023/01/27,05:59 AM,11.33,8.56,83.0,SSW,0.0,0.32,1028.11,0.0,0.0,0.0,0.0,IMELBO1849.csv
2023/01/27,06:04 AM,11.28,8.5,83.0,SSW,0.0,0.16,1028.11,0.0,0.0,0.0,0.0,IMELBO1849.csv
2023/01/27,06:09 AM,11.17,8.44,84.0,SSW,0.32,0.8,1028.11,0.0,0.0,0.0,0.0,IMELBO1849.csv
2023/01/27,06:14 AM,11.11,8.5,84.0,SSW,0.32,0.97,1028.11,0.0,0.0,0.0,0.0,IMELBO1849.csv
2023/01/27,06:19 AM,11.28,8.67,84.0,SW,2.25,2.9,1028.45,0.0,0.0,0.0,0.0,IMELBO1849.csv
2023/01/27,06:24 AM,11.28,8.72,84.0,WSW,2.09,2.9,1028.45,0.0,0.0,0.0,1.2,IMELBO1849.csv
2023/01/27,06:29 AM,11.28,8.72,84.0,WSW,3.22,4.18,1028.45,0.0,0.0,0.0,2.9,IMELBO1849.csv
2023/01/27,06:34 AM,11.39,8.67,83.0,WSW,3.38,4.51,1028.45,0.0,0.0,0.0,6.0,IMELBO1849.csv
2023/01/27,06:39 AM,11.39,8.61,83.0,WSW,2.25,3.22,1028.45,0.0,0.0,0.0,9.1,IMELBO1849.csv
2023/01/27,06:44 AM,11.5,8.72,83.0,WSW,0.48,0.97,1028.45,0.0,0.0,0.0,12.1,IMELBO1849.csv
2023/01/27,06:49 AM,11.44,8.67,83.0,WSW,0.97,1.45,1028.45,0.0,0.0,0.0,15.2,IMELBO1849.csv
2023/01/27,06:54 AM,11.44,8.67,83.0,WSW,0.0,0.0,1028.45,0.0,0.0,0.0,18.1,IMELBO1849.csv
2023/01/27,06:59 AM,11.39,8.78,84.0,WSW,0.0,0.0,1028.78,0.0,0.0,0.0,21.7,IMELBO1849.csv
2023/01/27,07:04 AM,11.5,8.89,84.0,WSW,1.13,1.93,1028.78,0.0,0.0,0.0,24.7,IMELBO1849.csv
2023/01/27,07:09 AM,11.72,9.06,83.0,WSW,2.74,3.38,1028.45,0.0,0.0,0.0,27.3,IMELBO1849.csv
2023/01/27,07:14 AM,11.94,9.17,83.0,WSW,1.29,1.77,1028.45,0.0,0.0,0.0,30.3,IMELBO1849.csv
2023/01/27,07:19 AM,12.22,9.22,82.0,WSW,1.93,2.41,1028.45,0.0,0.0,0.0,40.7,IMELBO1849.csv
2023/01/27,07:24 AM,12.56,9.39,81.0,WSW,2.09,2.74,1028.45,0.0,0.0,0.0,45.9,IMELBO1849.csv
2023/01/27,07:29 AM,13.0,9.61,80.0,WSW,0.32,0.64,1028.45,0.0,0.0,0.0,49.8,IMELBO1849.csv
2023/01/27,07:34 AM,13.33,9.78,79.0,WSW,1.45,2.09,1028.45,0.0,0.0,0.0,56.8,IMELBO1849.csv
2023/01/27,07:39 AM,13.67,9.94,78.0,WSW,0.48,1.13,1028.45,0.0,0.0,0.0,80.3,IMELBO1849.csv
2023/01/27,07:44 AM,14.06,10.06,77.0,WSW,2.57,3.38,1028.45,0.0,0.0,0.0,95.4,IMELBO1849.csv
2023/01/27,07:49 AM,14.39,10.22,76.0,WSW,0.8,1.61,1028.78,0.0,0.0,1.0,107.5,IMELBO1849.csv
2023/01/27,07:54 AM,14.83,10.33,75.0,WSW,0.64,1.61,1028.78,0.0,0.0,1.0,116.6,IMELBO1849.csv
2023/01/27,07:59 AM,15.17,10.5,74.0,WSW,0.97,2.09,1028.45,0.0,0.0,1.0,141.4,IMELBO1849.csv
2023/01/27,08:04 AM,15.44,10.61,73.0,WSW,1.45,1.93,1028.78,0.0,0.0,1.0,150.5,IMELBO1849.csv
2023/01/27,08:09 AM,15.5,10.5,72.0,WSW,2.09,2.9,1028.78,0.0,0.0,1.0,172.1,IMELBO1849.csv
2023/01/27,08:14 AM,15.61,10.61,72.0,WSW,2.9,3.7,1028.45,0.0,0.0,1.0,187.3,IMELBO1849.csv
2023/01/27,08:19 AM,15.67,10.67,72.0,WSW,2.09,3.06,1028.78,0.0,0.0,2.0,204.7,IMELBO1849.csv
2023/01/27,08:24 AM,16.22,10.78,70.0,WSW,0.64,1.61,1028.78,0.0,0.0,2.0,216.9,IMELBO1849.csv
2023/01/27,08:29 AM,16.5,10.83,69.0,WSW,1.45,2.41,1028.45,0.0,0.0,2.0,230.7,IMELBO1849.csv
2023/01/27,08:34 AM,16.17,10.72,70.0,SW,1.93,2.57,1028.45,0.0,0.0,2.0,241.6,IMELBO1849.csv
2023/01/27,08:39 AM,16.28,10.72,70.0,WSW,1.45,2.57,1028.45,0.0,0.0,2.0,262.8,IMELBO1849.csv
2023/01/27,08:44 AM,16.61,10.83,69.0,SW,1.61,2.57,1028.45,0.0,0.0,2.0,267.5,IMELBO1849.csv
2023/01/27,08:49 AM,16.56,10.72,68.0,South,1.61,2.41,1028.78,0.0,0.0,2.0,292.4,IMELBO1849.csv
2023/01/27,08:54 AM,17.17,10.83,66.0,SSE,2.09,3.06,1028.45,0.0,0.0,3.0,317.1,IMELBO1849.csv
2023/01/27,08:59 AM,17.39,10.89,66.0,WSW,1.45,2.25,1028.78,0.0,0.0,3.0,328.4,IMELBO1849.csv
2023/01/27,09:04 AM,17.33,10.78,65.0,West,1.45,2.41,1028.78,0.0,0.0,3.0,352.2,IMELBO1849.csv
2023/01/27,09:09 AM,17.83,10.89,64.0,ESE,1.93,2.9,1028.78,0.0,0.0,3.0,373.0,IMELBO1849.csv
2023/01/27,09:14 AM,18.11,11.28,64.0,SE,3.06,4.02,1028.78,0.0,0.0,3.0,386.1,IMELBO1849.csv
2023/01/27,09:19 AM,18.06,11.17,64.0,SSW,2.57,3.54,1028.78,0.0,0.0,3.0,403.3,IMELBO1849.csv
2023/01/27,09:24 AM,17.61,11.0,65.0,SSW,3.38,4.34,1028.78,0.0,0.0,4.0,422.4,IMELBO1849.csv
2023/01/27,09:29 AM,18.11,11.06,63.0,ESE,3.22,4.18,1028.78,0.0,0.0,4.0,425.1,IMELBO1849.csv
2023/01/27,09:34 AM,18.11,11.11,64.0,East,1.45,1.93,1028.78,0.0,0.0,4.0,445.9,IMELBO1849.csv
2023/01/27,09:39 AM,18.83,11.44,62.0,South,1.93,2.57,1028.45,0.0,0.0,4.0,470.6,IMELBO1849.csv
2023/01/27,09:44 AM,18.67,11.28,62.0,SSW,1.13,1.93,1028.78,0.0,0.0,4.0,482.7,IMELBO1849.csv
2023/01/27,09:49 AM,18.89,11.39,62.0,SSW,2.9,3.54,1028.45,0.0,0.0,4.0,488.4,IMELBO1849.csv
2023/01/27,09:54 AM,18.61,11.39,63.0,SSW,3.54,4.83,1028.45,0.0,0.0,4.0,503.6,IMELBO1849.csv
2023/01/27,09:59 AM,19.0,11.44,61.0,SSW,1.29,1.93,1028.45,0.0,0.0,5.0,518.0,IMELBO1849.csv
2023/01/27,10:04 AM,19.11,11.5,61.0,SSW,1.93,2.57,1028.45,0.0,0.0,5.0,511.4,IMELBO1849.csv
2023/01/27,10:09 AM,19.33,11.61,61.0,South,2.25,2.9,1028.45,0.0,0.0,5.0,521.8,IMELBO1849.csv
2023/01/27,10:14 AM,19.17,11.5,61.0,SE,2.74,3.86,1028.11,0.0,0.0,5.0,532.7,IMELBO1849.csv
2023/01/27,10:19 AM,19.5,11.67,61.0,SSE,1.29,2.09,1028.45,0.0,0.0,5.0,563.0,IMELBO1849.csv
2023/01/27,10:24 AM,20.17,11.78,59.0,SW,2.41,3.38,1028.45,0.0,0.0,5.0,578.7,IMELBO1849.csv
2023/01/27,10:29 AM,20.28,11.78,58.0,WSW,1.93,2.74,1028.11,0.0,0.0,5.0,585.1,IMELBO1849.csv
2023/01/27,10:34 AM,20.83,11.94,57.0,SW,2.57,3.7,1028.11,0.0,0.0,5.0,586.8,IMELBO1849.csv
2023/01/27,10:39 AM,20.61,11.83,57.0,WSW,2.74,3.54,1028.11,0.0,0.0,5.0,563.8,IMELBO1849.csv
2023/01/27,10:44 AM,20.83,11.67,56.0,South,1.93,2.9,1028.11,0.0,0.0,5.0,565.2,IMELBO1849.csv
2023/01/27,10:49 AM,20.83,11.78,56.0,SW,2.74,3.54,1028.11,0.0,0.0,5.0,582.1,IMELBO1849.csv
2023/01/27,10:54 AM,21.0,11.83,56.0,WNW,1.29,2.41,1027.77,0.0,0.0,5.0,612.9,IMELBO1849.csv
2023/01/27,10:59 AM,21.56,11.94,54.0,NNW,2.09,3.06,1027.77,0.0,0.0,6.0,629.8,IMELBO1849.csv
2023/01/27,11:04 AM,21.89,12.0,53.0,West,2.9,4.34,1027.77,0.0,0.0,6.0,672.8,IMELBO1849.csv
2023/01/27,11:09 AM,21.5,11.89,54.0,SW,1.93,2.9,1027.77,0.0,0.0,6.0,688.9,IMELBO1849.csv
2023/01/27,11:14 AM,22.11,11.72,52.0,NW,2.25,3.22,1027.77,0.0,0.0,6.0,699.6,IMELBO1849.csv
2023/01/27,11:19 AM,22.17,11.67,51.0,NE,0.97,1.77,1027.43,0.0,0.0,6.0,702.3,IMELBO1849.csv
2023/01/27,11:24 AM,22.89,11.89,50.0,SW,2.57,3.54,1027.43,0.0,0.0,6.0,714.4,IMELBO1849.csv
2023/01/27,11:29 AM,22.56,11.56,50.0,South,2.41,3.06,1027.43,0.0,0.0,6.0,718.7,IMELBO1849.csv
2023/01/27,11:34 AM,22.78,11.33,48.0,WNW,2.74,4.18,1027.43,0.0,0.0,6.0,718.7,IMELBO1849.csv
2023/01/27,11:39 AM,22.44,11.22,49.0,South,2.09,2.74,1027.43,0.0,0.0,7.0,721.4,IMELBO1849.csv
2023/01/27,11:44 AM,22.44,10.56,47.0,SSW,3.06,4.18,1027.43,0.0,0.0,7.0,736.6,IMELBO1849.csv
2023/01/27,11:49 AM,22.72,10.5,46.0,WNW,1.45,2.25,1027.43,0.0,0.0,7.0,747.3,IMELBO1849.csv
2023/01/27,11:54 AM,23.17,11.0,46.0,West,2.41,3.86,1027.09,0.0,0.0,7.0,755.2,IMELBO1849.csv
2023/01/27,11:59 AM,23.72,11.22,45.0,NNW,3.22,4.51,1027.09,0.0,0.0,7.0,754.3,IMELBO1849.csv
2023/01/27,12:04 PM,24.28,11.22,44.0,NNE,1.77,2.57,1027.09,0.0,0.0,7.0,754.0,IMELBO1849.csv
2023/01/27,12:09 PM,24.44,11.28,44.0,SE,2.9,4.18,1027.09,0.0,0.0,7.0,760.4,IMELBO1849.csv
2023/01/27,12:14 PM,24.17,10.83,43.0,SW,4.67,5.95,1027.09,0.0,0.0,7.0,754.3,IMELBO1849.csv
2023/01/27,12:19 PM,23.83,10.78,44.0,South,3.54,4.51,1027.09,0.0,0.0,7.0,740.0,IMELBO1849.csv
2023/01/27,12:24 PM,24.5,9.94,40.0,WNW,3.86,5.15,1026.75,0.0,0.0,7.0,756.5,IMELBO1849.csv
2023/01/27,12:29 PM,24.39,9.44,39.0,WNW,4.51,6.28,1026.75,0.0,0.0,7.0,789.1,IMELBO1849.csv
2023/01/27,12:34 PM,24.56,9.78,39.0,NNW,3.7,4.99,1026.75,0.0,0.0,7.0,793.3,IMELBO1849.csv
2023/01/27,12:39 PM,24.83,10.22,40.0,NE,2.41,3.7,1026.75,0.0,0.0,7.0,797.8,IMELBO1849.csv
2023/01/27,12:44 PM,24.94,10.44,40.0,East,3.86,4.83,1026.75,0.0,0.0,7.0,810.7,IMELBO1849.csv
2023/01/27,12:49 PM,24.89,9.78,38.0,WNW,2.74,4.18,1026.41,0.0,0.0,7.0,805.1,IMELBO1849.csv
2023/01/27,12:54 PM,25.22,9.94,38.0,SSE,2.41,3.54,1026.41,0.0,0.0,7.0,789.9,IMELBO1849.csv
2023/01/27,12:59 PM,25.56,10.28,38.0,South,3.54,4.67,1026.41,0.0,0.0,7.0,803.4,IMELBO1849.csv
2023/01/27,01:04 PM,25.94,10.56,38.0,SSE,3.06,4.18,1026.41,0.0,0.0,7.0,804.7,IMELBO1849.csv
2023/01/27,01:09 PM,25.83,10.56,38.0,SW,4.67,6.6,1026.08,0.0,0.0,7.0,789.1,IMELBO1849.csv
2023/01/27,01:14 PM,25.61,10.72,39.0,SE,3.06,4.18,1026.41,0.0,0.0,7.0,763.5,IMELBO1849.csv
2023/01/27,01:19 PM,26.0,10.72,38.0,East,2.74,3.7,1026.08,0.0,0.0,7.0,741.7,IMELBO1849.csv
2023/01/27,01:24 PM,26.11,10.89,39.0,ESE,4.18,5.63,1026.08,0.0,0.0,7.0,734.4,IMELBO1849.csv
2023/01/27,01:29 PM,25.83,10.33,38.0,WSW,1.93,3.22,1026.08,0.0,0.0,7.0,747.8,IMELBO1849.csv
2023/01/27,01:34 PM,26.5,10.83,37.0,East,2.74,4.18,1026.08,0.0,0.0,7.0,753.1,IMELBO1849.csv
2023/01/27,01:39 PM,26.39,10.56,37.0,SSE,2.41,3.06,1026.08,0.0,0.0,7.0,763.0,IMELBO1849.csv
2023/01/27,01:44 PM,27.33,10.83,36.0,South,3.06,4.51,1026.08,0.0,0.0,7.0,783.0,IMELBO1849.csv
2023/01/27,01:49 PM,27.5,10.72,35.0,SE,2.09,3.22,1025.74,0.0,0.0,7.0,796.0,IMELBO1849.csv
2023/01/27,01:54 PM,27.56,10.33,34.0,South,1.61,2.41,1026.08,0.0,0.0,7.0,796.9,IMELBO1849.csv
2023/01/27,01:59 PM,27.5,10.83,35.0,SSW,2.41,3.22,1025.74,0.0,0.0,7.0,773.4,IMELBO1849.csv
2023/01/27,02:04 PM,27.5,10.83,35.0,West,3.38,4.83,1025.74,0.0,0.0,7.0,767.4,IMELBO1849.csv
2023/01/27,02:09 PM,27.5,10.89,36.0,South,3.7,5.15,1025.74,0.0,0.0,7.0,788.6,IMELBO1849.csv
2023/01/27,02:14 PM,27.61,10.94,35.0,SE,4.18,5.47,1025.74,0.0,0.0,7.0,793.3,IMELBO1849.csv
2023/01/27,02:19 PM,27.11,12.11,39.0,South,5.15,7.56,1025.4,0.0,0.0,7.0,793.8,IMELBO1849.csv
2023/01/27,02:24 PM,27.39,12.94,41.0,South,6.44,8.69,1025.4,0.0,0.0,7.0,802.5,IMELBO1849.csv
2023/01/27,02:29 PM,27.0,12.89,42.0,SE,5.95,8.53,1025.4,0.0,0.0,7.0,800.3,IMELBO1849.csv
2023/01/27,02:34 PM,27.28,13.22,42.0,SE,5.31,7.4,1025.4,0.0,0.0,7.0,804.2,IMELBO1849.csv
2023/01/27,02:39 PM,27.06,12.94,42.0,South,6.11,8.21,1025.4,0.0,0.0,7.0,808.5,IMELBO1849.csv
2023/01/27,02:44 PM,26.5,12.56,42.0,SSW,6.11,8.04,1025.06,0.0,0.0,7.0,802.9,IMELBO1849.csv
2023/01/27,02:49 PM,26.61,12.78,42.0,South,7.08,10.14,1025.06,0.0,0.0,7.0,791.6,IMELBO1849.csv
2023/01/27,02:54 PM,26.83,12.89,42.0,South,5.95,8.21,1025.4,0.0,0.0,7.0,798.1,IMELBO1849.csv
2023/01/27,02:59 PM,26.89,12.89,42.0,South,5.79,8.37,1025.06,0.0,0.0,7.0,789.4,IMELBO1849.csv
2023/01/27,03:04 PM,27.22,12.61,40.0,SSE,3.86,5.63,1025.4,0.0,0.0,7.0,773.9,IMELBO1849.csv
2023/01/27,03:09 PM,27.39,12.78,41.0,SSW,6.6,9.65,1025.06,0.0,0.0,7.0,774.8,IMELBO1849.csv
2023/01/27,03:14 PM,27.44,12.56,40.0,SE,3.86,5.63,1025.06,0.0,0.0,7.0,774.8,IMELBO1849.csv
2023/01/27,03:19 PM,27.61,12.56,39.0,SSW,3.7,5.31,1025.06,0.0,0.0,7.0,773.9,IMELBO1849.csv
2023/01/27,03:24 PM,27.83,12.78,40.0,SE,4.67,6.6,1025.06,0.0,0.0,7.0,773.0,IMELBO1849.csv
2023/01/27,03:29 PM,27.61,12.5,39.0,South,3.22,4.51,1024.72,0.0,0.0,7.0,762.2,IMELBO1849.csv
2023/01/27,03:34 PM,28.17,12.56,38.0,SSW,4.67,6.11,1024.72,0.0,0.0,7.0,781.2,IMELBO1849.csv
2023/01/27,03:39 PM,28.44,12.61,38.0,SSE,3.38,4.67,1024.72,0.0,0.0,7.0,789.4,IMELBO1849.csv
2023/01/27,03:44 PM,28.56,12.56,37.0,SSE,3.86,5.15,1024.72,0.0,0.0,7.0,783.8,IMELBO1849.csv
2023/01/27,03:49 PM,28.56,12.5,37.0,ESE,3.54,5.15,1024.38,0.0,0.0,7.0,764.7,IMELBO1849.csv
2023/01/27,03:54 PM,28.44,12.56,38.0,South,5.63,7.56,1024.38,0.0,0.0,7.0,757.4,IMELBO1849.csv
2023/01/27,03:59 PM,28.44,12.39,37.0,SSE,4.99,7.72,1024.38,0.0,0.0,7.0,763.5,IMELBO1849.csv
2023/01/27,04:04 PM,28.22,12.28,37.0,SSW,6.28,8.53,1024.38,0.0,0.0,7.0,761.3,IMELBO1849.csv
2023/01/27,04:09 PM,27.61,11.83,37.0,SSW,7.08,9.49,1024.04,0.0,0.0,7.0,765.6,IMELBO1849.csv
2023/01/27,04:14 PM,28.28,12.0,36.0,ESE,3.86,5.31,1024.04,0.0,0.0,7.0,764.7,IMELBO1849.csv
2023/01/27,04:19 PM,28.67,12.11,36.0,East,4.18,5.79,1024.04,0.0,0.0,7.0,770.3,IMELBO1849.csv
2023/01/27,04:24 PM,28.78,12.06,36.0,ESE,4.18,6.28,1023.71,0.0,0.0,7.0,767.8,IMELBO1849.csv
2023/01/27,04:29 PM,28.89,12.0,35.0,SSW,3.54,5.15,1023.71,0.0,0.0,7.0,769.1,IMELBO1849.csv
2023/01/27,04:34 PM,29.06,12.28,35.0,SE,5.15,7.08,1023.71,0.0,0.0,7.0,758.2,IMELBO1849.csv
2023/01/27,04:39 PM,28.67,12.17,36.0,SW,4.99,6.76,1023.71,0.0,0.0,7.0,743.9,IMELBO1849.csv
2023/01/27,04:44 PM,28.5,12.28,37.0,South,4.99,7.24,1023.71,0.0,0.0,7.0,741.7,IMELBO1849.csv
2023/01/27,04:49 PM,28.72,12.33,36.0,South,5.47,8.21,1023.71,0.0,0.0,7.0,722.6,IMELBO1849.csv
2023/01/27,04:54 PM,28.67,12.39,36.0,SSE,5.15,6.76,1023.71,0.0,0.0,7.0,726.5,IMELBO1849.csv
2023/01/27,04:59 PM,28.39,12.39,37.0,South,4.67,6.6,1023.71,0.0,0.0,6.0,696.7,IMELBO1849.csv
2023/01/27,05:04 PM,28.22,12.33,37.0,SSW,5.31,7.24,1023.71,0.0,0.0,6.0,686.2,IMELBO1849.csv
2023/01/27,05:09 PM,27.89,12.11,38.0,SSW,7.72,11.1,1023.71,0.0,0.0,6.0,681.9,IMELBO1849.csv
2023/01/27,05:14 PM,28.33,12.11,37.0,South,4.67,6.28,1023.71,0.0,0.0,6.0,671.9,IMELBO1849.csv
2023/01/27,05:19 PM,28.67,11.89,35.0,SSE,4.02,5.47,1023.37,0.0,0.0,6.0,654.6,IMELBO1849.csv
2023/01/27,05:24 PM,28.67,11.94,36.0,South,4.34,6.76,1023.71,0.0,0.0,6.0,626.0,IMELBO1849.csv
2023/01/27,05:29 PM,28.39,11.5,35.0,SSE,5.63,8.04,1023.37,0.0,0.0,5.0,601.7,IMELBO1849.csv
2023/01/27,05:34 PM,28.56,11.39,34.0,South,5.47,7.88,1023.71,0.0,0.0,5.0,568.6,IMELBO1849.csv
2023/01/27,05:39 PM,27.94,11.39,36.0,SW,7.72,10.62,1023.71,0.0,0.0,5.0,550.0,IMELBO1849.csv
2023/01/27,05:44 PM,27.94,11.0,35.0,South,5.63,8.37,1023.37,0.0,0.0,4.0,506.2,IMELBO1849.csv
2023/01/27,05:49 PM,28.22,10.89,34.0,SSE,5.79,8.53,1023.37,0.0,0.0,4.0,484.9,IMELBO1849.csv
2023/01/27,05:54 PM,27.89,11.33,36.0,South,6.44,9.17,1023.03,0.0,0.0,4.0,461.1,IMELBO1849.csv
2023/01/27,05:59 PM,27.67,11.61,37.0,SSW,4.67,6.92,1023.03,0.0,0.0,4.0,428.2,IMELBO1849.csv
2023/01/27,06:04 PM,27.78,11.72,37.0,South,6.44,8.85,1023.03,0.0,0.0,3.0,395.6,IMELBO1849.csv
2023/01/27,06:09 PM,27.33,11.72,38.0,SSW,7.24,9.81,1023.03,0.0,0.0,3.0,360.0,IMELBO1849.csv
2023/01/27,06:14 PM,27.67,11.61,37.0,SSW,6.11,8.85,1023.03,0.0,0.0,3.0,348.8,IMELBO1849.csv
2023/01/27,06:19 PM,27.39,11.06,36.0,SSW,6.6,9.17,1023.03,0.0,0.0,3.0,330.1,IMELBO1849.csv
2023/01/27,06:24 PM,27.39,10.61,35.0,SSW,6.11,8.53,1022.69,0.0,0.0,3.0,325.8,IMELBO1849.csv
2023/01/27,06:29 PM,27.33,10.33,35.0,SSW,6.11,8.85,1023.03,0.0,0.0,2.0,304.0,IMELBO1849.csv
2023/01/27,06:34 PM,27.28,10.22,35.0,SSW,8.53,11.91,1023.03,0.0,0.0,2.0,285.4,IMELBO1849.csv
2023/01/27,06:39 PM,26.89,9.83,34.0,SSW,8.37,10.3,1023.03,0.0,0.0,2.0,269.4,IMELBO1849.csv
2023/01/27,06:44 PM,27.11,9.11,32.0,SSW,6.44,9.49,1023.03,0.0,0.0,2.0,252.9,IMELBO1849.csv
2023/01/27,06:49 PM,27.11,8.94,32.0,South,6.76,9.01,1023.03,0.0,0.0,2.0,238.6,IMELBO1849.csv
2023/01/27,06:54 PM,27.0,8.11,30.0,SW,9.01,11.75,1023.37,0.0,0.0,2.0,212.5,IMELBO1849.csv
2023/01/27,06:59 PM,26.78,6.78,28.0,SSW,6.6,9.49,1023.03,0.0,0.0,1.0,170.4,IMELBO1849.csv
2023/01/27,07:04 PM,26.94,5.28,25.0,SSW,6.6,8.85,1023.37,0.0,0.0,1.0,173.5,IMELBO1849.csv
2023/01/27,07:09 PM,26.89,5.5,26.0,SSE,4.51,6.92,1023.37,0.0,0.0,1.0,163.4,IMELBO1849.csv
2023/01/27,07:14 PM,27.06,5.56,25.0,South,4.02,5.63,1023.37,0.0,0.0,1.0,139.2,IMELBO1849.csv
2023/01/27,07:19 PM,26.67,5.89,27.0,SSW,6.44,8.37,1023.37,0.0,0.0,1.0,129.2,IMELBO1849.csv
2023/01/27,07:24 PM,26.56,4.44,24.0,SW,6.76,9.49,1023.37,0.0,0.0,0.0,42.9,IMELBO1849.csv
2023/01/27,07:29 PM,26.28,4.67,25.0,SW,4.99,6.76,1023.37,0.0,0.0,0.0,40.2,IMELBO1849.csv
2023/01/27,07:34 PM,26.39,3.94,24.0,South,3.38,4.67,1023.37,0.0,0.0,0.0,38.2,IMELBO1849.csv
2023/01/27,07:39 PM,26.33,5.0,26.0,SSW,5.15,6.6,1023.71,0.0,0.0,0.0,36.8,IMELBO1849.csv
2023/01/27,07:44 PM,26.11,5.28,26.0,South,3.54,5.15,1023.37,0.0,0.0,0.0,35.1,IMELBO1849.csv
2023/01/27,07:49 PM,25.94,6.17,28.0,SSE,2.41,3.7,1023.37,0.0,0.0,0.0,32.4,IMELBO1849.csv
2023/01/27,07:54 PM,25.72,6.94,30.0,South,3.06,4.83,1023.37,0.0,0.0,0.0,30.3,IMELBO1849.csv
2023/01/27,07:59 PM,25.5,8.06,33.0,SSE,3.38,4.67,1023.37,0.0,0.0,0.0,27.3,IMELBO1849.csv
2023/01/27,08:04 PM,25.22,8.94,36.0,SSW,3.86,4.99,1023.37,0.0,0.0,0.0,24.7,IMELBO1849.csv
2023/01/27,08:09 PM,25.0,9.83,38.0,SSW,4.02,5.63,1023.37,0.0,0.0,0.0,22.0,IMELBO1849.csv
2023/01/27,08:14 PM,24.67,10.06,40.0,SSW,4.02,5.63,1023.03,0.0,0.0,0.0,19.5,IMELBO1849.csv
2023/01/27,08:19 PM,24.39,10.22,41.0,SSW,4.02,4.83,1023.03,0.0,0.0,0.0,16.4,IMELBO1849.csv
2023/01/27,08:24 PM,24.28,10.61,42.0,SSW,4.18,5.47,1023.03,0.0,0.0,0.0,13.0,IMELBO1849.csv
2023/01/27,08:29 PM,24.06,10.89,43.0,SSW,4.83,6.11,1023.37,0.0,0.0,0.0,9.5,IMELBO1849.csv
2023/01/27,08:34 PM,24.0,11.56,46.0,SSW,3.06,4.18,1023.37,0.0,0.0,0.0,6.5,IMELBO1849.csv
2023/01/27,08:39 PM,23.78,12.39,49.0,South,2.09,3.22,1023.03,0.0,0.0,0.0,3.8,IMELBO1849.csv
2023/01/27,08:44 PM,23.5,12.89,51.0,SSW,1.77,2.25,1023.37,0.0,0.0,0.0,1.7,IMELBO1849.csv
2023/01/27,08:49 PM,23.28,13.83,55.0,SSW,3.06,4.02,1023.37,0.0,0.0,0.0,0.0,IMELBO1849.csv
2023/01/27,08:54 PM,23.11,14.44,58.0,SW,2.9,3.54,1023.37,0.0,0.0,0.0,0.0,IMELBO1849.csv
2023/01/27,08:59 PM,22.94,14.78,60.0,SW,2.57,3.06,1023.37,0.0,0.0,0.0,0.0,IMELBO1849.csv
2023/01/27,09:04 PM,22.89,14.72,60.0,SSW,2.09,2.9,1023.37,0.0,0.0,0.0,0.0,IMELBO1849.csv
2023/01/27,09:09 PM,22.72,14.56,60.0,SW,0.97,1.45,1023.37,0.0,0.0,0.0,0.0,IMELBO1849.csv
2023/01/27,09:14 PM,22.44,14.61,61.0,SW,0.16,0.64,1023.37,0.0,0.0,0.0,0.0,IMELBO1849.csv
2023/01/27,09:19 PM,22.28,14.72,62.0,SW,0.8,1.61,1023.37,0.0,0.0,0.0,0.0,IMELBO1849.csv
2023/01/27,09:24 PM,22.33,14.44,61.0,SW,0.97,1.29,1023.37,0.0,0.0,0.0,0.0,IMELBO1849.csv
2023/01/27,09:29 PM,22.22,14.5,62.0,SW,0.64,0.97,1023.37,0.0,0.0,0.0,0.0,IMELBO1849.csv
2023/01/27,09:34 PM,22.0,14.56,62.0,SW,0.0,0.0,1023.37,0.0,0.0,0.0,0.0,IMELBO1849.csv
2023/01/27,09:39 PM,21.83,14.61,63.0,SW,0.48,0.97,1023.37,0.0,0.0,0.0,0.0,IMELBO1849.csv
2023/01/27,09:44 PM,21.78,14.56,63.0,SW,0.64,0.97,1023.37,0.0,0.0,0.0,0.0,IMELBO1849.csv
2023/01/27,09:49 PM,21.67,14.5,64.0,SW,0.48,0.97,1023.37,0.0,0.0,0.0,0.0,IMELBO1849.csv
2023/01/27,09:54 PM,21.61,14.28,63.0,WSW,0.64,1.13,1023.03,0.0,0.0,0.0,0.0,IMELBO1849.csv
2023/01/27,09:59 PM,21.5,14.22,63.0,WSW,0.0,0.16,1023.03,0.0,0.0,0.0,0.0,IMELBO1849.csv
2023/01/27,10:04 PM,21.28,14.06,63.0,WSW,0.48,0.97,1023.03,0.0,0.0,0.0,0.0,IMELBO1849.csv
2023/01/27,10:09 PM,21.22,13.89,63.0,WSW,0.16,0.8,1023.37,0.0,0.0,0.0,0.0,IMELBO1849.csv
2023/01/27,10:14 PM,21.17,13.61,62.0,West,2.25,2.9,1023.37,0.0,0.0,0.0,0.0,IMELBO1849.csv
2023/01/27,10:19 PM,21.28,13.33,60.0,WNW,3.7,4.83,1023.37,0.0,0.0,0.0,0.0,IMELBO1849.csv
2023/01/27,10:24 PM,21.28,13.28,60.0,WNW,3.22,4.51,1023.37,0.0,0.0,0.0,0.0,IMELBO1849.csv
2023/01/27,10:29 PM,21.22,13.22,60.0,WNW,2.9,3.86,1023.37,0.0,0.0,0.0,0.0,IMELBO1849.csv
2023/01/27,10:34 PM,21.0,13.0,60.0,WNW,3.86,4.67,1023.37,0.0,0.0,0.0,0.0,IMELBO1849.csv
2023/01/27,10:39 PM,20.94,12.94,60.0,WNW,3.06,4.02,1023.37,0.0,0.0,0.0,0.0,IMELBO1849.csv
2023/01/27,10:44 PM,20.83,12.83,60.0,WNW,3.38,4.18,1023.37,0.0,0.0,0.0,0.0,IMELBO1849.csv
2023/01/27,10:49 PM,20.72,12.89,61.0,WNW,3.54,4.51,1023.03,0.0,0.0,0.0,0.0,IMELBO1849.csv
2023/01/27,10:54 PM,20.61,12.78,61.0,WNW,0.32,0.8,1023.03,0.0,0.0,0.0,0.0,IMELBO1849.csv
2023/01/27,10:59 PM,20.33,12.44,61.0,WNW,1.45,1.61,1023.03,0.0,0.0,0.0,0.0,IMELBO1849.csv
2023/01/27,11:04 PM,20.28,12.06,59.0,WNW,1.61,2.09,1023.03,0.0,0.0,0.0,0.0,IMELBO1849.csv
2023/01/27,11:09 PM,20.22,12.22,60.0,WNW,1.77,2.41,1022.69,0.0,0.0,0.0,0.0,IMELBO1849.csv
2023/01/27,11:14 PM,20.06,12.11,60.0,WNW,0.0,0.0,1022.69,0.0,0.0,0.0,0.0,IMELBO1849.csv
2023/01/27,11:19 PM,19.67,11.94,61.0,WNW,1.29,1.77,1022.69,0.0,0.0,0.0,0.0,IMELBO1849.csv
2023/01/27,11:24 PM,19.61,11.89,61.0,WNW,0.8,0.97,1022.35,0.0,0.0,0.0,0.0,IMELBO1849.csv
2023/01/27,11:29 PM,19.39,11.78,61.0,WNW,0.0,0.0,1022.35,0.0,0.0,0.0,0.0,IMELBO1849.csv
2023/01/27,11:34 PM,19.06,11.72,62.0,WNW,0.0,0.0,1022.35,0.0,0.0,0.0,0.0,IMELBO1849.csv
2023/01/27,11:39 PM,18.72,11.67,64.0,WNW,0.0,0.0,1022.35,0.0,0.0,0.0,0.0,IMELBO1849.csv
2023/01/27,11:44 PM,18.72,11.56,63.0,WNW,0.0,0.0,1022.35,0.0,0.0,0.0,0.0,IMELBO1849.csv
2023/01/27,11:49 PM,18.39,11.5,64.0,WNW,0.0,0.16,1022.35,0.0,0.0,0.0,0.0,IMELBO1849.csv
2023/01/27,11:54 PM,18.22,11.5,65.0,WNW,0.0,0.16,1022.35,0.0,0.0,0.0,0.0,IMELBO1849.csv
2023/01/27,11:59 PM,18.22,11.5,65.0,WNW,0.0,0.0,1022.35,0.0,0.0,0.0,0.0,IMELBO1849.csv
2023/01/28,12:04 AM,18.0,11.28,65.0,NNW,1.13,1.61,1022.01,0.0,0.0,0.0,0.0,IMELBO1849.csv
2023/01/28,12:09 AM,17.94,11.06,64.0,NNW,0.16,0.48,1022.35,0.0,0.0,0.0,0.0,IMELBO1849.csv
2023/01/28,12:14 AM,17.78,10.56,63.0,NNW,1.29,2.09,1022.01,0.0,0.0,0.0,0.0,IMELBO1849.csv
2023/01/28,12:19 AM,17.72,10.06,61.0,,0.97,1.61,1022.01,0.0,0.0,0.0,0.0,IMELBO1849.csv
2023/01/28,12:24 AM,17.72,9.89,60.0,North,1.61,2.25,1022.01,0.0,0.0,0.0,0.0,IMELBO1849.csv
2023/01/28,12:29 AM,17.61,9.44,59.0,NNE,2.09,2.9,1022.01,0.0,0.0,0.0,0.0,IMELBO1849.csv
2023/01/28,12:34 AM,17.5,9.11,58.0,North,1.93,2.57,1022.01,0.0,0.0,0.0,0.0,IMELBO1849.csv
2023/01/28,12:39 AM,17.39,9.11,58.0,NNE,1.29,2.25,1022.01,0.0,0.0,0.0,0.0,IMELBO1849.csv
2023/01/28,12:44 AM,17.17,8.89,58.0,,0.64,1.13,1022.01,0.0,0.0,0.0,0.0,IMELBO1849.csv
2023/01/28,12:49 AM,17.0,8.72,58.0,,1.29,1.93,1022.01,0.0,0.0,0.0,0.0,IMELBO1849.csv
2023/01/28,12:54 AM,16.89,8.61,58.0,,0.97,1.77,1022.01,0.0,0.0,0.0,0.0,IMELBO1849.csv
2023/01/28,12:59 AM,16.72,8.44,58.0,North,1.61,2.41,1022.01,0.0,0.0,0.0,0.0,IMELBO1849.csv
2023/01/28,01:04 AM,16.67,8.67,59.0,NNE,1.45,2.09,1022.01,0.0,0.0,0.0,0.0,IMELBO1849.csv
2023/01/28,01:09 AM,16.56,8.56,59.0,NNE,1.93,2.9,1022.01,0.0,0.0,0.0,0.0,IMELBO1849.csv
2023/01/28,01:14 AM,16.5,8.5,59.0,NNE,2.9,3.54,1021.67,0.0,0.0,0.0,0.0,IMELBO1849.csv
2023/01/28,01:19 AM,16.5,8.44,59.0,NNE,3.54,4.51,1021.67,0.0,0.0,0.0,0.0,IMELBO1849.csv
2023/01/28,01:24 AM,16.33,8.39,59.0,North,1.29,1.93,1021.67,0.0,0.0,0.0,0.0,IMELBO1849.csv
2023/01/28,01:29 AM,16.17,8.33,60.0,NNE,2.25,2.9,1022.01,0.0,0.0,0.0,0.0,IMELBO1849.csv
2023/01/28,01:34 AM,16.11,8.5,61.0,NNE,1.45,2.25,1021.67,0.0,0.0,0.0,0.0,IMELBO1849.csv
2023/01/28,01:39 AM,15.94,8.61,62.0,NNE,1.77,2.74,1021.67,0.0,0.0,0.0,0.0,IMELBO1849.csv
2023/01/28,01:44 AM,15.89,8.83,63.0,NNE,0.64,1.45,1021.33,0.0,0.0,0.0,0.0,IMELBO1849.csv
2023/01/28,01:49 AM,15.89,8.89,63.0,NNE,1.13,1.77,1021.33,0.0,0.0,0.0,0.0,IMELBO1849.csv
2023/01/28,01:54 AM,15.78,9.0,64.0,NNE,1.77,2.74,1021.33,0.0,0.0,0.0,0.0,IMELBO1849.csv
2023/01/28,01:59 AM,15.78,9.0,64.0,NNE,2.74,3.54,1021.33,0.0,0.0,0.0,0.0,IMELBO1849.csv
2023/01/28,02:04 AM,15.72,9.0,64.0,North,2.25,2.9,1021.33,0.0,0.0,0.0,0.0,IMELBO1849.csv
2023/01/28,02:09 AM,15.56,9.11,65.0,NNE,3.22,4.02,1021.33,0.0,0.0,0.0,0.0,IMELBO1849.csv
2023/01/28,02:14 AM,15.44,9.17,66.0,North,1.77,2.57,1021.33,0.0,0.0,0.0,0.0,IMELBO1849.csv
2023/01/28,02:19 AM,15.28,9.11,67.0,North,1.29,1.93,1021.33,0.0,0.0,0.0,0.0,IMELBO1849.csv
2023/01/28,02:24 AM,15.06,9.06,67.0,NNE,2.41,3.22,1021.33,0.0,0.0,0.0,0.0,IMELBO1849.csv
2023/01/28,02:29 AM,15.0,9.11,68.0,NNE,3.06,4.34,1021.33,0.0,0.0,0.0,0.0,IMELBO1849.csv
2023/01/28,02:34 AM,15.0,9.11,68.0,NNE,2.41,3.06,1021.0,0.0,0.0,0.0,0.0,IMELBO1849.csv
2023/01/28,02:39 AM,14.94,9.06,68.0,NNE,1.29,2.25,1021.33,0.0,0.0,0.0,0.0,IMELBO1849.csv
2023/01/28,02:44 AM,14.89,9.0,68.0,NNE,1.45,2.09,1021.0,0.0,0.0,0.0,0.0,IMELBO1849.csv
2023/01/28,02:49 AM,14.72,9.17,69.0,NNE,2.41,3.22,1021.0,0.0,0.0,0.0,0.0,IMELBO1849.csv
2023/01/28,02:54 AM,14.72,9.11,69.0,NNE,2.41,3.38,1021.0,0.0,0.0,0.0,0.0,IMELBO1849.csv
2023/01/28,02:59 AM,14.67,9.06,69.0,NNE,2.09,2.74,1021.0,0.0,0.0,0.0,0.0,IMELBO1849.csv
2023/01/28,03:04 AM,14.56,9.06,69.0,NE,2.9,3.7,1021.0,0.0,0.0,0.0,0.0,IMELBO1849.csv
2023/01/28,03:09 AM,14.72,9.11,69.0,NNE,3.22,4.02,1021.0,0.0,0.0,0.0,0.0,IMELBO1849.csv
2023/01/28,03:14 AM,14.67,9.06,69.0,NNE,3.38,5.15,1020.66,0.0,0.0,0.0,0.0,IMELBO1849.csv
2023/01/28,03:19 AM,14.61,9.0,69.0,NNE,3.38,4.83,1020.32,0.0,0.0,0.0,0.0,IMELBO1849.csv
2023/01/28,03:24 AM,14.61,8.83,68.0,NNE,3.22,4.34,1020.32,0.0,0.0,0.0,0.0,IMELBO1849.csv
2023/01/28,03:29 AM,14.72,8.72,67.0,NNE,4.18,5.31,1020.32,0.0,0.0,0.0,0.0,IMELBO1849.csv
2023/01/28,03:34 AM,14.83,8.67,67.0,NNE,4.18,5.63,1020.32,0.0,0.0,0.0,0.0,IMELBO1849.csv
2023/01/28,03:39 AM,14.89,8.61,66.0,NE,4.34,5.95,1020.32,0.0,0.0,0.0,0.0,IMELBO1849.csv
2023/01/28,03:44 AM,14.94,8.39,65.0,NE,4.02,5.63,1019.98,0.0,0.0,0.0,0.0,IMELBO1849.csv
2023/01/28,03:49 AM,15.17,8.22,63.0,NNE,4.51,6.11,1019.98,0.0,0.0,0.0,0.0,IMELBO1849.csv
2023/01/28,03:54 AM,15.28,8.28,63.0,NNE,5.63,7.56,1019.98,0.0,0.0,0.0,0.0,IMELBO1849.csv
2023/01/28,03:59 AM,15.28,8.28,63.0,NNE,4.99,7.08,1019.98,0.0,0.0,0.0,0.0,IMELBO1849.csv
2023/01/28,04:04 AM,15.28,8.0,62.0,NE,7.4,9.65,1019.98,0.0,0.0,0.0,0.0,IMELBO1849.csv
2023/01/28,04:09 AM,15.56,7.83,60.0,NNE,7.4,10.14,1019.64,0.0,0.0,0.0,0.0,IMELBO1849.csv
2023/01/28,04:14 AM,15.83,7.61,58.0,NNE,6.92,8.85,1019.64,0.0,0.0,0.0,0.0,IMELBO1849.csv
2023/01/28,04:19 AM,16.22,7.44,56.0,NNE,5.95,8.37,1019.64,0.0,0.0,0.0,0.0,IMELBO1849.csv
2023/01/28,04:24 AM,16.44,7.22,55.0,NNE,8.37,10.78,1019.3,0.0,0.0,0.0,0.0,IMELBO1849.csv
2023/01/28,04:29 AM,16.67,7.28,54.0,NNE,7.24,9.49,1019.3,0.0,0.0,0.0,0.0,IMELBO1849.csv
2023/01/28,04:34 AM,16.5,7.22,54.0,NNE,5.95,8.21,1019.3,0.0,0.0,0.0,0.0,IMELBO1849.csv
2023/01/28,04:39 AM,16.67,7.22,54.0,NNE,6.11,7.72,1019.3,0.0,0.0,0.0,0.0,IMELBO1849.csv
2023/01/28,04:44 AM,16.67,7.22,54.0,NNE,5.47,7.08,1019.64,0.0,0.0,0.0,0.0,IMELBO1849.csv
2023/01/28,04:49 AM,16.67,7.11,53.0,NNE,4.83,6.11,1019.64,0.0,0.0,0.0,0.0,IMELBO1849.csv
2023/01/28,04:54 AM,16.5,7.22,54.0,NNE,4.67,5.79,1019.3,0.0,0.0,0.0,0.0,IMELBO1849.csv
2023/01/28,04:59 AM,16.17,7.17,55.0,NNE,4.18,5.31,1019.3,0.0,0.0,0.0,0.0,IMELBO1849.csv
2023/01/28,05:04 AM,15.89,7.0,55.0,NNE,4.34,5.63,1019.3,0.0,0.0,0.0,0.0,IMELBO1849.csv
2023/01/28,05:09 AM,16.06,6.83,54.0,NE,3.54,4.67,1019.64,0.0,0.0,0.0,0.0,IMELBO1849.csv
2023/01/28,05:14 AM,16.11,6.78,54.0,NE,3.38,4.51,1019.64,0.0,0.0,0.0,0.0,IMELBO1849.csv
2023/01/28,05:19 AM,16.33,6.67,53.0,NE,3.54,5.15,1019.64,0.0,0.0,0.0,0.0,IMELBO1849.csv
2023/01/28,05:24 AM,16.67,6.5,51.0,NNE,3.54,4.83,1019.64,0.0,0.0,0.0,0.0,IMELBO1849.csv
2023/01/28,05:29 AM,16.72,6.61,51.0,NNE,1.29,2.25,1019.64,0.0,0.0,0.0,0.0,IMELBO1849.csv
2023/01/28,05:34 AM,16.5,6.5,52.0,NNE,1.29,1.93,1019.64,0.0,0.0,0.0,0.0,IMELBO1849.csv
2023/01/28,05:39 AM,16.28,6.61,53.0,NE,0.97,1.61,1019.64,0.0,0.0,0.0,0.0,IMELBO1849.csv
2023/01/28,05:44 AM,16.0,6.61,54.0,NE,1.61,1.93,1019.64,0.0,0.0,0.0,0.0,IMELBO1849.csv
2023/01/28,05:49 AM,15.89,6.61,54.0,ENE,1.45,2.25,1019.64,0.0,0.0,0.0,0.0,IMELBO1849.csv
2023/01/28,05:54 AM,15.72,6.44,54.0,ENE,1.45,1.61,1019.64,0.0,0.0,0.0,0.0,IMELBO1849.csv
2023/01/28,05:59 AM,15.67,6.33,54.0,ENE,1.29,1.93,1019.64,0.0,0.0,0.0,0.0,IMELBO1849.csv
2023/01/28,06:04 AM,15.61,6.11,53.0,NE,1.13,1.61,1019.64,0.0,0.0,0.0,0.0,IMELBO1849.csv
2023/01/28,06:09 AM,16.33,5.39,48.0,NNE,4.18,5.63,1019.64,0.0,0.0,0.0,0.0,IMELBO1849.csv
2023/01/28,06:14 AM,17.67,5.5,45.0,NNE,4.67,6.44,1019.64,0.0,0.0,0.0,0.0,IMELBO1849.csv
2023/01/28,06:19 AM,18.17,5.5,43.0,NNE,6.11,9.33,1019.64,0.0,0.0,0.0,0.0,IMELBO1849.csv
2023/01/28,06:24 AM,18.28,5.5,43.0,NNE,6.92,8.85,1019.98,0.0,0.0,0.0,1.2,IMELBO1849.csv
2023/01/28,06:29 AM,18.28,5.5,43.0,NE,7.56,10.62,1019.64,0.0,0.0,0.0,2.6,IMELBO1849.csv
2023/01/28,06:34 AM,18.67,5.56,42.0,NNE,7.4,9.81,1019.64,0.0,0.0,0.0,5.1,IMELBO1849.csv
2023/01/28,06:39 AM,18.78,5.5,42.0,NNE,6.92,9.17,1019.64,0.0,0.0,0.0,8.6,IMELBO1849.csv
2023/01/28,06:44 AM,18.83,5.33,41.0,NNE,7.24,9.98,1019.98,0.0,0.0,0.0,11.3,IMELBO1849.csv
2023/01/28,06:49 AM,19.06,5.22,40.0,NNE,7.72,10.46,1019.64,0.0,0.0,0.0,13.8,IMELBO1849.csv
2023/01/28,06:54 AM,19.72,5.11,38.0,NNE,9.81,13.35,1019.98,0.0,0.0,0.0,18.1,IMELBO1849.csv
2023/01/28,06:59 AM,20.17,5.11,37.0,NNE,8.85,11.58,1019.98,0.0,0.0,0.0,20.3,IMELBO1849.csv
2023/01/28,07:04 AM,20.44,5.28,37.0,NNE,9.49,13.19,1019.98,0.0,0.0,0.0,23.4,IMELBO1849.csv
2023/01/28,07:09 AM,20.61,5.17,36.0,NNE,10.46,13.84,1019.64,0.0,0.0,0.0,26.8,IMELBO1849.csv
2023/01/28,07:14 AM,20.83,5.56,37.0,NNE,10.14,13.52,1019.64,0.0,0.0,0.0,29.0,IMELBO1849.csv
2023/01/28,07:19 AM,20.94,5.83,37.0,NE,9.65,13.52,1019.64,0.0,0.0,0.0,42.0,IMELBO1849.csv
2023/01/28,07:24 AM,21.28,5.83,37.0,NNE,10.3,14.32,1019.64,0.0,0.0,0.0,45.9,IMELBO1849.csv
2023/01/28,07:29 AM,21.89,6.0,36.0,NE,11.42,16.57,1019.64,0.0,0.0,0.0,50.3,IMELBO1849.csv
2023/01/28,07:34 AM,22.22,6.0,35.0,NNE,10.62,15.29,1019.64,0.0,0.0,0.0,56.8,IMELBO1849.csv
2023/01/28,07:39 AM,22.28,6.06,35.0,NE,10.3,14.32,1019.98,0.0,0.0,0.0,84.5,IMELBO1849.csv
2023/01/28,07:44 AM,22.22,6.0,35.0,NE,11.1,16.41,1019.98,0.0,0.0,1.0,101.4,IMELBO1849.csv
2023/01/28,07:49 AM,22.11,6.33,36.0,NNE,11.42,15.29,1019.98,0.0,0.0,1.0,116.6,IMELBO1849.csv
2023/01/28,07:54 AM,22.33,6.33,36.0,NNE,10.3,14.0,1019.98,0.0,0.0,1.0,131.4,IMELBO1849.csv
2023/01/28,07:59 AM,22.78,6.56,35.0,NE,9.49,13.35,1019.98,0.0,0.0,1.0,155.7,IMELBO1849.csv
2023/01/28,08:04 AM,23.06,6.78,35.0,NE,8.85,12.39,1020.32,0.0,0.0,1.0,167.9,IMELBO1849.csv
2023/01/28,08:09 AM,23.39,6.94,35.0,NE,8.04,12.23,1019.98,0.0,0.0,1.0,190.8,IMELBO1849.csv
2023/01/28,08:14 AM,23.72,7.33,35.0,ENE,6.76,9.49,1020.32,0.0,0.0,1.0,193.9,IMELBO1849.csv
2023/01/28,08:19 AM,23.94,7.56,35.0,ENE,6.44,9.98,1020.32,0.0,0.0,1.0,198.7,IMELBO1849.csv
2023/01/28,08:24 AM,24.17,7.78,35.0,ENE,7.08,9.98,1020.32,0.0,0.0,2.0,218.1,IMELBO1849.csv
2023/01/28,08:29 AM,24.22,8.28,36.0,ENE,8.53,11.91,1020.32,0.0,0.0,1.0,201.2,IMELBO1849.csv
2023/01/28,08:34 AM,24.28,8.67,37.0,East,8.69,12.07,1020.32,0.0,0.0,2.0,277.1,IMELBO1849.csv
2023/01/28,08:39 AM,24.5,9.17,38.0,ENE,10.14,14.48,1020.32,0.0,0.0,3.0,316.6,IMELBO1849.csv
2023/01/28,08:44 AM,24.89,9.67,38.0,East,9.01,13.68,1020.32,0.0,0.0,3.0,322.7,IMELBO1849.csv
2023/01/28,08:49 AM,25.11,10.17,39.0,NE,9.65,13.19,1020.32,0.0,0.0,3.0,329.2,IMELBO1849.csv
2023/01/28,08:54 AM,25.11,10.33,39.0,ENE,10.14,14.16,1020.32,0.0,0.0,3.0,307.9,IMELBO1849.csv
2023/01/28,08:59 AM,25.22,10.56,40.0,ENE,8.37,12.07,1020.32,0.0,0.0,2.0,265.8,IMELBO1849.csv
2023/01/28,09:04 AM,25.33,11.0,41.0,NE,9.17,12.71,1019.98,0.0,0.0,2.0,302.8,IMELBO1849.csv
2023/01/28,09:09 AM,25.5,11.28,41.0,NE,8.04,11.1,1019.98,0.0,0.0,2.0,287.6,IMELBO1849.csv
2023/01/28,09:14 AM,25.78,11.67,41.0,NE,9.49,13.52,1019.98,0.0,0.0,3.0,329.7,IMELBO1849.csv
2023/01/28,09:19 AM,25.89,11.78,41.0,ENE,8.85,12.71,1019.98,0.0,0.0,3.0,363.1,IMELBO1849.csv
2023/01/28,09:24 AM,26.33,12.17,41.0,ENE,8.85,12.87,1019.98,0.0,0.0,4.0,462.8,IMELBO1849.csv
2023/01/28,09:29 AM,26.89,12.56,41.0,NE,7.88,11.91,1019.98,0.0,0.0,4.0,465.4,IMELBO1849.csv
2023/01/28,09:34 AM,27.28,12.39,40.0,NE,8.04,11.1,1019.98,0.0,0.0,4.0,440.3,IMELBO1849.csv
2023/01/28,09:39 AM,27.67,12.61,39.0,NNE,7.56,11.1,1019.98,0.0,0.0,4.0,469.8,IMELBO1849.csv
2023/01/28,09:44 AM,28.22,11.78,36.0,NE,10.46,14.64,1019.98,0.0,0.0,4.0,481.9,IMELBO1849.csv
2023/01/28,09:49 AM,28.67,11.72,35.0,NNE,13.84,20.76,1019.98,0.0,0.0,4.0,436.7,IMELBO1849.csv
2023/01/28,09:54 AM,28.5,12.0,36.0,East,12.39,16.41,1019.98,0.0,0.0,4.0,491.4,IMELBO1849.csv
2023/01/28,09:59 AM,28.61,12.17,36.0,NNE,12.55,16.89,1019.98,0.0,0.0,4.0,426.0,IMELBO1849.csv
2023/01/28,10:04 AM,28.61,12.56,37.0,NNE,13.68,19.79,1019.98,0.0,0.0,4.0,452.9,IMELBO1849.csv
2023/01/28,10:09 AM,28.94,12.78,37.0,NNE,13.03,17.54,1019.98,0.0,0.0,4.0,485.4,IMELBO1849.csv
2023/01/28,10:14 AM,29.17,12.44,36.0,NNE,13.84,18.66,1019.98,0.0,0.0,4.0,452.4,IMELBO1849.csv
2023/01/28,10:19 AM,29.39,12.33,35.0,NNE,13.52,18.18,1020.32,0.0,0.0,6.0,626.8,IMELBO1849.csv
2023/01/28,10:24 AM,29.83,12.72,35.0,NNE,9.81,13.52,1020.32,0.0,0.0,5.0,549.2,IMELBO1849.csv
2023/01/28,10:29 AM,30.11,13.11,35.0,NNE,7.88,11.26,1021.0,0.0,0.0,4.0,444.6,IMELBO1849.csv
2023/01/28,10:34 AM,29.94,13.06,36.0,NNE,12.07,15.77,1020.66,0.0,0.0,3.0,307.9,IMELBO1849.csv
2023/01/28,10:39 AM,29.72,12.72,35.0,NNE,9.98,13.68,1020.66,0.0,0.0,4.0,491.1,IMELBO1849.csv
2023/01/28,10:44 AM,30.11,12.61,34.0,North,9.81,13.35,1021.0,0.0,0.0,6.0,656.3,IMELBO1849.csv
2023/01/28,10:49 AM,30.28,12.94,35.0,NNE,10.14,14.16,1021.0,0.0,0.0,3.0,348.3,IMELBO1849.csv
2023/01/28,10:54 AM,30.06,12.94,35.0,North,7.72,10.46,1021.0,0.0,0.0,4.0,508.4,IMELBO1849.csv
2023/01/28,10:59 AM,30.39,12.83,34.0,NE,12.23,16.89,1021.0,0.0,0.0,7.0,752.6,IMELBO1849.csv
2023/01/28,11:04 AM,30.5,13.28,35.0,NE,8.04,11.42,1021.0,0.0,0.0,5.0,557.4,IMELBO1849.csv
2023/01/28,11:09 AM,31.11,13.44,34.0,NE,7.4,10.78,1021.0,0.0,0.0,7.0,752.1,IMELBO1849.csv
2023/01/28,11:14 AM,31.44,13.17,33.0,NNE,8.85,12.39,1020.32,0.0,0.0,6.0,630.3,IMELBO1849.csv
2023/01/28,11:19 AM,31.5,12.06,30.0,NNW,7.4,11.1,1020.32,0.0,0.0,6.0,666.2,IMELBO1849.csv
2023/01/28,11:24 AM,32.06,9.56,25.0,North,5.47,7.72,1021.0,0.0,0.0,3.0,387.3,IMELBO1849.csv
2023/01/28,11:29 AM,32.17,9.44,25.0,North,6.11,9.17,1021.0,0.0,0.0,3.0,310.1,IMELBO1849.csv
2023/01/28,11:34 AM,32.17,9.0,24.0,,6.11,8.69,1020.66,0.0,0.0,6.0,655.0,IMELBO1849.csv
2023/01/28,11:39 AM,32.44,8.44,23.0,NNW,6.28,9.65,1020.66,0.0,0.0,7.0,745.3,IMELBO1849.csv
2023/01/28,11:44 AM,32.5,8.06,22.0,,9.98,13.35,1020.66,0.0,0.0,7.0,810.4,IMELBO1849.csv
2023/01/28,11:49 AM,32.67,8.5,23.0,NW,7.08,11.1,1020.66,0.0,0.0,9.0,997.8,IMELBO1849.csv
2023/01/28,11:54 AM,32.33,8.67,23.0,WNW,10.78,16.73,1020.66,0.0,0.0,6.0,626.4,IMELBO1849.csv
2023/01/28,11:59 AM,32.44,9.17,24.0,,5.31,7.88,1020.66,0.0,0.0,6.0,676.6,IMELBO1849.csv
2023/01/28,12:04 PM,33.06,9.5,24.0,NNW,4.83,6.28,1020.66,0.0,0.0,8.0,912.6,IMELBO1849.csv
2023/01/28,12:09 PM,33.61,12.44,28.0,NNE,6.92,9.49,1020.66,0.0,0.0,8.0,859.3,IMELBO1849.csv
2023/01/28,12:14 PM,33.78,11.89,26.0,NNE,6.92,9.49,1020.66,0.0,0.0,8.0,843.8,IMELBO1849.csv
2023/01/28,12:19 PM,33.83,11.22,25.0,NNE,10.14,13.52,1020.32,0.0,0.0,7.0,816.3,IMELBO1849.csv
2023/01/28,12:24 PM,33.56,10.94,25.0,NNE,10.94,14.32,1020.32,0.0,0.0,7.0,749.5,IMELBO1849.csv
2023/01/28,12:29 PM,33.67,11.44,26.0,NNE,8.37,12.07,1020.32,0.0,0.0,7.0,808.5,IMELBO1849.csv
2023/01/28,12:34 PM,34.28,11.5,25.0,NE,6.76,9.33,1019.98,0.0,0.0,8.0,858.1,IMELBO1849.csv
2023/01/28,12:39 PM,34.28,11.28,25.0,NNE,10.14,14.64,1019.98,0.0,0.0,8.0,838.1,IMELBO1849.csv
2023/01/28,12:44 PM,33.89,10.56,24.0,NE,9.81,13.68,1019.98,0.0,0.0,7.0,758.2,IMELBO1849.csv
2023/01/28,12:49 PM,33.78,10.56,24.0,NE,9.17,12.55,1019.64,0.0,0.0,7.0,729.6,IMELBO1849.csv
2023/01/28,12:54 PM,34.06,10.83,24.0,NNE,7.24,10.14,1019.64,0.0,0.0,6.0,706.2,IMELBO1849.csv
2023/01/28,12:59 PM,34.67,9.83,22.0,,7.56,11.58,1019.64,0.0,0.0,6.0,704.4,IMELBO1849.csv
2023/01/28,01:04 PM,34.78,10.83,23.0,NNE,6.28,8.69,1019.64,0.0,0.0,5.0,595.5,IMELBO1849.csv
2023/01/28,01:09 PM,35.06,10.0,22.0,NNW,4.67,7.08,1019.98,0.0,0.0,5.0,513.6,IMELBO1849.csv
2023/01/28,01:14 PM,34.67,10.22,23.0,North,6.44,9.33,1019.98,0.0,0.0,3.0,379.1,IMELBO1849.csv
2023/01/28,01:19 PM,34.44,9.5,22.0,East,5.31,7.24,1019.64,0.0,0.0,3.0,375.6,IMELBO1849.csv
2023/01/28,01:24 PM,34.44,9.89,22.0,North,5.95,7.88,1019.98,0.0,0.0,4.0,445.1,IMELBO1849.csv
2023/01/28,01:29 PM,34.39,10.56,23.0,NNE,5.15,7.56,1019.64,0.0,0.0,4.0,419.5,IMELBO1849.csv
2023/01/28,01:34 PM,34.33,10.28,23.0,NNW,5.95,8.85,1019.64,0.0,0.0,4.0,429.0,IMELBO1849.csv
2023/01/28,01:39 PM,34.39,11.0,24.0,NE,5.95,8.04,1019.98,0.0,0.0,4.0,414.2,IMELBO1849.csv
2023/01/28,01:44 PM,34.06,11.28,25.0,North,3.7,4.99,1019.98,0.0,0.0,3.0,370.4,IMELBO1849.csv
2023/01/28,01:49 PM,34.33,10.83,24.0,NNW,7.4,11.26,1019.98,0.0,0.0,3.0,357.0,IMELBO1849.csv
2023/01/28,01:54 PM,34.06,10.06,23.0,WNW,6.11,8.69,1019.98,0.0,0.0,4.0,414.2,IMELBO1849.csv
2023/01/28,01:59 PM,34.28,10.11,23.0,NW,6.6,10.3,1019.98,0.0,0.0,4.0,507.1,IMELBO1849.csv
2023/01/28,02:04 PM,34.22,10.33,23.0,NW,7.08,11.26,1019.98,0.0,0.0,4.0,506.2,IMELBO1849.csv
2023/01/28,02:09 PM,34.33,10.22,23.0,NNW,7.88,12.71,1019.98,0.0,0.0,4.0,510.1,IMELBO1849.csv
2023/01/28,02:14 PM,34.5,10.06,22.0,NW,7.72,12.07,1019.98,0.0,0.0,4.0,501.0,IMELBO1849.csv
2023/01/28,02:19 PM,34.67,10.0,22.0,NNW,7.56,11.1,1019.98,0.0,0.0,4.0,505.4,IMELBO1849.csv
2023/01/28,02:24 PM,34.72,10.11,22.0,NW,6.11,9.33,1020.32,0.0,0.0,5.0,614.6,IMELBO1849.csv
2023/01/28,02:29 PM,34.94,10.44,23.0,NW,8.04,11.91,1019.98,0.0,0.0,5.0,548.7,IMELBO1849.csv
2023/01/28,02:34 PM,34.78,10.56,23.0,WNW,6.6,9.49,1020.32,0.0,0.0,5.0,513.2,IMELBO1849.csv
2023/01/28,02:39 PM,34.94,10.83,23.0,North,5.63,8.69,1019.98,0.0,0.0,4.0,477.1,IMELBO1849.csv
2023/01/28,02:44 PM,34.83,10.94,23.0,WNW,5.47,8.69,1019.98,0.0,0.0,4.0,440.3,IMELBO1849.csv
2023/01/28,02:49 PM,34.61,10.67,23.0,WNW,4.34,6.44,1019.98,0.0,0.0,4.0,429.4,IMELBO1849.csv
2023/01/28,02:54 PM,34.72,10.72,23.0,NNW,3.06,4.02,1019.64,0.0,0.0,3.0,389.9,IMELBO1849.csv
2023/01/28,02:59 PM,34.89,10.67,23.0,NW,3.38,4.67,1019.64,0.0,0.0,3.0,376.1,IMELBO1849.csv
2023/01/28,03:04 PM,34.83,10.89,23.0,West,4.34,6.92,1019.64,0.0,0.0,3.0,343.0,IMELBO1849.csv
2023/01/28,03:09 PM,34.72,10.83,23.0,WNW,4.83,6.76,1019.64,0.0,0.0,3.0,321.4,IMELBO1849.csv
2023/01/28,03:14 PM,34.67,10.56,23.0,WSW,2.74,4.51,1019.64,0.0,0.0,3.0,321.0,IMELBO1849.csv
2023/01/28,03:19 PM,34.56,10.44,23.0,WNW,0.97,1.93,1019.3,0.0,0.0,3.0,311.5,IMELBO1849.csv
2023/01/28,03:24 PM,34.67,10.61,23.0,WNW,3.38,4.51,1019.3,0.0,0.0,3.0,335.3,IMELBO1849.csv
2023/01/28,03:29 PM,34.44,10.78,24.0,SW,3.38,4.34,1019.64,0.0,0.0,3.0,352.6,IMELBO1849.csv
2023/01/28,03:34 PM,34.39,10.94,24.0,WSW,4.51,6.11,1019.64,0.0,0.0,3.0,371.3,IMELBO1849.csv
2023/01/28,03:39 PM,34.5,10.61,23.0,SW,0.8,1.77,1019.64,0.0,0.0,3.0,367.4,IMELBO1849.csv
2023/01/28,03:44 PM,34.89,10.94,23.0,WSW,3.22,4.51,1019.3,0.0,0.0,3.0,380.8,IMELBO1849.csv
2023/01/28,03:49 PM,34.83,11.0,23.0,WNW,4.83,6.92,1019.3,0.0,0.0,3.0,380.8,IMELBO1849.csv
2023/01/28,03:54 PM,34.83,11.22,24.0,WNW,1.77,2.9,1019.64,0.0,0.0,3.0,358.7,IMELBO1849.csv
2023/01/28,03:59 PM,35.06,11.0,23.0,WNW,1.93,2.74,1019.3,0.0,0.0,3.0,351.7,IMELBO1849.csv
2023/01/28,04:04 PM,35.17,10.67,23.0,WNW,1.77,2.9,1019.3,0.0,0.0,3.0,363.5,IMELBO1849.csv
2023/01/28,04:09 PM,35.28,10.56,22.0,WSW,1.77,2.25,1019.3,0.0,0.0,3.0,365.2,IMELBO1849.csv
2023/01/28,04:14 PM,35.0,10.44,22.0,SSW,3.06,4.34,1019.3,0.0,0.0,3.0,387.3,IMELBO1849.csv
2023/01/28,04:19 PM,34.78,10.44,23.0,SSW,2.25,3.06,1019.3,0.0,0.0,3.0,399.4,IMELBO1849.csv
2023/01/28,04:24 PM,34.89,10.44,23.0,ENE,1.13,1.77,1019.3,0.0,0.0,3.0,386.1,IMELBO1849.csv
2023/01/28,04:29 PM,34.83,11.72,25.0,SW,5.63,7.88,1019.64,0.0,0.0,3.0,389.5,IMELBO1849.csv
2023/01/28,04:34 PM,33.06,11.78,27.0,SSW,7.88,10.46,1019.64,0.0,0.0,3.0,348.8,IMELBO1849.csv
2023/01/28,04:39 PM,32.17,11.5,28.0,South,5.63,7.72,1019.64,0.0,0.0,3.0,337.4,IMELBO1849.csv
2023/01/28,04:44 PM,31.83,11.22,28.0,SW,7.4,10.3,1019.64,0.0,0.0,2.0,288.0,IMELBO1849.csv
2023/01/28,04:49 PM,31.28,10.72,28.0,SW,7.88,10.62,1019.98,0.0,0.0,2.0,258.0,IMELBO1849.csv
2023/01/28,04:54 PM,31.06,10.28,28.0,South,6.76,9.49,1019.98,0.0,0.0,2.0,265.8,IMELBO1849.csv
2023/01/28,04:59 PM,30.83,10.28,28.0,SSW,5.63,7.4,1019.98,0.0,0.0,2.0,264.6,IMELBO1849.csv
2023/01/28,05:04 PM,30.72,10.78,29.0,SSW,6.6,9.33,1019.98,0.0,0.0,2.0,255.4,IMELBO1849.csv
2023/01/28,05:09 PM,30.56,11.28,31.0,SSW,5.31,7.72,1019.98,0.0,0.0,2.0,249.8,IMELBO1849.csv
2023/01/28,05:14 PM,30.22,11.83,32.0,SSW,8.37,11.42,1019.98,0.0,0.0,2.0,219.0,IMELBO1849.csv
2023/01/28,05:19 PM,29.44,12.11,34.0,SSW,8.21,11.42,1019.98,0.0,0.0,1.0,190.0,IMELBO1849.csv
2023/01/28,05:24 PM,29.0,12.33,36.0,SSE,5.31,7.56,1019.98,0.0,0.0,1.0,167.9,IMELBO1849.csv
2023/01/28,05:29 PM,28.67,12.5,37.0,SSE,4.18,5.95,1019.98,0.0,0.0,1.0,147.1,IMELBO1849.csv
2023/01/28,05:34 PM,28.44,12.22,37.0,South,5.95,8.69,1020.32,0.0,0.0,1.0,155.7,IMELBO1849.csv
2023/01/28,05:39 PM,28.0,12.61,38.0,SSW,7.4,9.98,1019.98,0.0,0.0,1.0,158.3,IMELBO1849.csv
2023/01/28,05:44 PM,27.72,13.33,41.0,South,5.95,8.85,1020.32,0.0,0.0,1.0,156.1,IMELBO1849.csv
2023/01/28,05:49 PM,27.39,14.44,45.0,SSE,4.99,7.24,1020.32,0.0,0.0,1.0,157.4,IMELBO1849.csv
2023/01/28,05:54 PM,26.94,14.56,47.0,SSE,4.34,6.6,1020.32,0.0,0.0,1.0,165.6,IMELBO1849.csv
2023/01/28,05:59 PM,26.5,14.72,48.0,South,4.51,6.92,1020.32,0.0,0.0,1.0,165.6,IMELBO1849.csv
2023/01/28,06:04 PM,26.17,14.78,49.0,SE,4.02,5.63,1020.32,0.0,0.0,1.0,132.2,IMELBO1849.csv
2023/01/28,06:09 PM,25.83,15.11,52.0,SE,3.38,5.47,1020.32,0.0,0.0,1.0,107.5,IMELBO1849.csv
2023/01/28,06:14 PM,25.67,15.33,53.0,SE,3.7,5.47,1020.66,0.0,0.0,1.0,130.9,IMELBO1849.csv
2023/01/28,06:19 PM,25.61,15.5,54.0,SSE,4.18,5.79,1020.66,0.0,0.0,1.0,138.7,IMELBO1849.csv
2023/01/28,06:24 PM,25.33,15.78,56.0,SSE,4.02,5.63,1020.66,0.0,0.0,1.0,135.7,IMELBO1849.csv
2023/01/28,06:29 PM,25.11,15.78,57.0,SSE,4.51,6.44,1020.66,0.0,0.0,1.0,125.8,IMELBO1849.csv
2023/01/28,06:34 PM,24.78,16.0,58.0,South,4.18,6.11,1021.0,0.0,0.0,1.0,124.9,IMELBO1849.csv
2023/01/28,06:39 PM,24.56,16.22,60.0,South,4.83,6.76,1020.66,0.0,0.0,1.0,111.4,IMELBO1849.csv
2023/01/28,06:44 PM,24.17,16.17,61.0,SSW,3.86,5.47,1021.0,0.0,0.0,1.0,99.7,IMELBO1849.csv
2023/01/28,06:49 PM,24.17,16.39,62.0,SSW,6.44,8.53,1021.0,0.0,0.0,0.0,86.7,IMELBO1849.csv
2023/01/28,06:54 PM,23.83,16.22,62.0,SSW,6.11,7.88,1021.0,0.0,0.0,0.0,69.7,IMELBO1849.csv
2023/01/28,06:59 PM,23.78,16.28,63.0,SSW,5.31,7.4,1021.0,0.0,0.0,0.0,68.5,IMELBO1849.csv
2023/01/28,07:04 PM,23.67,16.78,65.0,SE,3.22,4.83,1021.33,0.0,0.0,0.0,68.5,IMELBO1849.csv
2023/01/28,07:09 PM,23.44,16.83,67.0,South,4.51,6.76,1021.0,0.0,0.0,0.0,62.4,IMELBO1849.csv
2023/01/28,07:14 PM,23.22,16.72,67.0,SE,2.25,3.22,1021.0,0.0,0.0,0.0,48.9,IMELBO1849.csv
2023/01/28,07:19 PM,23.17,16.56,67.0,South,4.51,6.11,1021.33,0.0,0.0,0.0,44.7,IMELBO1849.csv
2023/01/28,07:24 PM,22.89,16.5,67.0,SSW,5.95,7.24,1021.33,0.0,0.0,0.0,42.9,IMELBO1849.csv
2023/01/28,07:29 PM,22.78,16.17,66.0,SSW,6.92,8.53,1021.33,0.0,0.0,0.0,42.9,IMELBO1849.csv
2023/01/28,07:34 PM,22.78,15.78,65.0,SSW,5.31,7.56,1021.33,0.0,0.0,0.0,40.7,IMELBO1849.csv
2023/01/28,07:39 PM,22.83,15.94,65.0,SW,5.15,6.76,1021.33,0.0,0.0,0.0,34.3,IMELBO1849.csv
2023/01/28,07:44 PM,22.78,16.11,66.0,SW,5.79,7.72,1021.33,0.0,0.0,0.0,29.5,IMELBO1849.csv
2023/01/28,07:49 PM,22.61,16.0,66.0,SW,6.44,9.01,1022.01,0.0,0.0,0.0,23.4,IMELBO1849.csv
2023/01/28,07:54 PM,22.33,16.0,68.0,SW,7.72,10.62,1022.01,0.0,0.0,0.0,20.3,IMELBO1849.csv
2023/01/28,07:59 PM,22.22,16.0,68.0,SSW,7.56,9.81,1022.01,0.0,0.0,0.0,19.5,IMELBO1849.csv
2023/01/28,08:04 PM,22.11,16.11,69.0,SW,7.24,10.14,1022.01,0.0,0.0,0.0,16.4,IMELBO1849.csv
2023/01/28,08:09 PM,22.11,16.22,69.0,SSW,6.6,9.01,1022.01,0.0,0.0,0.0,11.6,IMELBO1849.csv
2023/01/28,08:14 PM,22.0,15.94,68.0,SSW,6.11,8.04,1022.01,0.0,0.0,0.0,8.6,IMELBO1849.csv
2023/01/28,08:19 PM,21.89,16.11,70.0,SSW,6.76,9.01,1022.01,0.0,0.0,0.0,6.0,IMELBO1849.csv
2023/01/28,08:24 PM,21.78,15.94,69.0,SSW,4.99,6.6,1022.01,0.0,0.0,0.0,3.8,IMELBO1849.csv
2023/01/28,08:29 PM,21.72,15.78,69.0,SW,3.38,4.67,1022.35,0.0,0.0,0.0,0.9,IMELBO1849.csv
2023/01/28,08:34 PM,21.72,15.89,69.0,SW,2.74,3.86,1022.35,0.0,0.0,0.0,0.4,IMELBO1849.csv
2023/01/28,08:39 PM,21.67,15.94,70.0,SW,3.06,4.18,1022.35,0.0,0.0,0.0,0.0,IMELBO1849.csv
2023/01/28,08:44 PM,21.56,15.89,70.0,WSW,3.86,5.15,1022.69,0.0,0.0,0.0,0.0,IMELBO1849.csv
2023/01/28,08:49 PM,21.5,15.78,70.0,WSW,3.22,4.67,1022.69,0.0,0.0,0.0,0.0,IMELBO1849.csv
2023/01/28,08:54 PM,21.5,15.78,70.0,SW,4.18,5.15,1022.69,0.0,0.0,0.0,0.0,IMELBO1849.csv
2023/01/28,08:59 PM,21.56,15.83,70.0,SSW,4.02,5.63,1022.35,0.0,0.0,0.0,0.0,IMELBO1849.csv
2023/01/28,09:04 PM,21.5,15.78,70.0,SW,5.95,7.4,1022.35,0.0,0.0,0.0,0.0,IMELBO1849.csv
2023/01/28,09:09 PM,21.39,15.78,71.0,SW,5.47,7.4,1022.01,0.0,0.0,0.0,0.0,IMELBO1849.csv
2023/01/28,09:14 PM,21.28,15.72,71.0,SW,5.63,7.4,1022.01,0.0,0.0,0.0,0.0,IMELBO1849.csv
2023/01/28,09:19 PM,21.28,15.72,71.0,SSW,6.28,8.21,1022.35,0.0,0.0,0.0,0.0,IMELBO1849.csv
2023/01/28,09:24 PM,21.39,15.72,70.0,SSW,3.7,4.83,1022.35,0.0,0.0,0.0,0.0,IMELBO1849.csv
2023/01/28,09:29 PM,21.39,15.89,71.0,SW,3.54,4.67,1022.35,0.0,0.0,0.0,0.0,IMELBO1849.csv
2023/01/28,09:34 PM,21.28,15.78,71.0,SW,3.86,4.83,1022.69,0.0,0.0,0.0,0.0,IMELBO1849.csv
2023/01/28,09:39 PM,21.22,15.67,71.0,SW,1.93,2.9,1022.69,0.0,0.0,0.0,0.0,IMELBO1849.csv
2023/01/28,09:44 PM,21.22,15.56,70.0,SW,2.74,3.38,1022.69,0.0,0.0,0.0,0.0,IMELBO1849.csv
2023/01/28,09:49 PM,21.28,15.61,70.0,SW,1.61,2.09,1022.69,0.0,0.0,0.0,0.0,IMELBO1849.csv
2023/01/28,09:54 PM,21.22,15.56,70.0,SSW,2.9,3.7,1022.69,0.0,0.0,0.0,0.0,IMELBO1849.csv
2023/01/28,09:59 PM,21.22,15.56,70.0,SSW,0.97,1.77,1023.03,0.0,0.0,0.0,0.0,IMELBO1849.csv
2023/01/28,10:04 PM,21.39,16.11,72.0,WSW,2.57,3.38,1023.37,0.0,0.0,0.0,0.0,IMELBO1849.csv
2023/01/28,10:09 PM,21.28,16.28,73.0,West,0.97,1.45,1023.37,0.0,0.0,0.0,0.0,IMELBO1849.csv
2023/01/28,10:14 PM,21.17,16.17,73.0,West,0.64,1.13,1023.03,0.0,0.0,0.0,0.0,IMELBO1849.csv
2023/01/28,10:19 PM,21.11,16.11,73.0,WNW,0.97,1.77,1023.03,0.0,0.0,0.0,0.0,IMELBO1849.csv
2023/01/28,10:24 PM,21.06,16.06,73.0,SSW,1.45,1.93,1023.03,0.0,0.0,0.0,0.0,IMELBO1849.csv
2023/01/28,10:29 PM,21.0,16.0,73.0,SW,4.18,5.31,1022.69,0.0,0.0,0.0,0.0,IMELBO1849.csv
2023/01/28,10:34 PM,21.0,16.0,73.0,WSW,3.38,4.83,1023.03,0.0,0.0,0.0,0.0,IMELBO1849.csv
2023/01/28,10:39 PM,21.0,16.22,74.0,West,1.93,3.06,1023.37,0.0,0.0,0.0,0.0,IMELBO1849.csv
2023/01/28,10:44 PM,21.0,16.22,74.0,West,1.77,2.57,1023.37,0.0,0.0,0.0,0.0,IMELBO1849.csv
2023/01/28,10:49 PM,20.94,16.33,75.0,WSW,4.02,5.31,1023.37,0.0,0.0,0.0,0.0,IMELBO1849.csv
2023/01/28,10:54 PM,20.78,16.33,76.0,SW,3.22,4.18,1023.03,0.0,0.0,0.0,0.0,IMELBO1849.csv
2023/01/28,10:59 PM,20.61,16.22,76.0,SW,4.34,5.95,1023.03,0.0,0.0,0.0,0.0,IMELBO1849.csv
2023/01/28,11:04 PM,20.44,16.28,77.0,WSW,2.57,4.02,1023.03,0.0,0.0,0.0,0.0,IMELBO1849.csv
2023/01/28,11:09 PM,20.33,16.28,77.0,WSW,2.74,3.7,1023.03,0.0,0.0,0.0,0.0,IMELBO1849.csv
2023/01/28,11:14 PM,20.28,16.39,78.0,SW,2.74,3.86,1023.03,0.0,0.0,0.0,0.0,IMELBO1849.csv
2023/01/28,11:19 PM,20.22,16.28,78.0,WSW,3.22,4.51,1023.03,0.0,0.0,0.0,0.0,IMELBO1849.csv
2023/01/28,11:24 PM,20.22,16.28,78.0,SW,2.41,3.86,1023.03,0.0,0.0,0.0,0.0,IMELBO1849.csv
2023/01/28,11:29 PM,20.11,16.28,78.0,SW,2.9,4.18,1023.03,0.0,0.0,0.0,0.0,IMELBO1849.csv
2023/01/28,11:34 PM,20.17,16.39,79.0,WSW,1.77,2.9,1023.37,0.0,0.0,0.0,0.0,IMELBO1849.csv
2023/01/28,11:39 PM,20.22,16.28,78.0,SW,0.97,1.93,1023.37,0.0,0.0,0.0,0.0,IMELBO1849.csv
2023/01/28,11:44 PM,20.11,16.28,78.0,SW,1.61,2.09,1023.03,0.0,0.0,0.0,0.0,IMELBO1849.csv
2023/01/28,11:49 PM,20.11,16.39,79.0,SW,2.57,3.38,1023.03,0.0,0.0,0.0,0.0,IMELBO1849.csv
2023/01/28,11:54 PM,20.06,16.33,79.0,SW,2.25,3.22,1022.69,0.0,0.0,0.0,0.0,IMELBO1849.csv
2023/01/28,11:59 PM,20.0,16.28,79.0,WSW,2.74,3.7,1022.69,0.0,0.0,0.0,0.0,IMELBO1849.csv
2023/01/29,12:04 AM,19.89,16.33,80.0,SW,2.09,2.57,1022.69,0.0,0.0,0.0,0.0,IMELBO1849.csv
2023/01/29,12:09 AM,19.89,16.39,80.0,SW,1.77,2.74,1022.69,0.0,0.0,0.0,0.0,IMELBO1849.csv
2023/01/29,12:14 AM,19.78,16.28,80.0,SW,1.77,2.9,1023.03,0.0,0.0,0.0,0.0,IMELBO1849.csv
2023/01/29,12:19 AM,19.78,16.28,80.0,WSW,0.97,1.61,1023.03,0.0,0.0,0.0,0.0,IMELBO1849.csv
2023/01/29,12:24 AM,19.78,16.28,80.0,SW,1.29,1.93,1023.03,0.0,0.0,0.0,0.0,IMELBO1849.csv
2023/01/29,12:29 AM,19.72,16.28,81.0,SW,0.48,1.13,1022.69,0.0,0.0,0.0,0.0,IMELBO1849.csv
2023/01/29,12:34 AM,19.72,16.28,81.0,SW,0.8,1.29,1022.69,0.0,0.0,0.0,0.0,IMELBO1849.csv
2023/01/29,12:39 AM,19.67,16.28,81.0,SW,0.0,0.32,1022.69,0.0,0.0,0.0,0.0,IMELBO1849.csv
2023/01/29,12:44 AM,19.61,16.22,81.0,WSW,1.61,2.09,1022.69,0.0,0.0,0.0,0.0,IMELBO1849.csv
2023/01/29,12:49 AM,19.72,16.28,81.0,WSW,0.8,1.29,1022.69,0.0,0.0,0.0,0.0,IMELBO1849.csv
2023/01/29,12:54 AM,19.72,16.28,81.0,WSW,0.8,1.29,1022.69,0.0,0.0,0.0,0.0,IMELBO1849.csv
2023/01/29,12:59 AM,19.72,16.28,81.0,WSW,0.97,1.77,1022.69,0.0,0.0,0.0,0.0,IMELBO1849.csv
2023/01/29,01:04 AM,19.72,16.28,81.0,WSW,0.97,1.77,1022.35,0.0,0.0,0.0,0.0,IMELBO1849.csv
2023/01/29,01:09 AM,19.67,16.28,81.0,WSW,0.0,0.0,1022.35,0.0,0.0,0.0,0.0,IMELBO1849.csv
2023/01/29,01:14 AM,19.61,16.22,81.0,WSW,0.16,0.16,1022.01,0.0,0.0,0.0,0.0,IMELBO1849.csv
2023/01/29,01:19 AM,19.61,16.22,81.0,WSW,2.57,3.22,1022.35,0.0,0.0,0.0,0.0,IMELBO1849.csv
2023/01/29,01:24 AM,19.67,16.22,81.0,WNW,3.38,4.34,1022.69,0.0,0.0,0.0,0.0,IMELBO1849.csv
2023/01/29,01:29 AM,19.72,16.28,81.0,West,1.13,1.77,1022.69,0.0,0.0,0.0,0.0,IMELBO1849.csv
2023/01/29,01:34 AM,19.72,16.28,81.0,WSW,0.48,0.97,1022.69,0.0,0.0,0.0,0.0,IMELBO1849.csv
2023/01/29,01:39 AM,19.78,16.28,80.0,WSW,0.8,1.29,1022.69,0.0,0.0,0.0,0.0,IMELBO1849.csv
2023/01/29,01:44 AM,19.78,16.28,80.0,West,2.41,3.38,1023.03,0.0,0.0,0.0,0.0,IMELBO1849.csv
2023/01/29,01:49 AM,19.78,16.28,80.0,West,1.45,2.09,1023.03,0.0,0.0,0.0,0.0,IMELBO1849.csv
2023/01/29,01:54 AM,19.72,16.22,80.0,West,0.97,1.61,1022.69,0.0,0.0,0.0,0.0,IMELBO1849.csv
2023/01/29,01:59 AM,19.72,16.17,80.0,West,1.13,1.61,1022.69,0.0,0.0,0.0,0.0,IMELBO1849.csv
2023/01/29,02:04 AM,19.72,16.0,79.0,WSW,0.97,1.45,1022.69,0.0,0.0,0.0,0.0,IMELBO1849.csv
2023/01/29,02:09 AM,19.72,16.0,79.0,WSW,0.16,0.48,1022.69,0.0,0.0,0.0,0.0,IMELBO1849.csv
2023/01/29,02:14 AM,19.72,16.0,79.0,SW,0.8,0.97,1022.69,0.0,0.0,0.0,0.0,IMELBO1849.csv
2023/01/29,02:19 AM,19.78,16.11,79.0,SSW,1.29,1.93,1022.69,0.0,0.0,0.0,0.0,IMELBO1849.csv
2023/01/29,02:24 AM,19.78,16.11,79.0,SSE,1.61,2.57,1022.69,0.0,0.0,0.0,0.0,IMELBO1849.csv
2023/01/29,02:29 AM,19.78,16.11,79.0,SE,0.64,0.97,1022.69,0.0,0.0,0.0,0.0,IMELBO1849.csv
2023/01/29,02:34 AM,19.78,16.0,78.0,South,1.29,1.77,1022.35,0.0,0.0,0.0,0.0,IMELBO1849.csv
2023/01/29,02:39 AM,19.78,15.94,78.0,East,2.9,4.02,1022.35,0.0,0.0,0.0,0.0,IMELBO1849.csv
2023/01/29,02:44 AM,19.78,16.11,79.0,ESE,1.61,1.93,1022.01,0.0,0.0,0.0,0.0,IMELBO1849.csv
2023/01/29,02:49 AM,19.89,16.22,79.0,East,2.41,3.38,1022.35,0.0,0.0,0.0,0.0,IMELBO1849.csv
2023/01/29,02:54 AM,19.78,16.11,79.0,ESE,2.9,4.02,1022.35,0.0,0.0,0.0,0.0,IMELBO1849.csv
2023/01/29,02:59 AM,19.78,16.11,79.0,ESE,3.38,4.02,1022.01,0.0,0.0,0.0,0.0,IMELBO1849.csv
2023/01/29,03:04 AM,19.72,16.06,79.0,SSE,2.9,3.7,1022.01,0.0,0.0,0.0,0.0,IMELBO1849.csv
2023/01/29,03:09 AM,19.67,16.17,80.0,ESE,4.51,5.79,1021.67,0.0,0.0,0.0,0.0,IMELBO1849.csv
2023/01/29,03:14 AM,19.56,16.17,81.0,East,1.93,2.9,1022.01,0.0,0.0,0.0,0.0,IMELBO1849.csv
2023/01/29,03:19 AM,19.5,16.11,81.0,SE,2.74,3.54,1022.01,0.0,0.0,0.0,0.0,IMELBO1849.csv
2023/01/29,03:24 AM,19.5,16.11,81.0,East,0.97,1.45,1022.01,0.0,0.0,0.0,0.0,IMELBO1849.csv
2023/01/29,03:29 AM,19.5,16.11,81.0,SSE,1.29,1.77,1022.35,0.0,0.0,0.0,0.0,IMELBO1849.csv
2023/01/29,03:34 AM,19.5,16.11,81.0,SE,2.25,2.9,1022.35,0.0,0.0,0.0,0.0,IMELBO1849.csv
2023/01/29,03:39 AM,19.5,16.11,81.0,East,2.25,2.9,1022.01,0.0,0.0,0.0,0.0,IMELBO1849.csv
2023/01/29,03:44 AM,19.5,16.11,81.0,SSE,1.13,1.45,1022.01,0.0,0.0,0.0,0.0,IMELBO1849.csv
2023/01/29,03:49 AM,19.5,16.11,81.0,South,1.45,1.93,1022.69,0.0,0.0,0.0,0.0,IMELBO1849.csv
2023/01/29,03:54 AM,19.56,16.17,81.0,SW,3.22,4.34,1022.69,0.0,0.0,0.0,0.0,IMELBO1849.csv
2023/01/29,03:59 AM,19.61,16.22,81.0,WSW,3.38,4.51,1023.03,0.0,0.0,0.0,0.0,IMELBO1849.csv
2023/01/29,04:04 AM,19.72,16.28,81.0,SSW,3.7,4.83,1022.69,0.0,0.0,0.0,0.0,IMELBO1849.csv
2023/01/29,04:09 AM,19.72,16.28,81.0,SW,5.15,6.92,1023.37,0.0,0.0,0.0,0.0,IMELBO1849.csv
2023/01/29,04:14 AM,19.61,16.28,81.0,SW,4.34,6.44,1023.37,0.0,0.0,0.0,0.0,IMELBO1849.csv
2023/01/29,04:19 AM,19.5,16.39,82.0,SW,5.47,6.76,1023.71,0.0,0.0,0.0,0.0,IMELBO1849.csv
2023/01/29,04:24 AM,19.39,16.56,83.0,SW,4.34,6.6,1023.71,0.0,0.0,0.0,0.0,IMELBO1849.csv
2023/01/29,04:29 AM,19.28,16.61,85.0,WSW,5.79,8.53,1023.71,0.0,0.0,0.0,0.0,IMELBO1849.csv
2023/01/29,04:34 AM,19.11,16.67,86.0,WSW,5.15,7.56,1023.71,0.0,0.0,0.0,0.0,IMELBO1849.csv
2023/01/29,04:39 AM,19.0,16.78,87.0,SW,5.15,7.08,1023.71,0.0,0.0,0.0,0.0,IMELBO1849.csv
2023/01/29,04:44 AM,18.89,16.78,88.0,SW,4.18,5.79,1024.04,0.0,0.0,0.0,0.0,IMELBO1849.csv
2023/01/29,04:49 AM,18.89,16.78,88.0,SW,4.51,6.11,1024.04,0.0,0.0,0.0,0.0,IMELBO1849.csv
2023/01/29,04:54 AM,18.89,17.0,89.0,SW,5.47,7.56,1024.04,0.0,0.0,0.0,0.0,IMELBO1849.csv
2023/01/29,04:59 AM,18.89,17.0,89.0,SW,7.08,9.17,1024.04,0.0,0.0,0.0,0.0,IMELBO1849.csv
2023/01/29,05:04 AM,18.83,17.0,89.0,SW,6.6,8.69,1024.04,0.0,0.0,0.0,0.0,IMELBO1849.csv
2023/01/29,05:09 AM,18.78,17.11,90.0,SW,4.67,6.6,1024.38,0.0,0.0,0.0,0.0,IMELBO1849.csv
2023/01/29,05:14 AM,18.78,17.11,90.0,SW,5.63,7.72,1024.38,0.0,0.0,0.0,0.0,IMELBO1849.csv
2023/01/29,05:19 AM,18.78,17.11,90.0,WSW,4.99,7.08,1024.72,0.0,0.0,0.0,0.0,IMELBO1849.csv
2023/01/29,05:24 AM,18.78,17.11,90.0,SW,3.7,5.31,1024.72,0.0,0.0,0.0,0.0,IMELBO1849.csv
2023/01/29,05:29 AM,18.72,16.83,89.0,SW,4.99,6.6,1024.72,0.0,0.0,0.0,0.0,IMELBO1849.csv
2023/01/29,05:34 AM,18.67,16.78,89.0,SW,4.99,6.44,1024.72,0.0,0.0,0.0,0.0,IMELBO1849.csv
2023/01/29,05:39 AM,18.61,16.72,89.0,SW,3.22,4.34,1024.72,0.0,0.0,0.0,0.0,IMELBO1849.csv
2023/01/29,05:44 AM,18.61,16.78,89.0,SW,2.9,4.34,1025.06,0.0,0.0,0.0,0.0,IMELBO1849.csv
2023/01/29,05:49 AM,18.61,16.89,90.0,SW,2.57,3.54,1025.06,0.0,0.0,0.0,0.0,IMELBO1849.csv
2023/01/29,05:54 AM,18.61,16.89,90.0,SW,2.74,3.54,1025.4,0.0,0.0,0.0,0.0,IMELBO1849.csv
2023/01/29,05:59 AM,18.56,16.83,90.0,SW,3.7,4.51,1025.06,0.0,0.0,0.0,0.0,IMELBO1849.csv
2023/01/29,06:04 AM,18.56,16.83,90.0,SSW,2.41,3.06,1025.4,0.0,0.0,0.0,0.0,IMELBO1849.csv
2023/01/29,06:09 AM,18.5,17.0,91.0,SW,0.48,0.97,1025.4,0.0,0.0,0.0,0.0,IMELBO1849.csv
2023/01/29,06:14 AM,18.44,16.94,91.0,South,0.97,1.77,1025.4,0.0,0.0,0.0,0.0,IMELBO1849.csv
2023/01/29,06:19 AM,18.39,16.89,91.0,SSW,1.93,2.41,1025.4,0.0,0.0,0.0,0.0,IMELBO1849.csv
2023/01/29,06:24 AM,18.33,16.83,91.0,SSW,2.74,3.54,1025.4,0.0,0.0,0.0,0.0,IMELBO1849.csv
2023/01/29,06:29 AM,18.28,16.78,91.0,SW,2.25,2.9,1025.4,0.0,0.0,0.0,0.0,IMELBO1849.csv
2023/01/29,06:34 AM,18.28,16.78,91.0,SSW,0.64,1.45,1025.06,0.0,0.0,0.0,0.4,IMELBO1849.csv
2023/01/29,06:39 AM,18.33,16.83,91.0,SSW,0.97,1.45,1025.4,0.0,0.0,0.0,0.4,IMELBO1849.csv
2023/01/29,06:44 AM,18.22,16.72,91.0,SSW,0.48,1.29,1025.4,0.0,0.0,0.0,1.2,IMELBO1849.csv
2023/01/29,06:49 AM,18.22,16.72,91.0,South,0.48,0.97,1025.4,0.0,0.0,0.0,3.4,IMELBO1849.csv
2023/01/29,06:54 AM,18.22,16.78,91.0,South,0.32,0.8,1025.4,0.0,0.0,0.0,7.3,IMELBO1849.csv
2023/01/29,06:59 AM,18.22,16.89,92.0,South,0.32,0.97,1025.4,0.0,0.0,0.0,13.0,IMELBO1849.csv
2023/01/29,07:04 AM,18.22,16.94,92.0,South,1.13,1.77,1025.4,0.0,0.0,0.0,13.3,IMELBO1849.csv
2023/01/29,07:09 AM,18.28,17.0,92.0,SE,2.9,4.02,1025.4,0.0,0.0,0.0,13.8,IMELBO1849.csv
2023/01/29,07:14 AM,18.39,17.11,92.0,ESE,2.9,3.54,1025.4,0.0,0.0,0.0,15.2,IMELBO1849.csv
2023/01/29,07:19 AM,18.39,17.11,92.0,ESE,4.02,5.15,1025.4,0.0,0.0,0.0,21.7,IMELBO1849.csv
2023/01/29,07:24 AM,18.44,17.17,92.0,ESE,2.9,3.54,1025.06,0.0,0.0,0.0,22.5,IMELBO1849.csv
2023/01/29,07:29 AM,18.39,17.11,92.0,ESE,2.25,3.06,1025.06,0.0,0.0,0.0,22.0,IMELBO1849.csv
2023/01/29,07:34 AM,18.33,17.06,92.0,ESE,2.25,2.9,1025.06,0.0,0.0,0.0,31.2,IMELBO1849.csv
2023/01/29,07:39 AM,18.39,17.11,92.0,ESE,1.77,2.25,1025.06,0.0,0.0,0.0,38.5,IMELBO1849.csv
2023/01/29,07:44 AM,18.44,17.17,92.0,ESE,0.16,0.32,1025.06,0.0,0.0,0.0,40.7,IMELBO1849.csv
2023/01/29,07:49 AM,18.61,17.28,92.0,ESE,0.16,0.32,1025.4,0.0,0.0,0.0,43.3,IMELBO1849.csv
2023/01/29,07:54 AM,18.61,17.28,92.0,ESE,0.0,0.0,1025.4,0.0,0.0,0.0,49.4,IMELBO1849.csv
2023/01/29,07:59 AM,18.72,17.39,92.0,ESE,0.16,0.32,1025.4,0.0,0.0,0.0,62.4,IMELBO1849.csv
2023/01/29,08:04 AM,18.72,17.39,92.0,ESE,0.32,0.64,1025.4,0.0,0.0,0.0,70.2,IMELBO1849.csv
2023/01/29,08:09 AM,18.78,17.5,92.0,ESE,0.0,0.0,1025.4,0.0,0.0,0.0,83.2,IMELBO1849.csv
2023/01/29,08:14 AM,18.94,17.67,92.0,ESE,0.16,0.32,1025.4,0.0,0.0,0.0,89.3,IMELBO1849.csv
2023/01/29,08:19 AM,19.0,17.56,91.0,ESE,0.16,0.32,1025.4,0.0,0.0,0.0,91.5,IMELBO1849.csv
2023/01/29,08:24 AM,19.11,17.61,91.0,ESE,0.0,0.0,1025.4,0.0,0.0,0.0,85.0,IMELBO1849.csv
2023/01/29,08:29 AM,19.22,17.72,91.0,ESE,0.32,0.48,1025.4,0.0,0.0,0.0,82.0,IMELBO1849.csv
2023/01/29,08:34 AM,19.28,17.61,90.0,ESE,0.64,0.97,1025.4,0.0,0.0,1.0,100.2,IMELBO1849.csv
2023/01/29,08:39 AM,19.28,17.61,90.0,ESE,0.97,1.45,1025.4,0.0,0.0,1.0,133.6,IMELBO1849.csv
2023/01/29,08:44 AM,19.39,17.56,89.0,ESE,0.32,0.64,1025.4,0.0,0.0,1.0,135.7,IMELBO1849.csv
2023/01/29,08:49 AM,19.56,17.61,89.0,ESE,0.16,0.32,1025.4,0.0,0.0,1.0,138.4,IMELBO1849.csv
2023/01/29,08:54 AM,19.72,17.61,88.0,ESE,0.32,0.64,1025.06,0.0,0.0,1.0,137.0,IMELBO1849.csv
2023/01/29,08:59 AM,19.89,17.78,88.0,ESE,0.64,1.13,1025.06,0.0,0.0,1.0,134.8,IMELBO1849.csv
2023/01/29,09:04 AM,19.89,17.72,87.0,ESE,1.45,1.93,1025.06,0.0,0.0,1.0,133.6,IMELBO1849.csv
2023/01/29,09:09 AM,19.94,17.72,87.0,ESE,0.97,1.93,1025.06,0.0,0.0,1.0,124.1,IMELBO1849.csv
2023/01/29,09:14 AM,19.89,17.67,87.0,ESE,1.77,2.57,1025.06,0.0,0.0,0.0,99.7,IMELBO1849.csv
2023/01/29,09:19 AM,19.94,17.72,87.0,SE,0.48,1.13,1025.4,0.0,0.0,0.0,94.9,IMELBO1849.csv
2023/01/29,09:24 AM,20.0,17.61,86.0,SE,0.48,0.64,1025.4,0.0,0.0,1.0,106.7,IMELBO1849.csv
2023/01/29,09:29 AM,20.11,17.67,86.0,SE,1.29,1.93,1025.4,0.0,0.0,1.0,126.1,IMELBO1849.csv
2023/01/29,09:34 AM,20.0,17.61,86.0,ESE,2.09,2.57,1025.06,0.0,0.0,1.0,142.6,IMELBO1849.csv
2023/01/29,09:39 AM,20.11,17.72,86.0,ESE,2.41,3.38,1025.06,0.0,0.0,1.0,158.3,IMELBO1849.csv
2023/01/29,09:44 AM,20.33,17.89,86.0,ENE,1.93,2.9,1025.06,0.0,0.0,1.0,180.8,IMELBO1849.csv
2023/01/29,09:49 AM,20.5,17.89,85.0,East,2.41,3.54,1025.06,0.0,0.0,1.0,197.8,IMELBO1849.csv
2023/01/29,09:54 AM,20.5,17.83,85.0,ENE,3.06,4.34,1025.06,0.0,0.0,1.0,198.2,IMELBO1849.csv
2023/01/29,09:59 AM,20.56,17.78,84.0,East,2.57,3.38,1025.06,0.0,0.0,2.0,210.3,IMELBO1849.csv
2023/01/29,10:04 AM,20.72,17.89,84.0,East,2.74,3.7,1025.06,0.0,0.0,2.0,237.7,IMELBO1849.csv
2023/01/29,10:09 AM,20.94,18.06,84.0,East,2.41,3.38,1025.06,0.0,0.0,2.0,270.2,IMELBO1849.csv
2023/01/29,10:14 AM,21.22,18.17,83.0,ENE,2.09,2.9,1025.06,0.0,0.0,2.0,286.6,IMELBO1849.csv
2023/01/29,10:19 AM,21.5,18.22,82.0,NE,2.25,2.9,1025.06,0.0,0.0,2.0,299.7,IMELBO1849.csv
2023/01/29,10:24 AM,21.67,18.22,81.0,NE,3.54,4.99,1025.06,0.0,0.0,2.0,255.4,IMELBO1849.csv
2023/01/29,10:29 AM,21.61,18.22,81.0,ENE,4.51,6.11,1025.06,0.0,0.0,2.0,268.9,IMELBO1849.csv
2023/01/29,10:34 AM,21.5,18.17,81.0,East,4.34,5.95,1025.06,0.0,0.0,2.0,286.3,IMELBO1849.csv
2023/01/29,10:39 AM,21.72,18.22,81.0,ENE,3.06,4.34,1025.06,0.0,0.0,2.0,286.6,IMELBO1849.csv
2023/01/29,10:44 AM,21.83,18.22,80.0,East,4.18,5.15,1025.06,0.0,0.0,2.0,292.4,IMELBO1849.csv
2023/01/29,10:49 AM,22.06,18.28,79.0,East,2.74,3.7,1025.06,0.0,0.0,2.0,298.0,IMELBO1849.csv
2023/01/29,10:54 AM,22.28,18.33,78.0,NE,3.22,4.51,1024.72,0.0,0.0,2.0,294.5,IMELBO1849.csv
2023/01/29,10:59 AM,22.33,18.39,78.0,ENE,3.54,4.83,1024.72,0.0,0.0,3.0,310.6,IMELBO1849.csv
2023/01/29,11:04 AM,22.61,18.5,78.0,ENE,3.22,4.34,1025.06,0.0,0.0,3.0,338.8,IMELBO1849.csv
2023/01/29,11:09 AM,22.72,18.39,76.0,NNE,1.45,2.41,1024.72,0.0,0.0,3.0,351.4,IMELBO1849.csv
2023/01/29,11:14 AM,23.22,18.39,74.0,ENE,2.57,3.38,1025.06,0.0,0.0,3.0,353.1,IMELBO1849.csv
2023/01/29,11:19 AM,23.39,18.33,73.0,East,1.45,2.09,1025.06,0.0,0.0,3.0,330.1,IMELBO1849.csv
2023/01/29,11:24 AM,23.44,18.28,73.0,SSE,1.13,1.93,1025.06,0.0,0.0,2.0,239.4,IMELBO1849.csv
2023/01/29,11:29 AM,23.44,18.33,73.0,ESE,1.77,2.57,1024.72,0.0,0.0,2.0,208.6,IMELBO1849.csv
2023/01/29,11:34 AM,23.39,18.22,73.0,South,0.8,1.61,1024.72,0.0,0.0,1.0,183.5,IMELBO1849.csv
2023/01/29,11:39 AM,23.33,18.17,73.0,SSW,1.13,1.61,1025.06,0.0,0.0,1.0,158.7,IMELBO1849.csv
2023/01/29,11:44 AM,23.22,18.0,72.0,SSW,2.09,2.74,1024.72,0.0,0.0,1.0,163.1,IMELBO1849.csv
2023/01/29,11:49 AM,23.22,18.22,74.0,South,2.9,4.02,1024.72,0.0,0.0,1.0,172.1,IMELBO1849.csv
2023/01/29,11:54 AM,23.22,18.33,74.0,SW,2.9,3.86,1025.06,0.0,0.0,1.0,171.3,IMELBO1849.csv
2023/01/29,11:59 AM,23.11,18.33,74.0,SW,5.47,7.24,1024.72,0.0,0.0,1.0,177.8,IMELBO1849.csv
2023/01/29,12:04 PM,22.89,18.28,75.0,SW,4.99,6.76,1024.72,0.0,0.0,1.0,175.7,IMELBO1849.csv
2023/01/29,12:09 PM,22.83,18.28,75.0,SSW,4.99,6.44,1024.72,0.0,0.0,1.0,196.8,IMELBO1849.csv
2023/01/29,12:14 PM,23.0,18.28,75.0,SSW,4.02,5.63,1024.72,0.0,0.0,2.0,223.8,IMELBO1849.csv
2023/01/29,12:19 PM,23.17,18.28,74.0,SW,4.67,6.76,1024.38,0.0,0.0,2.0,247.2,IMELBO1849.csv
2023/01/29,12:24 PM,23.11,18.22,74.0,SSW,3.54,5.63,1024.72,0.0,0.0,2.0,241.6,IMELBO1849.csv
2023/01/29,12:29 PM,23.28,18.22,73.0,South,2.74,4.02,1024.38,0.0,0.0,2.0,232.9,IMELBO1849.csv
2023/01/29,12:34 PM,23.22,18.22,74.0,SW,4.99,6.76,1024.38,0.0,0.0,2.0,219.8,IMELBO1849.csv
2023/01/29,12:39 PM,23.11,18.22,74.0,SW,2.9,4.18,1024.72,0.0,0.0,1.0,200.4,IMELBO1849.csv
2023/01/29,12:44 PM,23.28,18.28,73.0,South,3.38,4.83,1024.38,0.0,0.0,1.0,169.6,IMELBO1849.csv
2023/01/29,12:49 PM,23.22,18.28,74.0,SSW,4.34,5.63,1024.38,0.0,0.0,1.0,160.9,IMELBO1849.csv
2023/01/29,12:54 PM,23.22,18.17,74.0,South,2.57,3.86,1024.38,0.0,0.0,1.0,160.0,IMELBO1849.csv
2023/01/29,12:59 PM,23.22,18.17,73.0,South,2.74,3.7,1024.38,0.0,0.0,1.0,165.3,IMELBO1849.csv
2023/01/29,01:04 PM,23.33,18.28,73.0,South,3.06,4.51,1024.38,0.0,0.0,1.0,172.6,IMELBO1849.csv
2023/01/29,01:09 PM,23.28,18.67,75.0,SSE,4.18,6.44,1024.72,0.0,0.0,1.0,176.0,IMELBO1849.csv
2023/01/29,01:14 PM,22.72,18.67,78.0,SSW,5.79,8.21,1024.72,0.0,0.0,1.0,173.0,IMELBO1849.csv
2023/01/29,01:19 PM,22.33,18.61,79.0,SSW,5.95,7.88,1024.72,0.0,0.0,1.0,181.3,IMELBO1849.csv
2023/01/29,01:24 PM,22.0,18.39,80.0,SSE,5.47,7.56,1025.06,0.0,0.0,2.0,205.1,IMELBO1849.csv
2023/01/29,01:29 PM,21.89,18.5,81.0,South,5.31,7.56,1024.72,0.0,0.0,2.0,248.9,IMELBO1849.csv
2023/01/29,01:34 PM,21.94,18.5,81.0,South,4.18,6.11,1024.72,0.0,0.0,2.0,271.5,IMELBO1849.csv
2023/01/29,01:39 PM,22.11,18.5,80.0,SSW,6.76,9.17,1024.72,0.0,0.0,2.0,265.5,IMELBO1849.csv
2023/01/29,01:44 PM,21.83,18.28,80.0,SW,9.49,12.39,1024.72,0.0,0.0,2.0,266.7,IMELBO1849.csv
2023/01/29,01:49 PM,21.78,18.33,81.0,South,5.15,7.4,1024.72,0.0,0.0,2.0,222.9,IMELBO1849.csv
2023/01/29,01:54 PM,21.83,18.28,80.0,SSW,6.44,9.49,1024.72,0.0,0.0,2.0,263.3,IMELBO1849.csv
2023/01/29,01:59 PM,21.78,18.22,80.0,SSW,6.76,9.17,1024.72,0.0,0.0,2.0,279.3,IMELBO1849.csv
2023/01/29,02:04 PM,21.83,18.22,80.0,South,5.47,7.4,1025.06,0.0,0.0,2.0,277.6,IMELBO1849.csv
2023/01/29,02:09 PM,21.94,18.33,80.0,South,5.79,8.21,1025.06,0.0,0.0,2.0,291.9,IMELBO1849.csv
2023/01/29,02:14 PM,21.89,18.28,80.0,SSW,5.63,7.88,1025.06,0.0,0.0,2.0,299.2,IMELBO1849.csv
2023/01/29,02:19 PM,21.83,18.28,80.0,SSW,6.6,8.85,1025.06,0.0,0.0,3.0,323.6,IMELBO1849.csv
2023/01/29,02:24 PM,21.94,18.33,80.0,SSW,6.11,8.37,1025.06,0.0,0.0,2.0,265.5,IMELBO1849.csv
2023/01/29,02:29 PM,22.0,18.33,80.0,South,5.79,7.72,1025.06,0.0,0.0,2.0,228.5,IMELBO1849.csv
2023/01/29,02:34 PM,21.89,18.28,80.0,SSW,5.15,7.08,1025.4,0.0,0.0,1.0,182.5,IMELBO1849.csv
2023/01/29,02:39 PM,21.78,18.17,80.0,SSW,6.6,8.53,1025.06,0.0,0.0,1.0,181.3,IMELBO1849.csv
2023/01/29,02:44 PM,21.72,18.11,80.0,South,4.99,6.76,1025.06,0.0,0.0,1.0,191.2,IMELBO1849.csv
2023/01/29,02:49 PM,21.72,18.0,79.0,SSW,5.47,8.04,1025.06,0.0,0.0,2.0,206.4,IMELBO1849.csv
2023/01/29,02:54 PM,21.61,17.94,80.0,SW,8.04,10.62,1025.06,0.0,0.0,1.0,197.8,IMELBO1849.csv
2023/01/29,02:59 PM,21.61,17.89,80.0,SSW,5.47,8.04,1025.06,0.0,0.0,1.0,195.1,IMELBO1849.csv
2023/01/29,03:04 PM,21.5,17.78,79.0,SSW,5.79,7.72,1025.06,0.0,0.0,1.0,157.8,IMELBO1849.csv
2023/01/29,03:09 PM,21.67,17.83,79.0,SSW,4.67,6.6,1025.4,0.0,0.0,1.0,162.2,IMELBO1849.csv
2023/01/29,03:14 PM,21.61,17.83,79.0,South,6.6,9.65,1025.4,0.0,0.0,1.0,135.7,IMELBO1849.csv
2023/01/29,03:19 PM,21.39,17.78,80.0,South,5.47,7.72,1025.4,0.0,0.0,1.0,156.9,IMELBO1849.csv
2023/01/29,03:24 PM,21.39,17.78,80.0,South,4.67,6.6,1025.06,0.0,0.0,1.0,165.3,IMELBO1849.csv
2023/01/29,03:29 PM,21.5,17.89,80.0,SSW,4.18,6.11,1025.06,0.0,0.0,1.0,169.6,IMELBO1849.csv
2023/01/29,03:34 PM,21.56,17.94,80.0,South,3.86,5.79,1025.06,0.0,0.0,1.0,122.3,IMELBO1849.csv
2023/01/29,03:39 PM,21.39,17.89,81.0,SW,7.4,10.14,1025.06,0.0,0.0,1.0,105.8,IMELBO1849.csv
2023/01/29,03:44 PM,21.06,17.72,81.0,SSW,7.08,10.14,1025.06,0.0,0.0,1.0,101.1,IMELBO1849.csv
2023/01/29,03:49 PM,20.83,17.67,82.0,South,6.92,9.33,1025.06,0.0,0.0,1.0,103.6,IMELBO1849.csv
2023/01/29,03:54 PM,20.61,17.61,83.0,South,5.79,8.37,1025.4,0.0,0.0,0.0,89.8,IMELBO1849.csv
2023/01/29,03:59 PM,20.5,17.5,83.0,SSW,6.92,9.49,1025.4,0.0,0.0,0.0,79.8,IMELBO1849.csv
2023/01/29,04:04 PM,20.39,17.39,83.0,SSW,7.08,9.65,1025.4,0.0,0.0,1.0,100.6,IMELBO1849.csv
2023/01/29,04:09 PM,20.56,17.56,83.0,South,4.51,6.44,1025.4,0.0,0.0,1.0,121.8,IMELBO1849.csv
2023/01/29,04:14 PM,20.67,17.44,82.0,South,5.15,7.56,1025.06,0.0,0.0,1.0,121.8,IMELBO1849.csv
2023/01/29,04:19 PM,20.67,17.44,82.0,SSW,5.47,7.72,1025.06,0.0,0.0,0.0,91.5,IMELBO1849.csv
2023/01/29,04:24 PM,20.56,17.33,82.0,SSW,4.51,6.6,1025.4,0.0,0.0,0.0,57.3,IMELBO1849.csv
2023/01/29,04:29 PM,20.61,17.39,82.0,SSW,4.67,6.92,1025.4,0.0,0.0,0.0,64.1,IMELBO1849.csv
2023/01/29,04:34 PM,20.44,17.33,82.0,SSW,7.56,10.62,1025.4,0.0,0.0,0.0,92.7,IMELBO1849.csv
2023/01/29,04:39 PM,20.39,17.56,84.0,SSW,6.76,9.01,1025.06,0.0,0.0,1.0,99.7,IMELBO1849.csv
2023/01/29,04:44 PM,20.06,17.56,86.0,SSW,6.6,9.01,1025.4,0.0,0.0,1.0,107.9,IMELBO1849.csv
2023/01/29,04:49 PM,19.83,17.5,86.0,SSW,4.67,6.6,1025.4,0.0,0.0,0.0,62.0,IMELBO1849.csv
2023/01/29,04:54 PM,19.72,17.56,87.0,SSW,5.95,8.21,1025.4,0.0,0.0,0.0,82.3,IMELBO1849.csv
2023/01/29,04:59 PM,19.72,17.5,87.0,South,5.31,7.56,1025.06,0.0,0.0,0.0,85.0,IMELBO1849.csv
2023/01/29,05:04 PM,19.67,17.5,87.0,South,4.51,6.92,1025.06,0.0,0.0,0.0,79.3,IMELBO1849.csv
2023/01/29,05:09 PM,19.61,17.44,88.0,SSW,5.79,7.88,1025.06,0.0,0.0,0.0,46.4,IMELBO1849.csv
2023/01/29,05:14 PM,19.5,17.39,88.0,South,3.86,5.15,1025.06,0.0,0.0,0.0,36.3,IMELBO1849.csv
2023/01/29,05:19 PM,19.5,17.39,88.0,South,3.7,5.63,1025.4,0.0,0.0,0.0,38.2,IMELBO1849.csv
2023/01/29,05:24 PM,19.39,17.33,88.0,SSW,5.31,7.4,1025.06,0.0,0.0,0.0,43.3,IMELBO1849.csv
2023/01/29,05:29 PM,19.39,17.28,88.0,SE,4.67,6.76,1025.06,0.0,0.0,0.0,43.3,IMELBO1849.csv
2023/01/29,05:34 PM,19.28,17.22,88.0,SSW,4.34,5.63,1025.06,0.0,0.0,0.0,42.9,IMELBO1849.csv
2023/01/29,05:39 PM,19.22,17.11,88.0,SSW,6.28,8.37,1025.06,0.0,0.0,0.0,53.3,IMELBO1849.csv
2023/01/29,05:44 PM,19.22,17.11,88.0,South,3.54,4.83,1025.06,0.0,0.0,0.0,53.7,IMELBO1849.csv
2023/01/29,05:49 PM,19.22,17.17,88.0,South,2.41,3.86,1025.4,0.0,0.0,0.0,36.3,IMELBO1849.csv
2023/01/29,05:54 PM,19.33,17.22,88.0,South,2.41,3.06,1025.4,0.0,0.0,0.0,31.2,IMELBO1849.csv
2023/01/29,05:59 PM,19.33,17.17,87.0,SSE,2.25,3.38,1025.4,0.0,0.0,0.0,31.2,IMELBO1849.csv
2023/01/29,06:04 PM,19.39,17.22,87.0,South,1.77,2.41,1025.4,0.0,0.0,0.0,42.9,IMELBO1849.csv
2023/01/29,06:09 PM,19.39,17.22,87.0,SSE,1.77,3.06,1025.4,0.0,0.0,0.0,38.2,IMELBO1849.csv
2023/01/29,06:14 PM,19.44,17.11,86.0,South,3.06,4.18,1025.4,0.0,0.0,0.0,31.2,IMELBO1849.csv
2023/01/29,06:19 PM,19.39,17.0,86.0,SSW,2.9,4.02,1025.74,0.0,0.0,0.0,32.1,IMELBO1849.csv
2023/01/29,06:24 PM,19.39,17.0,86.0,SSW,4.67,5.95,1025.4,0.0,0.0,0.0,26.4,IMELBO1849.csv
2023/01/29,06:29 PM,19.39,17.0,86.0,SW,4.67,5.95,1025.4,0.0,0.0,0.0,33.4,IMELBO1849.csv
2023/01/29,06:34 PM,19.5,17.11,86.0,SSW,3.22,4.34,1025.4,0.0,0.0,0.0,25.9,IMELBO1849.csv
2023/01/29,06:39 PM,19.5,17.06,86.0,SSW,3.38,4.51,1025.74,0.0,0.0,0.0,28.6,IMELBO1849.csv
2023/01/29,06:44 PM,19.5,16.89,85.0,SW,3.86,5.31,1025.74,0.0,0.0,0.0,33.8,IMELBO1849.csv
2023/01/29,06:49 PM,19.56,16.94,85.0,SW,4.34,6.28,1025.74,0.0,0.0,0.0,30.3,IMELBO1849.csv
2023/01/29,06:54 PM,19.61,17.0,85.0,SSW,4.99,6.92,1026.08,0.0,0.0,0.0,30.7,IMELBO1849.csv
2023/01/29,06:59 PM,19.5,16.89,85.0,SW,5.47,7.24,1026.08,0.0,0.0,0.0,29.0,IMELBO1849.csv
2023/01/29,07:04 PM,19.5,16.89,85.0,SW,5.31,7.24,1026.08,0.0,0.0,0.0,44.7,IMELBO1849.csv
2023/01/29,07:09 PM,19.5,16.83,85.0,SW,4.83,6.28,1026.08,0.0,0.0,0.0,48.1,IMELBO1849.csv
2023/01/29,07:14 PM,19.5,16.72,84.0,SW,5.63,7.4,1026.08,0.0,0.0,0.0,48.1,IMELBO1849.csv
2023/01/29,07:19 PM,19.56,16.72,84.0,SSW,4.67,5.79,1026.08,0.0,0.0,0.0,39.0,IMELBO1849.csv
2023/01/29,07:24 PM,19.5,16.72,84.0,SW,4.67,5.95,1026.08,0.0,0.0,0.0,35.1,IMELBO1849.csv
2023/01/29,07:29 PM,19.56,16.78,84.0,South,4.99,7.08,1025.74,0.0,0.0,0.0,31.6,IMELBO1849.csv
2023/01/29,07:34 PM,19.33,16.72,85.0,SSW,7.08,9.33,1025.74,0.0,0.0,0.0,30.3,IMELBO1849.csv
2023/01/29,07:39 PM,19.11,16.61,86.0,SW,7.56,9.49,1025.74,0.0,0.0,0.0,31.6,IMELBO1849.csv
2023/01/29,07:44 PM,18.94,16.56,86.0,SSW,8.37,11.42,1025.74,0.0,0.0,0.0,29.0,IMELBO1849.csv
2023/01/29,07:49 PM,18.83,16.56,86.0,SSW,6.44,8.69,1025.74,0.0,0.0,0.0,22.5,IMELBO1849.csv
2023/01/29,07:54 PM,18.78,16.56,87.0,SSW,6.76,9.17,1026.08,0.0,0.0,0.0,14.7,IMELBO1849.csv
2023/01/29,07:59 PM,18.61,16.39,87.0,SW,8.69,11.58,1026.08,0.0,0.0,0.0,10.4,IMELBO1849.csv
2023/01/29,08:04 PM,18.56,16.33,87.0,SSW,5.47,7.56,1026.08,0.0,0.0,0.0,10.4,IMELBO1849.csv
2023/01/29,08:09 PM,18.5,16.28,87.0,SSW,4.83,6.92,1026.08,0.0,0.0,0.0,7.3,IMELBO1849.csv
2023/01/29,08:14 PM,18.39,16.22,87.0,SSW,6.28,8.21,1026.08,0.0,0.0,0.0,4.3,IMELBO1849.csv
2023/01/29,08:19 PM,18.33,16.17,87.0,SSW,5.95,8.69,1026.08,0.0,0.0,0.0,3.4,IMELBO1849.csv
2023/01/29,08:24 PM,18.33,16.17,87.0,South,3.38,4.67,1026.08,0.0,0.0,0.0,1.2,IMELBO1849.csv
2023/01/29,08:29 PM,18.33,16.17,87.0,SSW,5.15,7.08,1026.08,0.0,0.0,0.0,0.4,IMELBO1849.csv
2023/01/29,08:34 PM,18.22,16.0,87.0,South,5.31,7.88,1026.08,0.0,0.0,0.0,0.0,IMELBO1849.csv
2023/01/29,08:39 PM,18.22,16.0,87.0,SSW,4.99,7.24,1026.41,0.0,0.0,0.0,0.0,IMELBO1849.csv
2023/01/29,08:44 PM,18.22,15.94,87.0,SSW,5.63,7.88,1026.41,0.0,0.0,0.0,0.0,IMELBO1849.csv
2023/01/29,08:49 PM,18.0,15.61,86.0,SSW,7.56,10.3,1026.75,0.0,0.0,0.0,0.0,IMELBO1849.csv
2023/01/29,08:54 PM,18.0,15.39,85.0,SW,8.04,11.1,1026.75,0.0,0.0,0.0,0.0,IMELBO1849.csv
2023/01/29,08:59 PM,18.0,15.39,85.0,SSW,7.4,10.46,1026.75,0.0,0.0,0.0,0.0,IMELBO1849.csv
2023/01/29,09:04 PM,18.0,15.33,84.0,South,4.99,7.88,1026.75,0.0,0.0,0.0,0.0,IMELBO1849.csv
2023/01/29,09:09 PM,18.0,15.28,84.0,SSW,7.08,9.81,1026.75,0.0,0.0,0.0,0.0,IMELBO1849.csv
2023/01/29,09:14 PM,18.0,15.28,84.0,SSW,5.79,8.21,1026.75,0.0,0.0,0.0,0.0,IMELBO1849.csv
2023/01/29,09:19 PM,18.0,15.28,84.0,SSW,6.6,8.85,1027.09,0.0,0.0,0.0,0.0,IMELBO1849.csv
2023/01/29,09:24 PM,18.0,15.28,84.0,SSW,8.21,11.1,1027.09,0.0,0.0,0.0,0.0,IMELBO1849.csv
2023/01/29,09:29 PM,17.94,15.22,84.0,SSW,4.51,6.6,1027.09,0.0,0.0,0.0,0.0,IMELBO1849.csv
2023/01/29,09:34 PM,17.89,15.22,84.0,SSW,5.79,7.72,1027.09,0.0,0.0,0.0,0.0,IMELBO1849.csv
2023/01/29,09:39 PM,17.94,15.28,84.0,South,5.15,7.4,1027.09,0.0,0.0,0.0,0.0,IMELBO1849.csv
2023/01/29,09:44 PM,18.0,15.39,85.0,South,5.31,7.24,1027.09,0.0,0.0,0.0,0.0,IMELBO1849.csv
2023/01/29,09:49 PM,17.94,15.33,85.0,SSE,3.86,5.31,1027.09,0.0,0.0,0.0,0.0,IMELBO1849.csv
2023/01/29,09:54 PM,17.89,15.28,85.0,SSE,3.7,5.15,1027.09,0.0,0.0,0.0,0.0,IMELBO1849.csv
2023/01/29,09:59 PM,17.94,15.28,84.0,SSE,3.06,4.34,1027.09,0.0,0.0,0.0,0.0,IMELBO1849.csv
2023/01/29,10:04 PM,18.0,15.22,84.0,South,5.79,8.37,1027.09,0.0,0.0,0.0,0.0,IMELBO1849.csv
2023/01/29,10:09 PM,18.0,15.06,83.0,South,5.79,8.04,1027.09,0.0,0.0,0.0,0.0,IMELBO1849.csv
2023/01/29,10:14 PM,18.0,14.89,82.0,SSE,3.7,5.47,1027.43,0.0,0.0,0.0,0.0,IMELBO1849.csv
2023/01/29,10:19 PM,18.11,15.0,82.0,South,3.54,5.47,1027.43,0.0,0.0,0.0,0.0,IMELBO1849.csv
2023/01/29,10:24 PM,18.11,15.0,82.0,South,3.7,5.15,1027.43,0.0,0.0,0.0,0.0,IMELBO1849.csv
2023/01/29,10:29 PM,18.11,15.0,82.0,South,4.34,6.44,1027.09,0.0,0.0,0.0,0.0,IMELBO1849.csv
2023/01/29,10:34 PM,18.0,14.89,82.0,South,4.34,6.44,1027.43,0.0,0.0,0.0,0.0,IMELBO1849.csv
2023/01/29,10:39 PM,18.0,14.89,82.0,South,3.38,4.99,1027.43,0.0,0.0,0.0,0.0,IMELBO1849.csv
2023/01/29,10:44 PM,18.0,14.89,82.0,SE,4.02,5.79,1027.09,0.0,0.0,0.0,0.0,IMELBO1849.csv
2023/01/29,10:49 PM,18.0,14.89,82.0,South,4.51,6.44,1027.09,0.0,0.0,0.0,0.0,IMELBO1849.csv
2023/01/29,10:54 PM,17.89,14.78,82.0,SSW,4.51,5.95,1027.09,0.0,0.0,0.0,0.0,IMELBO1849.csv
2023/01/29,10:59 PM,17.89,14.61,81.0,SSW,6.6,8.85,1027.09,0.0,0.0,0.0,0.0,IMELBO1849.csv
2023/01/29,11:04 PM,17.83,14.56,81.0,South,3.38,5.15,1027.09,0.0,0.0,0.0,0.0,IMELBO1849.csv
2023/01/29,11:09 PM,17.89,14.61,81.0,SSW,4.18,5.79,1027.09,0.0,0.0,0.0,0.0,IMELBO1849.csv
2023/01/29,11:14 PM,17.89,14.61,81.0,SSW,2.57,3.86,1027.09,0.0,0.0,0.0,0.0,IMELBO1849.csv
2023/01/29,11:19 PM,17.89,14.61,81.0,SSW,2.74,3.7,1027.09,0.0,0.0,0.0,0.0,IMELBO1849.csv
2023/01/29,11:24 PM,17.89,14.5,81.0,SSW,4.18,5.47,1027.09,0.0,0.0,0.0,0.0,IMELBO1849.csv
2023/01/29,11:29 PM,17.89,14.39,80.0,SSW,4.83,6.44,1027.09,0.0,0.0,0.0,0.0,IMELBO1849.csv
2023/01/29,11:34 PM,17.89,14.39,80.0,SSW,4.18,6.11,1026.75,0.0,0.0,0.0,0.0,IMELBO1849.csv
2023/01/29,11:39 PM,17.89,14.39,80.0,SW,3.54,4.99,1026.75,0.0,0.0,0.0,0.0,IMELBO1849.csv
2023/01/29,11:44 PM,17.89,14.39,80.0,SSW,4.34,6.44,1026.75,0.0,0.0,0.0,0.0,IMELBO1849.csv
2023/01/29,11:49 PM,17.89,14.39,80.0,SSW,4.83,6.6,1026.75,0.0,0.0,0.0,0.0,IMELBO1849.csv
2023/01/29,11:54 PM,17.89,14.39,80.0,SSW,5.63,7.08,1027.09,0.0,0.0,0.0,0.0,IMELBO1849.csv
2023/01/29,11:59 PM,17.89,14.39,80.0,SW,5.95,8.04,1027.09,0.0,0.0,0.0,0.0,IMELBO1849.csv
2023/01/30,12:04 AM,17.89,14.39,80.0,SW,2.41,3.22,1027.09,0.0,0.0,0.0,0.0,IMELBO1849.csv
2023/01/30,12:09 AM,17.89,14.39,80.0,SSW,3.86,5.15,1027.09,0.0,0.0,0.0,0.0,IMELBO1849.csv
2023/01/30,12:14 AM,17.89,14.39,80.0,SSW,3.86,4.83,1027.09,0.0,0.0,0.0,0.0,IMELBO1849.csv
2023/01/30,12:19 AM,17.89,14.33,80.0,SSW,4.51,6.11,1027.09,0.0,0.0,0.0,0.0,IMELBO1849.csv
2023/01/30,12:24 AM,17.89,14.22,79.0,SSW,4.34,5.95,1027.09,0.0,0.0,0.0,0.0,IMELBO1849.csv
2023/01/30,12:29 AM,17.89,14.22,79.0,SSW,3.54,4.67,1027.09,0.0,0.0,0.0,0.0,IMELBO1849.csv
2023/01/30,12:34 AM,17.83,14.0,78.0,SSW,5.79,7.56,1027.09,0.0,0.0,0.0,0.0,IMELBO1849.csv
2023/01/30,12:39 AM,17.78,13.89,78.0,SSW,4.83,6.28,1027.09,0.0,0.0,0.0,0.0,IMELBO1849.csv
2023/01/30,12:44 AM,17.78,13.72,77.0,SSW,6.28,8.21,1027.09,0.0,0.0,0.0,0.0,IMELBO1849.csv
2023/01/30,12:49 AM,17.78,13.72,77.0,South,4.83,6.6,1027.09,0.0,0.0,0.0,0.0,IMELBO1849.csv
2023/01/30,12:54 AM,17.78,13.72,77.0,SSW,3.54,4.83,1026.75,0.0,0.0,0.0,0.0,IMELBO1849.csv
2023/01/30,12:59 AM,17.78,13.72,77.0,South,3.38,4.99,1026.41,0.0,0.0,0.0,0.0,IMELBO1849.csv
2023/01/30,01:04 AM,17.72,13.67,77.0,South,3.86,5.15,1026.41,0.0,0.0,0.0,0.0,IMELBO1849.csv
2023/01/30,01:09 AM,17.72,13.72,78.0,SSW,4.34,5.79,1026.75,0.0,0.0,0.0,0.0,IMELBO1849.csv
2023/01/30,01:14 AM,17.72,13.78,78.0,SW,5.15,6.76,1026.75,0.0,0.0,0.0,0.0,IMELBO1849.csv
2023/01/30,01:19 AM,17.72,13.89,79.0,SSW,5.47,7.4,1026.41,0.0,0.0,0.0,0.0,IMELBO1849.csv
2023/01/30,01:24 AM,17.61,13.89,79.0,SSW,6.11,8.53,1026.41,0.0,0.0,0.0,0.0,IMELBO1849.csv
2023/01/30,01:29 AM,17.61,13.89,79.0,South,4.83,6.76,1026.08,0.0,0.0,0.0,0.0,IMELBO1849.csv
2023/01/30,01:34 AM,17.61,13.89,79.0,SSW,2.9,3.86,1026.08,0.0,0.0,0.0,0.0,IMELBO1849.csv
2023/01/30,01:39 AM,17.61,13.89,79.0,SSW,4.34,5.79,1026.08,0.0,0.0,0.0,0.0,IMELBO1849.csv
2023/01/30,01:44 AM,17.61,13.89,79.0,SSW,3.7,4.67,1026.41,0.0,0.0,0.0,0.0,IMELBO1849.csv
2023/01/30,01:49 AM,17.56,13.83,79.0,SSW,4.99,6.76,1026.08,0.0,0.0,0.0,0.0,IMELBO1849.csv
2023/01/30,01:54 AM,17.5,13.78,79.0,SE,2.57,3.7,1026.08,0.0,0.0,0.0,0.0,IMELBO1849.csv
2023/01/30,01:59 AM,17.56,13.83,79.0,South,2.25,3.06,1026.08,0.0,0.0,0.0,0.0,IMELBO1849.csv
2023/01/30,02:04 AM,17.61,13.89,79.0,SSW,4.51,6.11,1026.08,0.0,0.0,0.0,0.0,IMELBO1849.csv
2023/01/30,02:09 AM,17.5,13.72,79.0,South,4.67,7.08,1026.08,0.0,0.0,0.0,0.0,IMELBO1849.csv
2023/01/30,02:14 AM,17.5,13.61,78.0,South,2.9,4.67,1025.74,0.0,0.0,0.0,0.0,IMELBO1849.csv
2023/01/30,02:19 AM,17.56,13.67,78.0,South,4.02,5.95,1025.74,0.0,0.0,0.0,0.0,IMELBO1849.csv
2023/01/30,02:24 AM,17.5,13.61,78.0,SSW,3.86,5.31,1025.74,0.0,0.0,0.0,0.0,IMELBO1849.csv
2023/01/30,02:29 AM,17.5,13.78,79.0,SSW,5.15,6.76,1025.74,0.0,0.0,0.0,0.0,IMELBO1849.csv
2023/01/30,02:34 AM,17.5,13.78,79.0,SSW,3.22,4.51,1025.74,0.0,0.0,0.0,0.0,IMELBO1849.csv
2023/01/30,02:39 AM,17.5,13.78,79.0,SSW,5.47,7.56,1025.74,0.0,0.0,0.0,0.0,IMELBO1849.csv
2023/01/30,02:44 AM,17.5,13.78,79.0,SSW,5.15,7.08,1025.74,0.0,0.0,0.0,0.0,IMELBO1849.csv
2023/01/30,02:49 AM,17.5,13.78,79.0,SSW,4.51,6.11,1025.74,0.0,0.0,0.0,0.0,IMELBO1849.csv
2023/01/30,02:54 AM,17.5,13.78,79.0,SSW,5.31,7.72,1025.74,0.0,0.0,0.0,0.0,IMELBO1849.csv
2023/01/30,02:59 AM,17.5,13.78,79.0,SSW,6.28,8.85,1025.74,0.0,0.0,0.0,0.0,IMELBO1849.csv
2023/01/30,03:04 AM,17.5,13.67,78.0,SSW,4.34,5.79,1025.74,0.0,0.0,0.0,0.0,IMELBO1849.csv
2023/01/30,03:09 AM,17.44,13.61,78.0,SSW,5.15,7.08,1025.74,0.0,0.0,0.0,0.0,IMELBO1849.csv
2023/01/30,03:14 AM,17.44,13.61,78.0,SSW,5.95,7.88,1025.74,0.0,0.0,0.0,0.0,IMELBO1849.csv
2023/01/30,03:19 AM,17.39,13.61,78.0,SSW,3.86,5.47,1025.4,0.0,0.0,0.0,0.0,IMELBO1849.csv
2023/01/30,03:24 AM,17.39,13.33,77.0,SSW,4.83,6.92,1025.4,0.0,0.0,0.0,0.0,IMELBO1849.csv
2023/01/30,03:29 AM,17.39,13.11,76.0,SSW,4.51,6.11,1025.4,0.0,0.0,0.0,0.0,IMELBO1849.csv
2023/01/30,03:34 AM,17.39,13.11,76.0,South,4.02,5.95,1025.4,0.0,0.0,0.0,0.0,IMELBO1849.csv
2023/01/30,03:39 AM,17.39,13.11,76.0,South,4.51,6.6,1025.4,0.0,0.0,0.0,0.0,IMELBO1849.csv
2023/01/30,03:44 AM,17.39,12.89,75.0,SSE,5.15,7.08,1025.4,0.0,0.0,0.0,0.0,IMELBO1849.csv
2023/01/30,03:49 AM,17.39,12.89,75.0,South,4.51,6.44,1025.4,0.0,0.0,0.0,0.0,IMELBO1849.csv
2023/01/30,03:54 AM,17.39,12.83,74.0,South,4.34,5.95,1025.4,0.0,0.0,0.0,0.0,IMELBO1849.csv
2023/01/30,03:59 AM,17.39,12.78,74.0,SSE,4.83,6.76,1025.4,0.0,0.0,0.0,0.0,IMELBO1849.csv
2023/01/30,04:04 AM,17.39,12.78,74.0,South,4.67,6.44,1025.4,0.0,0.0,0.0,0.0,IMELBO1849.csv
2023/01/30,04:09 AM,17.39,12.78,74.0,South,2.74,4.02,1025.4,0.0,0.0,0.0,0.0,IMELBO1849.csv
2023/01/30,04:14 AM,17.39,12.67,74.0,SSW,4.51,6.11,1025.74,0.0,0.0,0.0,0.0,IMELBO1849.csv
2023/01/30,04:19 AM,17.39,12.5,73.0,South,4.83,6.92,1025.74,0.0,0.0,0.0,0.0,IMELBO1849.csv
2023/01/30,04:24 AM,17.39,12.5,73.0,South,4.83,7.08,1025.4,0.0,0.0,0.0,0.0,IMELBO1849.csv
2023/01/30,04:29 AM,17.33,12.44,73.0,South,6.11,8.53,1025.4,0.0,0.0,0.0,0.0,IMELBO1849.csv
2023/01/30,04:34 AM,17.28,12.5,73.0,South,4.34,5.95,1025.4,0.0,0.0,0.0,0.0,IMELBO1849.csv
2023/01/30,04:39 AM,17.28,12.72,74.0,SSE,2.41,3.86,1025.74,0.0,0.0,0.0,0.0,IMELBO1849.csv
2023/01/30,04:44 AM,17.28,12.72,74.0,SSW,2.41,3.86,1026.08,0.0,0.0,0.0,0.0,IMELBO1849.csv
2023/01/30,04:49 AM,17.28,12.72,74.0,South,4.02,6.11,1025.74,0.0,0.0,0.0,0.0,IMELBO1849.csv
2023/01/30,04:54 AM,17.28,12.72,74.0,SSW,4.51,6.44,1025.74,0.0,0.0,0.0,0.0,IMELBO1849.csv
2023/01/30,04:59 AM,17.28,12.72,74.0,SSE,3.38,4.67,1025.74,0.0,0.0,0.0,0.0,IMELBO1849.csv
2023/01/30,05:04 AM,17.22,12.67,74.0,South,3.06,4.18,1025.74,0.0,0.0,0.0,0.0,IMELBO1849.csv
2023/01/30,05:09 AM,17.22,12.67,75.0,South,2.74,4.34,1025.4,0.0,0.0,0.0,0.0,IMELBO1849.csv
2023/01/30,05:14 AM,17.22,12.72,75.0,SSW,3.86,5.47,1025.4,0.0,0.0,0.0,0.0,IMELBO1849.csv
2023/01/30,05:19 AM,17.22,12.72,75.0,SSW,4.34,5.95,1025.74,0.0,0.0,0.0,0.0,IMELBO1849.csv
2023/01/30,05:24 AM,17.22,12.72,75.0,South,5.15,6.92,1025.74,0.0,0.0,0.0,0.0,IMELBO1849.csv
2023/01/30,05:29 AM,17.22,12.72,75.0,SSW,3.7,5.15,1025.74,0.0,0.0,0.0,0.0,IMELBO1849.csv
2023/01/30,05:34 AM,17.22,12.72,75.0,South,3.22,4.83,1025.4,0.0,0.0,0.0,0.0,IMELBO1849.csv
2023/01/30,05:39 AM,17.22,12.72,75.0,South,3.7,5.79,1025.74,0.0,0.0,0.0,0.0,IMELBO1849.csv
2023/01/30,05:44 AM,17.22,12.72,75.0,SSW,4.51,6.11,1025.74,0.0,0.0,0.0,0.0,IMELBO1849.csv
2023/01/30,05:49 AM,17.22,12.72,75.0,SSW,3.86,5.15,1025.74,0.0,0.0,0.0,0.0,IMELBO1849.csv
2023/01/30,05:54 AM,17.22,12.72,75.0,SSW,2.57,3.38,1025.74,0.0,0.0,0.0,0.0,IMELBO1849.csv
2023/01/30,05:59 AM,17.22,12.72,75.0,SSW,4.34,6.11,1026.08,0.0,0.0,0.0,0.0,IMELBO1849.csv
2023/01/30,06:04 AM,17.22,12.78,75.0,SSW,4.02,5.63,1026.08,0.0,0.0,0.0,0.0,IMELBO1849.csv
2023/01/30,06:09 AM,17.22,12.89,76.0,SSW,3.06,4.02,1026.08,0.0,0.0,0.0,0.0,IMELBO1849.csv
2023/01/30,06:14 AM,17.22,12.89,76.0,South,2.9,4.18,1026.08,0.0,0.0,0.0,0.0,IMELBO1849.csv
2023/01/30,06:19 AM,17.22,13.0,77.0,South,3.54,5.31,1026.08,0.0,0.0,0.0,0.0,IMELBO1849.csv
2023/01/30,06:24 AM,17.22,13.11,77.0,South,4.67,6.6,1026.08,0.0,0.0,0.0,0.0,IMELBO1849.csv
2023/01/30,06:29 AM,17.22,13.11,77.0,South,4.83,6.44,1025.74,0.0,0.0,0.0,0.0,IMELBO1849.csv
2023/01/30,06:34 AM,17.22,13.11,77.0,South,3.7,4.99,1026.08,0.0,0.0,0.0,1.2,IMELBO1849.csv
2023/01/30,06:39 AM,17.22,13.39,78.0,South,3.38,4.34,1026.08,0.0,0.0,0.0,2.6,IMELBO1849.csv
2023/01/30,06:44 AM,17.22,13.39,78.0,South,3.38,4.99,1026.08,0.0,0.0,0.0,3.8,IMELBO1849.csv
2023/01/30,06:49 AM,17.22,13.39,78.0,SSE,3.54,4.99,1026.08,0.0,0.0,0.0,6.5,IMELBO1849.csv
2023/01/30,06:54 AM,17.22,13.11,77.0,South,4.67,6.76,1026.08,0.0,0.0,0.0,8.2,IMELBO1849.csv
2023/01/30,06:59 AM,17.22,13.11,77.0,South,3.86,5.31,1026.08,0.0,0.0,0.0,8.6,IMELBO1849.csv
2023/01/30,07:04 AM,17.22,13.11,77.0,South,4.67,6.76,1026.41,0.0,0.0,0.0,12.1,IMELBO1849.csv
2023/01/30,07:09 AM,17.22,13.11,77.0,South,4.83,7.4,1026.41,0.0,0.0,0.0,16.4,IMELBO1849.csv
2023/01/30,07:14 AM,17.28,13.17,77.0,South,4.02,5.47,1026.41,0.0,0.0,0.0,19.1,IMELBO1849.csv
2023/01/30,07:19 AM,17.28,13.22,77.0,South,5.95,8.21,1026.41,0.0,0.0,0.0,21.7,IMELBO1849.csv
2023/01/30,07:24 AM,17.28,13.17,77.0,South,2.41,3.7,1026.41,0.0,0.0,0.0,22.0,IMELBO1849.csv
2023/01/30,07:29 AM,17.28,13.22,77.0,South,4.02,5.63,1026.41,0.0,0.0,0.0,25.6,IMELBO1849.csv
2023/01/30,07:34 AM,17.28,13.22,77.0,SSE,3.06,4.67,1026.75,0.0,0.0,0.0,31.2,IMELBO1849.csv
2023/01/30,07:39 AM,17.28,13.33,77.0,South,6.28,8.21,1026.75,0.0,0.0,0.0,39.9,IMELBO1849.csv
2023/01/30,07:44 AM,17.22,13.39,78.0,South,6.11,9.17,1026.75,0.0,0.0,0.0,46.4,IMELBO1849.csv
2023/01/30,07:49 AM,17.22,13.28,78.0,SSW,4.67,6.44,1026.75,0.0,0.0,0.0,52.0,IMELBO1849.csv
2023/01/30,07:54 AM,17.28,13.22,77.0,South,4.02,5.95,1026.75,0.0,0.0,0.0,48.9,IMELBO1849.csv
2023/01/30,07:59 AM,17.39,13.28,77.0,South,3.22,5.15,1026.75,0.0,0.0,0.0,55.4,IMELBO1849.csv
2023/01/30,08:04 AM,17.44,13.22,76.0,South,4.83,7.08,1026.75,0.0,0.0,0.0,65.4,IMELBO1849.csv
2023/01/30,08:09 AM,17.39,13.11,76.0,South,4.67,6.6,1026.75,0.0,0.0,0.0,68.5,IMELBO1849.csv
2023/01/30,08:14 AM,17.39,13.11,76.0,South,5.47,7.72,1026.75,0.0,0.0,0.0,74.1,IMELBO1849.csv
2023/01/30,08:19 AM,17.44,13.17,76.0,South,5.47,8.37,1027.09,0.0,0.0,0.0,73.3,IMELBO1849.csv
2023/01/30,08:24 AM,17.5,13.22,76.0,South,3.86,5.47,1026.75,0.0,0.0,0.0,66.3,IMELBO1849.csv
2023/01/30,08:29 AM,17.5,13.28,76.0,SSE,3.54,5.47,1026.75,0.0,0.0,0.0,64.1,IMELBO1849.csv
2023/01/30,08:34 AM,17.39,13.28,77.0,SSE,4.83,7.24,1026.75,0.0,0.0,0.0,62.9,IMELBO1849.csv
2023/01/30,08:39 AM,17.39,13.28,77.0,SSE,4.83,7.4,1026.75,0.0,0.0,0.0,92.4,IMELBO1849.csv
2023/01/30,08:44 AM,17.39,13.28,77.0,South,5.63,8.69,1027.09,0.0,0.0,1.0,107.5,IMELBO1849.csv
2023/01/30,08:49 AM,17.39,13.28,77.0,SSW,5.63,8.04,1027.09,0.0,0.0,1.0,101.4,IMELBO1849.csv
2023/01/30,08:54 AM,17.5,13.39,77.0,SSW,6.28,8.69,1027.09,0.0,0.0,1.0,114.5,IMELBO1849.csv
2023/01/30,08:59 AM,17.5,13.39,77.0,South,4.83,7.24,1027.09,0.0,0.0,1.0,116.2,IMELBO1849.csv
2023/01/30,09:04 AM,17.56,13.61,78.0,South,5.63,8.53,1027.09,0.0,0.0,1.0,109.2,IMELBO1849.csv
2023/01/30,09:09 AM,17.44,13.61,78.0,SSW,5.15,7.4,1027.09,0.0,0.0,1.0,99.7,IMELBO1849.csv
2023/01/30,09:14 AM,17.44,13.61,78.0,South,6.28,8.69,1027.09,0.0,0.0,1.0,116.2,IMELBO1849.csv
2023/01/30,09:19 AM,17.44,13.61,78.0,SSW,5.47,7.56,1027.09,0.0,0.0,1.0,119.6,IMELBO1849.csv
2023/01/30,09:24 AM,17.44,13.44,78.0,SSW,6.6,9.01,1027.09,0.0,0.0,1.0,118.8,IMELBO1849.csv
2023/01/30,09:29 AM,17.44,13.33,77.0,SSW,5.63,7.88,1027.09,0.0,0.0,1.0,115.4,IMELBO1849.csv
2023/01/30,09:34 AM,17.56,13.44,77.0,South,5.31,8.04,1027.09,0.0,0.0,1.0,129.7,IMELBO1849.csv
2023/01/30,09:39 AM,17.67,13.44,77.0,South,4.02,5.63,1027.09,0.0,0.0,1.0,130.0,IMELBO1849.csv
2023/01/30,09:44 AM,17.72,13.44,76.0,South,4.51,5.79,1027.09,0.0,0.0,1.0,135.3,IMELBO1849.csv
2023/01/30,09:49 AM,17.78,13.5,76.0,SSE,3.7,6.11,1027.09,0.0,0.0,1.0,142.3,IMELBO1849.csv
2023/01/30,09:54 AM,17.83,13.56,76.0,SSE,3.54,5.31,1027.09,0.0,0.0,1.0,147.4,IMELBO1849.csv
2023/01/30,09:59 AM,17.89,13.61,76.0,SE,4.02,6.28,1027.09,0.0,0.0,1.0,155.7,IMELBO1849.csv
2023/01/30,10:04 AM,18.0,13.5,75.0,SE,3.7,5.47,1027.09,0.0,0.0,1.0,144.4,IMELBO1849.csv
2023/01/30,10:09 AM,18.06,13.56,75.0,South,4.18,6.44,1027.09,0.0,0.0,1.0,153.5,IMELBO1849.csv
2023/01/30,10:14 AM,18.06,13.56,75.0,SE,3.22,4.83,1027.09,0.0,0.0,1.0,152.7,IMELBO1849.csv
2023/01/30,10:19 AM,18.11,13.61,75.0,SSE,4.02,6.11,1027.09,0.0,0.0,1.0,171.8,IMELBO1849.csv
2023/01/30,10:24 AM,18.11,13.61,75.0,South,3.86,5.47,1027.09,0.0,0.0,1.0,174.8,IMELBO1849.csv
2023/01/30,10:29 AM,18.17,13.67,75.0,South,4.34,6.6,1027.09,0.0,0.0,1.0,187.3,IMELBO1849.csv
2023/01/30,10:34 AM,18.22,13.72,75.0,South,5.79,8.53,1026.75,0.0,0.0,2.0,206.4,IMELBO1849.csv
2023/01/30,10:39 AM,18.22,13.67,75.0,SSE,4.51,5.95,1026.75,0.0,0.0,1.0,191.7,IMELBO1849.csv
2023/01/30,10:44 AM,18.39,13.72,74.0,South,5.95,8.53,1026.75,0.0,0.0,1.0,202.1,IMELBO1849.csv
2023/01/30,10:49 AM,18.33,13.67,74.0,SSW,5.79,9.17,1026.75,0.0,0.0,2.0,229.0,IMELBO1849.csv
2023/01/30,10:54 AM,18.33,13.61,74.0,SSW,5.95,8.04,1026.75,0.0,0.0,2.0,233.8,IMELBO1849.csv
2023/01/30,10:59 AM,18.67,13.78,73.0,SSW,5.95,8.53,1026.75,0.0,0.0,2.0,221.2,IMELBO1849.csv
2023/01/30,11:04 AM,18.72,13.61,72.0,SSW,5.47,8.37,1026.75,0.0,0.0,2.0,291.9,IMELBO1849.csv
2023/01/30,11:09 AM,18.67,13.44,72.0,SSW,7.08,9.49,1026.41,0.0,0.0,2.0,292.4,IMELBO1849.csv
2023/01/30,11:14 AM,18.72,13.5,72.0,South,5.95,8.69,1026.41,0.0,0.0,2.0,278.4,IMELBO1849.csv
2023/01/30,11:19 AM,18.89,13.67,72.0,South,4.67,6.6,1026.41,0.0,0.0,2.0,273.7,IMELBO1849.csv
2023/01/30,11:24 AM,19.06,13.72,71.0,South,5.31,7.72,1026.75,0.0,0.0,2.0,247.6,IMELBO1849.csv
2023/01/30,11:29 AM,18.83,13.61,72.0,SW,8.37,11.58,1026.41,0.0,0.0,2.0,267.2,IMELBO1849.csv
2023/01/30,11:34 AM,18.78,13.56,72.0,South,6.11,8.69,1026.41,0.0,0.0,2.0,267.5,IMELBO1849.csv
2023/01/30,11:39 AM,19.0,13.67,71.0,SSW,5.95,7.88,1026.41,0.0,0.0,2.0,269.4,IMELBO1849.csv
2023/01/30,11:44 AM,19.0,13.67,71.0,SW,7.24,9.81,1026.41,0.0,0.0,3.0,310.6,IMELBO1849.csv
2023/01/30,11:49 AM,19.11,13.72,71.0,SSW,7.08,9.33,1026.08,0.0,0.0,3.0,312.7,IMELBO1849.csv
2023/01/30,11:54 AM,19.22,13.72,71.0,SSW,5.95,8.85,1026.08,0.0,0.0,2.0,298.4,IMELBO1849.csv
2023/01/30,11:59 AM,19.17,13.67,70.0,South,9.49,12.87,1026.08,0.0,0.0,3.0,340.1,IMELBO1849.csv
2023/01/30,12:04 PM,19.17,13.61,70.0,SSW,7.88,10.14,1026.08,0.0,0.0,3.0,347.4,IMELBO1849.csv
2023/01/30,12:09 PM,19.39,13.67,69.0,SSW,6.28,9.01,1026.08,0.0,0.0,3.0,378.6,IMELBO1849.csv
2023/01/30,12:14 PM,19.56,13.72,69.0,SSW,8.04,11.58,1025.74,0.0,0.0,3.0,396.9,IMELBO1849.csv
2023/01/30,12:19 PM,19.83,13.78,68.0,South,6.44,9.33,1025.74,0.0,0.0,4.0,432.9,IMELBO1849.csv
2023/01/30,12:24 PM,19.72,13.72,68.0,SSW,7.88,10.46,1025.74,0.0,0.0,4.0,445.4,IMELBO1849.csv
2023/01/30,12:29 PM,19.67,13.67,68.0,SSW,8.37,11.75,1025.74,0.0,0.0,4.0,494.5,IMELBO1849.csv
2023/01/30,12:34 PM,20.06,13.83,67.0,South,6.11,9.01,1025.4,0.0,0.0,4.0,462.8,IMELBO1849.csv
2023/01/30,12:39 PM,20.17,13.89,67.0,South,4.67,6.92,1025.4,0.0,0.0,3.0,352.2,IMELBO1849.csv
2023/01/30,12:44 PM,20.44,14.0,67.0,South,4.34,6.44,1025.4,0.0,0.0,3.0,329.7,IMELBO1849.csv
2023/01/30,12:49 PM,20.11,13.94,68.0,SSW,6.92,9.81,1025.4,0.0,0.0,4.0,413.4,IMELBO1849.csv
2023/01/30,12:54 PM,20.5,14.0,67.0,South,4.34,6.11,1025.4,0.0,0.0,4.0,413.7,IMELBO1849.csv
2023/01/30,12:59 PM,20.44,14.0,67.0,South,6.11,8.69,1025.4,0.0,0.0,4.0,449.0,IMELBO1849.csv
2023/01/30,01:04 PM,20.67,14.0,66.0,South,4.67,6.76,1025.4,0.0,0.0,3.0,392.1,IMELBO1849.csv
2023/01/30,01:09 PM,20.67,13.94,66.0,South,6.28,8.69,1025.4,0.0,0.0,3.0,368.2,IMELBO1849.csv
2023/01/30,01:14 PM,20.5,13.83,66.0,SSE,6.28,9.33,1025.4,0.0,0.0,6.0,626.0,IMELBO1849.csv
2023/01/30,01:19 PM,20.67,13.89,65.0,SSW,8.21,11.1,1025.4,0.0,0.0,5.0,581.2,IMELBO1849.csv
2023/01/30,01:24 PM,20.44,13.78,66.0,SSW,8.37,11.75,1025.4,0.0,0.0,6.0,635.5,IMELBO1849.csv
2023/01/30,01:29 PM,20.94,13.94,64.0,SSW,6.44,9.98,1025.4,0.0,0.0,7.0,813.3,IMELBO1849.csv
2023/01/30,01:34 PM,21.17,14.11,64.0,South,5.31,7.72,1025.06,0.0,0.0,11.0,1140.4,IMELBO1849.csv
2023/01/30,01:39 PM,21.67,14.28,63.0,South,8.21,11.91,1025.06,0.0,0.0,9.0,988.2,IMELBO1849.csv
2023/01/30,01:44 PM,21.78,14.33,63.0,SSE,5.47,8.21,1025.06,0.0,0.0,8.0,918.4,IMELBO1849.csv
2023/01/30,01:49 PM,21.83,14.39,63.0,SSE,8.21,11.1,1025.06,0.0,0.0,6.0,648.5,IMELBO1849.csv
2023/01/30,01:54 PM,21.33,14.22,64.0,SSW,7.72,10.3,1025.06,0.0,0.0,6.0,677.6,IMELBO1849.csv
2023/01/30,01:59 PM,21.22,14.22,64.0,South,7.24,10.3,1025.06,0.0,0.0,4.0,432.0,IMELBO1849.csv
2023/01/30,02:04 PM,21.33,14.11,64.0,South,4.83,6.44,1025.06,0.0,0.0,4.0,442.9,IMELBO1849.csv
2023/01/30,02:09 PM,21.44,14.17,63.0,SSE,4.99,6.92,1024.72,0.0,0.0,4.0,409.9,IMELBO1849.csv
2023/01/30,02:14 PM,21.39,14.17,64.0,SSW,8.21,11.26,1024.72,0.0,0.0,4.0,429.9,IMELBO1849.csv
2023/01/30,02:19 PM,20.89,14.0,64.0,SW,6.92,9.65,1024.72,0.0,0.0,4.0,472.0,IMELBO1849.csv
2023/01/30,02:24 PM,21.22,14.06,64.0,SSW,6.92,10.46,1024.72,0.0,0.0,4.0,432.5,IMELBO1849.csv
2023/01/30,02:29 PM,21.11,14.11,64.0,South,6.44,9.17,1024.38,0.0,0.0,3.0,397.7,IMELBO1849.csv
2023/01/30,02:34 PM,21.11,14.06,64.0,South,5.15,7.72,1024.38,0.0,0.0,7.0,757.9,IMELBO1849.csv
2023/01/30,02:39 PM,21.56,14.11,63.0,SSE,5.15,7.56,1024.38,0.0,0.0,10.0,1083.2,IMELBO1849.csv
2023/01/30,02:44 PM,21.89,14.28,62.0,SSE,5.79,8.53,1024.38,0.0,0.0,8.0,822.5,IMELBO1849.csv
2023/01/30,02:49 PM,21.72,14.22,62.0,SSE,6.28,9.17,1024.38,0.0,0.0,4.0,411.2,IMELBO1849.csv
2023/01/30,02:54 PM,21.39,14.11,63.0,SSW,8.04,12.07,1024.38,0.0,0.0,4.0,501.0,IMELBO1849.csv
2023/01/30,02:59 PM,21.22,13.94,63.0,South,6.76,10.3,1024.38,0.0,0.0,6.0,660.6,IMELBO1849.csv
2023/01/30,03:04 PM,21.33,14.0,63.0,SSW,6.6,9.65,1024.38,0.0,0.0,5.0,521.4,IMELBO1849.csv
2023/01/30,03:09 PM,21.39,14.06,63.0,South,6.44,9.33,1024.38,0.0,0.0,3.0,349.1,IMELBO1849.csv
2023/01/30,03:14 PM,21.17,14.0,64.0,South,7.56,10.46,1024.38,0.0,0.0,3.0,399.4,IMELBO1849.csv
2023/01/30,03:19 PM,21.28,13.94,63.0,SSE,5.31,8.21,1024.38,0.0,0.0,6.0,621.6,IMELBO1849.csv
2023/01/30,03:24 PM,21.5,14.06,63.0,SSE,5.15,7.72,1024.38,0.0,0.0,4.0,500.6,IMELBO1849.csv
2023/01/30,03:29 PM,21.28,13.94,63.0,South,7.24,10.46,1024.38,0.0,0.0,3.0,337.4,IMELBO1849.csv
2023/01/30,03:34 PM,20.78,13.78,64.0,SSW,7.08,9.98,1024.38,0.0,0.0,3.0,333.1,IMELBO1849.csv
2023/01/30,03:39 PM,21.11,13.83,63.0,SSW,7.24,10.3,1024.72,0.0,0.0,3.0,368.2,IMELBO1849.csv
2023/01/30,03:44 PM,20.94,13.83,64.0,SW,7.56,10.78,1024.38,0.0,0.0,3.0,333.1,IMELBO1849.csv
2023/01/30,03:49 PM,20.78,13.78,64.0,SSW,9.49,12.39,1024.38,0.0,0.0,3.0,360.0,IMELBO1849.csv
2023/01/30,03:54 PM,20.89,13.78,64.0,SSW,8.04,11.42,1024.38,0.0,0.0,3.0,361.3,IMELBO1849.csv
2023/01/30,03:59 PM,20.89,13.72,64.0,SSE,7.56,11.1,1024.38,0.0,0.0,3.0,371.3,IMELBO1849.csv
2023/01/30,04:04 PM,20.78,13.61,63.0,SSW,8.69,11.91,1024.38,0.0,0.0,6.0,632.8,IMELBO1849.csv
2023/01/30,04:09 PM,21.0,13.67,63.0,South,6.92,9.65,1024.38,0.0,0.0,6.0,648.0,IMELBO1849.csv
2023/01/30,04:14 PM,21.56,13.89,62.0,South,7.56,11.42,1024.38,0.0,0.0,8.0,894.9,IMELBO1849.csv
2023/01/30,04:19 PM,21.17,13.67,62.0,SSW,7.88,11.42,1024.04,0.0,0.0,9.0,1027.6,IMELBO1849.csv
2023/01/30,04:24 PM,21.61,13.89,62.0,South,7.08,10.3,1024.38,0.0,0.0,7.0,730.1,IMELBO1849.csv
2023/01/30,04:29 PM,21.67,13.89,61.0,SSE,7.56,10.62,1024.04,0.0,0.0,6.0,658.4,IMELBO1849.csv
2023/01/30,04:34 PM,21.28,13.67,62.0,SSW,7.56,10.62,1024.04,0.0,0.0,8.0,876.3,IMELBO1849.csv
2023/01/30,04:39 PM,21.5,13.83,62.0,SW,10.14,13.68,1024.04,0.0,0.0,6.0,708.0,IMELBO1849.csv
2023/01/30,04:44 PM,21.06,13.56,63.0,South,9.01,12.39,1024.04,0.0,0.0,8.0,896.2,IMELBO1849.csv
2023/01/30,04:49 PM,21.39,13.67,62.0,SSW,9.01,12.07,1024.04,0.0,0.0,8.0,850.2,IMELBO1849.csv
2023/01/30,04:54 PM,21.44,13.72,62.0,SSW,9.49,13.03,1024.04,0.0,0.0,7.0,811.2,IMELBO1849.csv
2023/01/30,04:59 PM,21.83,13.94,61.0,South,6.11,9.81,1024.04,0.0,0.0,7.0,754.8,IMELBO1849.csv
2023/01/30,05:04 PM,21.89,14.0,61.0,South,8.04,10.78,1023.71,0.0,0.0,5.0,526.5,IMELBO1849.csv
2023/01/30,05:09 PM,21.61,13.83,61.0,South,6.76,9.81,1024.04,0.0,0.0,5.0,575.2,IMELBO1849.csv
2023/01/30,05:14 PM,20.94,13.56,63.0,SSW,8.53,11.42,1023.71,0.0,0.0,5.0,598.6,IMELBO1849.csv
2023/01/30,05:19 PM,21.06,13.5,62.0,SSW,7.24,10.62,1023.71,0.0,0.0,5.0,564.8,IMELBO1849.csv
2023/01/30,05:24 PM,21.33,13.61,61.0,South,6.11,9.33,1023.71,0.0,0.0,4.0,492.8,IMELBO1849.csv
2023/01/30,05:29 PM,21.06,13.44,62.0,South,9.33,12.55,1024.04,0.0,0.0,5.0,568.6,IMELBO1849.csv
2023/01/30,05:34 PM,20.83,13.33,62.0,South,7.24,10.3,1023.71,0.0,0.0,5.0,553.1,IMELBO1849.csv
2023/01/30,05:39 PM,21.28,13.5,61.0,SSW,6.6,9.49,1023.71,0.0,0.0,5.0,564.8,IMELBO1849.csv
2023/01/30,05:44 PM,21.06,13.5,62.0,South,6.92,9.81,1023.71,0.0,0.0,3.0,332.3,IMELBO1849.csv
2023/01/30,05:49 PM,20.72,13.33,63.0,SW,9.17,13.03,1023.71,0.0,0.0,5.0,534.4,IMELBO1849.csv
2023/01/30,05:54 PM,20.72,13.28,63.0,SSW,9.17,13.03,1023.71,0.0,0.0,4.0,480.2,IMELBO1849.csv
2023/01/30,05:59 PM,20.39,13.28,64.0,SSW,9.01,11.75,1023.71,0.0,0.0,2.0,283.2,IMELBO1849.csv
2023/01/30,06:04 PM,20.17,13.22,64.0,SW,10.46,14.32,1023.71,0.0,0.0,3.0,314.4,IMELBO1849.csv
2023/01/30,06:09 PM,20.11,13.17,64.0,South,7.56,10.94,1023.71,0.0,0.0,2.0,253.2,IMELBO1849.csv
2023/01/30,06:14 PM,20.06,13.17,65.0,SSW,7.24,9.81,1023.71,0.0,0.0,2.0,259.0,IMELBO1849.csv
2023/01/30,06:19 PM,20.11,13.22,65.0,SW,9.17,12.71,1023.71,0.0,0.0,2.0,262.4,IMELBO1849.csv
2023/01/30,06:24 PM,20.06,13.17,65.0,SSW,5.31,8.21,1023.71,0.0,0.0,2.0,241.1,IMELBO1849.csv
2023/01/30,06:29 PM,20.17,13.28,65.0,South,8.85,12.55,1023.71,0.0,0.0,2.0,227.7,IMELBO1849.csv
2023/01/30,06:34 PM,19.94,13.22,65.0,SW,7.88,10.62,1023.71,0.0,0.0,2.0,294.5,IMELBO1849.csv
2023/01/30,06:39 PM,20.0,13.28,65.0,SSW,9.17,12.39,1023.71,0.0,0.0,2.0,218.6,IMELBO1849.csv
2023/01/30,06:44 PM,20.0,13.22,65.0,SSW,7.4,10.3,1023.71,0.0,0.0,3.0,308.4,IMELBO1849.csv
2023/01/30,06:49 PM,20.22,13.33,65.0,South,6.11,8.37,1023.71,0.0,0.0,2.0,276.2,IMELBO1849.csv
2023/01/30,06:54 PM,20.0,13.39,66.0,SSW,6.92,9.17,1023.71,0.0,0.0,1.0,183.9,IMELBO1849.csv
2023/01/30,06:59 PM,19.94,13.39,66.0,SW,8.04,10.94,1023.71,0.0,0.0,1.0,139.2,IMELBO1849.csv
2023/01/30,07:04 PM,19.72,13.44,67.0,SSW,7.88,10.94,1023.71,0.0,0.0,1.0,117.9,IMELBO1849.csv
2023/01/30,07:09 PM,19.78,13.44,67.0,South,5.15,7.24,1023.71,0.0,0.0,1.0,108.9,IMELBO1849.csv
2023/01/30,07:14 PM,19.83,13.61,67.0,South,6.6,9.33,1023.71,0.0,0.0,1.0,107.9,IMELBO1849.csv
2023/01/30,07:19 PM,19.56,13.44,68.0,South,4.83,7.24,1023.71,0.0,0.0,0.0,87.1,IMELBO1849.csv
2023/01/30,07:24 PM,19.61,13.5,68.0,South,4.67,7.08,1023.71,0.0,0.0,0.0,65.9,IMELBO1849.csv
2023/01/30,07:29 PM,19.5,13.67,69.0,SSW,5.63,7.88,1023.71,0.0,0.0,0.0,65.0,IMELBO1849.csv
2023/01/30,07:34 PM,19.22,13.5,69.0,SSW,7.56,10.3,1023.71,0.0,0.0,0.0,66.3,IMELBO1849.csv
2023/01/30,07:39 PM,19.11,13.5,70.0,SSW,6.76,9.17,1024.04,0.0,0.0,0.0,65.0,IMELBO1849.csv
2023/01/30,07:44 PM,18.83,13.28,70.0,SSW,7.56,10.46,1023.71,0.0,0.0,0.0,57.6,IMELBO1849.csv
2023/01/30,07:49 PM,18.78,13.33,71.0,SSW,5.47,7.88,1023.71,0.0,0.0,0.0,48.1,IMELBO1849.csv
2023/01/30,07:54 PM,18.78,13.39,71.0,South,5.15,7.72,1023.71,0.0,0.0,0.0,41.6,IMELBO1849.csv
2023/01/30,07:59 PM,18.72,13.28,71.0,SSW,4.83,6.76,1024.04,0.0,0.0,0.0,38.2,IMELBO1849.csv
2023/01/30,08:04 PM,18.5,13.17,71.0,SSW,6.92,9.65,1024.04,0.0,0.0,0.0,31.2,IMELBO1849.csv
2023/01/30,08:09 PM,18.33,13.11,71.0,South,4.67,6.76,1024.04,0.0,0.0,0.0,23.9,IMELBO1849.csv
2023/01/30,08:14 PM,18.28,13.17,72.0,SSW,6.11,9.49,1024.04,0.0,0.0,0.0,19.9,IMELBO1849.csv
2023/01/30,08:19 PM,18.11,13.0,72.0,SSW,8.69,11.91,1024.04,0.0,0.0,0.0,16.4,IMELBO1849.csv
2023/01/30,08:24 PM,18.0,12.89,72.0,SW,6.11,8.37,1024.04,0.0,0.0,0.0,12.1,IMELBO1849.csv
2023/01/30,08:29 PM,17.94,12.83,72.0,SSW,5.15,7.08,1024.04,0.0,0.0,0.0,8.6,IMELBO1849.csv
2023/01/30,08:34 PM,17.83,12.72,72.0,SSW,6.76,9.17,1024.04,0.0,0.0,0.0,4.8,IMELBO1849.csv
2023/01/30,08:39 PM,17.78,12.83,73.0,SSW,6.44,8.53,1024.04,0.0,0.0,0.0,2.1,IMELBO1849.csv
2023/01/30,08:44 PM,17.72,12.78,73.0,SSW,6.6,8.69,1024.04,0.0,0.0,0.0,1.2,IMELBO1849.csv
2023/01/30,08:49 PM,17.56,12.67,73.0,SSW,7.56,10.46,1024.04,0.0,0.0,0.0,0.0,IMELBO1849.csv
2023/01/30,08:54 PM,17.5,12.61,73.0,SW,7.88,10.94,1024.04,0.0,0.0,0.0,0.0,IMELBO1849.csv
2023/01/30,08:59 PM,17.39,12.5,73.0,SSW,7.08,9.49,1024.04,0.0,0.0,0.0,0.0,IMELBO1849.csv
2023/01/30,09:04 PM,17.28,12.67,74.0,SW,8.21,10.78,1024.04,0.0,0.0,0.0,0.0,IMELBO1849.csv
2023/01/30,09:09 PM,17.28,12.72,74.0,SSW,8.21,11.58,1024.38,0.0,0.0,0.0,0.0,IMELBO1849.csv
2023/01/30,09:14 PM,17.22,12.61,74.0,SSW,7.56,9.98,1024.38,0.0,0.0,0.0,0.0,IMELBO1849.csv
2023/01/30,09:19 PM,17.22,12.67,74.0,SSW,7.08,9.17,1024.04,0.0,0.0,0.0,0.0,IMELBO1849.csv
2023/01/30,09:24 PM,17.22,12.61,74.0,SW,5.47,7.24,1024.38,0.0,0.0,0.0,0.0,IMELBO1849.csv
2023/01/30,09:29 PM,17.22,12.61,74.0,SSW,7.56,9.98,1024.38,0.0,0.0,0.0,0.0,IMELBO1849.csv
2023/01/30,09:34 PM,17.06,12.56,74.0,SSW,6.6,8.69,1024.38,0.0,0.0,0.0,0.0,IMELBO1849.csv
2023/01/30,09:39 PM,17.0,12.61,75.0,SSW,6.28,8.04,1024.38,0.0,0.0,0.0,0.0,IMELBO1849.csv
2023/01/30,09:44 PM,16.89,12.5,75.0,SW,7.24,9.81,1024.38,0.0,0.0,0.0,0.0,IMELBO1849.csv
2023/01/30,09:49 PM,16.89,12.5,75.0,SW,6.76,9.17,1024.38,0.0,0.0,0.0,0.0,IMELBO1849.csv
2023/01/30,09:54 PM,16.78,12.39,75.0,SSW,5.95,8.04,1024.38,0.0,0.0,0.0,0.0,IMELBO1849.csv
2023/01/30,09:59 PM,16.78,12.5,76.0,SSW,9.81,13.19,1024.38,0.0,0.0,0.0,0.0,IMELBO1849.csv
2023/01/30,10:04 PM,16.78,12.5,76.0,SW,6.92,8.69,1024.38,0.0,0.0,0.0,0.0,IMELBO1849.csv
2023/01/30,10:09 PM,16.72,12.39,76.0,SW,5.95,8.04,1024.38,0.0,0.0,0.0,0.0,IMELBO1849.csv
2023/01/30,10:14 PM,16.72,12.39,76.0,SSW,7.4,9.65,1024.38,0.0,0.0,0.0,0.0,IMELBO1849.csv
2023/01/30,10:19 PM,16.61,12.44,77.0,SW,5.31,7.08,1024.38,0.0,0.0,0.0,0.0,IMELBO1849.csv
2023/01/30,10:24 PM,16.61,12.5,77.0,SSW,6.28,8.69,1024.38,0.0,0.0,0.0,0.0,IMELBO1849.csv
2023/01/30,10:29 PM,16.72,12.56,77.0,SW,6.6,8.69,1024.38,0.0,0.0,0.0,0.0,IMELBO1849.csv
2023/01/30,10:34 PM,16.72,12.44,76.0,SSW,4.83,6.28,1024.38,0.0,0.0,0.0,0.0,IMELBO1849.csv
2023/01/30,10:39 PM,16.78,12.5,76.0,SSW,6.28,8.21,1024.72,0.0,0.0,0.0,0.0,IMELBO1849.csv
2023/01/30,10:44 PM,16.78,12.5,76.0,SW,6.44,8.21,1024.38,0.0,0.0,0.0,0.0,IMELBO1849.csv
2023/01/30,10:49 PM,16.78,12.5,76.0,SSW,7.56,8.85,1024.38,0.0,0.0,0.0,0.0,IMELBO1849.csv
2023/01/30,10:54 PM,16.78,12.44,76.0,SW,6.44,8.21,1024.38,0.0,0.0,0.0,0.0,IMELBO1849.csv
2023/01/30,10:59 PM,16.72,12.39,76.0,SW,4.18,5.47,1024.38,0.0,0.0,0.0,0.0,IMELBO1849.csv
2023/01/30,11:04 PM,16.72,12.44,76.0,SW,3.86,5.47,1024.38,0.0,0.0,0.0,0.0,IMELBO1849.csv
2023/01/30,11:09 PM,16.78,12.5,76.0,SSW,4.99,6.44,1024.38,0.0,0.0,0.0,0.0,IMELBO1849.csv
2023/01/30,11:14 PM,16.78,12.5,76.0,SW,4.18,5.63,1024.38,0.0,0.0,0.0,0.0,IMELBO1849.csv
2023/01/30,11:19 PM,16.89,12.61,76.0,SW,5.63,7.4,1024.38,0.0,0.0,0.0,0.0,IMELBO1849.csv
2023/01/30,11:24 PM,16.89,12.61,76.0,SW,6.76,8.85,1024.38,0.0,0.0,0.0,0.0,IMELBO1849.csv
2023/01/30,11:29 PM,16.89,12.61,76.0,SW,6.76,8.85,1024.04,0.0,0.0,0.0,0.0,IMELBO1849.csv
2023/01/30,11:34 PM,17.0,12.72,76.0,SW,3.22,4.34,1024.04,0.0,0.0,0.0,0.0,IMELBO1849.csv
2023/01/30,11:39 PM,17.0,12.72,76.0,SW,4.18,5.15,1024.04,0.0,0.0,0.0,0.0,IMELBO1849.csv
2023/01/30,11:44 PM,17.06,12.72,76.0,SW,4.99,6.76,1024.04,0.0,0.0,0.0,0.0,IMELBO1849.csv
2023/01/30,11:49 PM,17.0,12.72,76.0,SSW,4.83,6.28,1024.04,0.0,0.0,0.0,0.0,IMELBO1849.csv
2023/01/30,11:54 PM,17.06,12.78,76.0,SSW,2.9,4.51,1024.04,0.0,0.0,0.0,0.0,IMELBO1849.csv
2023/01/30,11:59 PM,17.06,12.78,76.0,SW,6.76,9.17,1024.04,0.0,0.0,0.0,0.0,IMELBO1849.csv
2023/01/31,12:04 AM,17.11,12.78,76.0,SSW,6.28,7.72,1024.04,0.0,0.0,0.0,0.0,IMELBO1849.csv
2023/01/31,12:09 AM,17.11,12.78,76.0,SW,4.51,6.76,1024.04,0.0,0.0,0.0,0.0,IMELBO1849.csv
2023/01/31,12:14 AM,17.11,12.78,76.0,SW,5.63,7.24,1024.04,0.0,0.0,0.0,0.0,IMELBO1849.csv
2023/01/31,12:19 AM,17.11,12.78,76.0,SSW,4.67,5.95,1024.04,0.0,0.0,0.0,0.0,IMELBO1849.csv
2023/01/31,12:24 AM,17.11,12.78,76.0,SSW,3.86,5.15,1023.71,0.0,0.0,0.0,0.0,IMELBO1849.csv
2023/01/31,12:29 AM,17.11,12.78,76.0,SSW,5.79,7.24,1023.71,0.0,0.0,0.0,0.0,IMELBO1849.csv
2023/01/31,12:34 AM,17.11,12.78,76.0,SSW,4.34,5.79,1023.71,0.0,0.0,0.0,0.0,IMELBO1849.csv
2023/01/31,12:39 AM,17.0,12.72,76.0,SW,4.02,5.47,1023.71,0.0,0.0,0.0,0.0,IMELBO1849.csv
2023/01/31,12:44 AM,16.89,12.61,76.0,SW,4.18,5.47,1024.04,0.0,0.0,0.0,0.0,IMELBO1849.csv
2023/01/31,12:49 AM,16.89,12.61,76.0,SSW,3.22,4.34,1023.71,0.0,0.0,0.0,0.0,IMELBO1849.csv
2023/01/31,12:54 AM,16.89,12.61,76.0,SW,3.38,4.51,1023.71,0.0,0.0,0.0,0.0,IMELBO1849.csv
2023/01/31,12:59 AM,16.89,12.61,76.0,SSW,4.18,5.31,1023.71,0.0,0.0,0.0,0.0,IMELBO1849.csv
2023/01/31,01:04 AM,16.89,12.61,76.0,SW,4.34,5.47,1023.37,0.0,0.0,0.0,0.0,IMELBO1849.csv
2023/01/31,01:09 AM,16.89,12.61,76.0,SW,3.86,5.15,1023.37,0.0,0.0,0.0,0.0,IMELBO1849.csv
2023/01/31,01:14 AM,16.89,12.61,76.0,SW,4.18,5.79,1023.37,0.0,0.0,0.0,0.0,IMELBO1849.csv
2023/01/31,01:19 AM,16.89,12.61,76.0,SW,4.67,6.11,1023.37,0.0,0.0,0.0,0.0,IMELBO1849.csv
2023/01/31,01:24 AM,16.89,12.61,76.0,SW,4.51,5.63,1023.37,0.0,0.0,0.0,0.0,IMELBO1849.csv
2023/01/31,01:29 AM,16.89,12.61,76.0,SW,2.74,3.86,1023.37,0.0,0.0,0.0,0.0,IMELBO1849.csv
2023/01/31,01:34 AM,16.78,12.5,76.0,SW,2.25,3.22,1023.37,0.0,0.0,0.0,0.0,IMELBO1849.csv
2023/01/31,01:39 AM,16.72,12.39,76.0,SW,2.57,3.38,1023.37,0.0,0.0,0.0,0.0,IMELBO1849.csv
2023/01/31,01:44 AM,16.61,12.28,76.0,SW,2.9,3.7,1023.37,0.0,0.0,0.0,0.0,IMELBO1849.csv
2023/01/31,01:49 AM,16.61,12.5,77.0,SW,3.06,4.02,1023.03,0.0,0.0,0.0,0.0,IMELBO1849.csv
2023/01/31,01:54 AM,16.56,12.39,77.0,WSW,3.06,4.18,1023.03,0.0,0.0,0.0,0.0,IMELBO1849.csv
2023/01/31,01:59 AM,16.5,12.39,77.0,SW,2.57,3.86,1022.69,0.0,0.0,0.0,0.0,IMELBO1849.csv
2023/01/31,02:04 AM,16.44,12.33,77.0,WSW,2.57,3.22,1022.69,0.0,0.0,0.0,0.0,IMELBO1849.csv
2023/01/31,02:09 AM,16.39,12.28,77.0,SW,2.74,3.7,1022.69,0.0,0.0,0.0,0.0,IMELBO1849.csv
2023/01/31,02:14 AM,16.28,12.22,77.0,SW,3.06,4.02,1022.69,0.0,0.0,0.0,0.0,IMELBO1849.csv
2023/01/31,02:19 AM,16.28,12.28,77.0,SW,3.06,3.7,1022.69,0.0,0.0,0.0,0.0,IMELBO1849.csv
2023/01/31,02:24 AM,16.28,12.44,78.0,SW,2.9,4.02,1022.35,0.0,0.0,0.0,0.0,IMELBO1849.csv
2023/01/31,02:29 AM,16.22,12.39,78.0,SW,3.22,4.51,1022.35,0.0,0.0,0.0,0.0,IMELBO1849.csv
2023/01/31,02:34 AM,16.17,12.33,78.0,SW,3.22,4.34,1022.35,0.0,0.0,0.0,0.0,IMELBO1849.csv
2023/01/31,02:39 AM,16.11,12.33,78.0,SW,2.57,4.18,1022.69,0.0,0.0,0.0,0.0,IMELBO1849.csv
2023/01/31,02:44 AM,16.11,12.5,79.0,SW,2.41,3.06,1022.35,0.0,0.0,0.0,0.0,IMELBO1849.csv
2023/01/31,02:49 AM,16.11,12.5,79.0,WSW,2.25,3.38,1022.35,0.0,0.0,0.0,0.0,IMELBO1849.csv
2023/01/31,02:54 AM,16.06,12.44,79.0,SW,2.57,3.7,1022.35,0.0,0.0,0.0,0.0,IMELBO1849.csv
2023/01/31,02:59 AM,16.11,12.56,79.0,SW,2.74,3.54,1022.35,0.0,0.0,0.0,0.0,IMELBO1849.csv
2023/01/31,03:04 AM,16.06,12.67,80.0,SW,3.22,4.51,1022.35,0.0,0.0,0.0,0.0,IMELBO1849.csv
2023/01/31,03:09 AM,16.06,12.67,80.0,SW,2.74,3.7,1022.01,0.0,0.0,0.0,0.0,IMELBO1849.csv
2023/01/31,03:14 AM,16.06,12.67,80.0,SW,2.74,3.38,1022.01,0.0,0.0,0.0,0.0,IMELBO1849.csv
2023/01/31,03:19 AM,16.11,12.78,81.0,SW,3.38,4.51,1022.01,0.0,0.0,0.0,0.0,IMELBO1849.csv
2023/01/31,03:24 AM,16.11,12.78,81.0,SW,1.77,2.74,1022.01,0.0,0.0,0.0,0.0,IMELBO1849.csv
2023/01/31,03:29 AM,16.0,12.72,81.0,SW,2.74,3.54,1022.01,0.0,0.0,0.0,0.0,IMELBO1849.csv
2023/01/31,03:34 AM,16.0,12.72,81.0,SW,1.93,2.9,1021.67,0.0,0.0,0.0,0.0,IMELBO1849.csv
2023/01/31,03:39 AM,15.94,12.67,81.0,SW,0.8,1.45,1021.67,0.0,0.0,0.0,0.0,IMELBO1849.csv
2023/01/31,03:44 AM,15.89,12.72,82.0,SW,0.48,1.13,1021.67,0.0,0.0,0.0,0.0,IMELBO1849.csv
2023/01/31,03:49 AM,15.89,12.78,82.0,SW,0.48,0.97,1021.67,0.0,0.0,0.0,0.0,IMELBO1849.csv
2023/01/31,03:54 AM,15.89,12.78,82.0,SW,0.97,1.61,1021.67,0.0,0.0,0.0,0.0,IMELBO1849.csv
2023/01/31,03:59 AM,15.78,12.72,82.0,SW,0.64,1.29,1021.33,0.0,0.0,0.0,0.0,IMELBO1849.csv
2023/01/31,04:04 AM,15.78,12.67,82.0,SW,1.13,1.77,1021.33,0.0,0.0,0.0,0.0,IMELBO1849.csv
2023/01/31,04:09 AM,15.72,12.61,82.0,SW,1.13,1.93,1021.33,0.0,0.0,0.0,0.0,IMELBO1849.csv
2023/01/31,04:14 AM,15.72,12.61,82.0,SW,1.61,2.25,1021.33,0.0,0.0,0.0,0.0,IMELBO1849.csv
2023/01/31,04:19 AM,15.72,12.61,82.0,SW,1.45,2.25,1021.33,0.0,0.0,0.0,0.0,IMELBO1849.csv
2023/01/31,04:24 AM,15.67,12.56,82.0,SW,1.45,2.09,1021.67,0.0,0.0,0.0,0.0,IMELBO1849.csv
2023/01/31,04:29 AM,15.61,12.5,82.0,WSW,1.93,2.74,1021.67,0.0,0.0,0.0,0.0,IMELBO1849.csv
2023/01/31,04:34 AM,15.56,12.44,82.0,SW,2.57,3.86,1021.33,0.0,0.0,0.0,0.0,IMELBO1849.csv
2023/01/31,04:39 AM,15.5,12.56,83.0,SW,2.9,4.18,1021.33,0.0,0.0,0.0,0.0,IMELBO1849.csv
2023/01/31,04:44 AM,15.44,12.56,83.0,SW,2.74,3.86,1021.67,0.0,0.0,0.0,0.0,IMELBO1849.csv
2023/01/31,04:49 AM,15.39,12.5,83.0,SW,2.41,3.54,1021.33,0.0,0.0,0.0,0.0,IMELBO1849.csv
2023/01/31,04:54 AM,15.33,12.44,83.0,WSW,1.61,2.74,1021.33,0.0,0.0,0.0,0.0,IMELBO1849.csv
2023/01/31,04:59 AM,15.28,12.39,83.0,West,2.25,3.22,1021.33,0.0,0.0,0.0,0.0,IMELBO1849.csv
2023/01/31,05:04 AM,15.28,12.33,83.0,WSW,2.57,3.7,1021.33,0.0,0.0,0.0,0.0,IMELBO1849.csv
2023/01/31,05:09 AM,15.22,12.28,83.0,WSW,1.77,2.9,1021.33,0.0,0.0,0.0,0.0,IMELBO1849.csv
2023/01/31,05:14 AM,15.22,12.33,83.0,SW,1.61,2.74,1021.33,0.0,0.0,0.0,0.0,IMELBO1849.csv
2023/01/31,05:19 AM,15.22,12.33,83.0,SW,1.77,2.74,1021.33,0.0,0.0,0.0,0.0,IMELBO1849.csv
2023/01/31,05:24 AM,15.22,12.28,83.0,SW,2.74,4.18,1021.33,0.0,0.0,0.0,0.0,IMELBO1849.csv
2023/01/31,05:29 AM,15.22,12.28,83.0,SW,3.22,4.83,1021.33,0.0,0.0,0.0,0.0,IMELBO1849.csv
2023/01/31,05:34 AM,15.22,12.28,83.0,SW,2.9,4.34,1021.33,0.0,0.0,0.0,0.0,IMELBO1849.csv
2023/01/31,05:39 AM,15.22,12.28,83.0,SW,2.41,3.54,1021.33,0.0,0.0,0.0,0.0,IMELBO1849.csv
2023/01/31,05:44 AM,15.22,12.28,83.0,SW,1.61,2.09,1021.33,0.0,0.0,0.0,0.0,IMELBO1849.csv
2023/01/31,05:49 AM,15.22,12.33,83.0,WSW,1.61,2.74,1021.67,0.0,0.0,0.0,0.0,IMELBO1849.csv
2023/01/31,05:54 AM,15.22,12.33,83.0,SW,1.45,2.25,1021.67,0.0,0.0,0.0,0.0,IMELBO1849.csv
2023/01/31,05:59 AM,15.28,12.39,83.0,WSW,1.61,2.41,1021.67,0.0,0.0,0.0,0.0,IMELBO1849.csv
2023/01/31,06:04 AM,15.22,12.28,83.0,SW,1.77,2.57,1021.67,0.0,0.0,0.0,0.0,IMELBO1849.csv
2023/01/31,06:09 AM,15.17,12.22,83.0,SW,2.25,3.54,1021.67,0.0,0.0,0.0,0.0,IMELBO1849.csv
2023/01/31,06:14 AM,15.11,12.22,83.0,SW,1.61,2.41,1021.67,0.0,0.0,0.0,0.0,IMELBO1849.csv
2023/01/31,06:19 AM,15.0,12.11,83.0,WSW,3.06,4.34,1021.67,0.0,0.0,0.0,0.0,IMELBO1849.csv
2023/01/31,06:24 AM,15.0,12.11,83.0,WSW,1.77,2.74,1021.67,0.0,0.0,0.0,0.0,IMELBO1849.csv
2023/01/31,06:29 AM,15.0,12.11,83.0,WSW,0.97,2.09,1021.67,0.0,0.0,0.0,0.4,IMELBO1849.csv
2023/01/31,06:34 AM,15.0,12.28,84.0,WSW,1.77,2.57,1021.67,0.0,0.0,0.0,1.2,IMELBO1849.csv
2023/01/31,06:39 AM,15.0,12.28,84.0,WSW,1.61,2.9,1022.01,0.0,0.0,0.0,2.6,IMELBO1849.csv
2023/01/31,06:44 AM,15.0,12.28,84.0,SW,1.61,2.41,1021.67,0.0,0.0,0.0,4.3,IMELBO1849.csv
2023/01/31,06:49 AM,15.0,12.28,84.0,SW,2.57,3.54,1022.01,0.0,0.0,0.0,3.4,IMELBO1849.csv
2023/01/31,06:54 AM,15.06,12.33,84.0,SW,1.77,2.41,1022.01,0.0,0.0,0.0,5.1,IMELBO1849.csv
2023/01/31,06:59 AM,15.11,12.39,84.0,SW,1.77,2.74,1022.01,0.0,0.0,0.0,8.2,IMELBO1849.csv
2023/01/31,07:04 AM,15.17,12.44,84.0,WSW,1.29,2.41,1022.01,0.0,0.0,0.0,11.3,IMELBO1849.csv
2023/01/31,07:09 AM,15.28,12.44,83.0,WSW,1.13,1.77,1022.01,0.0,0.0,0.0,19.1,IMELBO1849.csv
2023/01/31,07:14 AM,15.28,12.33,83.0,SW,2.25,3.22,1022.01,0.0,0.0,0.0,19.5,IMELBO1849.csv
2023/01/31,07:19 AM,15.22,12.28,83.0,SW,2.74,3.38,1022.01,0.0,0.0,0.0,19.9,IMELBO1849.csv
2023/01/31,07:24 AM,15.22,12.28,83.0,WSW,3.06,4.51,1022.01,0.0,0.0,0.0,19.5,IMELBO1849.csv
2023/01/31,07:29 AM,15.22,12.33,83.0,SW,2.09,3.22,1022.01,0.0,0.0,0.0,24.2,IMELBO1849.csv
2023/01/31,07:34 AM,15.28,12.39,83.0,SW,1.77,2.57,1022.01,0.0,0.0,0.0,32.1,IMELBO1849.csv
2023/01/31,07:39 AM,15.28,12.39,83.0,SSW,3.86,4.83,1022.01,0.0,0.0,0.0,32.9,IMELBO1849.csv
2023/01/31,07:44 AM,15.33,12.22,82.0,SSW,3.22,4.34,1022.01,0.0,0.0,0.0,36.8,IMELBO1849.csv
2023/01/31,07:49 AM,15.39,12.28,82.0,SW,2.57,3.7,1022.01,0.0,0.0,0.0,49.4,IMELBO1849.csv
2023/01/31,07:54 AM,15.44,12.33,82.0,SW,2.74,3.86,1022.01,0.0,0.0,0.0,61.5,IMELBO1849.csv
2023/01/31,07:59 AM,15.5,12.33,82.0,SW,3.38,4.51,1022.01,0.0,0.0,0.0,70.7,IMELBO1849.csv
2023/01/31,08:04 AM,15.61,12.28,81.0,SW,4.18,5.47,1022.01,0.0,0.0,0.0,82.8,IMELBO1849.csv
2023/01/31,08:09 AM,15.72,12.28,80.0,SW,3.54,4.51,1022.01,0.0,0.0,0.0,95.4,IMELBO1849.csv
2023/01/31,08:14 AM,15.83,12.39,80.0,SSW,4.02,5.47,1022.01,0.0,0.0,1.0,114.9,IMELBO1849.csv
2023/01/31,08:19 AM,16.11,12.39,79.0,SW,2.9,3.86,1022.01,0.0,0.0,1.0,117.9,IMELBO1849.csv
2023/01/31,08:24 AM,16.33,12.5,78.0,SSW,3.7,4.83,1022.01,0.0,0.0,0.0,99.7,IMELBO1849.csv
2023/01/31,08:29 AM,16.28,12.22,77.0,SW,5.47,7.08,1022.35,0.0,0.0,1.0,105.8,IMELBO1849.csv
2023/01/31,08:34 AM,16.28,12.22,77.0,SW,4.99,6.11,1022.35,0.0,0.0,1.0,104.5,IMELBO1849.csv
2023/01/31,08:39 AM,16.5,12.22,76.0,SW,3.7,4.99,1022.01,0.0,0.0,1.0,115.4,IMELBO1849.csv
2023/01/31,08:44 AM,16.61,12.22,75.0,SW,4.51,5.79,1022.01,0.0,0.0,1.0,117.4,IMELBO1849.csv
2023/01/31,08:49 AM,16.78,12.39,75.0,SW,4.02,4.99,1022.01,0.0,0.0,1.0,125.8,IMELBO1849.csv
2023/01/31,08:54 AM,16.89,12.11,73.0,SW,5.63,7.24,1022.35,0.0,0.0,1.0,158.3,IMELBO1849.csv
2023/01/31,08:59 AM,17.06,11.83,71.0,SW,5.95,8.21,1022.35,0.0,0.0,1.0,152.2,IMELBO1849.csv
2023/01/31,09:04 AM,17.22,11.89,71.0,SW,5.79,8.04,1022.01,0.0,0.0,1.0,138.4,IMELBO1849.csv
2023/01/31,09:09 AM,17.33,11.83,70.0,SW,4.51,5.95,1022.35,0.0,0.0,1.0,144.4,IMELBO1849.csv
2023/01/31,09:14 AM,17.61,11.89,69.0,SW,4.83,6.6,1022.35,0.0,0.0,1.0,152.2,IMELBO1849.csv
2023/01/31,09:19 AM,17.72,11.56,67.0,SW,5.47,7.72,1022.35,0.0,0.0,1.0,159.2,IMELBO1849.csv
2023/01/31,09:24 AM,17.78,11.44,66.0,SW,5.63,7.72,1022.35,0.0,0.0,1.0,176.9,IMELBO1849.csv
2023/01/31,09:29 AM,17.89,11.5,66.0,SW,5.95,8.04,1022.35,0.0,0.0,1.0,174.3,IMELBO1849.csv
2023/01/31,09:34 AM,17.94,11.56,66.0,SSW,3.54,4.83,1022.35,0.0,0.0,1.0,193.9,IMELBO1849.csv
2023/01/31,09:39 AM,18.17,11.72,66.0,SW,6.76,8.85,1022.01,0.0,0.0,2.0,209.9,IMELBO1849.csv
2023/01/31,09:44 AM,18.17,11.72,66.0,SW,5.47,7.24,1022.01,0.0,0.0,2.0,229.9,IMELBO1849.csv
2023/01/31,09:49 AM,18.39,11.72,65.0,SSW,4.51,6.11,1022.01,0.0,0.0,2.0,284.9,IMELBO1849.csv
2023/01/31,09:54 AM,18.83,11.94,64.0,SSE,4.18,6.11,1022.35,0.0,0.0,2.0,268.5,IMELBO1849.csv
2023/01/31,09:59 AM,18.78,11.94,64.0,SW,6.6,9.17,1022.01,0.0,0.0,2.0,258.0,IMELBO1849.csv
2023/01/31,10:04 AM,18.72,12.0,65.0,SW,5.95,7.88,1022.01,0.0,0.0,2.0,262.4,IMELBO1849.csv
2023/01/31,10:09 AM,18.78,12.06,65.0,SW,5.31,6.76,1022.01,0.0,0.0,2.0,274.5,IMELBO1849.csv
2023/01/31,10:14 AM,18.89,12.06,64.0,SW,6.28,8.69,1022.01,0.0,0.0,2.0,256.8,IMELBO1849.csv
2023/01/31,10:19 AM,18.78,11.89,64.0,WSW,5.31,7.08,1022.01,0.0,0.0,3.0,393.4,IMELBO1849.csv
2023/01/31,10:24 AM,19.17,11.94,63.0,SW,5.47,7.24,1022.01,0.0,0.0,2.0,299.7,IMELBO1849.csv
2023/01/31,10:29 AM,19.22,11.89,63.0,SW,7.4,10.94,1022.01,0.0,0.0,3.0,353.1,IMELBO1849.csv
2023/01/31,10:34 AM,19.22,11.72,62.0,SSW,6.92,8.85,1022.01,0.0,0.0,3.0,338.8,IMELBO1849.csv
2023/01/31,10:39 AM,19.17,11.67,62.0,SSW,6.76,8.85,1022.01,0.0,0.0,6.0,630.8,IMELBO1849.csv
2023/01/31,10:44 AM,19.44,11.78,61.0,SW,4.99,6.76,1022.01,0.0,0.0,3.0,392.6,IMELBO1849.csv
2023/01/31,10:49 AM,19.67,11.83,61.0,SSW,3.86,5.15,1021.67,0.0,0.0,5.0,527.0,IMELBO1849.csv
2023/01/31,10:54 AM,20.11,11.94,59.0,SSW,7.08,9.65,1021.67,0.0,0.0,4.0,453.7,IMELBO1849.csv
2023/01/31,10:59 AM,19.72,11.72,60.0,South,4.67,6.76,1021.67,0.0,0.0,7.0,747.3,IMELBO1849.csv
2023/01/31,11:04 AM,20.0,11.83,59.0,SSW,5.63,7.4,1021.67,0.0,0.0,5.0,554.8,IMELBO1849.csv
2023/01/31,11:09 AM,20.5,11.83,57.0,South,4.18,6.11,1022.01,0.0,0.0,8.0,901.9,IMELBO1849.csv
2023/01/31,11:14 AM,21.5,12.06,55.0,South,5.31,7.88,1021.67,0.0,0.0,8.0,868.0,IMELBO1849.csv
2023/01/31,11:19 AM,21.39,11.83,54.0,SSW,6.92,9.33,1021.67,0.0,0.0,8.0,891.5,IMELBO1849.csv
2023/01/31,11:24 AM,21.28,11.89,55.0,South,5.95,8.37,1021.67,0.0,0.0,8.0,892.7,IMELBO1849.csv
2023/01/31,11:29 AM,21.5,11.83,54.0,SW,5.47,8.04,1021.67,0.0,0.0,9.0,1000.3,IMELBO1849.csv
2023/01/31,11:34 AM,21.28,11.83,55.0,SSW,7.24,10.14,1021.67,0.0,0.0,7.0,767.4,IMELBO1849.csv
2023/01/31,11:39 AM,20.61,11.61,56.0,SW,8.37,11.1,1021.67,0.0,0.0,4.0,464.5,IMELBO1849.csv
2023/01/31,11:44 AM,20.06,11.28,57.0,SSW,6.92,9.33,1021.67,0.0,0.0,8.0,892.7,IMELBO1849.csv
2023/01/31,11:49 AM,20.56,11.28,55.0,SW,4.02,5.63,1021.67,0.0,0.0,8.0,855.4,IMELBO1849.csv
2023/01/31,11:54 AM,21.0,11.56,55.0,SW,3.86,5.47,1021.67,0.0,0.0,8.0,853.7,IMELBO1849.csv
2023/01/31,11:59 AM,21.33,11.5,54.0,SSW,5.31,7.24,1021.33,0.0,0.0,8.0,878.9,IMELBO1849.csv
2023/01/31,12:04 PM,21.28,11.67,54.0,SSW,6.76,9.98,1021.33,0.0,0.0,9.0,934.8,IMELBO1849.csv
2023/01/31,12:09 PM,21.39,11.89,55.0,SW,7.56,9.98,1021.33,0.0,0.0,10.0,1057.1,IMELBO1849.csv
2023/01/31,12:14 PM,20.89,11.72,56.0,SW,5.79,8.53,1021.33,0.0,0.0,5.0,546.1,IMELBO1849.csv
2023/01/31,12:19 PM,20.89,11.61,55.0,SW,9.17,12.39,1021.33,0.0,0.0,8.0,908.3,IMELBO1849.csv
2023/01/31,12:24 PM,21.06,11.5,54.0,SSW,8.37,10.94,1021.67,0.0,0.0,7.0,815.5,IMELBO1849.csv
2023/01/31,12:29 PM,21.44,11.44,53.0,SW,4.34,6.28,1021.33,0.0,0.0,8.0,830.7,IMELBO1849.csv
2023/01/31,12:34 PM,22.17,11.83,52.0,SSW,4.67,6.76,1021.33,0.0,0.0,8.0,876.7,IMELBO1849.csv
2023/01/31,12:39 PM,22.83,12.17,51.0,SW,5.79,8.37,1021.33,0.0,0.0,7.0,802.0,IMELBO1849.csv
2023/01/31,12:44 PM,22.89,11.89,50.0,SSW,4.34,5.79,1021.33,0.0,0.0,7.0,819.4,IMELBO1849.csv
2023/01/31,12:49 PM,22.5,11.72,51.0,SSW,8.85,11.42,1021.0,0.0,0.0,7.0,811.6,IMELBO1849.csv
2023/01/31,12:54 PM,21.83,11.33,51.0,SE,4.34,5.95,1021.33,0.0,0.0,7.0,804.2,IMELBO1849.csv
2023/01/31,12:59 PM,21.89,11.28,51.0,South,7.24,10.3,1021.0,0.0,0.0,7.0,795.5,IMELBO1849.csv
2023/01/31,01:04 PM,21.94,11.17,50.0,SW,4.67,6.28,1021.0,0.0,0.0,7.0,781.7,IMELBO1849.csv
2023/01/31,01:09 PM,22.72,11.72,50.0,SSW,8.21,11.58,1021.0,0.0,0.0,7.0,768.3,IMELBO1849.csv
2023/01/31,01:14 PM,22.17,11.56,51.0,SSW,9.01,11.42,1021.0,0.0,0.0,7.0,757.9,IMELBO1849.csv
2023/01/31,01:19 PM,21.94,11.28,51.0,South,6.44,9.17,1021.0,0.0,0.0,7.0,751.3,IMELBO1849.csv
2023/01/31,01:24 PM,22.0,11.28,51.0,SSW,4.99,6.76,1021.0,0.0,0.0,7.0,768.6,IMELBO1849.csv
2023/01/31,01:29 PM,22.39,11.61,50.0,SW,7.24,9.81,1021.0,0.0,0.0,7.0,778.2,IMELBO1849.csv
2023/01/31,01:34 PM,22.61,11.72,50.0,SW,6.76,8.85,1020.66,0.0,0.0,7.0,770.8,IMELBO1849.csv
2023/01/31,01:39 PM,22.11,11.56,51.0,SSW,6.92,8.85,1020.66,0.0,0.0,7.0,762.2,IMELBO1849.csv
2023/01/31,01:44 PM,22.17,11.61,51.0,SSW,8.04,10.94,1020.66,0.0,0.0,7.0,769.1,IMELBO1849.csv
2023/01/31,01:49 PM,22.33,11.56,50.0,South,7.88,10.94,1020.32,0.0,0.0,7.0,780.4,IMELBO1849.csv
2023/01/31,01:54 PM,22.33,11.44,50.0,SW,8.37,11.91,1020.66,0.0,0.0,7.0,775.6,IMELBO1849.csv
2023/01/31,01:59 PM,22.22,11.33,50.0,SSW,7.72,10.3,1020.66,0.0,0.0,7.0,733.0,IMELBO1849.csv
2023/01/31,02:04 PM,22.78,11.56,49.0,South,4.51,6.76,1020.32,0.0,0.0,7.0,768.6,IMELBO1849.csv
2023/01/31,02:09 PM,23.28,11.78,48.0,SSE,6.6,8.69,1020.32,0.0,0.0,7.0,778.7,IMELBO1849.csv
2023/01/31,02:14 PM,22.83,11.33,48.0,SSW,6.28,8.69,1020.32,0.0,0.0,7.0,777.8,IMELBO1849.csv
2023/01/31,02:19 PM,22.83,11.11,47.0,SW,7.56,10.62,1019.98,0.0,0.0,7.0,794.7,IMELBO1849.csv
2023/01/31,02:24 PM,22.78,11.33,48.0,SW,5.47,7.4,1019.98,0.0,0.0,7.0,796.4,IMELBO1849.csv
2023/01/31,02:29 PM,22.67,11.44,49.0,SSW,5.95,7.88,1019.98,0.0,0.0,7.0,796.0,IMELBO1849.csv
2023/01/31,02:34 PM,23.28,11.5,47.0,SW,6.76,9.17,1019.98,0.0,0.0,7.0,807.3,IMELBO1849.csv
2023/01/31,02:39 PM,23.44,11.83,48.0,SSE,5.15,6.76,1019.98,0.0,0.0,7.0,815.5,IMELBO1849.csv
2023/01/31,02:44 PM,23.5,11.83,48.0,SW,6.6,9.33,1019.98,0.0,0.0,7.0,814.3,IMELBO1849.csv
2023/01/31,02:49 PM,23.0,11.72,49.0,WSW,4.99,7.4,1019.98,0.0,0.0,7.0,798.1,IMELBO1849.csv
2023/01/31,02:54 PM,23.56,11.83,48.0,SW,9.49,12.71,1019.98,0.0,0.0,7.0,796.0,IMELBO1849.csv
2023/01/31,02:59 PM,23.39,11.89,48.0,SSW,7.72,10.94,1019.64,0.0,0.0,7.0,801.7,IMELBO1849.csv
2023/01/31,03:04 PM,23.5,12.17,49.0,SSW,8.04,10.46,1019.64,0.0,0.0,7.0,796.4,IMELBO1849.csv
2023/01/31,03:09 PM,22.83,11.83,50.0,SW,6.76,8.37,1019.64,0.0,0.0,7.0,793.0,IMELBO1849.csv
2023/01/31,03:14 PM,22.61,11.78,50.0,South,8.53,11.91,1019.64,0.0,0.0,7.0,785.5,IMELBO1849.csv
2023/01/31,03:19 PM,23.28,11.78,48.0,SE,3.38,4.99,1019.64,0.0,0.0,7.0,775.6,IMELBO1849.csv
2023/01/31,03:24 PM,23.83,12.28,48.0,SSE,4.51,6.92,1019.64,0.0,0.0,7.0,760.4,IMELBO1849.csv
2023/01/31,03:29 PM,23.56,12.22,49.0,SSW,8.04,10.62,1019.64,0.0,0.0,7.0,784.3,IMELBO1849.csv
2023/01/31,03:34 PM,23.17,11.89,49.0,ESE,3.22,4.18,1019.64,0.0,0.0,7.0,799.0,IMELBO1849.csv
2023/01/31,03:39 PM,23.72,11.89,47.0,SSW,4.18,6.11,1019.3,0.0,0.0,7.0,798.6,IMELBO1849.csv
2023/01/31,03:44 PM,24.0,12.33,48.0,SE,5.15,7.56,1019.64,0.0,0.0,7.0,767.4,IMELBO1849.csv
2023/01/31,03:49 PM,24.22,12.44,48.0,SE,5.79,8.53,1019.64,0.0,0.0,7.0,746.5,IMELBO1849.csv
2023/01/31,03:54 PM,23.56,12.28,49.0,SE,4.02,5.79,1019.64,0.0,0.0,7.0,735.2,IMELBO1849.csv
2023/01/31,03:59 PM,23.78,12.33,49.0,SSE,5.95,8.85,1019.64,0.0,0.0,7.0,753.1,IMELBO1849.csv
2023/01/31,04:04 PM,23.56,12.33,49.0,SW,6.11,8.21,1019.3,0.0,0.0,7.0,742.2,IMELBO1849.csv
2023/01/31,04:09 PM,23.44,12.28,50.0,SSW,4.99,6.92,1019.3,0.0,0.0,6.0,715.3,IMELBO1849.csv
2023/01/31,04:14 PM,23.56,12.28,49.0,ESE,4.83,6.44,1019.3,0.0,0.0,7.0,730.5,IMELBO1849.csv
2023/01/31,04:19 PM,23.72,12.17,48.0,South,6.92,9.17,1019.3,0.0,0.0,7.0,729.1,IMELBO1849.csv
2023/01/31,04:24 PM,23.56,12.17,49.0,South,5.15,7.72,1019.3,0.0,0.0,6.0,657.2,IMELBO1849.csv
2023/01/31,04:29 PM,23.78,12.22,48.0,SE,3.7,5.31,1019.3,0.0,0.0,6.0,655.0,IMELBO1849.csv
2023/01/31,04:34 PM,23.61,12.0,48.0,SE,5.95,8.21,1019.3,0.0,0.0,6.0,700.5,IMELBO1849.csv
2023/01/31,04:39 PM,23.5,12.06,49.0,South,6.11,8.53,1019.3,0.0,0.0,6.0,708.0,IMELBO1849.csv
2023/01/31,04:44 PM,23.28,12.06,49.0,South,5.95,8.04,1019.64,0.0,0.0,7.0,722.3,IMELBO1849.csv
2023/01/31,04:49 PM,23.5,12.17,49.0,South,5.31,7.56,1019.3,0.0,0.0,7.0,722.6,IMELBO1849.csv
2023/01/31,04:54 PM,23.44,12.11,49.0,SSW,8.53,11.75,1019.3,0.0,0.0,7.0,728.3,IMELBO1849.csv
2023/01/31,04:59 PM,23.0,11.78,49.0,SSE,5.79,7.24,1019.3,0.0,0.0,7.0,720.9,IMELBO1849.csv
2023/01/31,05:04 PM,23.17,11.89,49.0,South,5.47,7.4,1019.3,0.0,0.0,6.0,674.6,IMELBO1849.csv
2023/01/31,05:09 PM,23.33,12.11,49.0,SSE,6.11,9.17,1019.3,0.0,0.0,6.0,680.5,IMELBO1849.csv
2023/01/31,05:14 PM,23.44,12.17,49.0,SSW,6.44,8.69,1019.3,0.0,0.0,6.0,672.8,IMELBO1849.csv
2023/01/31,05:19 PM,23.28,12.0,49.0,South,4.83,7.24,1018.96,0.0,0.0,6.0,635.5,IMELBO1849.csv
2023/01/31,05:24 PM,23.28,11.94,49.0,SE,5.15,7.56,1018.96,0.0,0.0,6.0,616.8,IMELBO1849.csv
2023/01/31,05:29 PM,23.11,12.0,50.0,SE,5.79,8.53,1018.63,0.0,0.0,5.0,593.5,IMELBO1849.csv
2023/01/31,05:34 PM,22.94,11.94,50.0,SSW,4.83,6.92,1018.96,0.0,0.0,5.0,583.4,IMELBO1849.csv
2023/01/31,05:39 PM,23.17,12.11,50.0,SSE,6.11,9.65,1018.63,0.0,0.0,5.0,546.6,IMELBO1849.csv
2023/01/31,05:44 PM,22.83,11.83,50.0,SSE,5.31,8.04,1018.63,0.0,0.0,4.0,494.1,IMELBO1849.csv
2023/01/31,05:49 PM,22.83,12.11,51.0,SSE,5.95,7.88,1018.63,0.0,0.0,4.0,459.7,IMELBO1849.csv
2023/01/31,05:54 PM,22.72,12.28,52.0,SSE,4.99,7.08,1018.63,0.0,0.0,4.0,452.4,IMELBO1849.csv
2023/01/31,05:59 PM,22.44,12.17,52.0,SSW,6.76,9.65,1018.29,0.0,0.0,4.0,418.1,IMELBO1849.csv
2023/01/31,06:04 PM,22.56,12.22,52.0,SSE,5.79,7.56,1018.29,0.0,0.0,3.0,389.9,IMELBO1849.csv
2023/01/31,06:09 PM,22.56,12.28,52.0,SE,4.83,6.6,1018.63,0.0,0.0,3.0,361.7,IMELBO1849.csv
2023/01/31,06:14 PM,22.61,12.22,52.0,South,6.11,8.69,1018.29,0.0,0.0,3.0,325.8,IMELBO1849.csv
2023/01/31,06:19 PM,22.28,12.0,52.0,South,6.92,9.17,1018.63,0.0,0.0,3.0,312.3,IMELBO1849.csv
2023/01/31,06:24 PM,22.17,12.0,52.0,SSW,8.04,10.78,1018.63,0.0,0.0,3.0,316.6,IMELBO1849.csv
2023/01/31,06:29 PM,21.72,11.94,54.0,South,7.72,9.81,1018.63,0.0,0.0,2.0,292.4,IMELBO1849.csv
2023/01/31,06:34 PM,22.06,12.06,53.0,South,5.63,8.21,1018.63,0.0,0.0,2.0,284.5,IMELBO1849.csv
2023/01/31,06:39 PM,21.89,12.0,53.0,ESE,5.15,7.56,1018.29,0.0,0.0,2.0,273.7,IMELBO1849.csv
2023/01/31,06:44 PM,21.78,12.22,55.0,SSE,6.44,9.81,1018.63,0.0,0.0,2.0,241.6,IMELBO1849.csv
2023/01/31,06:49 PM,21.5,12.17,55.0,SSW,8.04,10.94,1018.29,0.0,0.0,2.0,222.5,IMELBO1849.csv
2023/01/31,06:54 PM,21.44,12.39,56.0,South,6.6,9.17,1018.63,0.0,0.0,1.0,193.4,IMELBO1849.csv
2023/01/31,06:59 PM,21.39,12.33,56.0,SW,5.95,8.53,1018.63,0.0,0.0,1.0,165.3,IMELBO1849.csv
2023/01/31,07:04 PM,21.0,12.33,58.0,SSW,9.17,12.71,1018.63,0.0,0.0,1.0,167.9,IMELBO1849.csv
2023/01/31,07:09 PM,20.67,12.11,58.0,SSW,7.72,10.62,1018.96,0.0,0.0,1.0,147.1,IMELBO1849.csv
2023/01/31,07:14 PM,20.56,12.06,58.0,SW,7.4,10.62,1018.96,0.0,0.0,1.0,131.9,IMELBO1849.csv
2023/01/31,07:19 PM,20.5,12.39,60.0,SSW,7.56,10.3,1018.96,0.0,0.0,1.0,119.3,IMELBO1849.csv
2023/01/31,07:24 PM,20.39,12.22,60.0,SSW,8.21,10.3,1018.96,0.0,0.0,0.0,41.1,IMELBO1849.csv
2023/01/31,07:29 PM,20.11,12.22,60.0,SW,7.4,10.78,1018.96,0.0,0.0,0.0,39.0,IMELBO1849.csv
2023/01/31,07:34 PM,20.0,12.33,61.0,SSW,7.72,10.46,1018.96,0.0,0.0,0.0,37.2,IMELBO1849.csv
2023/01/31,07:39 PM,19.94,12.33,61.0,South,6.44,9.49,1018.96,0.0,0.0,0.0,35.5,IMELBO1849.csv
2023/01/31,07:44 PM,19.89,12.72,63.0,SSW,7.24,10.14,1018.96,0.0,0.0,0.0,33.4,IMELBO1849.csv
2023/01/31,07:49 PM,19.78,12.61,63.0,SSW,5.95,8.37,1018.96,0.0,0.0,0.0,30.7,IMELBO1849.csv
2023/01/31,07:54 PM,19.72,12.72,64.0,SSW,4.34,6.28,1018.96,0.0,0.0,0.0,28.6,IMELBO1849.csv
2023/01/31,07:59 PM,19.56,12.61,64.0,SSW,6.92,9.98,1019.3,0.0,0.0,0.0,26.8,IMELBO1849.csv
2023/01/31,08:04 PM,19.28,12.33,64.0,SSW,6.76,9.81,1019.3,0.0,0.0,0.0,23.9,IMELBO1849.csv
2023/01/31,08:09 PM,19.17,12.5,65.0,SSW,6.28,8.53,1019.3,0.0,0.0,0.0,20.3,IMELBO1849.csv
2023/01/31,08:14 PM,18.89,12.39,66.0,SSW,6.6,8.85,1019.3,0.0,0.0,0.0,18.1,IMELBO1849.csv
2023/01/31,08:19 PM,18.89,12.39,66.0,SSW,6.92,9.33,1019.3,0.0,0.0,0.0,14.3,IMELBO1849.csv
2023/01/31,08:24 PM,18.72,12.39,67.0,SW,9.49,12.71,1019.3,0.0,0.0,0.0,11.6,IMELBO1849.csv
2023/01/31,08:29 PM,18.61,12.5,68.0,SW,7.88,10.46,1019.3,0.0,0.0,0.0,7.7,IMELBO1849.csv
2023/01/31,08:34 PM,18.5,12.5,68.0,SSW,5.47,7.72,1019.3,0.0,0.0,0.0,5.1,IMELBO1849.csv
2023/01/31,08:39 PM,18.28,12.5,69.0,South,4.99,7.56,1019.3,0.0,0.0,0.0,2.6,IMELBO1849.csv
2023/01/31,08:44 PM,18.28,12.5,69.0,SSW,5.15,6.92,1019.3,0.0,0.0,0.0,0.9,IMELBO1849.csv
2023/01/31,08:49 PM,18.17,12.33,69.0,SSW,5.79,8.37,1019.3,0.0,0.0,0.0,0.0,IMELBO1849.csv
2023/01/31,08:54 PM,18.0,12.28,69.0,SSW,6.6,8.85,1019.3,0.0,0.0,0.0,0.0,IMELBO1849.csv
2023/01/31,08:59 PM,18.0,12.5,70.0,SSW,6.11,8.85,1019.64,0.0,0.0,0.0,0.0,IMELBO1849.csv
2023/01/31,09:04 PM,17.94,12.44,70.0,SSW,7.72,10.14,1019.3,0.0,0.0,0.0,0.0,IMELBO1849.csv
2023/01/31,09:09 PM,17.78,12.28,70.0,SSW,6.44,9.33,1019.64,0.0,0.0,0.0,0.0,IMELBO1849.csv
2023/01/31,09:14 PM,17.78,12.28,70.0,SSW,5.95,8.21,1019.64,0.0,0.0,0.0,0.0,IMELBO1849.csv
2023/01/31,09:19 PM,17.78,12.28,70.0,SSW,4.34,6.28,1019.98,0.0,0.0,0.0,0.0,IMELBO1849.csv
2023/01/31,09:24 PM,17.78,12.28,70.0,SSW,5.95,8.21,1019.64,0.0,0.0,0.0,0.0,IMELBO1849.csv
2023/01/31,09:29 PM,17.72,12.22,70.0,SW,7.24,9.33,1019.98,0.0,0.0,0.0,0.0,IMELBO1849.csv
2023/01/31,09:34 PM,17.72,12.22,70.0,SW,5.47,6.92,1019.98,0.0,0.0,0.0,0.0,IMELBO1849.csv
2023/01/31,09:39 PM,17.61,12.22,71.0,SW,8.37,11.26,1019.98,0.0,0.0,0.0,0.0,IMELBO1849.csv
2023/01/31,09:44 PM,17.5,12.22,71.0,SSW,7.08,9.81,1019.98,0.0,0.0,0.0,0.0,IMELBO1849.csv
2023/01/31,09:49 PM,17.44,12.17,71.0,SW,7.56,10.14,1019.98,0.0,0.0,0.0,0.0,IMELBO1849.csv
2023/01/31,09:54 PM,17.39,12.11,71.0,SW,4.83,6.44,1019.98,0.0,0.0,0.0,0.0,IMELBO1849.csv
2023/01/31,09:59 PM,17.28,12.06,71.0,SSW,5.31,6.92,1019.98,0.0,0.0,0.0,0.0,IMELBO1849.csv
2023/01/31,10:04 PM,17.28,12.22,72.0,SW,4.67,6.11,1019.98,0.0,0.0,0.0,0.0,IMELBO1849.csv
2023/01/31,10:09 PM,17.22,12.11,72.0,SW,5.79,7.24,1019.98,0.0,0.0,0.0,0.0,IMELBO1849.csv
2023/01/31,10:14 PM,17.22,12.11,72.0,SW,3.06,3.86,1019.98,0.0,0.0,0.0,0.0,IMELBO1849.csv
2023/01/31,10:19 PM,17.11,12.0,72.0,SW,3.38,4.34,1019.98,0.0,0.0,0.0,0.0,IMELBO1849.csv
2023/01/31,10:24 PM,17.06,11.94,72.0,SSW,4.34,5.95,1019.98,0.0,0.0,0.0,0.0,IMELBO1849.csv
2023/01/31,10:29 PM,17.0,11.89,72.0,SW,6.76,9.01,1019.98,0.0,0.0,0.0,0.0,IMELBO1849.csv
2023/01/31,10:34 PM,17.0,11.89,72.0,SW,4.34,5.63,1019.98,0.0,0.0,0.0,0.0,IMELBO1849.csv
2023/01/31,10:39 PM,16.94,11.83,72.0,SW,3.7,4.83,1019.98,0.0,0.0,0.0,0.0,IMELBO1849.csv
2023/01/31,10:44 PM,16.83,11.78,72.0,SW,2.57,3.7,1019.98,0.0,0.0,0.0,0.0,IMELBO1849.csv
2023/01/31,10:49 PM,16.72,11.61,72.0,SW,2.74,3.54,1019.98,0.0,0.0,0.0,0.0,IMELBO1849.csv
2023/01/31,10:54 PM,16.61,11.61,72.0,SW,2.57,3.54,1019.98,0.0,0.0,0.0,0.0,IMELBO1849.csv
2023/01/31,10:59 PM,16.5,11.72,73.0,SW,1.93,2.74,1019.98,0.0,0.0,0.0,0.0,IMELBO1849.csv
2023/01/31,11:04 PM,16.39,11.61,73.0,SW,2.25,3.06,1019.98,0.0,0.0,0.0,0.0,IMELBO1849.csv
2023/01/31,11:09 PM,16.33,11.56,73.0,SW,2.74,3.86,1019.98,0.0,0.0,0.0,0.0,IMELBO1849.csv
2023/01/31,11:14 PM,16.28,11.5,73.0,SW,2.74,3.54,1019.98,0.0,0.0,0.0,0.0,IMELBO1849.csv
2023/01/31,11:19 PM,16.22,11.39,73.0,WSW,1.29,1.93,1019.98,0.0,0.0,0.0,0.0,IMELBO1849.csv
2023/01/31,11:24 PM,16.17,11.33,73.0,SW,2.25,2.9,1019.98,0.0,0.0,0.0,0.0,IMELBO1849.csv
2023/01/31,11:29 PM,16.11,11.28,73.0,SW,1.93,2.74,1019.98,0.0,0.0,0.0,0.0,IMELBO1849.csv
2023/01/31,11:34 PM,16.0,11.39,74.0,SW,1.77,2.41,1019.64,0.0,0.0,0.0,0.0,IMELBO1849.csv
2023/01/31,11:39 PM,15.94,11.33,74.0,SW,1.93,2.41,1019.98,0.0,0.0,0.0,0.0,IMELBO1849.csv
2023/01/31,11:44 PM,15.89,11.28,74.0,SW,2.25,2.74,1019.64,0.0,0.0,0.0,0.0,IMELBO1849.csv
2023/01/31,11:49 PM,15.78,11.22,74.0,SW,1.61,2.09,1019.64,0.0,0.0,0.0,0.0,IMELBO1849.csv
2023/01/31,11:54 PM,15.72,11.11,74.0,WSW,1.29,1.93,1019.64,0.0,0.0,0.0,0.0,IMELBO1849.csv
2023/01/31,11:59 PM,15.61,11.17,75.0,SW,1.93,2.57,1019.64,0.0,0.0,0.0,0.0,IMELBO1849.csv
2023/02/01,12:04 AM,15.56,11.17,75.0,SW,1.77,2.25,1019.64,0.0,0.0,0.0,0.0,IMELBO1849.csv
2023/02/01,12:09 AM,15.5,11.11,75.0,SW,1.29,2.09,1019.64,0.0,0.0,0.0,0.0,IMELBO1849.csv
2023/02/01,12:14 AM,15.39,11.0,75.0,SW,1.93,3.06,1019.64,0.0,0.0,0.0,0.0,IMELBO1849.csv
2023/02/01,12:19 AM,15.33,11.11,76.0,SW,1.45,2.25,1019.64,0.0,0.0,0.0,0.0,IMELBO1849.csv
2023/02/01,12:24 AM,15.22,11.0,76.0,SW,0.32,0.97,1019.3,0.0,0.0,0.0,0.0,IMELBO1849.csv
2023/02/01,12:29 AM,15.06,10.83,76.0,SW,1.45,2.09,1019.98,0.0,0.0,0.0,0.0,IMELBO1849.csv
2023/02/01,12:34 AM,15.0,10.78,76.0,SW,1.13,1.61,1019.64,0.0,0.0,0.0,0.0,IMELBO1849.csv
2023/02/01,12:39 AM,14.83,10.78,77.0,WSW,0.16,0.32,1019.64,0.0,0.0,0.0,0.0,IMELBO1849.csv
2023/02/01,12:44 AM,14.78,10.78,77.0,WSW,0.48,1.13,1019.3,0.0,0.0,0.0,0.0,IMELBO1849.csv
2023/02/01,12:49 AM,14.67,10.67,77.0,WSW,0.16,0.48,1019.3,0.0,0.0,0.0,0.0,IMELBO1849.csv
2023/02/01,12:54 AM,14.61,10.72,78.0,WSW,1.29,1.77,1019.3,0.0,0.0,0.0,0.0,IMELBO1849.csv
2023/02/01,12:59 AM,14.61,10.78,78.0,WSW,0.8,1.13,1019.3,0.0,0.0,0.0,0.0,IMELBO1849.csv
2023/02/01,01:04 AM,14.44,10.67,78.0,WSW,0.32,0.8,1019.3,0.0,0.0,0.0,0.0,IMELBO1849.csv
2023/02/01,01:09 AM,14.33,10.56,78.0,WSW,0.64,1.77,1019.3,0.0,0.0,0.0,0.0,IMELBO1849.csv
2023/02/01,01:14 AM,14.28,10.61,78.0,WSW,0.32,0.8,1019.3,0.0,0.0,0.0,0.0,IMELBO1849.csv
2023/02/01,01:19 AM,14.28,10.67,79.0,WSW,0.8,1.45,1019.3,0.0,0.0,0.0,0.0,IMELBO1849.csv
2023/02/01,01:24 AM,14.22,10.61,79.0,West,1.61,2.41,1019.3,0.0,0.0,0.0,0.0,IMELBO1849.csv
2023/02/01,01:29 AM,14.11,10.5,79.0,West,1.29,1.93,1019.3,0.0,0.0,0.0,0.0,IMELBO1849.csv
2023/02/01,01:34 AM,14.0,10.44,79.0,WNW,1.29,1.61,1018.96,0.0,0.0,0.0,0.0,IMELBO1849.csv
2023/02/01,01:39 AM,13.89,10.5,80.0,West,2.09,3.38,1019.3,0.0,0.0,0.0,0.0,IMELBO1849.csv
2023/02/01,01:44 AM,13.78,10.39,80.0,West,2.09,3.06,1018.96,0.0,0.0,0.0,0.0,IMELBO1849.csv
2023/02/01,01:49 AM,13.72,10.33,80.0,West,1.61,2.41,1019.3,0.0,0.0,0.0,0.0,IMELBO1849.csv
2023/02/01,01:54 AM,13.67,10.28,80.0,West,1.13,1.61,1019.3,0.0,0.0,0.0,0.0,IMELBO1849.csv
2023/02/01,01:59 AM,13.61,10.39,81.0,WNW,2.41,3.06,1018.96,0.0,0.0,0.0,0.0,IMELBO1849.csv
2023/02/01,02:04 AM,13.61,10.39,81.0,WNW,2.25,3.22,1018.96,0.0,0.0,0.0,0.0,IMELBO1849.csv
2023/02/01,02:09 AM,13.61,10.39,81.0,WNW,3.86,5.15,1018.96,0.0,0.0,0.0,0.0,IMELBO1849.csv
2023/02/01,02:14 AM,13.5,10.28,81.0,WNW,3.22,4.02,1018.96,0.0,0.0,0.0,0.0,IMELBO1849.csv
2023/02/01,02:19 AM,13.5,10.28,81.0,WNW,2.09,3.06,1018.96,0.0,0.0,0.0,0.0,IMELBO1849.csv
2023/02/01,02:24 AM,13.5,10.28,81.0,WNW,2.41,3.54,1018.96,0.0,0.0,0.0,0.0,IMELBO1849.csv
2023/02/01,02:29 AM,13.5,10.28,81.0,WNW,2.74,4.34,1018.96,0.0,0.0,0.0,0.0,IMELBO1849.csv
2023/02/01,02:34 AM,13.5,10.28,81.0,WNW,2.09,2.74,1018.63,0.0,0.0,0.0,0.0,IMELBO1849.csv
2023/02/01,02:39 AM,13.44,10.22,81.0,WNW,2.57,3.38,1018.96,0.0,0.0,0.0,0.0,IMELBO1849.csv
2023/02/01,02:44 AM,13.39,10.22,81.0,WNW,1.29,2.09,1018.96,0.0,0.0,0.0,0.0,IMELBO1849.csv
2023/02/01,02:49 AM,13.39,10.22,81.0,WNW,1.77,2.74,1018.63,0.0,0.0,0.0,0.0,IMELBO1849.csv
2023/02/01,02:54 AM,13.33,10.17,81.0,WNW,1.61,2.41,1018.63,0.0,0.0,0.0,0.0,IMELBO1849.csv
2023/02/01,02:59 AM,13.28,10.11,81.0,WNW,1.61,2.57,1018.63,0.0,0.0,0.0,0.0,IMELBO1849.csv
2023/02/01,03:04 AM,13.28,10.17,81.0,WNW,2.9,4.18,1018.63,0.0,0.0,0.0,0.0,IMELBO1849.csv
2023/02/01,03:09 AM,13.22,10.22,82.0,WNW,3.22,4.67,1018.63,0.0,0.0,0.0,0.0,IMELBO1849.csv
2023/02/01,03:14 AM,13.28,10.28,82.0,WNW,3.54,4.99,1018.29,0.0,0.0,0.0,0.0,IMELBO1849.csv
2023/02/01,03:19 AM,13.28,10.28,82.0,WNW,3.38,4.67,1018.63,0.0,0.0,0.0,0.0,IMELBO1849.csv
2023/02/01,03:24 AM,13.22,10.22,82.0,WNW,2.74,4.02,1018.63,0.0,0.0,0.0,0.0,IMELBO1849.csv
2023/02/01,03:29 AM,13.22,10.22,82.0,WNW,3.38,4.67,1018.63,0.0,0.0,0.0,0.0,IMELBO1849.csv
2023/02/01,03:34 AM,13.11,10.11,82.0,WNW,3.86,4.99,1018.29,0.0,0.0,0.0,0.0,IMELBO1849.csv
2023/02/01,03:39 AM,13.11,10.11,82.0,WNW,4.51,5.95,1018.29,0.0,0.0,0.0,0.0,IMELBO1849.csv
2023/02/01,03:44 AM,13.0,10.0,82.0,WNW,3.54,4.99,1018.29,0.0,0.0,0.0,0.0,IMELBO1849.csv
2023/02/01,03:49 AM,13.0,10.0,82.0,WNW,4.18,5.31,1018.29,0.0,0.0,0.0,0.0,IMELBO1849.csv
2023/02/01,03:54 AM,13.0,10.0,82.0,WNW,4.18,5.15,1017.95,0.0,0.0,0.0,0.0,IMELBO1849.csv
2023/02/01,03:59 AM,13.0,10.0,82.0,WNW,1.45,2.25,1017.95,0.0,0.0,0.0,0.0,IMELBO1849.csv
2023/02/01,04:04 AM,12.94,10.17,83.0,WNW,3.54,4.67,1018.29,0.0,0.0,0.0,0.0,IMELBO1849.csv
2023/02/01,04:09 AM,13.0,10.22,83.0,WNW,4.02,5.15,1018.29,0.0,0.0,0.0,0.0,IMELBO1849.csv
2023/02/01,04:14 AM,13.0,10.22,83.0,WNW,4.18,5.79,1017.95,0.0,0.0,0.0,0.0,IMELBO1849.csv
2023/02/01,04:19 AM,12.89,10.11,83.0,WNW,3.7,5.15,1018.29,0.0,0.0,0.0,0.0,IMELBO1849.csv
2023/02/01,04:24 AM,12.89,10.11,83.0,WNW,2.25,3.06,1017.95,0.0,0.0,0.0,0.0,IMELBO1849.csv
2023/02/01,04:29 AM,12.89,10.11,83.0,WNW,3.06,4.18,1017.95,0.0,0.0,0.0,0.0,IMELBO1849.csv
2023/02/01,04:34 AM,12.78,10.0,83.0,WNW,4.02,5.15,1017.95,0.0,0.0,0.0,0.0,IMELBO1849.csv
2023/02/01,04:39 AM,12.78,9.94,83.0,WNW,4.18,5.63,1017.61,0.0,0.0,0.0,0.0,IMELBO1849.csv
2023/02/01,04:44 AM,12.72,9.89,83.0,WNW,3.7,4.83,1017.95,0.0,0.0,0.0,0.0,IMELBO1849.csv
2023/02/01,04:49 AM,12.72,10.06,84.0,WNW,4.34,5.63,1017.95,0.0,0.0,0.0,0.0,IMELBO1849.csv
2023/02/01,04:54 AM,12.78,10.06,83.0,WNW,3.06,4.51,1017.95,0.0,0.0,0.0,0.0,IMELBO1849.csv
2023/02/01,04:59 AM,12.78,10.0,83.0,WNW,3.7,5.47,1017.61,0.0,0.0,0.0,0.0,IMELBO1849.csv
2023/02/01,05:04 AM,12.78,10.06,83.0,WNW,4.51,5.95,1017.95,0.0,0.0,0.0,0.0,IMELBO1849.csv
2023/02/01,05:09 AM,12.78,10.0,83.0,WNW,4.18,5.95,1017.95,0.0,0.0,0.0,0.0,IMELBO1849.csv
2023/02/01,05:14 AM,12.78,10.11,83.0,WNW,3.54,4.83,1017.61,0.0,0.0,0.0,0.0,IMELBO1849.csv
2023/02/01,05:19 AM,12.78,10.22,84.0,WNW,3.54,4.67,1017.95,0.0,0.0,0.0,0.0,IMELBO1849.csv
2023/02/01,05:24 AM,12.72,10.11,84.0,WNW,3.22,4.83,1017.95,0.0,0.0,0.0,0.0,IMELBO1849.csv
2023/02/01,05:29 AM,12.72,10.11,84.0,WNW,3.38,4.99,1017.95,0.0,0.0,0.0,0.0,IMELBO1849.csv
2023/02/01,05:34 AM,12.72,10.11,84.0,WNW,3.7,5.15,1017.95,0.0,0.0,0.0,0.0,IMELBO1849.csv
2023/02/01,05:39 AM,12.72,10.11,84.0,WNW,3.38,4.51,1017.95,0.0,0.0,0.0,0.0,IMELBO1849.csv
2023/02/01,05:44 AM,12.72,10.11,84.0,WNW,3.86,5.31,1017.95,0.0,0.0,0.0,0.0,IMELBO1849.csv
2023/02/01,05:49 AM,12.67,10.06,84.0,WNW,3.38,4.51,1017.95,0.0,0.0,0.0,0.0,IMELBO1849.csv
2023/02/01,05:54 AM,12.61,10.0,84.0,WNW,3.86,5.15,1017.95,0.0,0.0,0.0,0.0,IMELBO1849.csv
2023/02/01,05:59 AM,12.61,10.11,85.0,WNW,2.41,3.54,1017.95,0.0,0.0,0.0,0.0,IMELBO1849.csv
2023/02/01,06:04 AM,12.61,10.11,85.0,WNW,2.57,3.54,1017.95,0.0,0.0,0.0,0.0,IMELBO1849.csv
2023/02/01,06:09 AM,12.72,10.17,85.0,WNW,4.99,6.92,1017.95,0.0,0.0,0.0,0.0,IMELBO1849.csv
2023/02/01,06:14 AM,12.72,10.11,84.0,WNW,4.67,6.28,1017.95,0.0,0.0,0.0,0.0,IMELBO1849.csv
2023/02/01,06:19 AM,12.67,10.06,84.0,WNW,4.02,5.15,1017.95,0.0,0.0,0.0,0.0,IMELBO1849.csv
2023/02/01,06:24 AM,12.61,10.06,85.0,WNW,4.34,5.47,1017.95,0.0,0.0,0.0,0.0,IMELBO1849.csv
2023/02/01,06:29 AM,12.5,10.0,85.0,WNW,4.34,5.47,1018.29,0.0,0.0,0.0,0.9,IMELBO1849.csv
2023/02/01,06:34 AM,12.5,10.0,85.0,WNW,4.67,6.11,1018.29,0.0,0.0,0.0,2.9,IMELBO1849.csv
2023/02/01,06:39 AM,12.5,10.0,85.0,WNW,4.34,5.79,1018.29,0.0,0.0,0.0,5.6,IMELBO1849.csv
2023/02/01,06:44 AM,12.44,9.94,85.0,WNW,4.83,6.44,1018.29,0.0,0.0,0.0,8.6,IMELBO1849.csv
2023/02/01,06:49 AM,12.39,9.89,85.0,WNW,3.86,5.31,1018.63,0.0,0.0,0.0,11.6,IMELBO1849.csv
2023/02/01,06:54 AM,12.39,9.89,85.0,WNW,4.34,6.28,1018.63,0.0,0.0,0.0,15.2,IMELBO1849.csv
2023/02/01,06:59 AM,12.39,9.89,85.0,WNW,5.47,6.92,1018.63,0.0,0.0,0.0,17.7,IMELBO1849.csv
2023/02/01,07:04 AM,12.5,10.0,85.0,WNW,4.51,6.28,1018.63,0.0,0.0,0.0,21.7,IMELBO1849.csv
2023/02/01,07:09 AM,12.5,10.0,85.0,WNW,4.18,5.47,1018.29,0.0,0.0,0.0,23.9,IMELBO1849.csv
2023/02/01,07:14 AM,12.61,10.11,85.0,WNW,4.67,5.95,1018.63,0.0,0.0,0.0,26.4,IMELBO1849.csv
2023/02/01,07:19 AM,12.72,10.22,85.0,WNW,4.34,5.47,1018.63,0.0,0.0,0.0,36.0,IMELBO1849.csv
2023/02/01,07:24 AM,12.83,10.22,84.0,WNW,5.63,7.08,1018.63,0.0,0.0,0.0,41.6,IMELBO1849.csv
2023/02/01,07:29 AM,13.11,10.39,84.0,WNW,3.54,4.83,1018.63,0.0,0.0,0.0,45.5,IMELBO1849.csv
2023/02/01,07:34 AM,13.39,10.61,83.0,WNW,3.54,4.83,1018.63,0.0,0.0,0.0,49.8,IMELBO1849.csv
2023/02/01,07:39 AM,13.72,10.67,82.0,WNW,5.31,6.76,1018.63,0.0,0.0,0.0,55.9,IMELBO1849.csv
2023/02/01,07:44 AM,13.89,10.72,81.0,WNW,4.51,6.28,1018.96,0.0,0.0,0.0,83.2,IMELBO1849.csv
2023/02/01,07:49 AM,14.22,10.89,81.0,WNW,1.93,2.9,1018.96,0.0,0.0,0.0,97.1,IMELBO1849.csv
2023/02/01,07:54 AM,14.5,11.06,80.0,WNW,3.86,5.47,1018.63,0.0,0.0,1.0,109.2,IMELBO1849.csv
2023/02/01,07:59 AM,14.83,11.22,79.0,WNW,3.54,4.83,1018.96,0.0,0.0,1.0,134.4,IMELBO1849.csv
2023/02/01,08:04 AM,15.11,11.28,78.0,WNW,2.9,4.34,1018.96,0.0,0.0,1.0,129.7,IMELBO1849.csv
2023/02/01,08:09 AM,15.39,11.5,77.0,WNW,2.57,3.22,1018.96,0.0,0.0,1.0,150.0,IMELBO1849.csv
2023/02/01,08:14 AM,15.83,11.56,76.0,West,2.09,3.06,1018.96,0.0,0.0,1.0,170.1,IMELBO1849.csv
2023/02/01,08:19 AM,15.89,11.5,75.0,WNW,3.38,4.83,1018.96,0.0,0.0,1.0,183.5,IMELBO1849.csv
2023/02/01,08:24 AM,15.89,11.5,75.0,WNW,4.02,5.79,1019.3,0.0,0.0,2.0,205.1,IMELBO1849.csv
2023/02/01,08:29 AM,16.17,11.56,74.0,WNW,2.9,4.18,1019.3,0.0,0.0,2.0,217.3,IMELBO1849.csv
2023/02/01,08:34 AM,16.33,11.5,73.0,WNW,3.22,4.34,1019.3,0.0,0.0,2.0,233.8,IMELBO1849.csv
2023/02/01,08:39 AM,16.56,11.33,71.0,WNW,3.38,5.15,1019.3,0.0,0.0,2.0,248.9,IMELBO1849.csv
2023/02/01,08:44 AM,16.67,11.33,71.0,WNW,3.54,5.31,1019.3,0.0,0.0,2.0,261.5,IMELBO1849.csv
2023/02/01,08:49 AM,17.0,11.44,70.0,WNW,2.74,3.86,1019.3,0.0,0.0,2.0,281.5,IMELBO1849.csv
2023/02/01,08:54 AM,17.39,11.56,69.0,WNW,3.38,4.67,1019.3,0.0,0.0,2.0,304.0,IMELBO1849.csv
2023/02/01,08:59 AM,17.78,11.61,67.0,West,3.06,4.34,1019.3,0.0,0.0,3.0,314.9,IMELBO1849.csv
2023/02/01,09:04 AM,17.72,11.56,67.0,WNW,4.83,6.6,1019.3,0.0,0.0,3.0,332.3,IMELBO1849.csv
2023/02/01,09:09 AM,17.61,11.61,68.0,WNW,4.34,5.79,1019.3,0.0,0.0,3.0,348.3,IMELBO1849.csv
2023/02/01,09:14 AM,17.72,11.72,68.0,West,3.7,5.63,1019.3,0.0,0.0,3.0,369.6,IMELBO1849.csv
2023/02/01,09:19 AM,18.0,11.83,67.0,NW,3.22,4.34,1019.3,0.0,0.0,3.0,378.3,IMELBO1849.csv
2023/02/01,09:24 AM,18.67,11.89,65.0,WNW,2.25,3.54,1018.96,0.0,0.0,3.0,393.4,IMELBO1849.csv
2023/02/01,09:29 AM,18.72,11.94,65.0,WNW,2.25,3.38,1018.96,0.0,0.0,4.0,416.8,IMELBO1849.csv
2023/02/01,09:34 AM,18.89,11.78,63.0,WNW,3.86,5.31,1018.96,0.0,0.0,4.0,436.7,IMELBO1849.csv
2023/02/01,09:39 AM,19.11,11.94,63.0,WNW,4.51,6.44,1018.96,0.0,0.0,4.0,459.7,IMELBO1849.csv
2023/02/01,09:44 AM,19.11,11.78,63.0,SW,3.22,4.18,1018.63,0.0,0.0,4.0,474.0,IMELBO1849.csv
2023/02/01,09:49 AM,19.28,11.67,61.0,West,3.06,4.34,1018.63,0.0,0.0,4.0,492.3,IMELBO1849.csv
2023/02/01,09:54 AM,19.56,11.61,60.0,West,4.34,6.76,1018.63,0.0,0.0,5.0,553.9,IMELBO1849.csv
2023/02/01,09:59 AM,19.44,11.5,60.0,SW,2.9,4.02,1018.96,0.0,0.0,5.0,613.4,IMELBO1849.csv
2023/02/01,10:04 AM,19.39,11.44,60.0,SSW,4.34,6.11,1018.63,0.0,0.0,5.0,546.6,IMELBO1849.csv
2023/02/01,10:09 AM,20.11,11.06,56.0,SW,6.6,9.81,1018.63,0.0,0.0,5.0,550.5,IMELBO1849.csv
2023/02/01,10:14 AM,20.11,11.17,56.0,SW,6.76,8.53,1018.63,0.0,0.0,5.0,555.3,IMELBO1849.csv
2023/02/01,10:19 AM,20.22,11.28,57.0,SW,5.79,7.88,1018.63,0.0,0.0,6.0,629.4,IMELBO1849.csv
2023/02/01,10:24 AM,20.5,11.56,56.0,WSW,4.34,6.28,1018.63,0.0,0.0,6.0,679.7,IMELBO1849.csv
2023/02/01,10:29 AM,20.61,11.67,57.0,WSW,3.22,5.15,1018.63,0.0,0.0,6.0,704.0,IMELBO1849.csv
2023/02/01,10:34 AM,20.67,11.89,57.0,West,5.47,8.69,1018.63,0.0,0.0,7.0,733.0,IMELBO1849.csv
2023/02/01,10:39 AM,20.5,11.83,58.0,WSW,3.86,5.63,1018.63,0.0,0.0,6.0,688.9,IMELBO1849.csv
2023/02/01,10:44 AM,20.78,12.11,58.0,WSW,4.51,6.28,1018.63,0.0,0.0,7.0,788.2,IMELBO1849.csv
2023/02/01,10:49 AM,20.5,12.06,58.0,WSW,4.83,6.76,1018.63,0.0,0.0,4.0,411.2,IMELBO1849.csv
2023/02/01,10:54 AM,20.44,12.0,58.0,WSW,4.34,6.76,1018.63,0.0,0.0,2.0,222.9,IMELBO1849.csv
2023/02/01,10:59 AM,20.11,11.83,59.0,SW,5.79,9.01,1018.63,0.0,0.0,2.0,259.4,IMELBO1849.csv
2023/02/01,11:04 AM,19.94,11.83,60.0,SW,6.28,9.33,1018.29,0.0,0.0,2.0,305.8,IMELBO1849.csv
2023/02/01,11:09 AM,19.78,11.83,60.0,SW,7.88,10.78,1018.63,0.0,0.0,2.0,276.7,IMELBO1849.csv
2023/02/01,11:14 AM,19.61,11.78,61.0,WSW,5.15,6.92,1018.63,0.0,0.0,2.0,227.3,IMELBO1849.csv
2023/02/01,11:19 AM,19.78,11.78,60.0,SW,4.02,5.47,1018.63,0.0,0.0,2.0,219.8,IMELBO1849.csv
2023/02/01,11:24 AM,20.06,11.89,59.0,SW,5.63,7.08,1018.29,0.0,0.0,1.0,194.8,IMELBO1849.csv
2023/02/01,11:29 AM,19.89,11.78,60.0,SW,5.31,7.4,1018.63,0.0,0.0,1.0,196.0,IMELBO1849.csv
2023/02/01,11:34 AM,19.83,11.83,60.0,WSW,7.56,10.94,1018.63,0.0,0.0,1.0,185.6,IMELBO1849.csv
2023/02/01,11:39 AM,19.94,12.0,60.0,SSW,7.72,10.62,1018.63,0.0,0.0,1.0,186.9,IMELBO1849.csv
2023/02/01,11:44 AM,19.72,12.06,61.0,SW,9.98,13.19,1018.63,0.0,0.0,1.0,128.0,IMELBO1849.csv
2023/02/01,11:49 AM,19.22,13.06,68.0,SSW,14.32,20.43,1018.96,0.0,0.0,1.0,141.8,IMELBO1849.csv
2023/02/01,11:54 AM,18.06,13.44,75.0,SSW,12.71,18.02,1018.96,0.0,0.0,2.0,280.1,IMELBO1849.csv
2023/02/01,11:59 AM,17.78,13.72,77.0,SSW,10.62,14.96,1018.96,0.0,0.0,4.0,417.3,IMELBO1849.csv
2023/02/01,12:04 PM,17.83,13.78,77.0,SSW,13.03,17.86,1018.96,0.0,0.0,2.0,285.4,IMELBO1849.csv
2023/02/01,12:09 PM,17.39,13.44,78.0,SW,13.19,17.22,1019.3,0.0,0.0,2.0,285.8,IMELBO1849.csv
2023/02/01,12:14 PM,17.33,13.22,77.0,SW,9.98,14.0,1019.3,0.0,0.0,2.0,247.2,IMELBO1849.csv
2023/02/01,12:19 PM,17.39,13.28,77.0,SSW,10.14,14.0,1019.3,0.0,0.0,2.0,285.8,IMELBO1849.csv
2023/02/01,12:24 PM,17.44,13.22,76.0,SSW,9.33,13.19,1019.3,0.0,0.0,2.0,267.2,IMELBO1849.csv
2023/02/01,12:29 PM,17.61,13.28,76.0,SSW,9.33,12.39,1019.3,0.0,0.0,2.0,255.1,IMELBO1849.csv
2023/02/01,12:34 PM,17.83,13.5,76.0,SW,7.88,11.1,1019.3,0.0,0.0,1.0,152.7,IMELBO1849.csv
2023/02/01,12:39 PM,17.61,13.0,75.0,SW,8.85,11.91,1019.3,0.0,0.0,1.0,202.1,IMELBO1849.csv
2023/02/01,12:44 PM,17.67,12.78,73.0,SW,10.94,14.16,1019.3,0.0,0.0,2.0,232.1,IMELBO1849.csv
2023/02/01,12:49 PM,17.94,12.83,72.0,SW,8.37,12.07,1019.3,0.0,0.0,2.0,219.0,IMELBO1849.csv
2023/02/01,12:54 PM,17.78,13.11,74.0,SW,10.46,14.32,1019.3,0.0,0.0,1.0,183.9,IMELBO1849.csv
2023/02/01,12:59 PM,17.28,12.89,76.0,SW,12.07,15.93,1019.3,0.0,0.0,2.0,231.2,IMELBO1849.csv
2023/02/01,01:04 PM,17.0,13.17,78.0,SW,9.33,12.07,1019.3,0.0,0.0,3.0,334.0,IMELBO1849.csv
2023/02/01,01:09 PM,17.17,12.94,76.0,SSW,6.76,9.33,1019.3,0.0,0.0,3.0,350.9,IMELBO1849.csv
2023/02/01,01:14 PM,17.89,12.89,73.0,SW,7.24,9.98,1019.3,0.0,0.0,3.0,338.3,IMELBO1849.csv
2023/02/01,01:19 PM,18.11,12.56,70.0,SW,8.69,12.39,1019.3,0.0,0.0,2.0,265.0,IMELBO1849.csv
2023/02/01,01:24 PM,18.28,12.33,69.0,SW,7.88,11.26,1019.3,0.0,0.0,2.0,279.8,IMELBO1849.csv
2023/02/01,01:29 PM,18.22,12.5,69.0,SSW,11.26,14.96,1019.3,0.0,0.0,3.0,341.0,IMELBO1849.csv
2023/02/01,01:34 PM,17.89,12.72,72.0,SW,9.49,13.19,1019.3,0.0,0.0,3.0,350.5,IMELBO1849.csv
2023/02/01,01:39 PM,18.0,12.67,71.0,SW,7.72,10.3,1018.96,0.0,0.0,4.0,481.0,IMELBO1849.csv
2023/02/01,01:44 PM,18.33,12.67,69.0,SW,6.92,8.69,1018.96,0.0,0.0,5.0,522.3,IMELBO1849.csv
2023/02/01,01:49 PM,18.56,12.72,69.0,South,6.11,8.53,1018.96,0.0,0.0,5.0,586.0,IMELBO1849.csv
2023/02/01,01:54 PM,19.0,12.67,67.0,SW,6.76,9.33,1018.96,0.0,0.0,2.0,267.5,IMELBO1849.csv
2023/02/01,01:59 PM,18.78,12.33,66.0,SSW,6.44,8.53,1018.96,0.0,0.0,1.0,133.6,IMELBO1849.csv
2023/02/01,02:04 PM,18.56,12.39,67.0,SW,10.14,13.68,1018.96,0.0,0.0,2.0,216.4,IMELBO1849.csv
2023/02/01,02:09 PM,18.5,12.61,69.0,SW,9.81,13.35,1018.96,0.0,0.0,3.0,383.9,IMELBO1849.csv
2023/02/01,02:14 PM,18.61,12.61,68.0,SW,7.88,11.42,1018.96,0.0,0.0,3.0,379.5,IMELBO1849.csv
2023/02/01,02:19 PM,18.78,12.61,68.0,SW,8.69,12.07,1018.96,0.0,0.0,1.0,154.8,IMELBO1849.csv
2023/02/01,02:24 PM,18.28,12.5,69.0,SW,8.85,11.75,1018.96,0.0,0.0,0.0,89.8,IMELBO1849.csv
2023/02/01,02:29 PM,18.06,12.39,69.0,SW,9.81,12.87,1018.96,0.0,0.0,1.0,107.9,IMELBO1849.csv
2023/02/01,02:34 PM,18.0,12.17,69.0,SSW,7.4,11.75,1018.96,0.0,0.0,1.0,164.3,IMELBO1849.csv
2023/02/01,02:39 PM,18.11,12.28,69.0,SSW,7.88,10.3,1018.96,0.0,0.0,1.0,153.9,IMELBO1849.csv
2023/02/01,02:44 PM,17.94,12.17,69.0,SW,7.72,10.46,1018.96,0.0,0.0,1.0,144.4,IMELBO1849.csv
2023/02/01,02:49 PM,17.94,12.11,69.0,SSW,7.56,10.46,1018.96,0.0,0.0,1.0,124.1,IMELBO1849.csv
2023/02/01,02:54 PM,17.83,12.22,70.0,SSW,9.01,12.39,1018.96,0.0,0.0,1.0,106.7,IMELBO1849.csv
2023/02/01,02:59 PM,17.39,12.33,72.0,SSW,9.33,12.39,1018.63,0.0,0.0,0.0,81.5,IMELBO1849.csv
2023/02/01,03:04 PM,17.28,12.06,71.0,SW,10.46,13.84,1018.96,0.0,0.0,1.0,99.3,IMELBO1849.csv
2023/02/01,03:09 PM,17.22,11.83,71.0,SSW,8.85,12.87,1018.96,0.0,0.0,0.0,94.9,IMELBO1849.csv
2023/02/01,03:14 PM,17.22,11.89,71.0,SSW,10.14,14.16,1018.96,0.0,0.0,1.0,110.1,IMELBO1849.csv
2023/02/01,03:19 PM,17.11,11.78,71.0,South,7.4,10.94,1018.63,0.0,0.0,1.0,147.4,IMELBO1849.csv
2023/02/01,03:24 PM,17.22,11.89,71.0,SSW,8.21,12.07,1018.63,0.0,0.0,2.0,220.3,IMELBO1849.csv
2023/02/01,03:29 PM,17.22,11.78,70.0,SW,10.62,14.16,1018.96,0.0,0.0,4.0,420.7,IMELBO1849.csv
2023/02/01,03:34 PM,17.61,11.89,69.0,SW,10.94,15.12,1018.63,0.0,0.0,6.0,704.4,IMELBO1849.csv
2023/02/01,03:39 PM,17.89,11.94,68.0,SW,9.01,12.55,1018.96,0.0,0.0,8.0,905.8,IMELBO1849.csv
2023/02/01,03:44 PM,18.11,12.11,68.0,SSW,11.42,14.96,1018.96,0.0,0.0,4.0,435.9,IMELBO1849.csv
2023/02/01,03:49 PM,17.94,12.0,68.0,SW,9.49,12.71,1018.63,0.0,0.0,7.0,721.8,IMELBO1849.csv
2023/02/01,03:54 PM,18.17,11.94,67.0,SSW,9.81,13.03,1018.63,0.0,0.0,6.0,645.1,IMELBO1849.csv
2023/02/01,03:59 PM,18.22,12.0,67.0,SW,8.69,12.55,1018.63,0.0,0.0,5.0,528.4,IMELBO1849.csv
2023/02/01,04:04 PM,18.33,12.22,68.0,SSW,9.81,13.52,1018.29,0.0,0.0,3.0,327.9,IMELBO1849.csv
2023/02/01,04:09 PM,17.94,11.94,68.0,SSW,8.04,10.78,1018.29,0.0,0.0,4.0,450.2,IMELBO1849.csv
2023/02/01,04:14 PM,18.17,11.72,66.0,SSW,8.85,11.91,1018.63,0.0,0.0,4.0,424.6,IMELBO1849.csv
2023/02/01,04:19 PM,18.06,11.67,66.0,SSW,6.6,9.49,1018.63,0.0,0.0,2.0,262.4,IMELBO1849.csv
2023/02/01,04:24 PM,18.11,11.67,66.0,South,7.24,10.3,1018.29,0.0,0.0,2.0,204.3,IMELBO1849.csv
2023/02/01,04:29 PM,17.89,11.44,66.0,SW,7.88,10.94,1018.29,0.0,0.0,1.0,200.8,IMELBO1849.csv
2023/02/01,04:34 PM,18.06,11.39,65.0,SSW,7.08,9.01,1018.29,0.0,0.0,1.0,180.8,IMELBO1849.csv
2023/02/01,04:39 PM,17.89,11.39,66.0,South,6.11,8.37,1018.29,0.0,0.0,1.0,160.0,IMELBO1849.csv
2023/02/01,04:44 PM,17.89,11.39,66.0,South,5.63,7.72,1018.29,0.0,0.0,1.0,135.7,IMELBO1849.csv
2023/02/01,04:49 PM,17.78,11.33,66.0,SSW,6.28,8.53,1017.95,0.0,0.0,1.0,144.9,IMELBO1849.csv
2023/02/01,04:54 PM,17.72,11.11,65.0,SSW,5.31,7.24,1017.95,0.0,0.0,2.0,205.1,IMELBO1849.csv
2023/02/01,04:59 PM,17.89,11.06,64.0,South,5.31,7.24,1017.95,0.0,0.0,2.0,304.5,IMELBO1849.csv
2023/02/01,05:04 PM,18.11,11.0,63.0,South,6.11,9.01,1017.95,0.0,0.0,2.0,215.1,IMELBO1849.csv
2023/02/01,05:09 PM,18.0,10.89,63.0,SSW,6.76,9.98,1017.95,0.0,0.0,2.0,254.2,IMELBO1849.csv
2023/02/01,05:14 PM,18.0,10.89,63.0,SSW,5.31,7.4,1017.95,0.0,0.0,4.0,455.5,IMELBO1849.csv
2023/02/01,05:19 PM,18.39,11.0,62.0,SSW,6.11,8.69,1017.95,0.0,0.0,2.0,226.8,IMELBO1849.csv
2023/02/01,05:24 PM,18.22,11.11,63.0,South,4.99,7.08,1017.95,0.0,0.0,1.0,186.1,IMELBO1849.csv
2023/02/01,05:29 PM,18.17,11.06,63.0,South,5.47,8.04,1017.95,0.0,0.0,1.0,108.4,IMELBO1849.csv
2023/02/01,05:34 PM,17.72,10.67,63.0,South,5.63,7.88,1017.95,0.0,0.0,1.0,107.0,IMELBO1849.csv
2023/02/01,05:39 PM,17.61,10.61,64.0,SSE,5.79,7.88,1017.61,0.0,0.0,1.0,122.7,IMELBO1849.csv
2023/02/01,05:44 PM,17.72,10.61,63.0,SSE,4.02,6.28,1017.61,0.0,0.0,1.0,160.5,IMELBO1849.csv
2023/02/01,05:49 PM,17.94,10.56,62.0,SE,3.06,4.34,1017.61,0.0,0.0,1.0,159.5,IMELBO1849.csv
2023/02/01,05:54 PM,18.06,10.56,62.0,SSE,3.7,4.99,1017.61,0.0,0.0,1.0,121.4,IMELBO1849.csv
2023/02/01,05:59 PM,17.83,10.56,62.0,South,5.47,7.88,1017.61,0.0,0.0,0.0,98.8,IMELBO1849.csv
2023/02/01,06:04 PM,17.72,10.61,63.0,SSE,4.34,6.28,1017.61,0.0,0.0,0.0,96.7,IMELBO1849.csv
2023/02/01,06:09 PM,17.67,10.72,64.0,SE,3.06,4.02,1017.61,0.0,0.0,0.0,97.1,IMELBO1849.csv
2023/02/01,06:14 PM,17.72,10.78,64.0,SSE,2.25,3.54,1017.61,0.0,0.0,0.0,83.2,IMELBO1849.csv
2023/02/01,06:19 PM,17.72,10.78,64.0,South,4.34,5.95,1017.27,0.0,0.0,1.0,101.9,IMELBO1849.csv
2023/02/01,06:24 PM,17.56,10.67,64.0,South,5.63,8.21,1017.27,0.0,0.0,1.0,102.3,IMELBO1849.csv
2023/02/01,06:29 PM,17.39,10.78,65.0,SSW,7.72,10.3,1017.61,0.0,0.0,0.0,97.1,IMELBO1849.csv
2023/02/01,06:34 PM,17.28,10.89,66.0,South,6.6,9.65,1017.27,0.0,0.0,0.0,88.8,IMELBO1849.csv
2023/02/01,06:39 PM,17.28,11.06,67.0,SSE,5.31,7.4,1017.27,0.0,0.0,0.0,74.1,IMELBO1849.csv
2023/02/01,06:44 PM,17.22,11.06,67.0,South,5.31,7.56,1017.61,0.0,0.0,0.0,71.1,IMELBO1849.csv
2023/02/01,06:49 PM,17.11,10.89,67.0,SSW,7.88,10.62,1017.61,0.0,0.0,0.0,78.9,IMELBO1849.csv
2023/02/01,06:54 PM,17.0,10.72,67.0,South,6.76,9.49,1017.27,0.0,0.0,0.0,78.9,IMELBO1849.csv
2023/02/01,06:59 PM,17.11,10.72,66.0,SSW,4.67,6.28,1017.61,0.0,0.0,0.0,73.3,IMELBO1849.csv
2023/02/01,07:04 PM,17.11,10.67,66.0,SSW,6.11,8.37,1017.27,0.0,0.0,0.0,62.0,IMELBO1849.csv
2023/02/01,07:09 PM,17.06,10.67,66.0,South,5.63,8.69,1017.27,0.0,0.0,0.0,54.6,IMELBO1849.csv
2023/02/01,07:14 PM,17.0,10.61,66.0,South,5.15,7.24,1017.27,0.0,0.0,0.0,45.5,IMELBO1849.csv
2023/02/01,07:19 PM,17.06,10.67,66.0,SSE,3.7,5.31,1017.61,0.0,0.0,0.0,39.4,IMELBO1849.csv
2023/02/01,07:24 PM,17.0,10.61,66.0,SSW,5.63,7.56,1017.27,0.0,0.0,0.0,34.6,IMELBO1849.csv
2023/02/01,07:29 PM,16.78,10.39,66.0,South,6.11,8.85,1017.61,0.0,0.0,0.0,29.0,IMELBO1849.csv
2023/02/01,07:34 PM,16.78,10.33,66.0,SSE,4.51,6.6,1017.61,0.0,0.0,0.0,21.2,IMELBO1849.csv
2023/02/01,07:39 PM,16.78,10.33,66.0,SSW,5.63,8.04,1017.27,0.0,0.0,0.0,21.2,IMELBO1849.csv
2023/02/01,07:44 PM,16.78,10.39,66.0,SE,3.22,4.34,1017.27,0.0,0.0,0.0,23.4,IMELBO1849.csv
2023/02/01,07:49 PM,16.78,10.33,66.0,SE,4.02,6.44,1017.27,0.0,0.0,0.0,21.7,IMELBO1849.csv
2023/02/01,07:54 PM,16.72,10.22,66.0,SE,4.02,5.95,1017.27,0.0,0.0,0.0,18.6,IMELBO1849.csv
2023/02/01,07:59 PM,16.67,10.06,65.0,South,3.7,5.47,1017.61,0.0,0.0,0.0,13.3,IMELBO1849.csv
2023/02/01,08:04 PM,16.61,10.0,65.0,South,4.18,6.28,1017.61,0.0,0.0,0.0,10.4,IMELBO1849.csv
2023/02/01,08:09 PM,16.5,9.89,65.0,SSW,5.47,7.56,1017.27,0.0,0.0,0.0,10.4,IMELBO1849.csv
2023/02/01,08:14 PM,16.5,9.89,65.0,SSW,4.02,5.95,1017.27,0.0,0.0,0.0,11.6,IMELBO1849.csv
2023/02/01,08:19 PM,16.44,9.83,65.0,SSW,4.67,6.28,1017.61,0.0,0.0,0.0,8.2,IMELBO1849.csv
2023/02/01,08:24 PM,16.44,9.83,65.0,SSE,3.38,5.31,1017.61,0.0,0.0,0.0,7.3,IMELBO1849.csv
2023/02/01,08:29 PM,16.39,9.78,65.0,South,3.38,4.51,1017.61,0.0,0.0,0.0,4.3,IMELBO1849.csv
2023/02/01,08:34 PM,16.28,9.72,65.0,South,3.7,5.31,1017.61,0.0,0.0,0.0,2.6,IMELBO1849.csv
2023/02/01,08:39 PM,16.28,9.72,65.0,South,4.83,7.08,1017.61,0.0,0.0,0.0,0.4,IMELBO1849.csv
2023/02/01,08:44 PM,16.22,9.78,66.0,SSW,5.31,7.56,1017.61,0.0,0.0,0.0,0.0,IMELBO1849.csv
2023/02/01,08:49 PM,16.17,9.56,65.0,SW,7.24,9.98,1017.95,0.0,0.0,0.0,0.0,IMELBO1849.csv
2023/02/01,08:54 PM,16.11,9.5,65.0,SSW,5.47,7.56,1017.61,0.0,0.0,0.0,0.0,IMELBO1849.csv
2023/02/01,08:59 PM,16.11,9.5,65.0,SSW,4.34,5.95,1017.61,0.0,0.0,0.0,0.0,IMELBO1849.csv
2023/02/01,09:04 PM,16.11,9.5,65.0,SSW,7.88,10.78,1017.61,0.0,0.0,0.0,0.0,IMELBO1849.csv
2023/02/01,09:09 PM,16.11,9.5,65.0,SSW,5.31,7.72,1017.61,0.0,0.0,0.0,0.0,IMELBO1849.csv
2023/02/01,09:14 PM,16.11,9.61,66.0,SW,5.63,7.4,1017.61,0.0,0.0,0.0,0.0,IMELBO1849.csv
2023/02/01,09:19 PM,16.0,9.72,66.0,SW,6.28,8.69,1017.61,0.0,0.0,0.0,0.0,IMELBO1849.csv
2023/02/01,09:24 PM,16.0,9.72,66.0,SW,6.28,8.21,1017.95,0.0,0.0,0.0,0.0,IMELBO1849.csv
2023/02/01,09:29 PM,16.0,9.83,67.0,SW,7.88,10.78,1017.95,0.0,0.0,0.0,0.0,IMELBO1849.csv
2023/02/01,09:34 PM,16.0,9.89,67.0,SW,7.08,9.17,1017.95,0.0,0.0,0.0,0.0,IMELBO1849.csv
2023/02/01,09:39 PM,15.94,9.83,67.0,SW,6.6,9.49,1017.95,0.0,0.0,0.0,0.0,IMELBO1849.csv
2023/02/01,09:44 PM,15.89,9.83,67.0,SSW,6.44,8.69,1017.95,0.0,0.0,0.0,0.0,IMELBO1849.csv
2023/02/01,09:49 PM,15.89,10.0,68.0,SSW,7.88,10.3,1017.61,0.0,0.0,0.0,0.0,IMELBO1849.csv
2023/02/01,09:54 PM,15.78,9.89,68.0,SSW,4.67,6.44,1017.95,0.0,0.0,0.0,0.0,IMELBO1849.csv
2023/02/01,09:59 PM,15.83,9.94,68.0,SSW,4.51,5.47,1017.95,0.0,0.0,0.0,0.0,IMELBO1849.csv
2023/02/01,10:04 PM,15.78,9.72,67.0,SW,5.79,7.88,1017.95,0.0,0.0,0.0,0.0,IMELBO1849.csv
2023/02/01,10:09 PM,15.78,9.67,67.0,SW,6.6,9.17,1017.95,0.0,0.0,0.0,0.0,IMELBO1849.csv
2023/02/01,10:14 PM,15.72,9.67,67.0,SSW,5.79,7.72,1017.95,0.0,0.0,0.0,0.0,IMELBO1849.csv
2023/02/01,10:19 PM,15.67,9.61,67.0,SSW,6.92,9.33,1017.61,0.0,0.0,0.0,0.0,IMELBO1849.csv
2023/02/01,10:24 PM,15.56,9.44,67.0,SW,6.6,8.85,1017.61,0.0,0.0,0.0,0.0,IMELBO1849.csv
2023/02/01,10:29 PM,15.5,9.39,67.0,SW,5.63,7.08,1017.95,0.0,0.0,0.0,0.0,IMELBO1849.csv
2023/02/01,10:34 PM,15.5,9.39,67.0,SW,5.79,7.56,1017.95,0.0,0.0,0.0,0.0,IMELBO1849.csv
2023/02/01,10:39 PM,15.5,9.39,67.0,SW,5.79,7.72,1017.95,0.0,0.0,0.0,0.0,IMELBO1849.csv
2023/02/01,10:44 PM,15.5,9.22,66.0,SW,6.76,8.85,1017.61,0.0,0.0,0.0,0.0,IMELBO1849.csv
2023/02/01,10:49 PM,15.5,9.22,66.0,SW,4.34,5.95,1017.61,0.0,0.0,0.0,0.0,IMELBO1849.csv
2023/02/01,10:54 PM,15.5,9.22,66.0,SW,5.47,7.24,1017.61,0.0,0.0,0.0,0.0,IMELBO1849.csv
2023/02/01,10:59 PM,15.44,9.17,66.0,SW,5.31,7.56,1017.61,0.0,0.0,0.0,0.0,IMELBO1849.csv
2023/02/01,11:04 PM,15.39,8.94,65.0,SW,5.63,7.4,1017.61,0.0,0.0,0.0,0.0,IMELBO1849.csv
2023/02/01,11:09 PM,15.28,8.94,66.0,SSW,3.7,4.67,1017.27,0.0,0.0,0.0,0.0,IMELBO1849.csv
2023/02/01,11:14 PM,15.17,8.83,66.0,SSW,2.57,3.54,1017.27,0.0,0.0,0.0,0.0,IMELBO1849.csv
2023/02/01,11:19 PM,15.06,8.72,66.0,SSW,3.38,4.67,1016.93,0.0,0.0,0.0,0.0,IMELBO1849.csv
2023/02/01,11:24 PM,15.0,8.56,65.0,SW,3.38,4.83,1017.27,0.0,0.0,0.0,0.0,IMELBO1849.csv
2023/02/01,11:29 PM,14.89,8.39,65.0,SW,2.9,3.86,1016.93,0.0,0.0,0.0,0.0,IMELBO1849.csv
2023/02/01,11:34 PM,14.83,8.33,65.0,SW,2.74,3.38,1016.93,0.0,0.0,0.0,0.0,IMELBO1849.csv
2023/02/01,11:39 PM,14.72,8.22,65.0,SSW,2.09,2.9,1016.93,0.0,0.0,0.0,0.0,IMELBO1849.csv
2023/02/01,11:44 PM,14.61,8.22,66.0,SW,2.25,2.9,1016.59,0.0,0.0,0.0,0.0,IMELBO1849.csv
2023/02/01,11:49 PM,14.5,8.17,66.0,SW,0.97,1.93,1016.59,0.0,0.0,0.0,0.0,IMELBO1849.csv
2023/02/01,11:54 PM,14.28,8.11,67.0,SW,0.16,0.32,1016.59,0.0,0.0,0.0,0.0,IMELBO1849.csv
2023/02/01,11:59 PM,14.0,8.0,67.0,SW,0.0,0.0,1016.59,0.0,0.0,0.0,0.0,IMELBO1849.csv
2023/02/02,12:04 AM,13.78,7.94,68.0,SW,0.0,0.0,1016.59,0.0,0.0,0.0,0.0,IMELBO1849.csv
2023/02/02,12:09 AM,13.56,7.89,69.0,SW,0.0,0.0,1016.26,0.0,0.0,0.0,0.0,IMELBO1849.csv
2023/02/02,12:14 AM,13.17,7.67,69.0,SW,0.0,0.0,1016.26,0.0,0.0,0.0,0.0,IMELBO1849.csv
2023/02/02,12:19 AM,12.89,7.67,70.0,SW,0.0,0.0,1016.26,0.0,0.0,0.0,0.0,IMELBO1849.csv
2023/02/02,12:24 AM,12.89,7.78,71.0,SW,0.8,1.13,1015.92,0.0,0.0,0.0,0.0,IMELBO1849.csv
2023/02/02,12:29 AM,13.0,7.89,71.0,SW,0.0,0.0,1015.92,0.0,0.0,0.0,0.0,IMELBO1849.csv
2023/02/02,12:34 AM,12.94,7.83,71.0,SW,0.0,0.0,1015.92,0.0,0.0,0.0,0.0,IMELBO1849.csv
2023/02/02,12:39 AM,12.83,7.83,72.0,SW,0.0,0.16,1015.92,0.0,0.0,0.0,0.0,IMELBO1849.csv
2023/02/02,12:44 AM,12.72,7.78,72.0,SW,0.8,0.97,1015.92,0.0,0.0,0.0,0.0,IMELBO1849.csv
2023/02/02,12:49 AM,12.78,7.89,72.0,SW,0.97,1.61,1015.92,0.0,0.0,0.0,0.0,IMELBO1849.csv
2023/02/02,12:54 AM,12.72,7.83,72.0,SW,0.16,0.16,1015.92,0.0,0.0,0.0,0.0,IMELBO1849.csv
2023/02/02,12:59 AM,12.61,7.78,73.0,SW,0.0,0.0,1015.92,0.0,0.0,0.0,0.0,IMELBO1849.csv
2023/02/02,01:04 AM,12.44,7.78,73.0,SW,0.0,0.32,1015.58,0.0,0.0,0.0,0.0,IMELBO1849.csv
2023/02/02,01:09 AM,12.39,7.72,73.0,SW,0.0,0.0,1015.58,0.0,0.0,0.0,0.0,IMELBO1849.csv
2023/02/02,01:14 AM,12.33,7.72,73.0,SW,0.0,0.0,1015.24,0.0,0.0,0.0,0.0,IMELBO1849.csv
2023/02/02,01:19 AM,12.28,7.78,74.0,SW,0.0,0.0,1015.24,0.0,0.0,0.0,0.0,IMELBO1849.csv
2023/02/02,01:24 AM,12.28,7.78,74.0,SW,0.0,0.0,1015.24,0.0,0.0,0.0,0.0,IMELBO1849.csv
2023/02/02,01:29 AM,12.33,7.83,74.0,SW,0.0,0.0,1015.24,0.0,0.0,0.0,0.0,IMELBO1849.csv
2023/02/02,01:34 AM,12.61,8.11,74.0,SW,1.45,1.93,1015.24,0.0,0.0,0.0,0.0,IMELBO1849.csv
2023/02/02,01:39 AM,12.83,8.22,73.0,SW,1.45,1.93,1015.24,0.0,0.0,0.0,0.0,IMELBO1849.csv
2023/02/02,01:44 AM,13.0,8.22,73.0,SW,1.13,1.61,1014.9,0.0,0.0,0.0,0.0,IMELBO1849.csv
2023/02/02,01:49 AM,13.11,8.11,72.0,SW,0.0,0.16,1014.9,0.0,0.0,0.0,0.0,IMELBO1849.csv
2023/02/02,01:54 AM,13.11,8.11,72.0,SW,0.16,0.48,1014.9,0.0,0.0,0.0,0.0,IMELBO1849.csv
2023/02/02,01:59 AM,13.11,8.11,72.0,SW,0.0,0.16,1014.9,0.0,0.0,0.0,0.0,IMELBO1849.csv
2023/02/02,02:04 AM,13.11,8.11,72.0,SW,0.16,0.32,1014.56,0.0,0.0,0.0,0.0,IMELBO1849.csv
2023/02/02,02:09 AM,13.0,8.11,72.0,SW,0.0,0.16,1014.56,0.0,0.0,0.0,0.0,IMELBO1849.csv
2023/02/02,02:14 AM,12.94,8.06,72.0,SW,0.32,0.64,1014.22,0.0,0.0,0.0,0.0,IMELBO1849.csv
2023/02/02,02:19 AM,12.89,8.06,72.0,SW,0.32,0.8,1014.22,0.0,0.0,0.0,0.0,IMELBO1849.csv
2023/02/02,02:24 AM,12.89,8.22,73.0,SW,0.8,1.45,1014.22,0.0,0.0,0.0,0.0,IMELBO1849.csv
2023/02/02,02:29 AM,12.89,8.22,73.0,SW,2.09,2.74,1014.22,0.0,0.0,0.0,0.0,IMELBO1849.csv
2023/02/02,02:34 AM,12.89,8.22,73.0,SW,1.29,1.77,1013.88,0.0,0.0,0.0,0.0,IMELBO1849.csv
2023/02/02,02:39 AM,12.89,8.22,73.0,SW,0.64,1.13,1014.22,0.0,0.0,0.0,0.0,IMELBO1849.csv
2023/02/02,02:44 AM,12.89,8.22,73.0,SW,0.64,0.8,1014.22,0.0,0.0,0.0,0.0,IMELBO1849.csv
2023/02/02,02:49 AM,12.89,8.22,73.0,SW,1.45,2.09,1014.22,0.0,0.0,0.0,0.0,IMELBO1849.csv
2023/02/02,02:54 AM,12.94,8.22,73.0,SW,1.13,1.77,1013.88,0.0,0.0,0.0,0.0,IMELBO1849.csv
2023/02/02,02:59 AM,12.89,8.22,73.0,SW,0.8,1.45,1013.55,0.0,0.0,0.0,0.0,IMELBO1849.csv
2023/02/02,03:04 AM,12.83,8.17,73.0,SW,0.16,0.48,1013.55,0.0,0.0,0.0,0.0,IMELBO1849.csv
2023/02/02,03:09 AM,12.67,8.0,73.0,SW,0.0,0.0,1013.55,0.0,0.0,0.0,0.0,IMELBO1849.csv
2023/02/02,03:14 AM,12.5,8.0,74.0,SW,0.0,0.0,1013.21,0.0,0.0,0.0,0.0,IMELBO1849.csv
2023/02/02,03:19 AM,12.39,7.89,74.0,SW,0.0,0.0,1013.21,0.0,0.0,0.0,0.0,IMELBO1849.csv
2023/02/02,03:24 AM,12.28,7.94,75.0,SW,0.0,0.0,1012.87,0.0,0.0,0.0,0.0,IMELBO1849.csv
2023/02/02,03:29 AM,12.17,7.83,75.0,SW,0.0,0.0,1012.87,0.0,0.0,0.0,0.0,IMELBO1849.csv
2023/02/02,03:34 AM,12.06,7.94,76.0,SW,0.64,0.8,1012.53,0.0,0.0,0.0,0.0,IMELBO1849.csv
2023/02/02,03:39 AM,11.94,7.94,76.0,SW,0.48,0.8,1012.53,0.0,0.0,0.0,0.0,IMELBO1849.csv
2023/02/02,03:44 AM,11.94,8.06,77.0,SW,0.16,0.48,1012.19,0.0,0.0,0.0,0.0,IMELBO1849.csv
2023/02/02,03:49 AM,11.78,7.89,77.0,SW,0.0,0.0,1012.53,0.0,0.0,0.0,0.0,IMELBO1849.csv
2023/02/02,03:54 AM,11.72,7.94,78.0,SW,0.32,0.8,1012.53,0.0,0.0,0.0,0.0,IMELBO1849.csv
2023/02/02,03:59 AM,11.78,8.11,78.0,SW,0.16,0.16,1012.53,0.0,0.0,0.0,0.0,IMELBO1849.csv
2023/02/02,04:04 AM,11.83,8.17,78.0,SW,0.64,1.29,1012.53,0.0,0.0,0.0,0.0,IMELBO1849.csv
2023/02/02,04:09 AM,11.94,8.22,78.0,SW,0.16,0.32,1012.53,0.0,0.0,0.0,0.0,IMELBO1849.csv
2023/02/02,04:14 AM,12.0,8.28,78.0,SW,0.0,0.0,1012.53,0.0,0.0,0.0,0.0,IMELBO1849.csv
2023/02/02,04:19 AM,12.06,8.22,77.0,SW,0.0,0.0,1012.53,0.0,0.0,0.0,0.0,IMELBO1849.csv
2023/02/02,04:24 AM,12.0,8.17,77.0,SW,0.16,0.32,1012.19,0.0,0.0,0.0,0.0,IMELBO1849.csv
2023/02/02,04:29 AM,12.17,8.22,77.0,SW,1.13,1.77,1012.53,0.0,0.0,0.0,0.0,IMELBO1849.csv
2023/02/02,04:34 AM,12.28,8.33,77.0,SW,0.8,1.29,1012.53,0.0,0.0,0.0,0.0,IMELBO1849.csv
2023/02/02,04:39 AM,12.44,8.33,76.0,SW,0.32,0.8,1012.19,0.0,0.0,0.0,0.0,IMELBO1849.csv
2023/02/02,04:44 AM,12.56,8.28,75.0,SW,1.13,1.93,1012.19,0.0,0.0,0.0,0.0,IMELBO1849.csv
2023/02/02,04:49 AM,12.61,8.28,75.0,WSW,1.29,2.25,1012.19,0.0,0.0,0.0,0.0,IMELBO1849.csv
2023/02/02,04:54 AM,12.61,8.28,75.0,WSW,1.93,2.57,1011.85,0.0,0.0,0.0,0.0,IMELBO1849.csv
2023/02/02,04:59 AM,12.61,8.28,75.0,WSW,0.97,1.61,1011.85,0.0,0.0,0.0,0.0,IMELBO1849.csv
2023/02/02,05:04 AM,12.61,8.28,75.0,WSW,0.32,0.48,1011.85,0.0,0.0,0.0,0.0,IMELBO1849.csv
2023/02/02,05:09 AM,12.61,8.28,75.0,WSW,1.29,1.93,1012.19,0.0,0.0,0.0,0.0,IMELBO1849.csv
2023/02/02,05:14 AM,12.67,8.33,75.0,WSW,0.97,1.61,1011.85,0.0,0.0,0.0,0.0,IMELBO1849.csv
2023/02/02,05:19 AM,12.72,8.39,75.0,WSW,2.09,2.57,1011.85,0.0,0.0,0.0,0.0,IMELBO1849.csv
2023/02/02,05:24 AM,12.72,8.39,75.0,WSW,2.41,3.38,1011.85,0.0,0.0,0.0,0.0,IMELBO1849.csv
2023/02/02,05:29 AM,12.72,8.5,76.0,WSW,1.45,1.77,1011.85,0.0,0.0,0.0,0.0,IMELBO1849.csv
2023/02/02,05:34 AM,12.72,8.61,76.0,WSW,1.93,2.74,1012.19,0.0,0.0,0.0,0.0,IMELBO1849.csv
2023/02/02,05:39 AM,12.72,8.61,76.0,WSW,2.09,3.22,1011.85,0.0,0.0,0.0,0.0,IMELBO1849.csv
2023/02/02,05:44 AM,12.72,8.61,76.0,WSW,1.29,1.77,1011.85,0.0,0.0,0.0,0.0,IMELBO1849.csv
2023/02/02,05:49 AM,12.72,8.61,76.0,SW,0.32,0.8,1011.85,0.0,0.0,0.0,0.0,IMELBO1849.csv
2023/02/02,05:54 AM,12.72,8.61,76.0,WSW,2.41,3.22,1011.85,0.0,0.0,0.0,0.0,IMELBO1849.csv
2023/02/02,05:59 AM,12.72,8.61,76.0,WSW,4.02,5.63,1011.85,0.0,0.0,0.0,0.0,IMELBO1849.csv
2023/02/02,06:04 AM,12.72,8.5,76.0,West,3.7,5.31,1011.85,0.0,0.0,0.0,0.0,IMELBO1849.csv
2023/02/02,06:09 AM,12.72,8.39,75.0,WSW,2.25,3.38,1011.85,0.0,0.0,0.0,0.0,IMELBO1849.csv
2023/02/02,06:14 AM,12.78,8.5,75.0,WSW,2.74,4.02,1011.85,0.0,0.0,0.0,0.0,IMELBO1849.csv
2023/02/02,06:19 AM,12.78,8.5,75.0,West,3.38,4.67,1011.51,0.0,0.0,0.0,0.0,IMELBO1849.csv
2023/02/02,06:24 AM,12.78,8.33,74.0,West,4.67,6.6,1011.51,0.0,0.0,0.0,0.0,IMELBO1849.csv
2023/02/02,06:29 AM,12.78,8.28,74.0,WNW,3.7,5.31,1011.85,0.0,0.0,0.0,0.0,IMELBO1849.csv
2023/02/02,06:34 AM,12.78,8.5,75.0,WNW,3.38,4.67,1011.85,0.0,0.0,0.0,0.0,IMELBO1849.csv
2023/02/02,06:39 AM,12.83,8.44,74.0,WNW,3.06,4.83,1011.51,0.0,0.0,0.0,0.4,IMELBO1849.csv
2023/02/02,06:44 AM,12.89,8.39,74.0,West,2.57,3.7,1011.51,0.0,0.0,0.0,1.7,IMELBO1849.csv
2023/02/02,06:49 AM,13.0,8.33,73.0,West,2.09,3.22,1011.51,0.0,0.0,0.0,4.3,IMELBO1849.csv
2023/02/02,06:54 AM,13.0,8.28,73.0,WNW,3.54,4.67,1011.51,0.0,0.0,0.0,5.6,IMELBO1849.csv
2023/02/02,06:59 AM,13.11,8.39,73.0,WNW,2.09,2.74,1011.51,0.0,0.0,0.0,7.3,IMELBO1849.csv
2023/02/02,07:04 AM,13.11,8.39,73.0,WNW,2.41,3.54,1011.18,0.0,0.0,0.0,9.1,IMELBO1849.csv
2023/02/02,07:09 AM,13.11,8.17,72.0,WNW,2.9,4.51,1011.18,0.0,0.0,0.0,14.7,IMELBO1849.csv
2023/02/02,07:14 AM,13.22,8.22,72.0,WNW,0.97,1.77,1011.18,0.0,0.0,0.0,15.5,IMELBO1849.csv
2023/02/02,07:19 AM,13.22,8.0,71.0,WNW,1.93,3.38,1011.18,0.0,0.0,0.0,18.6,IMELBO1849.csv
2023/02/02,07:24 AM,13.33,7.94,70.0,West,2.57,3.7,1011.18,0.0,0.0,0.0,19.9,IMELBO1849.csv
2023/02/02,07:29 AM,13.44,7.83,69.0,WNW,3.06,3.86,1011.18,0.0,0.0,0.0,10.4,IMELBO1849.csv
2023/02/02,07:34 AM,13.5,7.78,68.0,WNW,2.41,3.38,1011.18,0.0,0.0,0.0,10.8,IMELBO1849.csv
2023/02/02,07:39 AM,13.56,7.72,68.0,WNW,4.18,5.47,1011.51,0.0,0.0,0.0,12.1,IMELBO1849.csv
2023/02/02,07:44 AM,13.61,7.67,67.0,WNW,3.54,4.67,1011.51,0.0,0.0,0.0,21.2,IMELBO1849.csv
2023/02/02,07:49 AM,13.61,7.5,66.0,WNW,3.22,4.83,1011.18,0.0,0.0,0.0,44.7,IMELBO1849.csv
2023/02/02,07:54 AM,13.72,7.33,65.0,WNW,5.15,7.08,1011.18,0.0,0.0,0.0,64.6,IMELBO1849.csv
2023/02/02,07:59 AM,13.78,7.17,64.0,WNW,5.15,7.4,1011.18,0.0,0.0,0.0,80.6,IMELBO1849.csv
2023/02/02,08:04 AM,13.83,7.11,64.0,WNW,4.02,5.47,1011.18,0.0,0.0,1.0,102.3,IMELBO1849.csv
2023/02/02,08:09 AM,14.0,7.06,63.0,WNW,5.15,7.08,1011.18,0.0,0.0,1.0,107.9,IMELBO1849.csv
2023/02/02,08:14 AM,14.17,6.72,61.0,WNW,5.31,7.4,1011.18,0.0,0.0,1.0,179.1,IMELBO1849.csv
2023/02/02,08:19 AM,14.33,6.0,57.0,WNW,8.04,10.78,1011.18,0.0,0.0,2.0,229.4,IMELBO1849.csv
2023/02/02,08:24 AM,14.5,5.89,56.0,WNW,9.65,12.87,1011.18,0.0,0.0,1.0,144.9,IMELBO1849.csv
2023/02/02,08:29 AM,14.56,5.78,56.0,WNW,7.4,10.62,1010.84,0.0,0.0,2.0,237.7,IMELBO1849.csv
2023/02/02,08:34 AM,14.61,5.5,54.0,WNW,7.08,10.3,1010.84,0.0,0.0,2.0,209.1,IMELBO1849.csv
2023/02/02,08:39 AM,14.72,5.78,55.0,WNW,6.6,9.01,1010.84,0.0,0.0,2.0,278.1,IMELBO1849.csv
2023/02/02,08:44 AM,14.89,5.89,55.0,WNW,7.72,11.75,1010.84,0.0,0.0,2.0,267.5,IMELBO1849.csv
2023/02/02,08:49 AM,14.78,5.89,55.0,WNW,6.6,9.33,1010.84,0.0,0.0,1.0,157.8,IMELBO1849.csv
2023/02/02,08:54 AM,14.72,5.83,55.0,WNW,7.4,10.62,1010.84,0.0,0.0,3.0,351.4,IMELBO1849.csv
2023/02/02,08:59 AM,14.78,5.89,55.0,WNW,8.04,12.23,1010.84,0.0,0.0,3.0,308.4,IMELBO1849.csv
2023/02/02,09:04 AM,15.06,6.0,55.0,WNW,7.88,10.78,1010.5,0.0,0.0,4.0,426.8,IMELBO1849.csv
2023/02/02,09:09 AM,15.17,5.94,54.0,NW,7.88,11.58,1010.5,0.0,0.0,2.0,289.3,IMELBO1849.csv
2023/02/02,09:14 AM,15.17,5.78,53.0,WNW,8.37,12.23,1010.5,0.0,0.0,2.0,223.4,IMELBO1849.csv
2023/02/02,09:19 AM,14.94,5.5,53.0,NNW,7.72,11.75,1010.5,0.0,0.0,2.0,291.0,IMELBO1849.csv
2023/02/02,09:24 AM,15.17,5.22,52.0,WNW,10.3,15.29,1010.5,0.0,0.0,3.0,394.7,IMELBO1849.csv
2023/02/02,09:29 AM,15.67,5.5,51.0,WNW,6.28,9.17,1010.16,0.0,0.0,5.0,532.7,IMELBO1849.csv
2023/02/02,09:34 AM,16.22,5.72,50.0,WNW,7.4,10.3,1010.16,0.0,0.0,5.0,573.0,IMELBO1849.csv
2023/02/02,09:39 AM,16.61,5.72,49.0,WNW,9.17,12.71,1010.16,0.0,0.0,5.0,611.2,IMELBO1849.csv
2023/02/02,09:44 AM,16.94,5.72,48.0,NNW,6.28,9.01,1010.16,0.0,0.0,5.0,599.9,IMELBO1849.csv
2023/02/02,09:49 AM,17.11,5.5,46.0,NW,7.88,12.23,1009.82,0.0,0.0,5.0,524.0,IMELBO1849.csv
2023/02/02,09:54 AM,16.83,5.39,47.0,WNW,8.21,12.55,1009.82,0.0,0.0,5.0,615.1,IMELBO1849.csv
2023/02/02,09:59 AM,16.94,5.5,47.0,WNW,4.34,7.4,1009.82,0.0,0.0,5.0,552.6,IMELBO1849.csv
2023/02/02,10:04 AM,17.0,5.61,47.0,WNW,5.95,8.69,1009.82,0.0,0.0,4.0,477.6,IMELBO1849.csv
2023/02/02,10:09 AM,16.78,5.28,47.0,NW,8.21,12.07,1009.82,0.0,0.0,5.0,569.1,IMELBO1849.csv
2023/02/02,10:14 AM,17.33,5.56,46.0,NNW,6.92,10.62,1009.48,0.0,0.0,5.0,555.7,IMELBO1849.csv
2023/02/02,10:19 AM,17.83,5.72,45.0,NNW,6.6,9.81,1009.48,0.0,0.0,5.0,593.0,IMELBO1849.csv
2023/02/02,10:24 AM,17.72,5.44,44.0,NNW,7.56,11.1,1009.14,0.0,0.0,6.0,628.9,IMELBO1849.csv
2023/02/02,10:29 AM,18.0,5.17,43.0,North,6.76,10.14,1009.48,0.0,0.0,6.0,702.3,IMELBO1849.csv
2023/02/02,10:34 AM,18.06,5.33,43.0,NNW,7.08,10.14,1009.14,0.0,0.0,6.0,701.5,IMELBO1849.csv
2023/02/02,10:39 AM,18.22,5.33,43.0,WNW,8.53,12.07,1008.81,0.0,0.0,6.0,625.0,IMELBO1849.csv
2023/02/02,10:44 AM,17.89,5.33,43.0,WNW,9.33,12.71,1008.81,0.0,0.0,7.0,765.2,IMELBO1849.csv
2023/02/02,10:49 AM,18.11,5.39,43.0,WNW,9.49,13.52,1008.81,0.0,0.0,7.0,816.3,IMELBO1849.csv
2023/02/02,10:54 AM,17.94,5.5,44.0,WNW,8.53,11.26,1008.47,0.0,0.0,7.0,744.4,IMELBO1849.csv
2023/02/02,10:59 AM,18.06,5.39,43.0,NW,9.65,13.52,1008.81,0.0,0.0,7.0,759.1,IMELBO1849.csv
2023/02/02,11:04 AM,18.5,5.72,43.0,WNW,7.88,11.75,1008.47,0.0,0.0,7.0,776.5,IMELBO1849.csv
2023/02/02,11:09 AM,18.72,6.06,43.0,NW,9.01,13.35,1008.47,0.0,0.0,8.0,828.6,IMELBO1849.csv
2023/02/02,11:14 AM,18.72,5.83,43.0,NNW,4.99,7.24,1008.47,0.0,0.0,9.0,964.7,IMELBO1849.csv
2023/02/02,11:19 AM,19.5,6.22,42.0,,6.11,8.85,1008.47,0.0,0.0,9.0,963.4,IMELBO1849.csv
2023/02/02,11:24 AM,19.17,6.17,43.0,NNW,5.95,9.01,1008.13,0.0,0.0,7.0,778.7,IMELBO1849.csv
2023/02/02,11:29 AM,18.78,6.11,43.0,NW,7.88,12.23,1008.13,0.0,0.0,9.0,1002.5,IMELBO1849.csv
2023/02/02,11:34 AM,18.94,6.11,43.0,NNW,9.01,12.23,1008.13,0.0,0.0,8.0,824.2,IMELBO1849.csv
2023/02/02,11:39 AM,19.17,6.33,43.0,NNW,6.92,10.94,1007.79,0.0,0.0,5.0,562.6,IMELBO1849.csv
2023/02/02,11:44 AM,18.89,6.28,44.0,,7.56,11.26,1007.79,0.0,0.0,10.0,1047.6,IMELBO1849.csv
2023/02/02,11:49 AM,18.89,6.33,44.0,NW,7.72,11.1,1007.79,0.0,0.0,10.0,1043.3,IMELBO1849.csv
2023/02/02,11:54 AM,19.44,6.5,43.0,NW,8.69,12.55,1007.45,0.0,0.0,10.0,1083.2,IMELBO1849.csv
2023/02/02,11:59 AM,19.33,6.56,43.0,NNW,9.81,14.96,1007.45,0.0,0.0,9.0,1001.6,IMELBO1849.csv
2023/02/02,12:04 PM,19.0,6.56,44.0,,9.17,13.68,1007.45,0.0,0.0,4.0,432.9,IMELBO1849.csv
2023/02/02,12:09 PM,18.94,6.56,44.0,NW,11.26,17.22,1007.45,0.0,0.0,10.0,1055.9,IMELBO1849.csv
2023/02/02,12:14 PM,18.83,6.44,44.0,NNW,8.04,12.55,1007.11,0.0,0.0,10.0,1127.8,IMELBO1849.csv
2023/02/02,12:19 PM,18.94,6.44,44.0,WNW,9.81,14.48,1007.11,0.0,0.0,7.0,730.1,IMELBO1849.csv
2023/02/02,12:24 PM,19.06,6.67,44.0,NW,12.39,17.86,1007.11,0.0,0.0,10.0,1125.3,IMELBO1849.csv
2023/02/02,12:29 PM,19.11,6.56,44.0,,10.3,15.93,1006.77,0.0,0.0,9.0,957.4,IMELBO1849.csv
2023/02/02,12:34 PM,19.5,6.89,44.0,NW,8.69,12.55,1006.77,0.0,0.0,10.0,1126.1,IMELBO1849.csv
2023/02/02,12:39 PM,19.33,6.89,44.0,NNW,9.81,14.64,1006.77,0.0,0.0,5.0,569.6,IMELBO1849.csv
2023/02/02,12:44 PM,18.94,6.78,45.0,,11.1,16.25,1006.77,0.0,0.0,9.0,1019.8,IMELBO1849.csv
2023/02/02,12:49 PM,19.56,7.06,44.0,NNW,9.33,13.19,1006.43,0.0,0.0,10.0,1093.6,IMELBO1849.csv
2023/02/02,12:54 PM,19.39,7.17,45.0,NW,10.62,16.41,1006.43,0.0,0.0,7.0,773.4,IMELBO1849.csv
2023/02/02,12:59 PM,19.11,7.22,46.0,NW,9.81,13.68,1006.43,0.0,0.0,7.0,741.4,IMELBO1849.csv
2023/02/02,01:04 PM,19.17,7.22,46.0,NNW,10.94,15.77,1006.1,0.0,0.0,10.0,1083.2,IMELBO1849.csv
2023/02/02,01:09 PM,19.72,7.5,45.0,NNW,10.14,15.93,1006.1,0.0,0.0,10.0,1053.2,IMELBO1849.csv
2023/02/02,01:14 PM,20.06,7.67,45.0,NNW,12.55,18.34,1005.76,0.0,0.0,9.0,999.5,IMELBO1849.csv
2023/02/02,01:19 PM,20.28,7.72,44.0,North,12.23,16.41,1005.42,0.0,0.0,9.0,945.2,IMELBO1849.csv
2023/02/02,01:24 PM,20.33,7.72,44.0,,13.35,18.66,1005.42,0.0,0.0,8.0,903.1,IMELBO1849.csv
2023/02/02,01:29 PM,20.61,7.83,44.0,NNE,10.62,15.93,1005.08,0.0,0.0,10.0,1125.3,IMELBO1849.csv
2023/02/02,01:34 PM,20.44,7.83,44.0,NNE,12.23,16.41,1005.08,0.0,0.0,9.0,984.3,IMELBO1849.csv
2023/02/02,01:39 PM,20.5,7.83,44.0,North,13.68,18.99,1004.4,0.0,0.0,8.0,894.0,IMELBO1849.csv
2023/02/02,01:44 PM,20.78,8.0,44.0,North,13.03,20.11,1004.4,0.0,0.0,8.0,892.7,IMELBO1849.csv
2023/02/02,01:49 PM,20.94,8.17,44.0,NW,16.41,24.94,1004.74,0.0,0.0,8.0,921.3,IMELBO1849.csv
2023/02/02,01:54 PM,20.67,8.0,44.0,NNE,13.52,18.18,1004.4,0.0,0.0,9.0,993.4,IMELBO1849.csv
2023/02/02,01:59 PM,20.17,8.0,45.0,North,14.32,20.11,1004.06,0.0,0.0,4.0,440.3,IMELBO1849.csv
2023/02/02,02:04 PM,19.89,7.89,46.0,North,12.23,17.7,1004.06,0.0,0.0,10.0,1042.8,IMELBO1849.csv
2023/02/02,02:09 PM,20.33,8.17,46.0,NNW,12.39,16.73,1004.4,0.0,0.0,10.0,1031.2,IMELBO1849.csv
2023/02/02,02:14 PM,20.0,8.11,46.0,North,14.32,19.95,1004.06,0.0,0.0,5.0,543.0,IMELBO1849.csv
2023/02/02,02:19 PM,19.72,8.0,47.0,North,10.46,15.29,1004.06,0.0,0.0,2.0,213.8,IMELBO1849.csv
2023/02/02,02:24 PM,19.89,8.11,46.0,NNW,11.26,17.06,1004.06,0.0,0.0,2.0,218.6,IMELBO1849.csv
2023/02/02,02:29 PM,19.78,8.0,46.0,NNW,13.19,19.95,1004.06,0.0,0.0,10.0,1031.2,IMELBO1849.csv
2023/02/02,02:34 PM,20.22,8.22,46.0,,13.35,20.76,1003.73,0.0,0.0,9.0,1005.5,IMELBO1849.csv
2023/02/02,02:39 PM,20.28,8.22,46.0,NNE,11.91,16.57,1003.39,0.0,0.0,10.0,1080.6,IMELBO1849.csv
2023/02/02,02:44 PM,20.39,8.39,46.0,NNE,13.68,18.99,1003.39,0.0,0.0,2.0,299.7,IMELBO1849.csv
2023/02/02,02:49 PM,20.28,8.33,46.0,NNW,13.35,20.92,1003.39,0.0,0.0,3.0,342.7,IMELBO1849.csv
2023/02/02,02:54 PM,20.28,8.44,47.0,,13.52,19.15,1003.39,0.0,0.0,2.0,253.2,IMELBO1849.csv
2023/02/02,02:59 PM,19.83,8.39,48.0,NW,15.61,25.1,1003.39,0.0,0.0,2.0,240.3,IMELBO1849.csv
2023/02/02,03:04 PM,19.83,8.22,47.0,NW,14.16,19.63,1003.05,0.0,0.0,8.0,888.8,IMELBO1849.csv
2023/02/02,03:09 PM,20.33,8.44,46.0,NW,12.71,18.83,1003.05,0.0,0.0,3.0,396.0,IMELBO1849.csv
2023/02/02,03:14 PM,20.5,8.44,46.0,North,12.39,18.02,1003.05,0.0,0.0,8.0,878.4,IMELBO1849.csv
2023/02/02,03:19 PM,21.0,8.72,45.0,NNW,13.19,18.99,1002.71,0.0,0.0,9.0,1004.3,IMELBO1849.csv
2023/02/02,03:24 PM,21.11,8.78,45.0,NNE,12.39,19.31,1002.37,0.0,0.0,4.0,485.4,IMELBO1849.csv
2023/02/02,03:29 PM,20.83,8.83,46.0,NNW,10.46,15.29,1002.37,0.0,0.0,3.0,378.3,IMELBO1849.csv
2023/02/02,03:34 PM,20.78,8.89,46.0,NW,12.71,19.15,1002.03,0.0,0.0,2.0,242.0,IMELBO1849.csv
2023/02/02,03:39 PM,20.22,8.78,48.0,North,14.64,20.27,1002.37,0.0,0.0,1.0,201.2,IMELBO1849.csv
2023/02/02,03:44 PM,19.83,8.78,49.0,North,16.09,23.49,1002.37,0.0,0.0,1.0,175.7,IMELBO1849.csv
2023/02/02,03:49 PM,19.67,8.72,49.0,NNE,16.25,22.69,1002.37,0.0,0.0,1.0,194.8,IMELBO1849.csv
2023/02/02,03:54 PM,19.5,8.78,50.0,NNW,13.35,18.99,1002.37,0.0,0.0,1.0,196.0,IMELBO1849.csv
2023/02/02,03:59 PM,19.44,8.89,51.0,WNW,15.29,23.33,1002.37,0.0,0.0,1.0,140.9,IMELBO1849.csv
2023/02/02,04:04 PM,19.28,8.89,51.0,,9.49,14.0,1002.37,0.0,0.0,1.0,163.1,IMELBO1849.csv
2023/02/02,04:09 PM,19.39,9.11,51.0,WNW,12.39,18.83,1002.37,0.0,0.0,1.0,147.9,IMELBO1849.csv
2023/02/02,04:14 PM,19.22,9.17,52.0,NW,12.87,18.99,1002.37,0.0,0.0,1.0,138.7,IMELBO1849.csv
2023/02/02,04:19 PM,19.06,9.5,54.0,NW,12.39,20.11,1002.71,0.0,0.0,0.0,95.4,IMELBO1849.csv
2023/02/02,04:24 PM,18.72,9.56,55.0,,12.87,19.63,1002.71,0.0,0.0,0.0,50.7,IMELBO1849.csv
2023/02/02,04:29 PM,18.67,9.72,56.0,West,11.42,17.06,1004.06,0.0,0.0,0.0,34.6,IMELBO1849.csv
2023/02/02,04:34 PM,15.17,10.44,74.0,WSW,9.49,13.84,1004.4,4.83,0.76,0.0,33.8,IMELBO1849.csv
2023/02/02,04:39 PM,12.72,10.11,84.0,West,7.88,12.39,1004.4,13.72,2.29,0.0,45.9,IMELBO1849.csv
2023/02/02,04:44 PM,11.78,9.78,88.0,West,6.44,9.98,1004.4,18.54,3.81,0.0,55.4,IMELBO1849.csv
2023/02/02,04:49 PM,11.56,9.83,90.0,WSW,5.31,7.88,1004.4,18.54,4.57,0.0,74.5,IMELBO1849.csv
2023/02/02,04:54 PM,11.61,10.11,90.0,WSW,4.02,5.79,1004.4,13.72,5.33,0.0,75.0,IMELBO1849.csv
2023/02/02,04:59 PM,11.78,10.39,91.0,West,7.56,12.71,1004.4,10.92,6.35,0.0,67.2,IMELBO1849.csv
2023/02/02,05:04 PM,11.78,10.61,92.0,West,5.63,7.72,1004.74,10.92,6.86,0.0,73.7,IMELBO1849.csv
2023/02/02,05:09 PM,11.78,10.61,92.0,West,3.22,4.83,1004.4,9.65,7.62,0.0,71.1,IMELBO1849.csv
2023/02/02,05:14 PM,11.94,10.78,92.0,WSW,3.86,5.31,1004.4,8.89,8.13,0.0,85.9,IMELBO1849.csv
2023/02/02,05:19 PM,11.94,10.83,93.0,West,4.51,6.28,1004.74,7.87,8.64,0.0,44.7,IMELBO1849.csv
2023/02/02,05:24 PM,11.83,10.78,93.0,West,5.15,8.04,1004.74,6.1,8.89,0.0,32.1,IMELBO1849.csv
2023/02/02,05:29 PM,11.78,10.67,93.0,West,5.31,8.04,1004.4,6.6,9.4,0.0,50.7,IMELBO1849.csv
2023/02/02,05:34 PM,11.78,10.72,93.0,West,5.47,8.37,1004.4,6.6,9.91,0.0,60.2,IMELBO1849.csv
2023/02/02,05:39 PM,11.61,10.5,93.0,West,5.63,7.72,1004.4,7.87,10.67,0.0,50.3,IMELBO1849.csv
2023/02/02,05:44 PM,11.5,10.39,93.0,WNW,5.15,6.92,1004.4,7.87,10.92,0.0,74.1,IMELBO1849.csv
2023/02/02,05:49 PM,11.39,10.28,93.0,WNW,4.51,6.44,1004.06,6.1,11.18,0.0,75.0,IMELBO1849.csv
2023/02/02,05:54 PM,11.28,10.17,93.0,WNW,5.79,7.72,1004.06,3.05,11.18,0.0,56.3,IMELBO1849.csv
2023/02/02,05:59 PM,11.39,10.33,93.0,,2.41,3.38,1004.06,1.78,11.43,0.0,53.7,IMELBO1849.csv
2023/02/02,06:04 PM,11.5,10.39,93.0,North,3.54,4.99,1003.73,1.27,11.43,0.0,52.5,IMELBO1849.csv
2023/02/02,06:09 PM,11.67,10.56,93.0,North,3.22,4.67,1004.06,1.27,11.43,0.0,55.4,IMELBO1849.csv
2023/02/02,06:14 PM,11.72,10.61,93.0,NNE,3.7,4.99,1003.73,0.0,11.43,0.0,63.2,IMELBO1849.csv
2023/02/02,06:19 PM,11.78,10.72,93.0,NNE,4.34,5.95,1003.39,0.0,11.43,0.0,61.2,IMELBO1849.csv
2023/02/02,06:24 PM,11.78,10.67,93.0,North,4.18,5.95,1003.39,0.0,11.43,0.0,63.2,IMELBO1849.csv
2023/02/02,06:29 PM,11.61,10.5,93.0,NNE,3.22,4.51,1003.39,0.0,11.43,0.0,74.1,IMELBO1849.csv
2023/02/02,06:34 PM,11.61,10.5,93.0,North,2.74,4.02,1003.73,0.0,11.43,0.0,68.5,IMELBO1849.csv
2023/02/02,06:39 PM,11.67,10.56,93.0,NNE,3.06,4.34,1003.73,0.0,11.43,0.0,87.6,IMELBO1849.csv
2023/02/02,06:44 PM,11.78,10.67,93.0,NNE,3.06,4.02,1003.73,0.0,11.43,1.0,185.6,IMELBO1849.csv
2023/02/02,06:49 PM,12.0,10.89,93.0,NNW,2.41,3.06,1004.06,0.0,11.43,1.0,151.0,IMELBO1849.csv
2023/02/02,06:54 PM,12.22,11.06,93.0,,2.09,2.9,1003.73,0.0,11.43,1.0,105.0,IMELBO1849.csv
2023/02/02,06:59 PM,12.17,11.0,92.0,North,2.57,3.7,1004.06,0.0,11.43,1.0,157.4,IMELBO1849.csv
2023/02/02,07:04 PM,12.28,11.11,92.0,NW,3.7,5.47,1003.73,0.0,11.43,1.0,164.8,IMELBO1849.csv
2023/02/02,07:09 PM,12.5,11.28,92.0,NW,3.86,5.95,1003.73,0.0,11.43,1.0,150.0,IMELBO1849.csv
2023/02/02,07:14 PM,12.67,11.28,91.0,WNW,6.11,9.01,1003.73,0.0,11.43,1.0,118.8,IMELBO1849.csv
2023/02/02,07:19 PM,12.44,10.72,90.0,WNW,7.08,10.14,1004.06,0.0,11.43,0.0,80.3,IMELBO1849.csv
2023/02/02,07:24 PM,12.61,10.72,89.0,WNW,7.56,10.3,1004.06,0.0,11.43,0.0,44.2,IMELBO1849.csv
2023/02/02,07:29 PM,12.5,10.5,88.0,WNW,7.56,10.78,1004.06,0.0,11.43,0.0,35.5,IMELBO1849.csv
2023/02/02,07:34 PM,12.61,10.61,88.0,NW,4.51,6.92,1004.06,0.0,11.43,0.0,63.2,IMELBO1849.csv
2023/02/02,07:39 PM,12.61,10.56,88.0,WNW,5.79,7.72,1004.06,0.0,11.43,0.0,69.4,IMELBO1849.csv
2023/02/02,07:44 PM,12.67,10.5,87.0,WNW,4.51,6.76,1004.06,0.0,11.43,0.0,57.3,IMELBO1849.csv
2023/02/02,07:49 PM,12.61,10.06,85.0,West,6.44,9.17,1004.06,0.0,11.43,0.0,55.1,IMELBO1849.csv
2023/02/02,07:54 PM,12.67,9.61,82.0,West,3.22,5.47,1004.4,0.0,11.43,0.0,47.2,IMELBO1849.csv
2023/02/02,07:59 PM,12.61,9.22,80.0,West,5.31,7.56,1004.4,0.0,11.43,0.0,37.2,IMELBO1849.csv
2023/02/02,08:04 PM,12.61,9.11,79.0,WNW,3.86,5.31,1004.4,0.0,11.43,0.0,33.8,IMELBO1849.csv
2023/02/02,08:09 PM,12.56,9.06,79.0,WNW,3.54,5.15,1004.4,0.0,11.43,0.0,32.4,IMELBO1849.csv
2023/02/02,08:14 PM,12.56,9.06,79.0,WNW,3.38,4.51,1004.4,0.0,11.43,0.0,22.0,IMELBO1849.csv
2023/02/02,08:19 PM,12.44,8.94,79.0,WNW,4.02,5.47,1004.4,0.0,11.43,0.0,10.8,IMELBO1849.csv
2023/02/02,08:24 PM,12.39,9.0,80.0,WNW,3.22,4.02,1004.74,0.0,11.43,0.0,5.6,IMELBO1849.csv
2023/02/02,08:29 PM,12.44,9.06,80.0,WNW,3.06,4.34,1004.74,0.0,11.43,0.0,2.9,IMELBO1849.csv
2023/02/02,08:34 PM,12.5,9.28,81.0,WNW,3.86,5.31,1004.74,0.0,11.43,0.0,0.9,IMELBO1849.csv
2023/02/02,08:39 PM,12.5,9.28,81.0,WNW,4.02,5.79,1004.74,0.0,11.43,0.0,0.0,IMELBO1849.csv
2023/02/02,08:44 PM,12.5,9.17,80.0,WNW,4.83,6.92,1004.74,0.0,11.43,0.0,0.0,IMELBO1849.csv
2023/02/02,08:49 PM,12.5,9.11,80.0,WNW,3.54,5.63,1004.74,0.0,11.43,0.0,0.0,IMELBO1849.csv
2023/02/02,08:54 PM,12.5,9.11,80.0,NW,4.02,5.95,1005.08,0.0,11.43,0.0,0.0,IMELBO1849.csv
2023/02/02,08:59 PM,12.5,9.17,81.0,NW,4.34,6.6,1005.08,0.0,11.43,0.0,0.0,IMELBO1849.csv
2023/02/02,09:04 PM,12.5,9.28,81.0,WNW,4.34,5.95,1005.08,0.0,11.43,0.0,0.0,IMELBO1849.csv
2023/02/02,09:09 PM,12.44,9.22,81.0,WNW,4.18,6.11,1005.08,0.0,11.43,0.0,0.0,IMELBO1849.csv
2023/02/02,09:14 PM,12.39,9.22,81.0,WNW,3.86,5.79,1005.08,0.0,11.43,0.0,0.0,IMELBO1849.csv
2023/02/02,09:19 PM,12.39,9.22,81.0,NW,3.7,5.31,1005.08,0.0,11.43,0.0,0.0,IMELBO1849.csv
2023/02/02,09:24 PM,12.39,9.0,80.0,NW,5.31,7.56,1005.08,0.0,11.43,0.0,0.0,IMELBO1849.csv
2023/02/02,09:29 PM,12.39,9.0,80.0,WNW,4.67,7.08,1005.08,0.0,11.43,0.0,0.0,IMELBO1849.csv
2023/02/02,09:34 PM,12.39,8.94,80.0,NW,5.15,7.72,1005.42,0.0,11.43,0.0,0.0,IMELBO1849.csv
2023/02/02,09:39 PM,12.28,8.67,78.0,NW,8.21,12.23,1005.42,0.0,11.43,0.0,0.0,IMELBO1849.csv
2023/02/02,09:44 PM,12.28,8.61,78.0,WNW,8.04,11.75,1005.42,0.0,11.43,0.0,0.0,IMELBO1849.csv
2023/02/02,09:49 PM,12.17,8.44,78.0,NW,9.49,13.84,1005.42,0.0,11.43,0.0,0.0,IMELBO1849.csv
2023/02/02,09:54 PM,12.0,8.39,78.0,WNW,8.53,11.91,1005.42,0.0,11.43,0.0,0.0,IMELBO1849.csv
2023/02/02,09:59 PM,11.94,8.44,79.0,NW,6.11,9.33,1005.42,0.0,11.43,0.0,0.0,IMELBO1849.csv
2023/02/02,10:04 PM,11.72,8.22,79.0,NW,5.31,8.69,1005.42,0.0,11.43,0.0,0.0,IMELBO1849.csv
2023/02/02,10:09 PM,11.67,8.17,79.0,WNW,5.63,7.4,1005.42,0.0,11.43,0.0,0.0,IMELBO1849.csv
2023/02/02,10:14 PM,11.56,8.06,79.0,NW,5.95,8.21,1005.42,0.0,11.43,0.0,0.0,IMELBO1849.csv
2023/02/02,10:19 PM,11.39,7.89,79.0,NW,6.28,8.37,1005.42,0.0,11.43,0.0,0.0,IMELBO1849.csv
2023/02/02,10:24 PM,11.33,7.78,79.0,NW,4.99,6.92,1005.42,0.0,11.43,0.0,0.0,IMELBO1849.csv
2023/02/02,10:29 PM,11.28,7.72,79.0,NW,4.34,6.11,1005.42,0.0,11.43,0.0,0.0,IMELBO1849.csv
2023/02/02,10:34 PM,11.22,7.5,78.0,NW,5.47,8.37,1005.42,0.0,11.43,0.0,0.0,IMELBO1849.csv
2023/02/02,10:39 PM,11.11,7.39,78.0,NW,4.67,7.08,1005.42,0.0,11.43,0.0,0.0,IMELBO1849.csv
2023/02/02,10:44 PM,11.11,7.39,78.0,NW,4.99,7.08,1005.42,0.0,11.43,0.0,0.0,IMELBO1849.csv
2023/02/02,10:49 PM,11.06,7.39,78.0,NW,4.51,5.95,1005.08,0.0,11.43,0.0,0.0,IMELBO1849.csv
2023/02/02,10:54 PM,11.0,7.5,79.0,NW,3.7,5.79,1005.08,0.0,11.43,0.0,0.0,IMELBO1849.csv
2023/02/02,10:59 PM,10.89,7.39,79.0,NW,3.7,5.63,1005.42,0.0,11.43,0.0,0.0,IMELBO1849.csv
2023/02/02,11:04 PM,10.89,7.39,79.0,NW,3.7,4.99,1005.08,0.0,11.43,0.0,0.0,IMELBO1849.csv
2023/02/02,11:09 PM,10.89,7.39,79.0,WNW,3.06,4.51,1005.42,0.0,11.43,0.0,0.0,IMELBO1849.csv
2023/02/02,11:14 PM,10.78,7.28,79.0,NW,3.38,4.67,1005.08,0.0,11.43,0.0,0.0,IMELBO1849.csv
2023/02/02,11:19 PM,10.83,7.33,79.0,NW,4.02,6.11,1005.08,0.0,11.43,0.0,0.0,IMELBO1849.csv
2023/02/02,11:24 PM,10.94,7.28,78.0,NW,4.18,5.95,1005.08,0.0,11.43,0.0,0.0,IMELBO1849.csv
2023/02/02,11:29 PM,11.0,7.28,78.0,NNW,4.67,7.24,1005.08,0.0,11.43,0.0,0.0,IMELBO1849.csv
2023/02/02,11:34 PM,11.0,7.28,78.0,NW,4.02,6.6,1005.08,0.0,11.43,0.0,0.0,IMELBO1849.csv
2023/02/02,11:39 PM,11.0,7.28,78.0,NW,4.51,7.4,1005.08,0.0,11.43,0.0,0.0,IMELBO1849.csv
2023/02/02,11:44 PM,10.94,7.22,78.0,NW,5.79,8.37,1004.74,0.0,11.43,0.0,0.0,IMELBO1849.csv
2023/02/02,11:49 PM,10.94,7.33,79.0,NW,3.54,5.47,1004.74,0.0,11.43,0.0,0.0,IMELBO1849.csv
2023/02/02,11:54 PM,10.78,7.28,79.0,NW,2.57,4.18,1004.74,0.0,11.43,0.0,0.0,IMELBO1849.csv
2023/02/02,11:59 PM,10.67,7.33,80.0,NW,2.57,3.86,1005.08,0.0,11.43,0.0,0.0,IMELBO1849.csv
2023/02/03,12:04 AM,10.61,7.22,80.0,NW,4.99,7.24,1005.08,0.0,0.0,0.0,0.0,IMELBO1849.csv
2023/02/03,12:09 AM,10.78,7.17,78.0,NW,5.79,8.37,1005.08,0.0,0.0,0.0,0.0,IMELBO1849.csv
2023/02/03,12:14 AM,10.89,7.22,78.0,NW,4.99,7.88,1005.08,0.0,0.0,0.0,0.0,IMELBO1849.csv
2023/02/03,12:19 AM,10.89,7.22,78.0,NW,5.47,7.56,1005.08,0.0,0.0,0.0,0.0,IMELBO1849.csv
2023/02/03,12:24 AM,10.89,7.22,78.0,NW,3.38,5.79,1004.74,0.0,0.0,0.0,0.0,IMELBO1849.csv
2023/02/03,12:29 AM,10.78,7.17,79.0,NW,3.7,5.47,1004.74,0.0,0.0,0.0,0.0,IMELBO1849.csv
2023/02/03,12:34 AM,10.78,7.28,79.0,NW,3.7,5.63,1005.08,0.0,0.0,0.0,0.0,IMELBO1849.csv
2023/02/03,12:39 AM,10.83,7.28,79.0,WNW,4.02,6.11,1005.08,0.0,0.0,0.0,0.0,IMELBO1849.csv
2023/02/03,12:44 AM,10.89,7.22,78.0,NW,4.99,7.56,1005.08,0.0,0.0,0.0,0.0,IMELBO1849.csv
2023/02/03,12:49 AM,10.83,7.17,78.0,NW,5.47,8.21,1005.08,0.0,0.0,0.0,0.0,IMELBO1849.csv
2023/02/03,12:54 AM,10.83,7.17,78.0,NW,4.51,7.24,1005.08,0.0,0.0,0.0,0.0,IMELBO1849.csv
2023/02/03,12:59 AM,10.78,7.11,78.0,NW,5.47,7.72,1005.08,0.0,0.0,0.0,0.0,IMELBO1849.csv
2023/02/03,01:04 AM,10.78,7.11,78.0,NW,5.15,7.56,1005.08,0.0,0.0,0.0,0.0,IMELBO1849.csv
2023/02/03,01:09 AM,10.78,7.11,78.0,NW,3.86,5.47,1005.08,0.0,0.0,0.0,0.0,IMELBO1849.csv
2023/02/03,01:14 AM,10.72,7.22,79.0,NW,4.02,5.31,1004.74,0.0,0.0,0.0,0.0,IMELBO1849.csv
2023/02/03,01:19 AM,10.72,7.22,79.0,NW,4.18,6.28,1004.74,0.0,0.0,0.0,0.0,IMELBO1849.csv
2023/02/03,01:24 AM,10.72,7.06,78.0,NW,5.31,7.72,1004.74,0.0,0.0,0.0,0.0,IMELBO1849.csv
2023/02/03,01:29 AM,10.78,7.11,78.0,NW,3.06,4.99,1004.74,0.0,0.0,0.0,0.0,IMELBO1849.csv
2023/02/03,01:34 AM,10.78,7.11,78.0,NW,2.09,3.22,1004.74,0.0,0.0,0.0,0.0,IMELBO1849.csv
2023/02/03,01:39 AM,10.78,7.11,78.0,NW,3.38,4.99,1004.74,0.0,0.0,0.0,0.0,IMELBO1849.csv
2023/02/03,01:44 AM,10.72,7.06,78.0,NW,2.09,3.06,1004.74,0.0,0.0,0.0,0.0,IMELBO1849.csv
2023/02/03,01:49 AM,10.78,7.06,78.0,NW,4.51,6.76,1004.74,0.0,0.0,0.0,0.0,IMELBO1849.csv
2023/02/03,01:54 AM,10.78,7.11,78.0,NW,3.54,5.63,1004.74,0.0,0.0,0.0,0.0,IMELBO1849.csv
2023/02/03,01:59 AM,10.78,7.11,78.0,NW,3.06,4.51,1004.74,0.0,0.0,0.0,0.0,IMELBO1849.csv
2023/02/03,02:04 AM,10.78,7.11,78.0,NW,3.7,5.47,1004.4,0.0,0.0,0.0,0.0,IMELBO1849.csv
2023/02/03,02:09 AM,10.78,7.11,78.0,NW,4.02,5.95,1004.74,0.0,0.0,0.0,0.0,IMELBO1849.csv
2023/02/03,02:14 AM,10.83,6.94,77.0,NW,3.7,5.63,1004.74,0.0,0.0,0.0,0.0,IMELBO1849.csv
2023/02/03,02:19 AM,10.89,6.89,76.0,NW,6.11,10.3,1004.74,0.0,0.0,0.0,0.0,IMELBO1849.csv
2023/02/03,02:24 AM,10.83,6.72,76.0,NW,5.47,8.69,1004.74,0.0,0.0,0.0,0.0,IMELBO1849.csv
2023/02/03,02:29 AM,10.78,6.78,77.0,NW,4.51,6.28,1004.4,0.0,0.0,0.0,0.0,IMELBO1849.csv
2023/02/03,02:34 AM,10.67,6.78,77.0,NW,3.86,5.63,1004.4,0.0,0.0,0.0,0.0,IMELBO1849.csv
2023/02/03,02:39 AM,10.56,6.67,77.0,NW,5.47,8.04,1004.4,0.0,0.0,0.0,0.0,IMELBO1849.csv
2023/02/03,02:44 AM,10.5,6.61,77.0,NW,5.15,7.56,1004.4,0.0,0.0,0.0,0.0,IMELBO1849.csv
2023/02/03,02:49 AM,10.44,6.56,77.0,NW,4.51,6.76,1004.4,0.0,0.0,0.0,0.0,IMELBO1849.csv
2023/02/03,02:54 AM,10.44,6.5,77.0,NW,5.95,8.21,1004.4,0.0,0.0,0.0,0.0,IMELBO1849.csv
2023/02/03,02:59 AM,10.5,6.39,76.0,NW,6.11,8.85,1004.4,0.0,0.0,0.0,0.0,IMELBO1849.csv
2023/02/03,03:04 AM,10.39,6.28,76.0,NNW,4.34,6.44,1004.4,0.0,0.0,0.0,0.0,IMELBO1849.csv
2023/02/03,03:09 AM,10.39,6.28,76.0,NW,4.34,6.6,1004.4,0.0,0.0,0.0,0.0,IMELBO1849.csv
2023/02/03,03:14 AM,10.28,6.33,77.0,NW,3.7,5.47,1004.4,0.0,0.0,0.0,0.0,IMELBO1849.csv
2023/02/03,03:19 AM,10.22,6.33,77.0,NW,3.54,5.31,1004.06,0.0,0.0,0.0,0.0,IMELBO1849.csv
2023/02/03,03:24 AM,10.17,6.22,77.0,NW,3.38,5.31,1004.4,0.0,0.0,0.0,0.0,IMELBO1849.csv
2023/02/03,03:29 AM,10.0,6.33,78.0,NW,2.74,4.18,1004.4,0.0,0.0,0.0,0.0,IMELBO1849.csv
2023/02/03,03:34 AM,10.0,6.39,78.0,NNW,2.09,3.54,1004.4,0.0,0.0,0.0,0.0,IMELBO1849.csv
2023/02/03,03:39 AM,10.0,6.39,78.0,NW,3.54,5.31,1004.4,0.0,0.0,0.0,0.0,IMELBO1849.csv
2023/02/03,03:44 AM,10.11,6.28,77.0,NW,4.02,6.44,1004.4,0.0,0.0,0.0,0.0,IMELBO1849.csv
2023/02/03,03:49 AM,10.22,6.22,77.0,NW,5.15,6.92,1004.4,0.0,0.0,0.0,0.0,IMELBO1849.csv
2023/02/03,03:54 AM,10.33,6.28,76.0,WNW,2.9,4.51,1004.4,0.0,0.0,0.0,0.0,IMELBO1849.csv
2023/02/03,03:59 AM,10.28,6.22,76.0,NW,3.06,4.51,1004.4,0.0,0.0,0.0,0.0,IMELBO1849.csv
2023/02/03,04:04 AM,10.28,6.22,76.0,NW,3.7,5.47,1004.4,0.0,0.0,0.0,0.0,IMELBO1849.csv
2023/02/03,04:09 AM,10.39,6.28,76.0,NW,4.18,6.11,1004.06,0.0,0.0,0.0,0.0,IMELBO1849.csv
2023/02/03,04:14 AM,10.39,6.28,76.0,NW,3.22,4.83,1004.4,0.0,0.0,0.0,0.0,IMELBO1849.csv
2023/02/03,04:19 AM,10.28,6.22,76.0,NW,3.22,4.99,1004.4,0.0,0.0,0.0,0.0,IMELBO1849.csv
2023/02/03,04:24 AM,10.28,6.17,76.0,NW,4.83,7.4,1004.4,0.0,0.0,0.0,0.0,IMELBO1849.csv
2023/02/03,04:29 AM,10.22,6.17,77.0,NW,3.22,4.67,1004.06,0.0,0.0,0.0,0.0,IMELBO1849.csv
2023/02/03,04:34 AM,10.11,6.22,77.0,WNW,3.06,4.51,1004.06,0.0,0.0,0.0,0.0,IMELBO1849.csv
2023/02/03,04:39 AM,10.11,6.22,77.0,NW,3.54,4.99,1004.06,0.0,0.0,0.0,0.0,IMELBO1849.csv
2023/02/03,04:44 AM,10.11,6.22,77.0,NW,3.54,5.47,1004.4,0.0,0.0,0.0,0.0,IMELBO1849.csv
2023/02/03,04:49 AM,10.06,6.17,77.0,NW,2.57,3.86,1004.4,0.0,0.0,0.0,0.0,IMELBO1849.csv
2023/02/03,04:54 AM,10.0,6.11,77.0,NW,2.9,4.02,1004.4,0.0,0.0,0.0,0.0,IMELBO1849.csv
2023/02/03,04:59 AM,9.89,6.0,77.0,NW,1.93,3.38,1004.4,0.0,0.0,0.0,0.0,IMELBO1849.csv
2023/02/03,05:04 AM,10.0,6.11,77.0,NNW,1.77,2.74,1004.4,0.0,0.0,0.0,0.0,IMELBO1849.csv
2023/02/03,05:09 AM,10.0,6.11,77.0,NNW,2.9,4.02,1004.4,0.0,0.0,0.0,0.0,IMELBO1849.csv
2023/02/03,05:14 AM,10.17,6.06,76.0,NW,4.51,6.6,1004.4,0.0,0.0,0.0,0.0,IMELBO1849.csv
2023/02/03,05:19 AM,10.39,6.11,75.0,NW,4.99,7.56,1004.4,0.0,0.0,0.0,0.0,IMELBO1849.csv
2023/02/03,05:24 AM,10.5,6.11,74.0,NW,4.67,7.08,1004.4,0.0,0.0,0.0,0.0,IMELBO1849.csv
2023/02/03,05:29 AM,10.56,6.17,74.0,NW,5.95,8.53,1004.06,0.0,0.0,0.0,0.0,IMELBO1849.csv
2023/02/03,05:34 AM,10.67,6.11,73.0,WNW,5.47,8.85,1004.06,0.0,0.0,0.0,0.0,IMELBO1849.csv
2023/02/03,05:39 AM,10.72,6.11,73.0,NW,4.99,7.56,1004.06,0.0,0.0,0.0,0.0,IMELBO1849.csv
2023/02/03,05:44 AM,10.72,6.11,73.0,NW,6.76,9.81,1004.4,0.0,0.0,0.0,0.0,IMELBO1849.csv
2023/02/03,05:49 AM,10.72,6.11,73.0,WNW,6.92,9.98,1004.4,0.0,0.0,0.0,0.0,IMELBO1849.csv
2023/02/03,05:54 AM,10.61,6.0,73.0,NW,4.67,6.76,1004.4,0.0,0.0,0.0,0.0,IMELBO1849.csv
2023/02/03,05:59 AM,10.44,5.83,73.0,NW,4.51,6.28,1004.4,0.0,0.0,0.0,0.0,IMELBO1849.csv
2023/02/03,06:04 AM,10.39,5.78,73.0,NW,5.79,8.85,1004.4,0.0,0.0,0.0,0.0,IMELBO1849.csv
2023/02/03,06:09 AM,10.39,5.78,73.0,NW,4.67,6.28,1004.4,0.0,0.0,0.0,0.0,IMELBO1849.csv
2023/02/03,06:14 AM,10.28,5.72,73.0,NW,4.02,6.28,1004.4,0.0,0.0,0.0,0.0,IMELBO1849.csv
2023/02/03,06:19 AM,10.28,5.72,73.0,NW,3.22,5.15,1004.4,0.0,0.0,0.0,0.0,IMELBO1849.csv
2023/02/03,06:24 AM,10.22,5.67,73.0,NW,3.06,5.15,1004.4,0.0,0.0,0.0,0.0,IMELBO1849.csv
2023/02/03,06:29 AM,10.17,5.61,73.0,NW,3.54,5.63,1004.4,0.0,0.0,0.0,0.4,IMELBO1849.csv
2023/02/03,06:34 AM,10.22,5.61,73.0,NW,3.86,5.95,1004.4,0.0,0.0,0.0,1.2,IMELBO1849.csv
2023/02/03,06:39 AM,10.28,5.67,73.0,NW,5.63,9.01,1004.74,0.0,0.0,0.0,3.4,IMELBO1849.csv
2023/02/03,06:44 AM,10.39,5.56,72.0,NW,4.99,7.72,1004.74,0.0,0.0,0.0,6.5,IMELBO1849.csv
2023/02/03,06:49 AM,10.28,5.72,73.0,NW,4.67,7.24,1004.74,0.0,0.0,0.0,9.5,IMELBO1849.csv
2023/02/03,06:54 AM,10.28,5.72,73.0,NW,5.63,8.53,1004.74,0.0,0.0,0.0,14.3,IMELBO1849.csv
2023/02/03,06:59 AM,10.33,5.78,73.0,NNW,4.02,6.11,1004.74,0.0,0.0,0.0,17.7,IMELBO1849.csv
2023/02/03,07:04 AM,10.28,5.72,73.0,NNW,3.22,5.15,1004.74,0.0,0.0,0.0,21.7,IMELBO1849.csv
2023/02/03,07:09 AM,10.28,5.72,73.0,NNW,4.34,6.6,1004.74,0.0,0.0,0.0,24.2,IMELBO1849.csv
2023/02/03,07:14 AM,10.33,5.78,73.0,North,4.18,5.79,1004.74,0.0,0.0,0.0,32.1,IMELBO1849.csv
2023/02/03,07:19 AM,10.44,6.0,74.0,North,4.51,6.28,1005.08,0.0,0.0,0.0,37.2,IMELBO1849.csv
2023/02/03,07:24 AM,10.5,6.11,74.0,NNE,3.7,4.99,1005.08,0.0,0.0,0.0,42.5,IMELBO1849.csv
2023/02/03,07:29 AM,10.67,6.22,74.0,North,4.02,5.47,1005.08,0.0,0.0,0.0,45.9,IMELBO1849.csv
2023/02/03,07:34 AM,10.78,6.28,74.0,NNE,4.67,6.6,1005.08,0.0,0.0,0.0,60.7,IMELBO1849.csv
2023/02/03,07:39 AM,10.94,6.33,73.0,NNE,3.86,5.95,1005.08,0.0,0.0,0.0,57.6,IMELBO1849.csv
2023/02/03,07:44 AM,10.94,6.33,73.0,NNW,3.38,5.31,1005.08,0.0,0.0,0.0,73.3,IMELBO1849.csv
2023/02/03,07:49 AM,11.17,6.56,73.0,,3.38,4.51,1005.08,0.0,0.0,0.0,77.6,IMELBO1849.csv
2023/02/03,07:54 AM,11.22,6.72,74.0,North,3.38,4.83,1005.42,0.0,0.0,1.0,117.4,IMELBO1849.csv
2023/02/03,07:59 AM,11.22,6.83,74.0,North,3.7,5.15,1005.08,0.0,0.0,1.0,123.2,IMELBO1849.csv
2023/02/03,08:04 AM,11.22,6.89,75.0,North,4.51,6.44,1005.08,0.0,0.0,1.0,108.9,IMELBO1849.csv
2023/02/03,08:09 AM,11.22,6.89,75.0,North,4.51,6.6,1005.08,0.0,0.0,0.0,90.7,IMELBO1849.csv
2023/02/03,08:14 AM,11.22,7.0,76.0,NNE,4.67,5.95,1005.08,0.0,0.0,0.0,72.4,IMELBO1849.csv
2023/02/03,08:19 AM,11.22,7.06,76.0,NNE,4.34,5.79,1005.08,0.0,0.0,1.0,163.9,IMELBO1849.csv
2023/02/03,08:24 AM,11.33,7.0,75.0,NNE,4.02,5.79,1005.42,0.0,0.0,1.0,151.3,IMELBO1849.csv
2023/02/03,08:29 AM,11.5,7.11,74.0,,2.9,4.02,1005.42,0.0,0.0,2.0,233.3,IMELBO1849.csv
2023/02/03,08:34 AM,12.17,7.0,71.0,NNW,6.11,8.37,1005.42,0.0,0.0,2.0,234.6,IMELBO1849.csv
2023/02/03,08:39 AM,12.78,6.33,65.0,NNW,7.24,10.62,1005.42,0.0,0.0,2.0,259.8,IMELBO1849.csv
2023/02/03,08:44 AM,13.17,6.5,64.0,NNW,5.63,8.04,1005.42,0.0,0.0,2.0,239.4,IMELBO1849.csv
2023/02/03,08:49 AM,12.89,6.44,65.0,NNW,8.53,13.19,1005.42,0.0,0.0,1.0,152.7,IMELBO1849.csv
2023/02/03,08:54 AM,12.78,6.28,65.0,NW,7.08,11.58,1005.42,0.0,0.0,2.0,272.0,IMELBO1849.csv
2023/02/03,08:59 AM,12.89,6.22,64.0,NW,9.01,12.71,1005.76,0.0,0.0,2.0,269.8,IMELBO1849.csv
2023/02/03,09:04 AM,12.94,6.11,63.0,NW,8.04,12.71,1005.76,0.0,0.0,3.0,407.3,IMELBO1849.csv
2023/02/03,09:09 AM,13.22,6.0,62.0,NW,9.81,14.48,1005.76,0.0,0.0,4.0,415.1,IMELBO1849.csv
2023/02/03,09:14 AM,13.39,5.89,60.0,WNW,8.04,12.39,1005.76,0.0,0.0,3.0,401.6,IMELBO1849.csv
2023/02/03,09:19 AM,13.39,5.89,61.0,NW,9.65,14.64,1005.76,0.0,0.0,4.0,437.7,IMELBO1849.csv
2023/02/03,09:24 AM,13.72,6.11,60.0,NW,6.28,9.65,1005.76,0.0,0.0,4.0,484.1,IMELBO1849.csv
2023/02/03,09:29 AM,14.06,6.22,59.0,NW,9.49,14.96,1005.76,0.0,0.0,3.0,353.9,IMELBO1849.csv
2023/02/03,09:34 AM,13.61,6.0,60.0,WNW,9.81,13.84,1006.1,0.0,0.0,1.0,146.6,IMELBO1849.csv
2023/02/03,09:39 AM,13.5,6.0,61.0,WNW,9.49,13.35,1006.1,0.0,0.0,1.0,113.7,IMELBO1849.csv
2023/02/03,09:44 AM,13.22,5.83,61.0,NW,9.49,14.16,1006.1,0.0,0.0,0.0,92.4,IMELBO1849.csv
2023/02/03,09:49 AM,13.06,5.61,61.0,West,11.1,15.93,1006.1,0.0,0.0,1.0,124.9,IMELBO1849.csv
2023/02/03,09:54 AM,13.17,5.67,60.0,West,8.37,13.03,1006.1,0.0,0.0,5.0,611.2,IMELBO1849.csv
2023/02/03,09:59 AM,13.56,5.67,59.0,WNW,10.3,15.29,1006.1,0.0,0.0,2.0,212.5,IMELBO1849.csv
2023/02/03,10:04 AM,13.67,5.78,59.0,WNW,9.65,13.19,1006.1,0.0,0.0,3.0,383.4,IMELBO1849.csv
2023/02/03,10:09 AM,13.94,5.83,58.0,WNW,10.14,15.29,1006.1,0.0,0.0,2.0,246.8,IMELBO1849.csv
2023/02/03,10:14 AM,13.83,5.89,59.0,WNW,7.56,10.78,1006.1,0.0,0.0,1.0,199.0,IMELBO1849.csv
2023/02/03,10:19 AM,13.89,5.78,58.0,West,8.37,11.91,1006.1,0.0,0.0,1.0,135.7,IMELBO1849.csv
2023/02/03,10:24 AM,13.61,5.61,59.0,NW,9.49,13.03,1006.1,0.0,0.0,2.0,239.4,IMELBO1849.csv
2023/02/03,10:29 AM,13.83,5.56,57.0,WNW,9.98,14.48,1006.1,0.0,0.0,7.0,770.8,IMELBO1849.csv
2023/02/03,10:34 AM,14.72,5.89,56.0,WNW,9.17,12.71,1006.1,0.0,0.0,7.0,782.6,IMELBO1849.csv
2023/02/03,10:39 AM,14.56,6.22,57.0,NW,10.62,15.61,1006.1,0.0,0.0,2.0,293.6,IMELBO1849.csv
2023/02/03,10:44 AM,14.17,6.72,61.0,NW,9.81,13.84,1006.1,0.0,0.0,4.0,429.9,IMELBO1849.csv
2023/02/03,10:49 AM,14.5,7.39,62.0,NNW,6.28,9.33,1006.1,0.0,0.0,4.0,442.9,IMELBO1849.csv
2023/02/03,10:54 AM,14.61,7.33,62.0,,7.4,11.1,1006.1,0.0,0.0,7.0,778.2,IMELBO1849.csv
2023/02/03,10:59 AM,14.72,7.06,60.0,NNW,8.04,12.07,1006.1,0.0,0.0,8.0,869.3,IMELBO1849.csv
2023/02/03,11:04 AM,15.28,7.0,58.0,NW,6.92,10.62,1006.1,0.0,0.0,3.0,336.2,IMELBO1849.csv
2023/02/03,11:09 AM,14.56,8.11,65.0,WNW,6.92,10.94,1006.43,0.0,0.0,1.0,164.8,IMELBO1849.csv
2023/02/03,11:14 AM,13.44,8.0,69.0,NNW,7.08,10.78,1006.43,0.0,0.0,1.0,154.4,IMELBO1849.csv
2023/02/03,11:19 AM,13.11,7.61,69.0,WNW,4.83,6.92,1006.43,0.0,0.0,2.0,203.8,IMELBO1849.csv
2023/02/03,11:24 AM,13.22,7.94,71.0,WNW,4.34,6.11,1006.43,0.0,0.0,1.0,197.3,IMELBO1849.csv
2023/02/03,11:29 AM,13.22,8.0,71.0,NW,4.51,7.24,1006.43,0.0,0.0,4.0,443.4,IMELBO1849.csv
2023/02/03,11:34 AM,13.72,7.5,66.0,NNW,6.76,10.46,1006.43,0.0,0.0,8.0,915.3,IMELBO1849.csv
2023/02/03,11:39 AM,14.83,7.78,63.0,NNW,6.76,10.14,1006.43,0.0,0.0,8.0,848.9,IMELBO1849.csv
2023/02/03,11:44 AM,14.44,8.06,65.0,,7.24,10.3,1006.43,0.0,0.0,1.0,155.7,IMELBO1849.csv
2023/02/03,11:49 AM,13.72,7.89,68.0,North,5.79,9.17,1006.43,0.0,0.0,8.0,912.3,IMELBO1849.csv
2023/02/03,11:54 AM,13.94,9.17,73.0,NNE,4.51,5.95,1006.43,0.0,0.0,14.0,2015.0,IMELBO1849.csv
2023/02/03,11:59 AM,14.67,9.06,69.0,North,5.79,8.04,1006.1,0.0,0.0,15.0,1613.2,IMELBO1849.csv
2023/02/03,12:04 PM,15.67,8.28,61.0,NNE,8.53,12.07,1006.1,0.0,0.0,5.0,597.7,IMELBO1849.csv
2023/02/03,12:09 PM,15.61,8.89,64.0,,5.95,9.01,1006.1,0.0,0.0,1.0,188.6,IMELBO1849.csv
2023/02/03,12:14 PM,14.67,8.44,66.0,NNW,5.95,9.65,1006.1,0.0,0.0,1.0,118.8,IMELBO1849.csv
2023/02/03,12:19 PM,14.11,8.83,71.0,West,5.47,8.37,1006.1,3.05,0.51,0.0,43.8,IMELBO1849.csv
2023/02/03,12:24 PM,12.56,8.56,77.0,West,4.51,6.92,1006.43,22.86,3.81,0.0,39.9,IMELBO1849.csv
2023/02/03,12:29 PM,11.06,8.22,83.0,WNW,2.09,3.06,1006.43,26.42,4.83,1.0,173.5,IMELBO1849.csv
2023/02/03,12:34 PM,11.11,8.83,86.0,NW,2.74,4.83,1006.1,26.42,4.83,11.0,1221.5,IMELBO1849.csv
2023/02/03,12:39 PM,11.94,9.72,86.0,NW,2.74,3.86,1006.1,6.6,4.83,11.0,1214.2,IMELBO1849.csv
2023/02/03,12:44 PM,12.0,9.56,85.0,NW,3.7,5.15,1006.1,0.0,4.83,1.0,189.1,IMELBO1849.csv
2023/02/03,12:49 PM,11.89,9.28,84.0,,3.06,4.67,1006.1,0.0,4.83,1.0,172.6,IMELBO1849.csv
2023/02/03,12:54 PM,12.11,9.28,83.0,NNW,5.47,8.04,1006.1,0.0,4.83,13.0,1401.6,IMELBO1849.csv
2023/02/03,12:59 PM,12.78,9.39,80.0,North,5.47,8.21,1006.1,0.0,4.83,13.0,1419.0,IMELBO1849.csv
2023/02/03,01:04 PM,13.67,9.5,76.0,NNE,6.28,8.69,1006.1,0.0,4.83,15.0,1618.0,IMELBO1849.csv
2023/02/03,01:09 PM,14.22,9.5,73.0,NNE,6.44,8.85,1006.1,0.0,4.83,14.0,1645.4,IMELBO1849.csv
2023/02/03,01:14 PM,14.89,9.67,71.0,NNE,6.11,9.33,1006.1,0.0,4.83,14.0,1528.7,IMELBO1849.csv
2023/02/03,01:19 PM,14.83,9.5,70.0,NNE,6.11,8.37,1006.1,0.0,4.83,2.0,278.4,IMELBO1849.csv
2023/02/03,01:24 PM,14.89,9.67,71.0,,4.02,5.47,1006.1,0.0,4.83,11.0,1234.6,IMELBO1849.csv
2023/02/03,01:29 PM,15.0,9.83,71.0,WNW,4.99,7.24,1006.1,0.0,4.83,10.0,1087.6,IMELBO1849.csv
2023/02/03,01:34 PM,15.33,8.89,66.0,WNW,8.53,11.91,1006.1,0.0,4.83,14.0,1518.7,IMELBO1849.csv
2023/02/03,01:39 PM,16.28,8.56,60.0,NW,8.04,11.75,1006.1,0.0,4.83,14.0,2235.0,IMELBO1849.csv
2023/02/03,01:44 PM,17.06,7.56,54.0,NW,8.37,13.52,1006.1,0.0,4.83,14.0,1655.0,IMELBO1849.csv
2023/02/03,01:49 PM,16.44,7.28,55.0,West,5.79,8.85,1006.1,0.0,4.83,7.0,738.3,IMELBO1849.csv
2023/02/03,01:54 PM,16.22,7.11,55.0,WSW,6.44,9.81,1006.1,0.0,4.83,15.0,1810.2,IMELBO1849.csv
2023/02/03,01:59 PM,16.83,7.22,53.0,West,5.15,7.4,1006.1,0.0,4.83,10.0,1130.9,IMELBO1849.csv
2023/02/03,02:04 PM,17.61,7.56,52.0,West,7.24,11.26,1006.1,0.0,4.83,8.0,887.1,IMELBO1849.csv
2023/02/03,02:09 PM,17.39,6.78,50.0,West,7.08,11.42,1006.1,0.0,4.83,8.0,923.2,IMELBO1849.csv
2023/02/03,02:14 PM,17.17,6.56,50.0,West,9.65,15.77,1006.1,0.0,4.83,8.0,825.9,IMELBO1849.csv
2023/02/03,02:19 PM,16.89,6.44,50.0,WSW,7.08,11.26,1006.43,0.0,4.83,8.0,838.5,IMELBO1849.csv
2023/02/03,02:24 PM,17.5,6.5,48.0,West,6.76,9.49,1006.43,0.0,4.83,9.0,930.0,IMELBO1849.csv
2023/02/03,02:29 PM,18.33,6.5,46.0,West,8.69,12.71,1006.1,0.0,4.83,9.0,924.9,IMELBO1849.csv
2023/02/03,02:34 PM,18.61,6.44,45.0,WNW,11.26,16.89,1006.43,0.0,4.83,9.0,983.8,IMELBO1849.csv
2023/02/03,02:39 PM,18.06,6.17,46.0,WNW,12.23,17.22,1006.43,0.0,4.83,10.0,1036.3,IMELBO1849.csv
2023/02/03,02:44 PM,17.39,6.17,48.0,WNW,9.65,13.52,1006.43,0.0,4.83,8.0,853.7,IMELBO1849.csv
2023/02/03,02:49 PM,17.39,6.83,50.0,WSW,9.01,13.19,1006.43,0.0,4.83,9.0,964.3,IMELBO1849.csv
2023/02/03,02:54 PM,17.33,6.33,49.0,West,10.94,15.61,1006.77,0.0,4.83,9.0,993.4,IMELBO1849.csv
2023/02/03,02:59 PM,17.72,6.06,46.0,WSW,10.3,15.77,1006.77,0.0,4.83,9.0,975.1,IMELBO1849.csv
2023/02/03,03:04 PM,17.39,5.28,45.0,West,8.21,13.52,1006.77,0.0,4.83,10.0,1047.2,IMELBO1849.csv
2023/02/03,03:09 PM,17.89,4.22,40.0,West,7.56,11.26,1006.77,0.0,4.83,9.0,953.8,IMELBO1849.csv
2023/02/03,03:14 PM,17.72,5.78,46.0,West,12.71,18.18,1006.77,0.0,4.83,2.0,255.1,IMELBO1849.csv
2023/02/03,03:19 PM,16.39,7.33,55.0,West,10.14,16.57,1007.11,0.0,4.83,1.0,170.9,IMELBO1849.csv
2023/02/03,03:24 PM,15.0,8.72,66.0,WSW,6.44,10.46,1007.11,0.0,4.83,14.0,2367.8,IMELBO1849.csv
2023/02/03,03:29 PM,15.78,8.61,63.0,West,5.79,8.85,1007.11,0.0,4.83,14.0,2367.8,IMELBO1849.csv
2023/02/03,03:34 PM,16.83,7.72,55.0,WSW,5.31,7.72,1007.11,0.0,4.83,4.0,508.4,IMELBO1849.csv
2023/02/03,03:39 PM,16.78,7.56,55.0,West,5.47,7.88,1007.11,0.0,4.83,6.0,633.3,IMELBO1849.csv
2023/02/03,03:44 PM,17.06,7.06,52.0,West,5.63,8.85,1007.11,0.0,4.83,9.0,930.5,IMELBO1849.csv
2023/02/03,03:49 PM,17.11,6.06,48.0,West,8.21,13.19,1007.11,0.0,4.83,8.0,916.5,IMELBO1849.csv
2023/02/03,03:54 PM,17.0,6.06,49.0,WSW,9.98,15.12,1007.45,0.0,4.83,8.0,896.6,IMELBO1849.csv
2023/02/03,03:59 PM,17.5,6.22,47.0,West,13.52,19.79,1007.45,0.0,4.83,7.0,787.4,IMELBO1849.csv
2023/02/03,04:04 PM,17.83,6.22,47.0,West,9.81,14.32,1007.11,0.0,4.83,7.0,773.0,IMELBO1849.csv
2023/02/03,04:09 PM,17.78,6.28,47.0,WNW,11.26,16.09,1007.11,0.0,4.83,7.0,778.7,IMELBO1849.csv
2023/02/03,04:14 PM,17.89,5.94,45.0,West,8.85,14.16,1007.45,0.0,4.83,7.0,807.7,IMELBO1849.csv
2023/02/03,04:19 PM,17.83,5.94,46.0,West,10.46,14.48,1007.45,0.0,4.83,8.0,836.3,IMELBO1849.csv
2023/02/03,04:24 PM,18.17,6.44,46.0,WSW,9.98,15.93,1007.79,0.0,4.83,8.0,878.0,IMELBO1849.csv
2023/02/03,04:29 PM,16.61,6.94,53.0,WSW,9.17,14.96,1007.79,0.0,4.83,6.0,669.8,IMELBO1849.csv
2023/02/03,04:34 PM,15.94,6.61,54.0,SW,8.85,13.52,1008.13,0.0,4.83,4.0,484.9,IMELBO1849.csv
2023/02/03,04:39 PM,15.06,6.22,56.0,West,9.17,13.19,1008.13,0.0,4.83,1.0,178.6,IMELBO1849.csv
2023/02/03,04:44 PM,14.44,6.06,57.0,WSW,7.24,10.62,1008.13,0.0,4.83,1.0,126.6,IMELBO1849.csv
2023/02/03,04:49 PM,14.28,6.17,58.0,West,8.85,13.03,1008.47,0.0,4.83,1.0,114.5,IMELBO1849.csv
2023/02/03,04:54 PM,13.94,6.78,62.0,West,8.53,13.35,1008.47,0.0,4.83,0.0,95.4,IMELBO1849.csv
2023/02/03,04:59 PM,13.39,7.67,68.0,WNW,11.91,17.38,1008.47,0.0,4.83,1.0,130.9,IMELBO1849.csv
2023/02/03,05:04 PM,12.94,8.67,75.0,WNW,10.46,14.96,1008.47,1.27,5.08,4.0,475.4,IMELBO1849.csv
2023/02/03,05:09 PM,13.17,9.5,79.0,WNW,8.37,12.07,1008.47,1.27,5.08,5.0,614.6,IMELBO1849.csv
2023/02/03,05:14 PM,13.61,9.5,76.0,WNW,9.01,12.55,1008.47,1.27,5.08,6.0,628.9,IMELBO1849.csv
2023/02/03,05:19 PM,14.5,8.83,69.0,WNW,10.3,14.8,1008.47,0.0,5.08,6.0,635.9,IMELBO1849.csv
2023/02/03,05:24 PM,15.0,7.89,63.0,WNW,10.46,16.09,1008.47,0.0,5.08,6.0,639.3,IMELBO1849.csv
2023/02/03,05:29 PM,15.33,7.72,61.0,WNW,11.1,16.25,1008.47,0.0,5.08,5.0,576.5,IMELBO1849.csv
2023/02/03,05:34 PM,15.44,7.39,58.0,WNW,12.87,18.34,1008.47,0.0,5.08,5.0,570.0,IMELBO1849.csv
2023/02/03,05:39 PM,15.78,7.33,57.0,West,12.23,17.38,1008.47,0.0,5.08,5.0,546.1,IMELBO1849.csv
2023/02/03,05:44 PM,15.83,7.0,56.0,WNW,11.58,16.57,1008.47,0.0,5.08,4.0,502.3,IMELBO1849.csv
2023/02/03,05:49 PM,15.94,6.72,54.0,WNW,9.49,14.0,1008.81,0.0,5.08,3.0,345.7,IMELBO1849.csv
2023/02/03,05:54 PM,15.72,6.61,55.0,West,8.69,13.03,1008.81,0.0,5.08,2.0,273.3,IMELBO1849.csv
2023/02/03,05:59 PM,15.33,6.67,56.0,WNW,9.49,13.52,1008.81,0.0,5.08,1.0,183.5,IMELBO1849.csv
2023/02/03,06:04 PM,15.06,6.67,57.0,WNW,9.01,12.87,1008.81,0.0,5.08,1.0,138.7,IMELBO1849.csv
2023/02/03,06:09 PM,14.94,6.78,58.0,WNW,7.72,11.1,1009.14,0.0,5.08,1.0,124.1,IMELBO1849.csv
2023/02/03,06:14 PM,14.78,6.72,59.0,West,7.24,10.94,1009.14,0.0,5.08,1.0,114.0,IMELBO1849.csv
2023/02/03,06:19 PM,14.67,6.17,57.0,West,7.08,11.42,1008.81,0.0,5.08,1.0,146.2,IMELBO1849.csv
2023/02/03,06:24 PM,14.67,6.11,57.0,West,7.56,10.78,1009.14,0.0,5.08,1.0,146.2,IMELBO1849.csv
2023/02/03,06:29 PM,14.61,6.22,57.0,WNW,5.63,8.85,1009.14,0.0,5.08,2.0,273.7,IMELBO1849.csv
2023/02/03,06:34 PM,15.06,6.83,58.0,WNW,9.98,14.0,1009.48,0.0,5.08,3.0,344.4,IMELBO1849.csv
2023/02/03,06:39 PM,15.72,7.33,58.0,WNW,7.88,11.91,1009.48,0.0,5.08,3.0,349.6,IMELBO1849.csv
2023/02/03,06:44 PM,15.78,7.39,57.0,WNW,11.42,17.54,1009.48,0.0,5.08,3.0,321.4,IMELBO1849.csv
2023/02/03,06:49 PM,15.83,7.44,57.0,WNW,8.37,13.19,1009.82,0.0,5.08,2.0,284.9,IMELBO1849.csv
2023/02/03,06:54 PM,15.78,7.22,57.0,WNW,11.1,15.29,1009.82,0.0,5.08,2.0,237.2,IMELBO1849.csv
2023/02/03,06:59 PM,15.78,7.33,57.0,West,7.4,10.3,1009.82,0.0,5.08,1.0,192.6,IMELBO1849.csv
2023/02/03,07:04 PM,15.61,7.44,58.0,WNW,11.58,16.41,1010.16,0.0,5.08,1.0,173.8,IMELBO1849.csv
2023/02/03,07:09 PM,15.33,7.11,58.0,West,9.33,14.16,1010.16,0.0,5.08,1.0,149.1,IMELBO1849.csv
2023/02/03,07:14 PM,14.94,7.06,59.0,West,7.4,11.58,1010.5,0.0,5.08,0.0,49.8,IMELBO1849.csv
2023/02/03,07:19 PM,14.67,7.33,62.0,West,7.88,11.91,1010.5,0.0,5.08,0.0,43.3,IMELBO1849.csv
2023/02/03,07:24 PM,14.5,7.5,63.0,West,7.56,11.91,1010.5,0.0,5.08,0.0,45.5,IMELBO1849.csv
2023/02/03,07:29 PM,14.28,7.39,63.0,West,8.85,13.52,1010.84,0.0,5.08,0.0,58.1,IMELBO1849.csv
2023/02/03,07:34 PM,13.78,7.0,64.0,WSW,5.79,7.88,1010.84,0.0,5.08,0.0,68.5,IMELBO1849.csv
2023/02/03,07:39 PM,13.44,7.11,65.0,WSW,5.79,8.21,1010.84,0.0,5.08,0.0,66.3,IMELBO1849.csv
2023/02/03,07:44 PM,13.39,7.33,67.0,WSW,3.7,5.63,1010.84,0.0,5.08,0.0,75.0,IMELBO1849.csv
2023/02/03,07:49 PM,13.44,7.67,68.0,West,5.95,8.53,1010.84,0.0,5.08,0.0,73.3,IMELBO1849.csv
2023/02/03,07:54 PM,13.5,7.72,68.0,WNW,8.85,12.71,1010.84,0.0,5.08,0.0,40.7,IMELBO1849.csv
2023/02/03,07:59 PM,13.33,7.67,69.0,West,8.04,11.1,1011.18,0.0,5.08,0.0,27.7,IMELBO1849.csv
2023/02/03,08:04 PM,13.22,7.78,70.0,West,6.76,10.3,1011.18,0.0,5.08,0.0,24.7,IMELBO1849.csv
2023/02/03,08:09 PM,12.94,7.72,70.0,WNW,6.92,9.81,1011.18,0.0,5.08,0.0,21.2,IMELBO1849.csv
2023/02/03,08:14 PM,12.89,7.78,71.0,West,6.44,9.01,1011.51,0.0,5.08,0.0,16.0,IMELBO1849.csv
2023/02/03,08:19 PM,12.78,7.72,71.0,WNW,4.83,7.24,1011.51,0.0,5.08,0.0,11.6,IMELBO1849.csv
2023/02/03,08:24 PM,12.72,7.61,71.0,WNW,7.08,9.81,1011.51,0.0,5.08,0.0,8.2,IMELBO1849.csv
2023/02/03,08:29 PM,12.72,7.61,71.0,WNW,6.6,9.49,1011.85,0.0,5.08,0.0,6.0,IMELBO1849.csv
2023/02/03,08:34 PM,12.67,7.67,72.0,WNW,6.44,8.21,1011.85,0.0,5.08,0.0,2.9,IMELBO1849.csv
2023/02/03,08:39 PM,12.61,7.72,72.0,WNW,5.95,8.21,1011.85,0.0,5.08,0.0,1.2,IMELBO1849.csv
2023/02/03,08:44 PM,12.5,7.61,72.0,WNW,6.28,9.01,1012.19,0.0,5.08,0.0,0.0,IMELBO1849.csv
2023/02/03,08:49 PM,12.5,7.61,72.0,WNW,6.11,8.69,1012.19,0.0,5.08,0.0,0.0,IMELBO1849.csv
2023/02/03,08:54 PM,12.44,7.56,72.0,WNW,7.4,10.3,1012.19,0.0,5.08,0.0,0.0,IMELBO1849.csv
2023/02/03,08:59 PM,12.5,7.61,72.0,West,8.53,11.91,1012.19,0.0,5.08,0.0,0.0,IMELBO1849.csv
2023/02/03,09:04 PM,12.44,7.56,72.0,WNW,5.15,7.4,1012.19,0.0,5.08,0.0,0.0,IMELBO1849.csv
2023/02/03,09:09 PM,12.39,7.5,72.0,WNW,7.24,10.78,1012.19,0.0,5.08,0.0,0.0,IMELBO1849.csv
2023/02/03,09:14 PM,12.33,7.56,73.0,WNW,5.95,8.53,1012.53,0.0,5.08,0.0,0.0,IMELBO1849.csv
2023/02/03,09:19 PM,12.28,7.61,73.0,WNW,6.6,9.33,1012.53,0.0,5.08,0.0,0.0,IMELBO1849.csv
2023/02/03,09:24 PM,12.28,7.61,73.0,WNW,6.28,9.49,1012.53,0.0,5.08,0.0,0.0,IMELBO1849.csv
2023/02/03,09:29 PM,12.22,7.56,73.0,WNW,6.28,8.21,1012.53,0.0,5.08,0.0,0.0,IMELBO1849.csv
2023/02/03,09:34 PM,12.17,7.67,74.0,WNW,5.63,8.69,1012.87,0.0,5.08,0.0,0.0,IMELBO1849.csv
2023/02/03,09:39 PM,12.11,7.61,74.0,WNW,5.63,8.37,1012.53,0.0,5.08,0.0,0.0,IMELBO1849.csv
2023/02/03,09:44 PM,12.0,7.5,74.0,WNW,6.76,10.46,1012.87,0.0,5.08,0.0,0.0,IMELBO1849.csv
2023/02/03,09:49 PM,11.94,7.44,74.0,WNW,5.63,8.04,1013.21,0.0,5.08,0.0,0.0,IMELBO1849.csv
2023/02/03,09:54 PM,11.89,7.44,74.0,WNW,7.88,10.94,1013.21,0.0,5.08,0.0,0.0,IMELBO1849.csv
2023/02/03,09:59 PM,11.78,7.5,75.0,WNW,7.08,10.62,1012.87,0.0,5.08,0.0,0.0,IMELBO1849.csv
2023/02/03,10:04 PM,11.78,7.44,75.0,WNW,3.38,5.31,1012.87,0.0,5.08,0.0,0.0,IMELBO1849.csv
2023/02/03,10:09 PM,11.72,7.39,75.0,WNW,5.79,8.04,1012.87,0.0,5.08,0.0,0.0,IMELBO1849.csv
2023/02/03,10:14 PM,11.67,7.33,75.0,WNW,6.44,9.65,1012.87,0.0,5.08,0.0,0.0,IMELBO1849.csv
2023/02/03,10:19 PM,11.72,7.33,75.0,WNW,5.63,7.72,1013.21,0.0,5.08,0.0,0.0,IMELBO1849.csv
2023/02/03,10:24 PM,11.72,7.22,74.0,WNW,4.99,7.24,1013.21,0.0,5.08,0.0,0.0,IMELBO1849.csv
2023/02/03,10:29 PM,11.61,7.11,74.0,WNW,4.83,7.4,1013.21,0.0,5.08,0.0,0.0,IMELBO1849.csv
2023/02/03,10:34 PM,11.56,7.22,75.0,NW,4.83,7.4,1013.21,0.0,5.08,0.0,0.0,IMELBO1849.csv
2023/02/03,10:39 PM,11.39,7.11,75.0,WNW,5.95,8.53,1013.21,0.0,5.08,0.0,0.0,IMELBO1849.csv
2023/02/03,10:44 PM,11.39,7.11,75.0,WNW,3.7,5.31,1013.55,0.0,5.08,0.0,0.0,IMELBO1849.csv
2023/02/03,10:49 PM,11.39,7.11,75.0,WNW,5.15,7.24,1013.55,0.0,5.08,0.0,0.0,IMELBO1849.csv
2023/02/03,10:54 PM,11.33,7.17,76.0,WNW,5.15,7.4,1013.55,0.0,5.08,0.0,0.0,IMELBO1849.csv
2023/02/03,10:59 PM,11.28,7.22,76.0,NW,6.44,9.33,1013.55,0.0,5.08,0.0,0.0,IMELBO1849.csv
2023/02/03,11:04 PM,11.22,7.28,77.0,WNW,4.99,6.76,1013.55,0.0,5.08,0.0,0.0,IMELBO1849.csv
2023/02/03,11:09 PM,11.11,7.22,77.0,NW,5.31,7.56,1013.88,0.0,5.08,0.0,0.0,IMELBO1849.csv
2023/02/03,11:14 PM,11.11,7.22,77.0,WNW,4.51,6.44,1013.88,0.0,5.08,0.0,0.0,IMELBO1849.csv
2023/02/03,11:19 PM,11.06,7.28,78.0,NW,4.51,6.44,1013.88,0.0,5.08,0.0,0.0,IMELBO1849.csv
2023/02/03,11:24 PM,11.06,7.28,78.0,WNW,4.51,5.79,1013.88,0.0,5.08,0.0,0.0,IMELBO1849.csv
2023/02/03,11:29 PM,11.11,7.22,77.0,NW,5.63,7.88,1013.88,0.0,5.08,0.0,0.0,IMELBO1849.csv
2023/02/03,11:34 PM,11.11,7.33,78.0,WNW,6.92,9.49,1013.88,0.0,5.08,0.0,0.0,IMELBO1849.csv
2023/02/03,11:39 PM,11.22,7.39,77.0,WNW,5.63,7.88,1013.88,0.0,5.08,0.0,0.0,IMELBO1849.csv
2023/02/03,11:44 PM,11.28,7.44,77.0,WNW,5.31,7.56,1013.88,0.0,5.08,0.0,0.0,IMELBO1849.csv
2023/02/03,11:49 PM,11.28,7.61,78.0,WNW,5.31,7.4,1013.88,0.0,5.08,0.0,0.0,IMELBO1849.csv
2023/02/03,11:54 PM,11.28,7.61,78.0,NW,5.15,7.08,1014.22,0.0,5.08,0.0,0.0,IMELBO1849.csv
2023/02/03,11:59 PM,11.28,7.56,78.0,WNW,5.95,9.01,1014.22,0.0,5.08,0.0,0.0,IMELBO1849.csv
2023/02/04,12:04 AM,11.22,7.5,78.0,WNW,5.47,6.92,1013.88,0.0,0.0,0.0,0.0,IMELBO1849.csv
2023/02/04,12:09 AM,11.28,7.56,78.0,NW,6.76,9.17,1014.22,0.0,0.0,0.0,0.0,IMELBO1849.csv
2023/02/04,12:14 AM,11.28,7.61,78.0,WNW,5.15,7.56,1014.22,0.0,0.0,0.0,0.0,IMELBO1849.csv
2023/02/04,12:19 AM,11.28,7.72,79.0,WNW,6.11,8.21,1014.22,0.0,0.0,0.0,0.0,IMELBO1849.csv
2023/02/04,12:24 AM,11.28,7.78,79.0,WNW,5.95,8.85,1014.22,0.0,0.0,0.0,0.0,IMELBO1849.csv
2023/02/04,12:29 AM,11.28,7.78,79.0,WNW,4.99,7.4,1014.22,0.0,0.0,0.0,0.0,IMELBO1849.csv
2023/02/04,12:34 AM,11.28,7.78,79.0,NW,5.63,8.04,1014.22,0.0,0.0,0.0,0.0,IMELBO1849.csv
2023/02/04,12:39 AM,11.33,7.83,79.0,WNW,7.4,9.98,1014.22,0.0,0.0,0.0,0.0,IMELBO1849.csv
2023/02/04,12:44 AM,11.39,7.89,79.0,WNW,6.92,9.65,1014.56,0.0,0.0,0.0,0.0,IMELBO1849.csv
2023/02/04,12:49 AM,11.39,7.89,79.0,WNW,6.11,9.01,1014.22,0.0,0.0,0.0,0.0,IMELBO1849.csv
2023/02/04,12:54 AM,11.39,8.06,80.0,WNW,5.63,7.88,1014.56,0.0,0.0,0.0,0.0,IMELBO1849.csv
2023/02/04,12:59 AM,11.39,8.11,80.0,WNW,5.95,8.04,1014.56,0.0,0.0,0.0,0.0,IMELBO1849.csv
2023/02/04,01:04 AM,11.56,8.17,80.0,WNW,5.79,7.88,1014.22,0.0,0.0,0.0,0.0,IMELBO1849.csv
2023/02/04,01:09 AM,11.61,8.17,79.0,WNW,5.47,7.72,1014.22,0.0,0.0,0.0,0.0,IMELBO1849.csv
2023/02/04,01:14 AM,11.61,8.22,80.0,WNW,5.79,8.21,1014.22,0.0,0.0,0.0,0.0,IMELBO1849.csv
2023/02/04,01:19 AM,11.61,8.28,80.0,WNW,5.79,8.04,1014.22,0.0,0.0,0.0,0.0,IMELBO1849.csv
2023/02/04,01:24 AM,11.61,8.28,80.0,WNW,5.95,8.04,1014.22,0.0,0.0,0.0,0.0,IMELBO1849.csv
2023/02/04,01:29 AM,11.61,8.28,80.0,WNW,5.31,7.56,1014.22,0.0,0.0,0.0,0.0,IMELBO1849.csv
2023/02/04,01:34 AM,11.61,8.28,80.0,WNW,5.79,8.21,1014.56,0.0,0.0,0.0,0.0,IMELBO1849.csv
2023/02/04,01:39 AM,11.61,8.28,80.0,WNW,4.99,7.08,1014.56,0.0,0.0,0.0,0.0,IMELBO1849.csv
2023/02/04,01:44 AM,11.61,8.33,80.0,WNW,6.6,9.33,1014.56,0.0,0.0,0.0,0.0,IMELBO1849.csv
2023/02/04,01:49 AM,11.61,8.39,81.0,WNW,5.63,8.69,1014.56,0.0,0.0,0.0,0.0,IMELBO1849.csv
2023/02/04,01:54 AM,11.56,8.33,81.0,WNW,4.83,7.08,1014.56,0.0,0.0,0.0,0.0,IMELBO1849.csv
2023/02/04,01:59 AM,11.5,8.28,81.0,WNW,6.28,9.81,1014.56,0.0,0.0,0.0,0.0,IMELBO1849.csv
2023/02/04,02:04 AM,11.56,8.39,81.0,WNW,5.15,7.4,1014.56,0.0,0.0,0.0,0.0,IMELBO1849.csv
2023/02/04,02:09 AM,11.61,8.61,82.0,WNW,5.47,7.72,1014.56,0.0,0.0,0.0,0.0,IMELBO1849.csv
2023/02/04,02:14 AM,11.67,8.67,82.0,WNW,5.63,7.72,1014.56,0.0,0.0,0.0,0.0,IMELBO1849.csv
2023/02/04,02:19 AM,11.72,8.72,82.0,WNW,5.63,7.88,1014.56,0.0,0.0,0.0,0.0,IMELBO1849.csv
2023/02/04,02:24 AM,11.78,8.78,82.0,WNW,4.99,7.24,1014.22,0.0,0.0,0.0,0.0,IMELBO1849.csv
2023/02/04,02:29 AM,11.78,8.78,82.0,WNW,5.63,7.4,1014.22,0.0,0.0,0.0,0.0,IMELBO1849.csv
2023/02/04,02:34 AM,11.89,8.89,82.0,WNW,4.67,7.24,1014.22,0.0,0.0,0.0,0.0,IMELBO1849.csv
2023/02/04,02:39 AM,11.94,8.94,82.0,WNW,7.4,9.33,1014.22,0.0,0.0,0.0,0.0,IMELBO1849.csv
2023/02/04,02:44 AM,12.0,9.0,82.0,WNW,4.51,6.11,1014.22,0.0,0.0,0.0,0.0,IMELBO1849.csv
2023/02/04,02:49 AM,12.0,9.0,82.0,WNW,6.11,8.37,1014.22,0.0,0.0,0.0,0.0,IMELBO1849.csv
2023/02/04,02:54 AM,12.06,9.06,82.0,WNW,5.31,7.56,1014.22,0.0,0.0,0.0,0.0,IMELBO1849.csv
2023/02/04,02:59 AM,12.11,8.89,81.0,WNW,6.28,8.69,1014.22,0.0,0.0,0.0,0.0,IMELBO1849.csv
2023/02/04,03:04 AM,12.11,8.89,81.0,WNW,5.79,8.37,1014.22,0.0,0.0,0.0,0.0,IMELBO1849.csv
2023/02/04,03:09 AM,12.17,8.94,81.0,WNW,5.95,8.21,1014.22,0.0,0.0,0.0,0.0,IMELBO1849.csv
2023/02/04,03:14 AM,12.17,8.94,81.0,WNW,6.28,8.53,1014.22,0.0,0.0,0.0,0.0,IMELBO1849.csv
2023/02/04,03:19 AM,12.22,9.0,81.0,WNW,5.47,7.4,1014.22,0.0,0.0,0.0,0.0,IMELBO1849.csv
2023/02/04,03:24 AM,12.22,9.0,81.0,WNW,4.67,7.08,1013.88,0.0,0.0,0.0,0.0,IMELBO1849.csv
2023/02/04,03:29 AM,12.22,8.89,80.0,WNW,5.95,8.37,1013.88,0.0,0.0,0.0,0.0,IMELBO1849.csv
2023/02/04,03:34 AM,12.28,8.89,80.0,WNW,6.6,9.17,1014.22,0.0,0.0,0.0,0.0,IMELBO1849.csv
2023/02/04,03:39 AM,12.33,8.94,80.0,WNW,6.92,9.98,1013.88,0.0,0.0,0.0,0.0,IMELBO1849.csv
2023/02/04,03:44 AM,12.39,9.0,80.0,WNW,6.44,9.49,1013.88,0.0,0.0,0.0,0.0,IMELBO1849.csv
2023/02/04,03:49 AM,12.44,9.0,80.0,WNW,6.44,9.49,1013.88,0.0,0.0,0.0,0.0,IMELBO1849.csv
2023/02/04,03:54 AM,12.5,9.0,79.0,WNW,4.83,7.08,1013.88,0.0,0.0,0.0,0.0,IMELBO1849.csv
2023/02/04,03:59 AM,12.5,9.0,79.0,WNW,5.47,7.4,1013.88,0.0,0.0,0.0,0.0,IMELBO1849.csv
2023/02/04,04:04 AM,12.5,9.0,79.0,NW,7.08,9.49,1013.88,0.0,0.0,0.0,0.0,IMELBO1849.csv
2023/02/04,04:09 AM,12.5,9.06,80.0,WNW,6.28,9.01,1013.88,0.0,0.0,0.0,0.0,IMELBO1849.csv
2023/02/04,04:14 AM,12.5,9.11,80.0,WNW,5.31,7.24,1013.88,0.0,0.0,0.0,0.0,IMELBO1849.csv
2023/02/04,04:19 AM,12.5,9.11,80.0,WNW,5.15,6.76,1013.88,0.0,0.0,0.0,0.0,IMELBO1849.csv
2023/02/04,04:24 AM,12.5,9.11,80.0,WNW,5.95,7.88,1013.88,0.0,0.0,0.0,0.0,IMELBO1849.csv
2023/02/04,04:29 AM,12.61,9.17,80.0,NW,5.63,7.56,1013.88,0.0,0.0,0.0,0.0,IMELBO1849.csv
2023/02/04,04:34 AM,12.61,9.11,79.0,WNW,6.11,8.37,1013.88,0.0,0.0,0.0,0.0,IMELBO1849.csv
2023/02/04,04:39 AM,12.61,9.0,79.0,NW,7.88,11.75,1013.88,0.0,0.0,0.0,0.0,IMELBO1849.csv
2023/02/04,04:44 AM,12.72,9.0,78.0,WNW,7.72,11.26,1013.88,0.0,0.0,0.0,0.0,IMELBO1849.csv
2023/02/04,04:49 AM,12.72,9.06,78.0,NW,7.88,11.42,1013.88,0.0,0.0,0.0,0.0,IMELBO1849.csv
2023/02/04,04:54 AM,12.78,9.11,78.0,WNW,8.37,11.58,1014.22,0.0,0.0,0.0,0.0,IMELBO1849.csv
2023/02/04,04:59 AM,12.78,9.17,79.0,NW,9.49,13.52,1013.88,0.0,0.0,0.0,0.0,IMELBO1849.csv
2023/02/04,05:04 AM,12.72,9.28,80.0,West,5.95,8.53,1014.22,0.0,0.0,0.0,0.0,IMELBO1849.csv
2023/02/04,05:09 AM,12.61,9.5,82.0,WNW,8.69,12.07,1014.22,0.0,0.0,0.0,0.0,IMELBO1849.csv
2023/02/04,05:14 AM,12.44,9.67,83.0,WNW,6.76,9.81,1014.22,0.0,0.0,0.0,0.0,IMELBO1849.csv
2023/02/04,05:19 AM,12.22,9.78,85.0,WNW,9.01,13.19,1014.22,1.78,0.25,0.0,0.0,IMELBO1849.csv
2023/02/04,05:24 AM,12.06,9.72,85.0,WNW,7.4,10.94,1014.22,1.78,0.25,0.0,0.0,IMELBO1849.csv
2023/02/04,05:29 AM,11.94,9.78,86.0,WNW,4.99,7.24,1014.22,3.05,0.51,0.0,0.0,IMELBO1849.csv
2023/02/04,05:34 AM,11.83,9.72,87.0,WNW,6.28,8.53,1014.22,1.27,0.51,0.0,0.0,IMELBO1849.csv
2023/02/04,05:39 AM,11.72,9.72,88.0,WNW,7.08,10.46,1014.22,1.27,0.51,0.0,0.0,IMELBO1849.csv
2023/02/04,05:44 AM,11.72,9.72,88.0,WNW,5.95,8.69,1014.22,0.0,0.51,0.0,0.0,IMELBO1849.csv
2023/02/04,05:49 AM,11.72,9.72,88.0,NW,6.44,9.17,1014.22,1.78,0.76,0.0,0.0,IMELBO1849.csv
2023/02/04,05:54 AM,11.61,9.72,89.0,NW,5.95,9.01,1014.22,1.78,0.76,0.0,0.0,IMELBO1849.csv
2023/02/04,05:59 AM,11.61,9.78,89.0,NW,7.56,11.26,1014.22,3.05,1.02,0.0,0.0,IMELBO1849.csv
2023/02/04,06:04 AM,11.56,9.94,90.0,NW,6.76,10.94,1014.22,3.05,1.27,0.0,0.0,IMELBO1849.csv
2023/02/04,06:09 AM,11.5,9.89,90.0,NW,6.76,9.81,1014.22,3.05,1.27,0.0,0.0,IMELBO1849.csv
2023/02/04,06:14 AM,11.5,9.89,90.0,NW,4.83,6.92,1014.22,1.78,1.27,0.0,0.0,IMELBO1849.csv
2023/02/04,06:19 AM,11.5,9.89,90.0,NW,6.11,8.37,1014.56,0.0,1.27,0.0,0.0,IMELBO1849.csv
2023/02/04,06:24 AM,11.5,9.89,90.0,NW,6.28,9.01,1014.22,1.27,1.52,0.0,0.0,IMELBO1849.csv
2023/02/04,06:29 AM,11.56,9.94,90.0,WNW,5.47,7.56,1014.22,1.27,1.52,0.0,0.0,IMELBO1849.csv
2023/02/04,06:34 AM,11.61,10.0,90.0,WNW,6.92,9.98,1014.22,1.27,1.52,0.0,0.0,IMELBO1849.csv
2023/02/04,06:39 AM,11.61,10.0,90.0,WNW,7.72,10.46,1014.56,1.78,1.78,0.0,0.0,IMELBO1849.csv
2023/02/04,06:44 AM,11.72,10.22,91.0,WNW,7.88,11.58,1014.56,1.78,1.78,0.0,0.0,IMELBO1849.csv
2023/02/04,06:49 AM,11.72,10.28,91.0,WNW,9.65,13.68,1014.56,3.05,2.03,0.0,2.1,IMELBO1849.csv
2023/02/04,06:54 AM,11.78,10.39,91.0,WNW,6.44,9.49,1014.9,3.05,2.29,0.0,1.2,IMELBO1849.csv
2023/02/04,06:59 AM,11.78,10.39,91.0,WNW,5.95,8.53,1014.9,3.56,2.54,0.0,2.6,IMELBO1849.csv
2023/02/04,07:04 AM,11.78,10.5,92.0,WNW,6.92,9.98,1014.56,3.56,2.54,0.0,4.8,IMELBO1849.csv
2023/02/04,07:09 AM,11.78,10.61,92.0,WNW,9.33,13.03,1014.9,1.78,2.54,0.0,7.7,IMELBO1849.csv
2023/02/04,07:14 AM,11.89,10.72,92.0,WNW,7.56,11.1,1014.9,0.0,2.54,0.0,6.9,IMELBO1849.csv
2023/02/04,07:19 AM,12.0,10.78,92.0,WNW,10.3,14.48,1014.9,0.0,2.54,0.0,14.3,IMELBO1849.csv
2023/02/04,07:24 AM,12.11,10.89,92.0,WNW,8.53,12.07,1014.9,1.27,2.79,0.0,19.1,IMELBO1849.csv
2023/02/04,07:29 AM,12.11,10.89,92.0,WNW,10.78,14.64,1014.9,1.27,2.79,0.0,20.8,IMELBO1849.csv
2023/02/04,07:34 AM,12.22,11.0,92.0,WNW,10.14,14.32,1015.24,1.27,2.79,0.0,20.8,IMELBO1849.csv
2023/02/04,07:39 AM,12.22,11.0,92.0,West,8.85,12.23,1015.24,0.0,2.79,0.0,32.1,IMELBO1849.csv
2023/02/04,07:44 AM,12.28,11.11,92.0,West,7.72,10.46,1015.24,0.0,2.79,0.0,29.9,IMELBO1849.csv
2023/02/04,07:49 AM,12.33,11.17,92.0,WNW,6.44,9.17,1015.58,0.0,2.79,0.0,34.3,IMELBO1849.csv
2023/02/04,07:54 AM,12.39,11.22,92.0,WNW,8.37,12.87,1015.58,0.0,2.79,0.0,41.1,IMELBO1849.csv
2023/02/04,07:59 AM,12.5,11.33,92.0,WNW,6.92,9.98,1015.58,0.0,2.79,0.0,67.7,IMELBO1849.csv
2023/02/04,08:04 AM,12.67,11.44,92.0,West,7.88,11.75,1015.92,0.0,2.79,0.0,75.8,IMELBO1849.csv
2023/02/04,08:09 AM,12.78,11.61,92.0,West,8.04,11.42,1015.92,0.0,2.79,0.0,76.3,IMELBO1849.csv
2023/02/04,08:14 AM,12.89,11.72,92.0,West,6.76,9.81,1015.92,0.0,2.79,0.0,82.3,IMELBO1849.csv
2023/02/04,08:19 AM,13.0,11.78,92.0,West,8.21,12.07,1016.26,0.0,2.79,0.0,89.3,IMELBO1849.csv
2023/02/04,08:24 AM,13.11,11.89,92.0,West,9.65,13.52,1016.59,0.0,2.79,1.0,101.4,IMELBO1849.csv
2023/02/04,08:29 AM,13.22,12.0,92.0,West,6.76,10.3,1016.59,0.0,2.79,1.0,104.1,IMELBO1849.csv
2023/02/04,08:34 AM,13.44,12.06,91.0,WNW,8.85,12.23,1016.59,0.0,2.79,1.0,108.9,IMELBO1849.csv
2023/02/04,08:39 AM,13.56,12.11,91.0,WNW,7.24,10.94,1016.59,0.0,2.79,1.0,161.4,IMELBO1849.csv
2023/02/04,08:44 AM,13.78,12.17,90.0,WNW,7.56,11.1,1016.59,0.0,2.79,1.0,134.8,IMELBO1849.csv
2023/02/04,08:49 AM,13.94,12.28,90.0,West,7.24,10.94,1016.59,0.0,2.79,1.0,156.1,IMELBO1849.csv
2023/02/04,08:54 AM,14.11,12.28,89.0,West,8.04,12.23,1016.59,0.0,2.79,1.0,129.2,IMELBO1849.csv
2023/02/04,08:59 AM,14.17,12.17,88.0,WNW,9.33,13.84,1016.93,0.0,2.79,2.0,202.6,IMELBO1849.csv
2023/02/04,09:04 AM,14.39,12.39,88.0,WNW,6.76,10.14,1016.93,0.0,2.79,3.0,370.8,IMELBO1849.csv
2023/02/04,09:09 AM,14.83,12.72,87.0,West,7.72,11.58,1016.93,0.0,2.79,4.0,449.0,IMELBO1849.csv
2023/02/04,09:14 AM,15.22,12.78,86.0,WNW,8.85,13.35,1017.27,0.0,2.79,3.0,384.7,IMELBO1849.csv
2023/02/04,09:19 AM,15.22,12.72,85.0,West,6.6,9.49,1017.27,0.0,2.79,1.0,165.6,IMELBO1849.csv
2023/02/04,09:24 AM,15.17,12.67,85.0,WSW,5.15,8.21,1017.27,0.0,2.79,1.0,117.4,IMELBO1849.csv
2023/02/04,09:29 AM,15.06,12.56,85.0,West,7.4,12.87,1017.61,0.0,2.79,1.0,137.5,IMELBO1849.csv
2023/02/04,09:34 AM,15.06,12.33,84.0,WSW,5.47,7.72,1017.61,0.0,2.79,1.0,166.1,IMELBO1849.csv
2023/02/04,09:39 AM,15.22,12.44,84.0,WSW,7.24,11.58,1017.61,0.0,2.79,1.0,176.9,IMELBO1849.csv
2023/02/04,09:44 AM,15.28,12.39,83.0,West,5.95,8.53,1017.61,0.0,2.79,1.0,155.7,IMELBO1849.csv
2023/02/04,09:49 AM,15.39,12.44,83.0,West,5.63,9.17,1017.95,0.0,2.79,1.0,167.4,IMELBO1849.csv
2023/02/04,09:54 AM,15.39,12.28,82.0,WSW,8.37,12.39,1018.29,0.0,2.79,2.0,206.4,IMELBO1849.csv
2023/02/04,09:59 AM,15.56,12.22,81.0,WSW,6.11,8.69,1017.95,0.0,2.79,2.0,261.9,IMELBO1849.csv
2023/02/04,10:04 AM,15.83,12.44,80.0,SW,6.76,9.81,1018.29,0.0,2.79,2.0,249.4,IMELBO1849.csv
2023/02/04,10:09 AM,16.11,12.67,80.0,WSW,6.44,10.46,1018.29,0.0,2.79,2.0,243.7,IMELBO1849.csv
2023/02/04,10:14 AM,16.17,12.39,78.0,WSW,5.79,8.69,1018.29,0.0,2.79,2.0,237.2,IMELBO1849.csv
2023/02/04,10:19 AM,16.22,12.39,78.0,WSW,6.6,10.46,1018.29,0.0,2.79,1.0,173.5,IMELBO1849.csv
2023/02/04,10:24 AM,16.06,12.28,78.0,WSW,5.79,8.69,1018.29,0.0,2.79,1.0,123.2,IMELBO1849.csv
2023/02/04,10:29 AM,16.0,12.22,78.0,WSW,5.31,7.88,1018.29,0.0,2.79,1.0,189.5,IMELBO1849.csv
2023/02/04,10:34 AM,16.22,12.39,78.0,WSW,6.76,10.94,1018.29,0.0,2.79,1.0,196.8,IMELBO1849.csv
2023/02/04,10:39 AM,16.28,12.33,77.0,WSW,7.4,10.94,1018.29,0.0,2.79,2.0,202.6,IMELBO1849.csv
2023/02/04,10:44 AM,16.22,12.22,77.0,WSW,6.76,10.62,1018.63,0.0,2.79,2.0,208.6,IMELBO1849.csv
2023/02/04,10:49 AM,16.33,12.11,76.0,SW,6.44,9.98,1018.63,0.0,2.79,1.0,188.6,IMELBO1849.csv
2023/02/04,10:54 AM,16.44,12.06,75.0,WSW,6.28,8.85,1018.96,0.0,2.79,2.0,205.5,IMELBO1849.csv
2023/02/04,10:59 AM,16.72,12.17,75.0,WSW,6.11,10.14,1018.96,0.0,2.79,3.0,318.8,IMELBO1849.csv
2023/02/04,11:04 AM,16.78,12.22,74.0,WSW,7.56,11.75,1018.96,0.0,2.79,3.0,408.6,IMELBO1849.csv
2023/02/04,11:09 AM,17.22,12.22,72.0,SW,7.88,12.55,1018.96,0.0,2.79,8.0,889.8,IMELBO1849.csv
2023/02/04,11:14 AM,18.0,12.39,70.0,SW,7.08,10.3,1018.96,0.0,2.79,9.0,928.8,IMELBO1849.csv
2023/02/04,11:19 AM,18.56,12.72,69.0,WSW,9.49,13.19,1018.96,0.0,2.79,9.0,949.1,IMELBO1849.csv
2023/02/04,11:24 AM,18.5,12.44,68.0,WSW,7.08,10.3,1018.96,0.0,2.79,8.0,875.0,IMELBO1849.csv
2023/02/04,11:29 AM,19.39,12.44,64.0,SW,9.17,15.12,1018.96,0.0,2.79,9.0,947.9,IMELBO1849.csv
2023/02/04,11:34 AM,18.89,12.39,66.0,WSW,6.76,10.14,1018.96,0.0,2.79,3.0,355.6,IMELBO1849.csv
2023/02/04,11:39 AM,18.33,12.67,69.0,West,6.6,10.62,1019.3,0.0,2.79,2.0,279.8,IMELBO1849.csv
2023/02/04,11:44 AM,17.72,12.44,71.0,WSW,6.6,9.81,1019.3,0.0,2.79,3.0,314.0,IMELBO1849.csv
2023/02/04,11:49 AM,17.61,12.22,71.0,WSW,6.76,9.98,1019.3,0.0,2.79,1.0,183.5,IMELBO1849.csv
2023/02/04,11:54 AM,17.39,11.89,70.0,SW,8.21,12.71,1019.3,0.0,2.79,2.0,237.2,IMELBO1849.csv
2023/02/04,11:59 AM,17.56,11.89,69.0,WSW,6.6,9.65,1019.3,0.0,2.79,4.0,509.3,IMELBO1849.csv
2023/02/04,12:04 PM,18.28,12.06,67.0,SW,6.44,9.65,1019.3,0.0,2.79,6.0,685.0,IMELBO1849.csv
2023/02/04,12:09 PM,18.94,12.06,64.0,WSW,5.15,7.72,1019.3,0.0,2.79,5.0,515.3,IMELBO1849.csv
2023/02/04,12:14 PM,18.61,11.61,64.0,West,8.85,13.52,1019.3,0.0,2.79,9.0,941.4,IMELBO1849.csv
2023/02/04,12:19 PM,18.72,11.28,62.0,WSW,9.49,13.68,1019.3,0.0,2.79,5.0,524.5,IMELBO1849.csv
2023/02/04,12:24 PM,18.78,11.0,61.0,WSW,9.65,13.52,1019.3,0.0,2.79,4.0,414.2,IMELBO1849.csv
2023/02/04,12:29 PM,19.0,10.83,59.0,West,6.11,8.85,1019.3,0.0,2.79,4.0,467.2,IMELBO1849.csv
2023/02/04,12:34 PM,19.17,10.56,57.0,SW,10.94,15.29,1019.3,0.0,2.79,3.0,374.7,IMELBO1849.csv
2023/02/04,12:39 PM,19.0,10.44,58.0,WSW,9.49,14.0,1019.64,0.0,2.79,7.0,775.1,IMELBO1849.csv
2023/02/04,12:44 PM,19.33,10.44,56.0,WSW,7.56,12.07,1019.64,0.0,2.79,9.0,954.3,IMELBO1849.csv
2023/02/04,12:49 PM,19.72,10.39,55.0,West,8.53,13.68,1019.64,0.0,2.79,8.0,880.6,IMELBO1849.csv
2023/02/04,12:54 PM,20.33,10.5,53.0,WSW,8.85,12.87,1019.64,0.0,2.79,9.0,927.4,IMELBO1849.csv
2023/02/04,12:59 PM,20.44,10.72,54.0,SW,9.17,14.32,1019.64,0.0,2.79,9.0,983.0,IMELBO1849.csv
2023/02/04,01:04 PM,20.28,10.28,53.0,SW,10.46,14.48,1019.64,0.0,2.79,9.0,1012.1,IMELBO1849.csv
2023/02/04,01:09 PM,20.39,10.39,53.0,WSW,9.17,13.35,1019.64,0.0,2.79,10.0,1042.8,IMELBO1849.csv
2023/02/04,01:14 PM,20.22,10.33,53.0,WSW,6.6,10.62,1019.64,0.0,2.79,9.0,1017.2,IMELBO1849.csv
2023/02/04,01:19 PM,20.39,10.22,52.0,SW,8.85,12.55,1019.98,0.0,2.79,10.0,1041.1,IMELBO1849.csv
2023/02/04,01:24 PM,20.61,10.44,52.0,WSW,9.17,12.87,1019.98,0.0,2.79,2.0,294.1,IMELBO1849.csv
2023/02/04,01:29 PM,20.28,10.11,52.0,West,8.37,13.35,1019.64,0.0,2.79,9.0,977.7,IMELBO1849.csv
2023/02/04,01:34 PM,20.11,10.28,53.0,WSW,8.53,12.23,1019.98,0.0,2.79,8.0,921.3,IMELBO1849.csv
2023/02/04,01:39 PM,20.5,10.28,52.0,West,8.21,12.71,1019.98,0.0,2.79,9.0,1010.7,IMELBO1849.csv
2023/02/04,01:44 PM,21.33,10.39,50.0,WSW,8.69,12.07,1019.98,0.0,2.79,10.0,1045.5,IMELBO1849.csv
2023/02/04,01:49 PM,21.5,10.5,49.0,WSW,9.33,14.0,1019.98,0.0,2.79,9.0,1018.9,IMELBO1849.csv
2023/02/04,01:54 PM,21.06,10.28,50.0,WSW,8.53,13.03,1019.98,0.0,2.79,6.0,671.0,IMELBO1849.csv
2023/02/04,01:59 PM,21.11,10.5,51.0,SW,9.33,12.87,1019.98,0.0,2.79,3.0,329.2,IMELBO1849.csv
2023/02/04,02:04 PM,20.83,10.33,51.0,West,6.28,10.62,1019.98,0.0,2.79,5.0,580.4,IMELBO1849.csv
2023/02/04,02:09 PM,21.11,10.44,50.0,WSW,10.62,14.48,1019.98,0.0,2.79,9.0,974.3,IMELBO1849.csv
2023/02/04,02:14 PM,21.11,10.0,49.0,SW,11.1,17.38,1019.98,0.0,2.79,9.0,951.3,IMELBO1849.csv
2023/02/04,02:19 PM,21.44,10.39,49.0,West,13.35,18.34,1019.98,0.0,2.79,9.0,960.8,IMELBO1849.csv
2023/02/04,02:24 PM,20.94,9.89,49.0,SW,8.69,13.19,1019.98,0.0,2.79,8.0,909.2,IMELBO1849.csv
2023/02/04,02:29 PM,21.17,10.22,50.0,SW,10.62,16.57,1020.32,0.0,2.79,9.0,985.5,IMELBO1849.csv
2023/02/04,02:34 PM,21.22,9.89,48.0,WSW,9.17,14.0,1020.32,0.0,2.79,10.0,1032.0,IMELBO1849.csv
2023/02/04,02:39 PM,21.44,9.89,48.0,SW,11.42,15.29,1020.32,0.0,2.79,10.0,1029.8,IMELBO1849.csv
2023/02/04,02:44 PM,21.33,9.89,48.0,WSW,11.75,15.93,1020.66,0.0,2.79,9.0,949.9,IMELBO1849.csv
2023/02/04,02:49 PM,21.0,9.5,48.0,SW,13.19,19.79,1020.32,0.0,2.79,9.0,1022.0,IMELBO1849.csv
2023/02/04,02:54 PM,21.17,9.94,49.0,WSW,11.91,16.41,1020.66,0.0,2.79,9.0,1002.0,IMELBO1849.csv
2023/02/04,02:59 PM,21.06,9.78,48.0,WSW,10.94,15.61,1020.66,0.0,2.79,9.0,999.0,IMELBO1849.csv
2023/02/04,03:04 PM,21.06,9.89,49.0,WNW,9.49,14.48,1020.66,0.0,2.79,10.0,1028.5,IMELBO1849.csv
2023/02/04,03:09 PM,21.61,9.89,47.0,WSW,8.04,11.75,1020.66,0.0,2.79,9.0,999.8,IMELBO1849.csv
2023/02/04,03:14 PM,21.67,10.39,49.0,WSW,9.98,14.32,1020.66,0.0,2.79,10.0,1056.7,IMELBO1849.csv
2023/02/04,03:19 PM,21.22,10.39,50.0,WSW,11.91,16.41,1020.66,0.0,2.79,9.0,958.6,IMELBO1849.csv
2023/02/04,03:24 PM,21.83,10.56,49.0,WSW,7.72,11.75,1020.66,0.0,2.79,10.0,1035.4,IMELBO1849.csv
2023/02/04,03:29 PM,21.72,10.67,49.0,WSW,8.04,12.71,1021.0,0.0,2.79,6.0,641.2,IMELBO1849.csv
2023/02/04,03:34 PM,21.06,10.89,52.0,SW,12.71,17.54,1021.0,0.0,2.79,10.0,1052.8,IMELBO1849.csv
2023/02/04,03:39 PM,21.06,10.89,52.0,SW,9.98,14.0,1021.0,0.0,2.79,9.0,1018.9,IMELBO1849.csv
2023/02/04,03:44 PM,21.39,10.78,51.0,SW,8.53,12.87,1021.0,0.0,2.79,9.0,998.1,IMELBO1849.csv
2023/02/04,03:49 PM,21.78,10.33,48.0,WSW,7.72,11.91,1021.0,0.0,2.79,10.0,1052.8,IMELBO1849.csv
2023/02/04,03:54 PM,22.11,10.61,48.0,WSW,9.81,14.48,1021.0,0.0,2.79,9.0,948.7,IMELBO1849.csv
2023/02/04,03:59 PM,21.56,10.28,49.0,SW,8.85,13.35,1021.0,0.0,2.79,9.0,970.9,IMELBO1849.csv
2023/02/04,04:04 PM,21.61,10.56,49.0,WSW,9.17,13.84,1021.0,0.0,2.79,9.0,959.5,IMELBO1849.csv
2023/02/04,04:09 PM,21.22,10.06,49.0,WSW,10.46,14.96,1021.0,0.0,2.79,9.0,956.9,IMELBO1849.csv
2023/02/04,04:14 PM,21.56,9.67,47.0,SW,12.55,18.34,1021.0,0.0,2.79,9.0,949.9,IMELBO1849.csv
2023/02/04,04:19 PM,21.22,9.78,48.0,WSW,10.94,14.64,1021.0,0.0,2.79,9.0,947.9,IMELBO1849.csv
2023/02/04,04:24 PM,21.11,9.94,49.0,SW,9.17,13.35,1021.0,0.0,2.79,8.0,846.7,IMELBO1849.csv
2023/02/04,04:29 PM,21.06,9.94,49.0,WSW,10.14,14.64,1021.0,0.0,2.79,8.0,900.5,IMELBO1849.csv
2023/02/04,04:34 PM,20.61,10.17,51.0,SW,7.72,11.58,1021.0,0.0,2.79,8.0,862.0,IMELBO1849.csv
2023/02/04,04:39 PM,21.0,10.56,51.0,WSW,8.85,12.87,1021.0,0.0,2.79,8.0,911.8,IMELBO1849.csv
2023/02/04,04:44 PM,21.44,10.83,51.0,WSW,8.85,12.87,1021.33,0.0,2.79,8.0,854.2,IMELBO1849.csv
2023/02/04,04:49 PM,21.22,10.61,51.0,SW,11.42,15.93,1021.33,0.0,2.79,8.0,870.7,IMELBO1849.csv
2023/02/04,04:54 PM,21.17,10.5,50.0,WSW,9.17,13.52,1021.33,0.0,2.79,8.0,891.0,IMELBO1849.csv
2023/02/04,04:59 PM,21.33,10.06,49.0,SW,9.98,14.0,1021.0,0.0,2.79,8.0,883.1,IMELBO1849.csv
2023/02/04,05:04 PM,21.72,10.44,49.0,WSW,11.42,17.06,1021.33,0.0,2.79,7.0,745.6,IMELBO1849.csv
2023/02/04,05:09 PM,21.44,10.78,51.0,SW,11.26,15.61,1021.33,0.0,2.79,7.0,739.6,IMELBO1849.csv
2023/02/04,05:14 PM,20.56,10.83,54.0,WSW,11.58,16.41,1021.33,0.0,2.79,7.0,756.9,IMELBO1849.csv
2023/02/04,05:19 PM,20.94,10.5,51.0,WSW,9.49,13.52,1021.33,0.0,2.79,7.0,726.2,IMELBO1849.csv
2023/02/04,05:24 PM,21.0,10.22,50.0,WSW,8.21,12.07,1021.33,0.0,2.79,6.0,694.0,IMELBO1849.csv
2023/02/04,05:29 PM,21.06,9.67,48.0,WSW,9.65,14.32,1021.67,0.0,2.79,7.0,723.1,IMELBO1849.csv
2023/02/04,05:34 PM,21.06,9.78,49.0,WSW,9.17,13.35,1021.67,0.0,2.79,6.0,634.2,IMELBO1849.csv
2023/02/04,05:39 PM,20.72,9.94,50.0,WSW,10.46,15.77,1021.67,0.0,2.79,3.0,386.1,IMELBO1849.csv
2023/02/04,05:44 PM,20.33,10.17,52.0,WSW,9.81,14.64,1021.67,0.0,2.79,2.0,259.4,IMELBO1849.csv
2023/02/04,05:49 PM,20.28,10.22,53.0,SSW,11.1,15.77,1021.67,0.0,2.79,4.0,490.2,IMELBO1849.csv
2023/02/04,05:54 PM,20.39,10.17,52.0,SW,12.87,17.7,1021.67,0.0,2.79,4.0,491.9,IMELBO1849.csv
2023/02/04,05:59 PM,20.28,10.22,53.0,SW,9.01,12.23,1021.67,0.0,2.79,4.0,457.7,IMELBO1849.csv
2023/02/04,06:04 PM,20.28,10.5,54.0,WSW,9.81,13.52,1021.67,0.0,2.79,4.0,432.9,IMELBO1849.csv
2023/02/04,06:09 PM,20.39,10.44,53.0,SW,7.56,10.94,1022.01,0.0,2.79,4.0,448.1,IMELBO1849.csv
2023/02/04,06:14 PM,20.61,10.44,52.0,SW,8.37,12.71,1022.01,0.0,2.79,3.0,364.3,IMELBO1849.csv
2023/02/04,06:19 PM,20.61,10.44,52.0,WSW,5.63,8.53,1022.01,0.0,2.79,3.0,396.5,IMELBO1849.csv
2023/02/04,06:24 PM,20.5,10.33,52.0,WSW,9.01,14.48,1022.01,0.0,2.79,3.0,360.4,IMELBO1849.csv
2023/02/04,06:29 PM,20.17,10.22,53.0,SW,9.65,13.84,1022.01,0.0,2.79,2.0,275.4,IMELBO1849.csv
2023/02/04,06:34 PM,19.67,10.0,54.0,SW,11.26,15.29,1022.35,0.0,2.79,3.0,318.0,IMELBO1849.csv
2023/02/04,06:39 PM,20.22,10.17,53.0,WSW,7.24,9.65,1022.35,0.0,2.79,3.0,318.3,IMELBO1849.csv
2023/02/04,06:44 PM,20.61,10.61,53.0,SW,6.6,10.46,1022.35,0.0,2.79,1.0,182.1,IMELBO1849.csv
2023/02/04,06:49 PM,20.06,10.33,53.0,WSW,9.49,12.87,1022.69,0.0,2.79,2.0,238.9,IMELBO1849.csv
2023/02/04,06:54 PM,20.06,10.22,53.0,SW,9.17,12.71,1022.69,0.0,2.79,2.0,235.5,IMELBO1849.csv
2023/02/04,06:59 PM,20.06,10.11,53.0,WSW,9.17,13.03,1022.69,0.0,2.79,1.0,196.8,IMELBO1849.csv
2023/02/04,07:04 PM,19.89,10.17,53.0,West,7.4,10.78,1022.69,0.0,2.79,1.0,199.9,IMELBO1849.csv
2023/02/04,07:09 PM,19.67,10.17,55.0,WSW,7.56,10.78,1023.03,0.0,2.79,1.0,161.4,IMELBO1849.csv
2023/02/04,07:14 PM,19.28,10.0,55.0,WSW,6.44,9.65,1023.03,0.0,2.79,0.0,81.1,IMELBO1849.csv
2023/02/04,07:19 PM,19.17,10.11,56.0,SW,8.53,13.19,1023.03,0.0,2.79,1.0,127.1,IMELBO1849.csv
2023/02/04,07:24 PM,19.22,10.22,56.0,WSW,7.08,11.42,1023.03,0.0,2.79,0.0,64.6,IMELBO1849.csv
2023/02/04,07:29 PM,19.06,10.17,56.0,SW,8.37,12.39,1023.37,0.0,2.79,0.0,51.1,IMELBO1849.csv
2023/02/04,07:34 PM,18.83,10.17,57.0,WSW,7.72,11.75,1023.37,0.0,2.79,0.0,53.7,IMELBO1849.csv
2023/02/04,07:39 PM,18.78,10.17,57.0,WSW,9.01,12.39,1023.37,0.0,2.79,0.0,47.2,IMELBO1849.csv
2023/02/04,07:44 PM,18.61,10.22,58.0,WSW,6.92,9.65,1023.71,0.0,2.79,0.0,46.7,IMELBO1849.csv
2023/02/04,07:49 PM,18.5,10.11,58.0,WSW,7.08,10.94,1023.71,0.0,2.79,0.0,50.3,IMELBO1849.csv
2023/02/04,07:54 PM,18.39,9.94,58.0,WSW,8.21,11.75,1023.71,0.0,2.79,0.0,33.4,IMELBO1849.csv
2023/02/04,07:59 PM,18.22,9.72,58.0,WSW,8.37,12.71,1023.71,0.0,2.79,0.0,31.2,IMELBO1849.csv
2023/02/04,08:04 PM,18.11,9.72,58.0,WSW,7.08,10.46,1024.04,0.0,2.79,0.0,30.7,IMELBO1849.csv
2023/02/04,08:09 PM,18.0,9.89,59.0,SW,6.76,10.62,1024.04,0.0,2.79,0.0,25.9,IMELBO1849.csv
2023/02/04,08:14 PM,17.78,9.94,60.0,SW,8.21,12.71,1024.38,0.0,2.79,0.0,17.7,IMELBO1849.csv
2023/02/04,08:19 PM,17.5,10.0,62.0,WSW,5.79,8.69,1024.38,0.0,2.79,0.0,13.3,IMELBO1849.csv
2023/02/04,08:24 PM,17.33,10.0,62.0,SW,5.47,9.01,1024.38,0.0,2.79,0.0,9.9,IMELBO1849.csv
2023/02/04,08:29 PM,17.28,10.0,62.0,WSW,4.51,6.92,1024.72,0.0,2.79,0.0,6.0,IMELBO1849.csv
2023/02/04,08:34 PM,17.22,9.72,61.0,WSW,4.51,6.6,1024.72,0.0,2.79,0.0,3.4,IMELBO1849.csv
2023/02/04,08:39 PM,17.06,9.72,62.0,SW,4.18,6.11,1024.72,0.0,2.79,0.0,1.7,IMELBO1849.csv
2023/02/04,08:44 PM,16.94,9.67,62.0,SW,4.99,7.56,1024.72,0.0,2.79,0.0,0.0,IMELBO1849.csv
2023/02/04,08:49 PM,16.78,9.61,63.0,WSW,4.99,8.21,1024.72,0.0,2.79,0.0,0.0,IMELBO1849.csv
2023/02/04,08:54 PM,16.72,9.61,63.0,WSW,5.47,8.37,1025.06,0.0,2.79,0.0,0.0,IMELBO1849.csv
2023/02/04,08:59 PM,16.61,9.56,63.0,WSW,5.31,8.53,1025.06,0.0,2.79,0.0,0.0,IMELBO1849.csv
2023/02/04,09:04 PM,16.5,9.72,64.0,WSW,5.63,8.37,1025.06,0.0,2.79,0.0,0.0,IMELBO1849.csv
2023/02/04,09:09 PM,16.39,9.72,65.0,WSW,4.34,6.44,1025.06,0.0,2.79,0.0,0.0,IMELBO1849.csv
2023/02/04,09:14 PM,16.28,9.72,65.0,WSW,4.34,6.6,1025.4,0.0,2.79,0.0,0.0,IMELBO1849.csv
2023/02/04,09:19 PM,16.22,9.89,66.0,WSW,5.63,8.37,1025.4,0.0,2.79,0.0,0.0,IMELBO1849.csv
2023/02/04,09:24 PM,16.11,9.78,66.0,WSW,4.34,6.92,1025.4,0.0,2.79,0.0,0.0,IMELBO1849.csv
2023/02/04,09:29 PM,16.06,9.94,67.0,SW,4.02,6.11,1025.4,0.0,2.79,0.0,0.0,IMELBO1849.csv
2023/02/04,09:34 PM,15.94,10.0,68.0,WSW,3.54,6.6,1025.74,0.0,2.79,0.0,0.0,IMELBO1849.csv
2023/02/04,09:39 PM,15.83,10.06,68.0,WSW,5.15,7.72,1025.74,0.0,2.79,0.0,0.0,IMELBO1849.csv
2023/02/04,09:44 PM,15.78,10.11,69.0,WSW,3.22,4.67,1026.08,0.0,2.79,0.0,0.0,IMELBO1849.csv
2023/02/04,09:49 PM,15.72,10.17,70.0,WSW,2.41,3.7,1026.08,0.0,2.79,0.0,0.0,IMELBO1849.csv
2023/02/04,09:54 PM,15.72,10.28,70.0,SW,3.22,4.83,1026.08,0.0,2.79,0.0,0.0,IMELBO1849.csv
2023/02/04,09:59 PM,15.72,10.28,70.0,WSW,2.74,4.51,1026.08,0.0,2.79,0.0,0.0,IMELBO1849.csv
2023/02/04,10:04 PM,15.56,10.17,70.0,WSW,3.38,4.99,1026.08,0.0,2.79,0.0,0.0,IMELBO1849.csv
2023/02/04,10:09 PM,15.44,10.22,71.0,West,2.74,4.51,1026.41,0.0,2.79,0.0,0.0,IMELBO1849.csv
2023/02/04,10:14 PM,15.33,10.17,71.0,WSW,3.22,5.15,1026.41,0.0,2.79,0.0,0.0,IMELBO1849.csv
2023/02/04,10:19 PM,15.28,10.06,71.0,West,2.41,3.7,1026.08,0.0,2.79,0.0,0.0,IMELBO1849.csv
2023/02/04,10:24 PM,15.17,9.94,71.0,WSW,2.41,4.02,1026.08,0.0,2.79,0.0,0.0,IMELBO1849.csv
2023/02/04,10:29 PM,15.06,9.83,71.0,WSW,2.57,4.02,1026.41,0.0,2.79,0.0,0.0,IMELBO1849.csv
2023/02/04,10:34 PM,14.94,9.94,72.0,WSW,2.74,4.18,1026.41,0.0,2.79,0.0,0.0,IMELBO1849.csv
2023/02/04,10:39 PM,14.89,9.89,72.0,WSW,2.74,4.34,1026.41,0.0,2.79,0.0,0.0,IMELBO1849.csv
2023/02/04,10:44 PM,14.89,9.89,72.0,WSW,2.57,3.86,1026.41,0.0,2.79,0.0,0.0,IMELBO1849.csv
2023/02/04,10:49 PM,14.78,9.78,72.0,SW,3.54,5.31,1026.41,0.0,2.79,0.0,0.0,IMELBO1849.csv
2023/02/04,10:54 PM,14.78,9.78,72.0,WSW,2.41,3.7,1026.41,0.0,2.79,0.0,0.0,IMELBO1849.csv
2023/02/04,10:59 PM,14.78,9.78,72.0,WSW,2.57,4.02,1026.41,0.0,2.79,0.0,0.0,IMELBO1849.csv
2023/02/04,11:04 PM,14.78,9.78,72.0,West,1.61,2.41,1026.41,0.0,2.79,0.0,0.0,IMELBO1849.csv
2023/02/04,11:09 PM,14.78,9.78,72.0,West,2.74,4.51,1026.41,0.0,2.79,0.0,0.0,IMELBO1849.csv
2023/02/04,11:14 PM,14.78,9.89,72.0,WNW,2.74,3.7,1026.41,0.0,2.79,0.0,0.0,IMELBO1849.csv
2023/02/04,11:19 PM,14.78,10.0,73.0,West,2.25,3.38,1026.41,0.0,2.79,0.0,0.0,IMELBO1849.csv
2023/02/04,11:24 PM,14.78,10.0,73.0,West,2.41,3.38,1026.41,0.0,2.79,0.0,0.0,IMELBO1849.csv
2023/02/04,11:29 PM,14.78,10.0,73.0,West,1.93,2.9,1026.41,0.0,2.79,0.0,0.0,IMELBO1849.csv
2023/02/04,11:34 PM,14.78,10.0,73.0,West,1.93,3.06,1026.41,0.0,2.79,0.0,0.0,IMELBO1849.csv
2023/02/04,11:39 PM,14.78,10.0,73.0,WNW,2.57,4.18,1026.41,0.0,2.79,0.0,0.0,IMELBO1849.csv
2023/02/04,11:44 PM,14.78,10.0,73.0,WNW,1.61,2.9,1026.41,0.0,2.79,0.0,0.0,IMELBO1849.csv
2023/02/04,11:49 PM,14.67,9.83,73.0,WNW,1.29,2.41,1026.41,0.0,2.79,0.0,0.0,IMELBO1849.csv
2023/02/04,11:54 PM,14.5,10.0,74.0,West,1.77,2.57,1026.41,0.0,2.79,0.0,0.0,IMELBO1849.csv
2023/02/04,11:59 PM,14.5,10.0,74.0,WSW,1.93,3.38,1026.41,0.0,2.79,0.0,0.0,IMELBO1849.csv
2023/02/05,12:04 AM,14.5,10.0,74.0,WSW,1.61,2.57,1026.41,0.0,0.0,0.0,0.0,IMELBO1849.csv
2023/02/05,12:09 AM,14.5,10.0,74.0,SW,1.29,2.09,1026.41,0.0,0.0,0.0,0.0,IMELBO1849.csv
2023/02/05,12:14 AM,14.5,10.0,74.0,WSW,1.13,2.25,1026.41,0.0,0.0,0.0,0.0,IMELBO1849.csv
2023/02/05,12:19 AM,14.61,10.11,74.0,WSW,1.77,2.57,1026.41,0.0,0.0,0.0,0.0,IMELBO1849.csv
2023/02/05,12:24 AM,14.61,10.11,74.0,WSW,2.9,4.51,1026.41,0.0,0.0,0.0,0.0,IMELBO1849.csv
2023/02/05,12:29 AM,14.56,10.06,74.0,WSW,2.57,3.54,1026.41,0.0,0.0,0.0,0.0,IMELBO1849.csv
2023/02/05,12:34 AM,14.44,10.0,75.0,WSW,2.74,4.34,1026.41,0.0,0.0,0.0,0.0,IMELBO1849.csv
2023/02/05,12:39 AM,14.33,9.94,75.0,WSW,2.09,3.38,1026.41,0.0,0.0,0.0,0.0,IMELBO1849.csv
2023/02/05,12:44 AM,14.22,9.78,75.0,WSW,0.64,1.29,1026.41,0.0,0.0,0.0,0.0,IMELBO1849.csv
2023/02/05,12:49 AM,14.06,9.83,76.0,WSW,0.8,1.45,1026.41,0.0,0.0,0.0,0.0,IMELBO1849.csv
2023/02/05,12:54 AM,13.89,9.78,77.0,West,1.13,1.93,1026.41,0.0,0.0,0.0,0.0,IMELBO1849.csv
2023/02/05,12:59 AM,13.78,9.78,77.0,West,0.32,0.8,1026.41,0.0,0.0,0.0,0.0,IMELBO1849.csv
2023/02/05,01:04 AM,13.78,9.83,77.0,WSW,0.97,1.77,1026.41,0.0,0.0,0.0,0.0,IMELBO1849.csv
2023/02/05,01:09 AM,13.83,9.89,77.0,West,0.97,1.61,1026.41,0.0,0.0,0.0,0.0,IMELBO1849.csv
2023/02/05,01:14 AM,13.94,9.94,77.0,West,1.29,2.09,1026.41,0.0,0.0,0.0,0.0,IMELBO1849.csv
2023/02/05,01:19 AM,14.0,10.0,77.0,West,1.29,2.09,1026.41,0.0,0.0,0.0,0.0,IMELBO1849.csv
2023/02/05,01:24 AM,14.11,10.11,77.0,WNW,1.77,2.57,1026.75,0.0,0.0,0.0,0.0,IMELBO1849.csv
2023/02/05,01:29 AM,14.11,10.11,77.0,WNW,2.25,3.38,1026.41,0.0,0.0,0.0,0.0,IMELBO1849.csv
2023/02/05,01:34 AM,14.11,10.11,77.0,WNW,1.77,2.74,1026.41,0.0,0.0,0.0,0.0,IMELBO1849.csv
2023/02/05,01:39 AM,14.22,10.22,77.0,West,1.93,3.38,1026.41,0.0,0.0,0.0,0.0,IMELBO1849.csv
2023/02/05,01:44 AM,14.11,10.28,78.0,WNW,2.25,3.22,1026.41,0.0,0.0,0.0,0.0,IMELBO1849.csv
2023/02/05,01:49 AM,14.06,10.28,78.0,WNW,3.86,5.47,1026.41,0.0,0.0,0.0,0.0,IMELBO1849.csv
2023/02/05,01:54 AM,13.94,10.33,79.0,WNW,4.34,6.11,1026.41,0.0,0.0,0.0,0.0,IMELBO1849.csv
2023/02/05,01:59 AM,13.89,10.28,79.0,WNW,3.54,4.67,1026.41,0.0,0.0,0.0,0.0,IMELBO1849.csv
2023/02/05,02:04 AM,13.89,10.28,79.0,WNW,2.57,3.38,1026.41,0.0,0.0,0.0,0.0,IMELBO1849.csv
2023/02/05,02:09 AM,13.89,10.28,79.0,WNW,3.7,5.31,1026.41,0.0,0.0,0.0,0.0,IMELBO1849.csv
2023/02/05,02:14 AM,13.78,10.39,80.0,WNW,2.74,3.86,1026.08,0.0,0.0,0.0,0.0,IMELBO1849.csv
2023/02/05,02:19 AM,13.72,10.28,80.0,WNW,2.09,3.22,1026.08,0.0,0.0,0.0,0.0,IMELBO1849.csv
2023/02/05,02:24 AM,13.61,10.22,80.0,WNW,3.22,4.34,1026.41,0.0,0.0,0.0,0.0,IMELBO1849.csv
2023/02/05,02:29 AM,13.61,10.22,80.0,WNW,3.7,5.15,1026.41,0.0,0.0,0.0,0.0,IMELBO1849.csv
2023/02/05,02:34 AM,13.61,10.22,80.0,WNW,4.34,5.47,1026.41,0.0,0.0,0.0,0.0,IMELBO1849.csv
2023/02/05,02:39 AM,13.61,10.22,80.0,WNW,3.7,4.83,1026.41,0.0,0.0,0.0,0.0,IMELBO1849.csv
2023/02/05,02:44 AM,13.56,10.17,80.0,WNW,2.9,4.02,1026.41,0.0,0.0,0.0,0.0,IMELBO1849.csv
2023/02/05,02:49 AM,13.39,10.22,81.0,WNW,3.22,4.67,1026.41,0.0,0.0,0.0,0.0,IMELBO1849.csv
2023/02/05,02:54 AM,13.22,10.0,81.0,WNW,4.18,5.63,1026.41,0.0,0.0,0.0,0.0,IMELBO1849.csv
2023/02/05,02:59 AM,13.17,10.11,82.0,WNW,3.22,4.02,1026.41,0.0,0.0,0.0,0.0,IMELBO1849.csv
2023/02/05,03:04 AM,13.11,10.11,82.0,WNW,4.18,5.31,1026.41,0.0,0.0,0.0,0.0,IMELBO1849.csv
2023/02/05,03:09 AM,13.0,10.0,82.0,NW,3.38,4.51,1026.41,0.0,0.0,0.0,0.0,IMELBO1849.csv
2023/02/05,03:14 AM,13.0,10.0,82.0,WNW,2.41,3.54,1026.41,0.0,0.0,0.0,0.0,IMELBO1849.csv
2023/02/05,03:19 AM,13.0,10.0,82.0,WNW,2.74,4.18,1026.41,0.0,0.0,0.0,0.0,IMELBO1849.csv
2023/02/05,03:24 AM,12.89,10.0,83.0,WNW,3.38,5.15,1026.41,0.0,0.0,0.0,0.0,IMELBO1849.csv
2023/02/05,03:29 AM,12.89,10.11,83.0,WNW,4.51,5.95,1026.41,0.0,0.0,0.0,0.0,IMELBO1849.csv
2023/02/05,03:34 AM,12.78,10.0,83.0,WNW,4.51,5.95,1026.41,0.0,0.0,0.0,0.0,IMELBO1849.csv
2023/02/05,03:39 AM,12.78,10.0,83.0,WNW,4.51,6.44,1026.41,0.0,0.0,0.0,0.0,IMELBO1849.csv
2023/02/05,03:44 AM,12.78,10.0,83.0,WNW,5.15,6.6,1026.08,0.0,0.0,0.0,0.0,IMELBO1849.csv
2023/02/05,03:49 AM,12.78,10.0,83.0,WNW,4.83,5.95,1026.41,0.0,0.0,0.0,0.0,IMELBO1849.csv
2023/02/05,03:54 AM,12.72,9.89,83.0,WNW,2.9,4.18,1026.41,0.0,0.0,0.0,0.0,IMELBO1849.csv
2023/02/05,03:59 AM,12.72,9.89,83.0,WNW,3.22,4.02,1026.41,0.0,0.0,0.0,0.0,IMELBO1849.csv
2023/02/05,04:04 AM,12.78,10.0,83.0,WNW,2.74,3.7,1026.41,0.0,0.0,0.0,0.0,IMELBO1849.csv
2023/02/05,04:09 AM,12.89,10.11,83.0,WNW,2.57,4.02,1026.41,0.0,0.0,0.0,0.0,IMELBO1849.csv
2023/02/05,04:14 AM,13.0,10.22,83.0,WNW,4.67,5.95,1026.41,0.0,0.0,0.0,0.0,IMELBO1849.csv
2023/02/05,04:19 AM,13.17,10.28,83.0,WNW,4.83,6.6,1026.41,0.0,0.0,0.0,0.0,IMELBO1849.csv
2023/02/05,04:24 AM,13.28,10.28,82.0,WNW,4.51,5.95,1026.41,0.0,0.0,0.0,0.0,IMELBO1849.csv
2023/02/05,04:29 AM,13.28,10.28,82.0,WNW,4.67,6.76,1026.41,0.0,0.0,0.0,0.0,IMELBO1849.csv
2023/02/05,04:34 AM,13.28,10.28,82.0,WNW,3.86,5.47,1026.41,0.0,0.0,0.0,0.0,IMELBO1849.csv
2023/02/05,04:39 AM,13.28,10.28,82.0,WNW,2.74,4.02,1026.41,0.0,0.0,0.0,0.0,IMELBO1849.csv
2023/02/05,04:44 AM,13.28,10.33,82.0,WNW,3.7,5.31,1026.75,0.0,0.0,0.0,0.0,IMELBO1849.csv
2023/02/05,04:49 AM,13.28,10.5,83.0,WNW,4.34,5.47,1026.75,0.0,0.0,0.0,0.0,IMELBO1849.csv
2023/02/05,04:54 AM,13.28,10.5,83.0,WNW,4.34,5.79,1026.75,0.0,0.0,0.0,0.0,IMELBO1849.csv
2023/02/05,04:59 AM,13.28,10.5,83.0,WNW,3.54,4.67,1026.75,0.0,0.0,0.0,0.0,IMELBO1849.csv
2023/02/05,05:04 AM,13.28,10.5,83.0,WNW,2.09,2.9,1026.75,0.0,0.0,0.0,0.0,IMELBO1849.csv
2023/02/05,05:09 AM,13.28,10.5,83.0,WNW,2.41,3.54,1026.75,0.0,0.0,0.0,0.0,IMELBO1849.csv
2023/02/05,05:14 AM,13.22,10.39,83.0,WNW,2.74,3.86,1026.75,0.0,0.0,0.0,0.0,IMELBO1849.csv
2023/02/05,05:19 AM,13.17,10.33,83.0,NW,1.13,1.77,1026.75,0.0,0.0,0.0,0.0,IMELBO1849.csv
2023/02/05,05:24 AM,12.94,10.33,84.0,WNW,1.61,2.41,1026.75,0.0,0.0,0.0,0.0,IMELBO1849.csv
2023/02/05,05:29 AM,12.83,10.28,84.0,WNW,1.29,2.09,1026.75,0.0,0.0,0.0,0.0,IMELBO1849.csv
2023/02/05,05:34 AM,12.72,10.17,84.0,WNW,0.48,0.8,1027.09,0.0,0.0,0.0,0.0,IMELBO1849.csv
2023/02/05,05:39 AM,12.61,10.11,85.0,WNW,0.16,0.32,1027.09,0.0,0.0,0.0,0.0,IMELBO1849.csv
2023/02/05,05:44 AM,12.33,9.89,85.0,WNW,0.32,0.8,1027.09,0.0,0.0,0.0,0.0,IMELBO1849.csv
2023/02/05,05:49 AM,12.28,10.0,86.0,WNW,1.45,2.41,1027.09,0.0,0.0,0.0,0.0,IMELBO1849.csv
2023/02/05,05:54 AM,12.39,10.11,86.0,WNW,2.41,3.22,1027.43,0.0,0.0,0.0,0.0,IMELBO1849.csv
2023/02/05,05:59 AM,12.44,10.17,86.0,WNW,2.9,3.86,1027.43,0.0,0.0,0.0,0.0,IMELBO1849.csv
2023/02/05,06:04 AM,12.56,10.17,85.0,WNW,2.25,3.38,1027.43,0.0,0.0,0.0,0.0,IMELBO1849.csv
2023/02/05,06:09 AM,12.67,10.17,85.0,WNW,2.57,3.54,1027.43,0.0,0.0,0.0,0.0,IMELBO1849.csv
2023/02/05,06:14 AM,12.78,10.22,85.0,WNW,3.54,4.67,1027.77,0.0,0.0,0.0,0.0,IMELBO1849.csv
2023/02/05,06:19 AM,12.94,10.33,84.0,WNW,4.83,6.6,1027.77,0.0,0.0,0.0,0.0,IMELBO1849.csv
2023/02/05,06:24 AM,13.06,10.28,83.0,WNW,3.86,5.47,1027.77,0.0,0.0,0.0,0.0,IMELBO1849.csv
2023/02/05,06:29 AM,13.11,10.28,83.0,WNW,3.38,4.51,1027.43,0.0,0.0,0.0,0.0,IMELBO1849.csv
2023/02/05,06:34 AM,13.06,10.28,83.0,WNW,2.9,3.86,1027.77,0.0,0.0,0.0,0.9,IMELBO1849.csv
2023/02/05,06:39 AM,12.94,10.17,83.0,WNW,1.13,1.77,1027.77,0.0,0.0,0.0,2.9,IMELBO1849.csv
2023/02/05,06:44 AM,12.89,10.11,83.0,WNW,2.57,3.54,1027.77,0.0,0.0,0.0,5.6,IMELBO1849.csv
2023/02/05,06:49 AM,12.83,10.06,83.0,WNW,2.57,3.54,1028.11,0.0,0.0,0.0,8.2,IMELBO1849.csv
2023/02/05,06:54 AM,12.78,10.11,84.0,WNW,1.77,2.41,1028.11,0.0,0.0,0.0,11.3,IMELBO1849.csv
2023/02/05,06:59 AM,12.72,10.11,84.0,WNW,2.09,3.06,1028.11,0.0,0.0,0.0,14.3,IMELBO1849.csv
2023/02/05,07:04 AM,12.67,10.06,84.0,WNW,2.57,3.7,1028.11,0.0,0.0,0.0,18.6,IMELBO1849.csv
2023/02/05,07:09 AM,12.61,10.0,84.0,WNW,3.22,4.18,1028.45,0.0,0.0,0.0,21.2,IMELBO1849.csv
2023/02/05,07:14 AM,12.61,10.0,84.0,WNW,3.22,4.02,1028.45,0.0,0.0,0.0,24.2,IMELBO1849.csv
2023/02/05,07:19 AM,12.61,10.11,85.0,WNW,3.06,3.54,1028.45,0.0,0.0,0.0,27.3,IMELBO1849.csv
2023/02/05,07:24 AM,12.56,10.06,85.0,WNW,1.29,2.09,1028.45,0.0,0.0,0.0,30.7,IMELBO1849.csv
2023/02/05,07:29 AM,12.61,10.11,85.0,WNW,2.57,3.54,1028.45,0.0,0.0,0.0,33.4,IMELBO1849.csv
2023/02/05,07:34 AM,12.61,10.11,85.0,WNW,1.13,1.77,1028.45,0.0,0.0,0.0,36.8,IMELBO1849.csv
2023/02/05,07:39 AM,12.67,10.17,85.0,WNW,0.8,1.45,1028.45,0.0,0.0,0.0,39.4,IMELBO1849.csv
2023/02/05,07:44 AM,12.78,10.28,85.0,WNW,2.41,3.38,1028.78,0.0,0.0,0.0,42.5,IMELBO1849.csv
2023/02/05,07:49 AM,12.83,10.33,85.0,WNW,0.97,1.61,1028.78,0.0,0.0,0.0,69.7,IMELBO1849.csv
2023/02/05,07:54 AM,13.11,10.61,85.0,WNW,1.61,2.57,1028.78,0.0,0.0,0.0,93.6,IMELBO1849.csv
2023/02/05,07:59 AM,13.67,10.94,84.0,WNW,0.8,1.13,1029.12,0.0,0.0,1.0,110.6,IMELBO1849.csv
2023/02/05,08:04 AM,14.17,11.28,83.0,WNW,1.45,2.09,1028.78,0.0,0.0,1.0,137.5,IMELBO1849.csv
2023/02/05,08:09 AM,14.61,11.56,82.0,West,1.77,2.74,1028.78,0.0,0.0,1.0,199.0,IMELBO1849.csv
2023/02/05,08:14 AM,15.06,11.72,80.0,West,2.25,3.38,1029.12,0.0,0.0,1.0,200.8,IMELBO1849.csv
2023/02/05,08:19 AM,15.22,11.78,80.0,West,3.38,4.83,1029.12,0.0,0.0,1.0,132.2,IMELBO1849.csv
2023/02/05,08:24 AM,15.28,11.78,80.0,WNW,2.41,4.18,1029.12,0.0,0.0,1.0,117.4,IMELBO1849.csv
2023/02/05,08:29 AM,15.28,11.72,79.0,WNW,3.86,6.28,1029.12,0.0,0.0,1.0,143.5,IMELBO1849.csv
2023/02/05,08:34 AM,15.28,11.72,79.0,WSW,3.38,5.31,1029.12,0.0,0.0,1.0,146.6,IMELBO1849.csv
2023/02/05,08:39 AM,15.44,11.67,78.0,West,2.74,4.67,1029.46,0.0,0.0,1.0,147.4,IMELBO1849.csv
2023/02/05,08:44 AM,15.5,11.72,78.0,WNW,3.22,4.18,1029.46,0.0,0.0,1.0,108.4,IMELBO1849.csv
2023/02/05,08:49 AM,15.56,11.72,78.0,WNW,3.38,5.15,1029.46,0.0,0.0,1.0,115.7,IMELBO1849.csv
2023/02/05,08:54 AM,15.5,11.72,78.0,West,3.06,4.51,1029.8,0.0,0.0,1.0,128.0,IMELBO1849.csv
2023/02/05,08:59 AM,15.56,11.72,78.0,West,3.38,4.99,1029.8,0.0,0.0,1.0,130.5,IMELBO1849.csv
2023/02/05,09:04 AM,15.67,11.67,77.0,West,3.22,5.47,1029.8,0.0,0.0,1.0,111.4,IMELBO1849.csv
2023/02/05,09:09 AM,15.44,11.61,78.0,WNW,4.99,6.76,1029.8,0.0,0.0,1.0,183.9,IMELBO1849.csv
2023/02/05,09:14 AM,15.61,11.67,77.0,WNW,3.38,4.99,1029.8,0.0,0.0,3.0,390.9,IMELBO1849.csv
2023/02/05,09:19 AM,16.33,11.89,75.0,WSW,2.41,3.7,1029.8,0.0,0.0,4.0,442.9,IMELBO1849.csv
2023/02/05,09:24 AM,17.17,11.78,70.0,WSW,2.41,3.7,1029.8,0.0,0.0,4.0,459.7,IMELBO1849.csv
2023/02/05,09:29 AM,17.61,11.72,68.0,WNW,3.06,4.67,1029.8,0.0,0.0,4.0,426.3,IMELBO1849.csv
2023/02/05,09:34 AM,17.72,11.17,65.0,WSW,2.9,4.83,1029.8,0.0,0.0,4.0,443.7,IMELBO1849.csv
2023/02/05,09:39 AM,17.5,11.06,66.0,WSW,3.06,4.67,1029.8,0.0,0.0,5.0,585.6,IMELBO1849.csv
2023/02/05,09:44 AM,17.94,10.94,64.0,WSW,4.83,7.24,1029.8,0.0,0.0,5.0,594.7,IMELBO1849.csv
2023/02/05,09:49 AM,17.94,11.17,65.0,WSW,4.67,7.24,1029.8,0.0,0.0,1.0,173.5,IMELBO1849.csv
2023/02/05,09:54 AM,17.28,10.72,65.0,SW,3.06,4.18,1029.8,0.0,0.0,1.0,199.9,IMELBO1849.csv
2023/02/05,09:59 AM,17.33,10.56,64.0,SW,4.02,5.47,1029.8,0.0,0.0,6.0,674.1,IMELBO1849.csv
2023/02/05,10:04 AM,18.39,10.72,61.0,WSW,4.51,6.11,1029.8,0.0,0.0,6.0,681.9,IMELBO1849.csv
2023/02/05,10:09 AM,17.94,10.56,62.0,SW,4.67,6.6,1029.8,0.0,0.0,2.0,280.6,IMELBO1849.csv
2023/02/05,10:14 AM,17.89,10.44,62.0,WSW,2.74,3.86,1029.8,0.0,0.0,1.0,191.7,IMELBO1849.csv
2023/02/05,10:19 AM,17.61,10.22,62.0,WSW,3.22,4.34,1029.8,0.0,0.0,1.0,179.9,IMELBO1849.csv
2023/02/05,10:24 AM,17.67,10.33,62.0,SW,3.86,6.28,1030.14,0.0,0.0,2.0,245.5,IMELBO1849.csv
2023/02/05,10:29 AM,17.61,10.39,63.0,WSW,3.22,5.15,1029.8,0.0,0.0,2.0,246.8,IMELBO1849.csv
2023/02/05,10:34 AM,17.72,10.61,63.0,WSW,3.22,4.67,1030.14,0.0,0.0,2.0,211.1,IMELBO1849.csv
2023/02/05,10:39 AM,17.67,10.28,62.0,WSW,2.9,4.51,1030.14,0.0,0.0,7.0,791.6,IMELBO1849.csv
2023/02/05,10:44 AM,18.06,10.56,61.0,WNW,3.7,5.63,1030.14,0.0,0.0,8.0,862.3,IMELBO1849.csv
2023/02/05,10:49 AM,18.67,10.56,59.0,WSW,2.9,4.51,1030.14,0.0,0.0,8.0,862.0,IMELBO1849.csv
2023/02/05,10:54 AM,18.83,10.67,59.0,West,2.57,4.02,1030.14,0.0,0.0,2.0,222.5,IMELBO1849.csv
2023/02/05,10:59 AM,18.33,10.56,61.0,WNW,5.31,8.04,1029.8,0.0,0.0,1.0,199.9,IMELBO1849.csv
2023/02/05,11:04 AM,18.17,10.56,61.0,West,2.9,4.34,1030.14,0.0,0.0,2.0,255.4,IMELBO1849.csv
2023/02/05,11:09 AM,18.44,10.61,60.0,WSW,3.7,5.63,1030.14,0.0,0.0,2.0,272.3,IMELBO1849.csv
2023/02/05,11:14 AM,18.22,10.44,61.0,WNW,5.47,8.04,1030.14,0.0,0.0,2.0,272.8,IMELBO1849.csv
2023/02/05,11:19 AM,18.28,10.44,60.0,WSW,2.9,4.67,1030.14,0.0,0.0,2.0,268.5,IMELBO1849.csv
2023/02/05,11:24 AM,18.33,10.67,61.0,West,3.7,5.79,1030.14,0.0,0.0,2.0,286.3,IMELBO1849.csv
2023/02/05,11:29 AM,18.39,10.78,61.0,WSW,4.18,6.28,1030.14,0.0,0.0,2.0,288.0,IMELBO1849.csv
2023/02/05,11:34 AM,18.28,10.78,61.0,West,3.38,5.15,1030.14,0.0,0.0,2.0,252.0,IMELBO1849.csv
2023/02/05,11:39 AM,18.28,10.44,60.0,West,4.99,7.4,1030.14,0.0,0.0,2.0,281.5,IMELBO1849.csv
2023/02/05,11:44 AM,18.39,10.33,59.0,WSW,3.86,5.47,1030.14,0.0,0.0,2.0,300.6,IMELBO1849.csv
2023/02/05,11:49 AM,18.44,10.17,58.0,SW,4.02,6.6,1030.14,0.0,0.0,3.0,333.5,IMELBO1849.csv
2023/02/05,11:54 AM,18.67,10.28,58.0,SW,5.47,7.4,1030.14,0.0,0.0,3.0,372.1,IMELBO1849.csv
2023/02/05,11:59 AM,18.67,10.39,59.0,SW,4.83,7.08,1030.14,0.0,0.0,3.0,382.2,IMELBO1849.csv
2023/02/05,12:04 PM,18.89,10.89,60.0,West,2.74,4.34,1030.14,0.0,0.0,3.0,346.1,IMELBO1849.csv
2023/02/05,12:09 PM,19.22,11.0,59.0,West,4.83,7.56,1030.14,0.0,0.0,2.0,292.8,IMELBO1849.csv
2023/02/05,12:14 PM,18.83,10.83,60.0,WSW,2.41,3.86,1030.14,0.0,0.0,2.0,278.1,IMELBO1849.csv
2023/02/05,12:19 PM,18.94,11.0,60.0,WSW,4.02,5.95,1030.14,0.0,0.0,2.0,284.9,IMELBO1849.csv
2023/02/05,12:24 PM,18.83,10.94,60.0,WSW,2.57,3.7,1030.14,0.0,0.0,2.0,278.4,IMELBO1849.csv
2023/02/05,12:29 PM,18.83,11.0,61.0,WNW,4.02,6.11,1030.48,0.0,0.0,2.0,261.9,IMELBO1849.csv
2023/02/05,12:34 PM,18.83,11.06,61.0,WNW,2.74,4.34,1030.14,0.0,0.0,3.0,320.5,IMELBO1849.csv
2023/02/05,12:39 PM,19.28,11.17,59.0,WNW,4.02,6.28,1030.14,0.0,0.0,3.0,377.8,IMELBO1849.csv
2023/02/05,12:44 PM,19.33,11.11,59.0,West,2.57,4.51,1030.14,0.0,0.0,4.0,415.1,IMELBO1849.csv
2023/02/05,12:49 PM,19.72,11.11,57.0,West,2.9,4.18,1030.14,0.0,0.0,4.0,437.2,IMELBO1849.csv
2023/02/05,12:54 PM,19.72,11.11,57.0,WNW,4.51,6.11,1030.14,0.0,0.0,3.0,394.3,IMELBO1849.csv
2023/02/05,12:59 PM,19.33,10.94,58.0,WSW,2.9,4.18,1030.48,0.0,0.0,2.0,298.4,IMELBO1849.csv
2023/02/05,01:04 PM,19.61,11.17,58.0,West,2.57,3.7,1030.14,0.0,0.0,2.0,266.3,IMELBO1849.csv
2023/02/05,01:09 PM,19.39,11.22,59.0,WNW,3.06,4.51,1030.48,0.0,0.0,2.0,238.9,IMELBO1849.csv
2023/02/05,01:14 PM,19.17,11.22,60.0,WNW,4.02,5.63,1030.48,0.0,0.0,2.0,238.1,IMELBO1849.csv
2023/02/05,01:19 PM,19.17,11.33,60.0,WSW,3.06,4.18,1030.48,0.0,0.0,2.0,251.1,IMELBO1849.csv
2023/02/05,01:24 PM,18.83,11.22,61.0,West,2.57,3.7,1030.48,0.0,0.0,2.0,262.8,IMELBO1849.csv
2023/02/05,01:29 PM,19.0,11.33,61.0,WNW,3.06,4.67,1030.14,0.0,0.0,2.0,284.5,IMELBO1849.csv
2023/02/05,01:34 PM,19.28,11.44,61.0,WSW,1.77,2.9,1030.14,0.0,0.0,2.0,285.4,IMELBO1849.csv
2023/02/05,01:39 PM,19.28,11.56,61.0,WNW,4.99,7.56,1030.14,0.0,0.0,2.0,249.4,IMELBO1849.csv
2023/02/05,01:44 PM,19.22,11.44,61.0,West,2.9,4.18,1030.14,0.0,0.0,2.0,237.2,IMELBO1849.csv
2023/02/05,01:49 PM,19.22,11.56,61.0,WSW,2.41,3.54,1030.14,0.0,0.0,2.0,230.7,IMELBO1849.csv
2023/02/05,01:54 PM,19.17,11.56,61.0,West,3.38,4.99,1030.14,0.0,0.0,2.0,261.9,IMELBO1849.csv
2023/02/05,01:59 PM,19.11,11.5,61.0,West,4.18,5.95,1030.14,0.0,0.0,3.0,320.5,IMELBO1849.csv
2023/02/05,02:04 PM,19.17,11.5,61.0,WNW,4.34,6.76,1030.14,0.0,0.0,3.0,335.7,IMELBO1849.csv
2023/02/05,02:09 PM,19.22,11.56,61.0,WSW,3.06,4.67,1030.14,0.0,0.0,3.0,318.0,IMELBO1849.csv
2023/02/05,02:14 PM,19.28,11.56,61.0,WNW,3.06,4.51,1030.14,0.0,0.0,3.0,314.9,IMELBO1849.csv
2023/02/05,02:19 PM,19.44,11.72,61.0,WSW,2.74,4.02,1030.14,0.0,0.0,2.0,306.2,IMELBO1849.csv
2023/02/05,02:24 PM,19.5,11.61,60.0,WSW,3.06,4.02,1030.14,0.0,0.0,3.0,360.9,IMELBO1849.csv
2023/02/05,02:29 PM,19.33,11.56,61.0,WSW,2.41,3.06,1030.14,0.0,0.0,3.0,389.9,IMELBO1849.csv
2023/02/05,02:34 PM,19.72,11.61,59.0,SW,3.86,4.99,1030.14,0.0,0.0,4.0,462.8,IMELBO1849.csv
2023/02/05,02:39 PM,19.67,11.5,59.0,SW,2.57,3.38,1030.14,0.0,0.0,4.0,441.1,IMELBO1849.csv
2023/02/05,02:44 PM,19.78,11.61,59.0,West,3.7,5.31,1029.8,0.0,0.0,3.0,393.8,IMELBO1849.csv
2023/02/05,02:49 PM,20.0,11.78,59.0,West,2.41,3.38,1029.8,0.0,0.0,3.0,364.8,IMELBO1849.csv
2023/02/05,02:54 PM,20.06,11.72,58.0,WNW,2.74,4.34,1029.8,0.0,0.0,3.0,363.5,IMELBO1849.csv
2023/02/05,02:59 PM,20.28,11.78,58.0,WNW,1.93,3.22,1029.8,0.0,0.0,3.0,347.8,IMELBO1849.csv
2023/02/05,03:04 PM,20.56,11.78,57.0,WSW,3.7,5.63,1029.8,0.0,0.0,3.0,351.4,IMELBO1849.csv
2023/02/05,03:09 PM,20.28,11.72,58.0,WSW,2.41,3.38,1029.8,0.0,0.0,3.0,326.6,IMELBO1849.csv
2023/02/05,03:14 PM,20.22,11.78,58.0,SW,1.93,3.38,1029.8,0.0,0.0,3.0,326.6,IMELBO1849.csv
2023/02/05,03:19 PM,20.33,11.78,58.0,West,3.38,4.99,1029.8,0.0,0.0,2.0,295.0,IMELBO1849.csv
2023/02/05,03:24 PM,20.06,11.94,59.0,WSW,5.15,7.4,1029.8,0.0,0.0,2.0,219.0,IMELBO1849.csv
2023/02/05,03:29 PM,19.61,11.78,61.0,SW,5.15,7.4,1029.8,0.0,0.0,2.0,246.4,IMELBO1849.csv
2023/02/05,03:34 PM,19.67,11.67,60.0,SW,5.31,6.76,1029.8,0.0,0.0,2.0,264.1,IMELBO1849.csv
2023/02/05,03:39 PM,19.56,11.72,61.0,SSW,5.79,7.72,1029.8,0.0,0.0,2.0,263.3,IMELBO1849.csv
2023/02/05,03:44 PM,19.61,11.67,60.0,South,3.7,5.15,1029.46,0.0,0.0,2.0,240.3,IMELBO1849.csv
2023/02/05,03:49 PM,19.94,11.83,60.0,WSW,3.54,4.99,1029.8,0.0,0.0,2.0,227.7,IMELBO1849.csv
2023/02/05,03:54 PM,19.83,12.17,61.0,SW,5.31,6.6,1029.46,0.0,0.0,2.0,217.3,IMELBO1849.csv
2023/02/05,03:59 PM,19.33,12.28,64.0,SW,1.93,2.41,1029.46,0.0,0.0,1.0,195.1,IMELBO1849.csv
2023/02/05,04:04 PM,19.39,12.33,64.0,SSW,2.41,3.38,1029.46,0.0,0.0,1.0,177.8,IMELBO1849.csv
2023/02/05,04:09 PM,19.5,12.39,63.0,SSW,3.86,5.15,1029.46,0.0,0.0,1.0,156.6,IMELBO1849.csv
2023/02/05,04:14 PM,19.39,12.33,64.0,South,2.74,3.54,1029.46,0.0,0.0,1.0,167.9,IMELBO1849.csv
2023/02/05,04:19 PM,19.22,12.33,65.0,SSW,6.44,8.53,1029.46,0.0,0.0,1.0,182.5,IMELBO1849.csv
2023/02/05,04:24 PM,19.22,12.56,65.0,SE,3.22,4.83,1029.46,0.0,0.0,1.0,190.8,IMELBO1849.csv
2023/02/05,04:29 PM,19.22,12.56,65.0,SE,3.86,5.47,1029.46,0.0,0.0,1.0,196.8,IMELBO1849.csv
2023/02/05,04:34 PM,19.22,12.56,65.0,SSE,3.22,4.51,1029.46,0.0,0.0,2.0,205.5,IMELBO1849.csv
2023/02/05,04:39 PM,19.39,12.67,65.0,SE,3.22,4.67,1029.46,0.0,0.0,1.0,202.1,IMELBO1849.csv
2023/02/05,04:44 PM,19.39,12.89,66.0,SSE,3.54,5.15,1029.46,0.0,0.0,2.0,209.9,IMELBO1849.csv
2023/02/05,04:49 PM,19.22,12.78,67.0,SSE,4.67,6.11,1029.46,0.0,0.0,2.0,219.5,IMELBO1849.csv
2023/02/05,04:54 PM,19.22,12.83,67.0,South,5.79,8.04,1029.46,0.0,0.0,2.0,222.9,IMELBO1849.csv
2023/02/05,04:59 PM,18.89,12.89,68.0,South,6.76,10.3,1029.46,0.0,0.0,1.0,156.1,IMELBO1849.csv
2023/02/05,05:04 PM,18.72,12.89,69.0,SSE,4.51,6.28,1029.8,0.0,0.0,1.0,144.4,IMELBO1849.csv
2023/02/05,05:09 PM,18.67,12.83,69.0,South,4.83,7.24,1029.46,0.0,0.0,1.0,193.9,IMELBO1849.csv
2023/02/05,05:14 PM,18.61,12.78,69.0,SSW,7.88,10.46,1029.46,0.0,0.0,2.0,227.7,IMELBO1849.csv
2023/02/05,05:19 PM,18.44,12.67,69.0,SSW,5.31,7.56,1029.46,0.0,0.0,2.0,215.9,IMELBO1849.csv
2023/02/05,05:24 PM,18.67,12.89,69.0,SSW,4.51,6.44,1029.8,0.0,0.0,2.0,224.2,IMELBO1849.csv
2023/02/05,05:29 PM,18.44,12.67,69.0,SSW,5.79,7.72,1029.8,0.0,0.0,2.0,233.3,IMELBO1849.csv
2023/02/05,05:34 PM,18.72,12.83,69.0,SSE,2.9,4.02,1029.8,0.0,0.0,2.0,237.2,IMELBO1849.csv
2023/02/05,05:39 PM,18.94,12.94,68.0,SSE,3.54,5.15,1029.8,0.0,0.0,2.0,257.6,IMELBO1849.csv
2023/02/05,05:44 PM,19.0,12.94,68.0,SE,3.54,4.83,1029.46,0.0,0.0,2.0,260.7,IMELBO1849.csv
2023/02/05,05:49 PM,19.0,13.0,68.0,SE,4.51,6.11,1029.46,0.0,0.0,4.0,441.1,IMELBO1849.csv
2023/02/05,05:54 PM,19.06,12.94,68.0,South,3.38,4.67,1029.46,0.0,0.0,2.0,248.9,IMELBO1849.csv
2023/02/05,05:59 PM,19.17,12.83,67.0,SE,2.74,3.86,1029.46,0.0,0.0,2.0,218.1,IMELBO1849.csv
2023/02/05,06:04 PM,19.17,12.83,67.0,SSE,4.02,5.47,1029.8,0.0,0.0,2.0,215.9,IMELBO1849.csv
2023/02/05,06:09 PM,18.94,12.72,67.0,SSW,5.63,7.24,1029.46,0.0,0.0,1.0,182.5,IMELBO1849.csv
2023/02/05,06:14 PM,18.67,12.67,68.0,SSW,3.7,4.83,1029.8,0.0,0.0,4.0,431.6,IMELBO1849.csv
2023/02/05,06:19 PM,18.94,12.72,67.0,ESE,3.22,4.83,1029.46,0.0,0.0,4.0,432.5,IMELBO1849.csv
2023/02/05,06:24 PM,18.94,12.67,67.0,South,4.02,5.15,1029.46,0.0,0.0,1.0,167.9,IMELBO1849.csv
2023/02/05,06:29 PM,18.78,12.61,68.0,South,4.67,6.76,1029.46,0.0,0.0,1.0,173.8,IMELBO1849.csv
2023/02/05,06:34 PM,18.83,12.83,68.0,South,3.38,5.15,1029.8,0.0,0.0,1.0,163.9,IMELBO1849.csv
2023/02/05,06:39 PM,18.78,12.83,68.0,SSW,4.83,6.92,1029.8,0.0,0.0,1.0,117.4,IMELBO1849.csv
2023/02/05,06:44 PM,18.56,12.94,70.0,SSE,4.67,7.08,1029.8,0.0,0.0,0.0,96.3,IMELBO1849.csv
2023/02/05,06:49 PM,18.28,12.94,71.0,South,3.22,4.67,1029.8,0.0,0.0,0.0,79.8,IMELBO1849.csv
2023/02/05,06:54 PM,18.22,12.94,71.0,SE,2.57,4.02,1029.8,0.0,0.0,0.0,73.7,IMELBO1849.csv
2023/02/05,06:59 PM,18.11,12.78,71.0,SSE,2.9,4.51,1029.8,0.0,0.0,0.0,67.2,IMELBO1849.csv
2023/02/05,07:04 PM,18.0,12.72,71.0,SE,2.74,4.02,1029.8,0.0,0.0,0.0,69.4,IMELBO1849.csv
2023/02/05,07:09 PM,17.89,12.78,72.0,South,5.79,8.21,1030.14,0.0,0.0,0.0,60.7,IMELBO1849.csv
2023/02/05,07:14 PM,17.72,12.61,72.0,South,5.31,6.92,1030.14,0.0,0.0,0.0,51.5,IMELBO1849.csv
2023/02/05,07:19 PM,17.72,12.78,73.0,South,3.54,4.83,1030.14,0.0,0.0,0.0,47.7,IMELBO1849.csv
2023/02/05,07:24 PM,17.72,12.78,73.0,South,3.38,4.99,1030.14,0.0,0.0,0.0,45.5,IMELBO1849.csv
2023/02/05,07:29 PM,17.67,12.78,73.0,SE,3.06,4.99,1030.14,0.0,0.0,0.0,42.5,IMELBO1849.csv
2023/02/05,07:34 PM,17.5,12.89,74.0,SSE,2.57,4.02,1030.48,0.0,0.0,0.0,41.1,IMELBO1849.csv
2023/02/05,07:39 PM,17.5,12.89,74.0,SE,2.57,4.02,1030.14,0.0,0.0,0.0,41.6,IMELBO1849.csv
2023/02/05,07:44 PM,17.44,12.83,74.0,South,2.41,3.54,1030.48,0.0,0.0,0.0,37.2,IMELBO1849.csv
2023/02/05,07:49 PM,17.39,12.78,74.0,SSW,4.02,6.11,1030.14,0.0,0.0,0.0,29.9,IMELBO1849.csv
2023/02/05,07:54 PM,17.28,12.72,74.0,SSW,4.51,6.44,1030.14,0.0,0.0,0.0,26.8,IMELBO1849.csv
2023/02/05,07:59 PM,17.22,12.67,74.0,SE,3.22,4.83,1030.14,0.0,0.0,0.0,19.9,IMELBO1849.csv
2023/02/05,08:04 PM,17.22,12.61,74.0,SSE,2.74,4.34,1030.14,0.0,0.0,0.0,15.5,IMELBO1849.csv
2023/02/05,08:09 PM,17.22,12.72,75.0,South,1.77,2.57,1030.14,0.0,0.0,0.0,10.4,IMELBO1849.csv
2023/02/05,08:14 PM,17.22,12.78,75.0,ESE,2.25,3.06,1030.48,0.0,0.0,0.0,6.0,IMELBO1849.csv
2023/02/05,08:19 PM,17.11,12.78,76.0,South,3.38,5.31,1030.48,0.0,0.0,0.0,3.8,IMELBO1849.csv
2023/02/05,08:24 PM,17.0,12.89,77.0,South,3.86,5.63,1030.48,0.0,0.0,0.0,2.9,IMELBO1849.csv
2023/02/05,08:29 PM,17.0,12.89,77.0,South,2.9,4.02,1030.48,0.0,0.0,0.0,1.7,IMELBO1849.csv
2023/02/05,08:34 PM,16.94,12.83,77.0,South,2.57,3.38,1030.48,0.0,0.0,0.0,0.4,IMELBO1849.csv
2023/02/05,08:39 PM,16.89,12.61,76.0,South,2.57,3.7,1030.48,0.0,0.0,0.0,0.0,IMELBO1849.csv
2023/02/05,08:44 PM,16.83,12.56,76.0,South,1.61,2.41,1030.48,0.0,0.0,0.0,0.0,IMELBO1849.csv
2023/02/05,08:49 PM,16.78,12.5,76.0,SSE,1.77,2.57,1030.48,0.0,0.0,0.0,0.0,IMELBO1849.csv
2023/02/05,08:54 PM,16.78,12.5,76.0,South,0.8,1.45,1030.48,0.0,0.0,0.0,0.0,IMELBO1849.csv
2023/02/05,08:59 PM,16.78,12.44,76.0,South,0.8,1.61,1030.48,0.0,0.0,0.0,0.0,IMELBO1849.csv
2023/02/05,09:04 PM,16.72,12.39,76.0,South,0.97,1.61,1030.48,0.0,0.0,0.0,0.0,IMELBO1849.csv
2023/02/05,09:09 PM,16.61,12.28,76.0,South,1.77,2.57,1030.48,0.0,0.0,0.0,0.0,IMELBO1849.csv
2023/02/05,09:14 PM,16.61,12.28,76.0,South,1.45,2.09,1030.82,0.0,0.0,0.0,0.0,IMELBO1849.csv
2023/02/05,09:19 PM,16.61,12.28,76.0,South,1.13,1.61,1030.48,0.0,0.0,0.0,0.0,IMELBO1849.csv
2023/02/05,09:24 PM,16.61,12.28,76.0,South,0.48,0.8,1030.48,0.0,0.0,0.0,0.0,IMELBO1849.csv
2023/02/05,09:29 PM,16.61,12.28,76.0,South,1.45,1.93,1030.82,0.0,0.0,0.0,0.0,IMELBO1849.csv
2023/02/05,09:34 PM,16.61,12.28,76.0,South,0.48,1.13,1030.82,0.0,0.0,0.0,0.0,IMELBO1849.csv
2023/02/05,09:39 PM,16.61,12.22,75.0,South,1.29,2.09,1030.82,0.0,0.0,0.0,0.0,IMELBO1849.csv
2023/02/05,09:44 PM,16.67,12.28,75.0,South,1.61,2.25,1030.82,0.0,0.0,0.0,0.0,IMELBO1849.csv
2023/02/05,09:49 PM,16.72,12.28,75.0,South,1.13,1.77,1030.82,0.0,0.0,0.0,0.0,IMELBO1849.csv
2023/02/05,09:54 PM,16.72,12.28,75.0,South,1.61,2.57,1030.82,0.0,0.0,0.0,0.0,IMELBO1849.csv
2023/02/05,09:59 PM,16.72,12.28,75.0,South,0.64,1.13,1030.82,0.0,0.0,0.0,0.0,IMELBO1849.csv
2023/02/05,10:04 PM,16.72,12.28,75.0,South,1.13,1.77,1031.16,0.0,0.0,0.0,0.0,IMELBO1849.csv
2023/02/05,10:09 PM,16.72,12.28,75.0,South,1.61,2.57,1031.16,0.0,0.0,0.0,0.0,IMELBO1849.csv
2023/02/05,10:14 PM,16.72,12.33,75.0,South,0.97,1.45,1030.82,0.0,0.0,0.0,0.0,IMELBO1849.csv
2023/02/05,10:19 PM,16.72,12.28,75.0,South,1.13,2.09,1030.82,0.0,0.0,0.0,0.0,IMELBO1849.csv
2023/02/05,10:24 PM,16.72,12.28,75.0,South,1.77,2.57,1030.82,0.0,0.0,0.0,0.0,IMELBO1849.csv
2023/02/05,10:29 PM,16.72,12.28,75.0,South,1.45,2.09,1030.82,0.0,0.0,0.0,0.0,IMELBO1849.csv
2023/02/05,10:34 PM,16.72,12.28,75.0,South,0.8,1.13,1030.82,0.0,0.0,0.0,0.0,IMELBO1849.csv
2023/02/05,10:39 PM,16.72,12.22,75.0,South,2.09,2.74,1031.16,0.0,0.0,0.0,0.0,IMELBO1849.csv
2023/02/05,10:44 PM,16.72,12.11,74.0,South,1.61,2.57,1030.82,0.0,0.0,0.0,0.0,IMELBO1849.csv
2023/02/05,10:49 PM,16.72,12.11,74.0,South,1.77,2.41,1030.82,0.0,0.0,0.0,0.0,IMELBO1849.csv
2023/02/05,10:54 PM,16.72,12.11,74.0,South,1.93,2.74,1031.16,0.0,0.0,0.0,0.0,IMELBO1849.csv
2023/02/05,10:59 PM,16.72,12.17,75.0,South,2.74,3.7,1031.16,0.0,0.0,0.0,0.0,IMELBO1849.csv
2023/02/05,11:04 PM,16.72,12.28,75.0,South,2.74,3.54,1030.82,0.0,0.0,0.0,0.0,IMELBO1849.csv
2023/02/05,11:09 PM,16.67,12.28,75.0,South,2.09,2.74,1030.82,0.0,0.0,0.0,0.0,IMELBO1849.csv
2023/02/05,11:14 PM,16.61,12.22,75.0,South,1.77,2.41,1030.48,0.0,0.0,0.0,0.0,IMELBO1849.csv
2023/02/05,11:19 PM,16.61,12.22,75.0,South,2.25,2.9,1030.82,0.0,0.0,0.0,0.0,IMELBO1849.csv
2023/02/05,11:24 PM,16.5,12.11,75.0,South,0.97,1.61,1030.48,0.0,0.0,0.0,0.0,IMELBO1849.csv
2023/02/05,11:29 PM,16.5,12.17,76.0,South,2.09,2.41,1030.48,0.0,0.0,0.0,0.0,IMELBO1849.csv
2023/02/05,11:34 PM,16.5,12.22,76.0,South,0.8,1.45,1030.48,0.0,0.0,0.0,0.0,IMELBO1849.csv
2023/02/05,11:39 PM,16.5,12.22,76.0,South,2.74,3.38,1030.48,0.0,0.0,0.0,0.0,IMELBO1849.csv
2023/02/05,11:44 PM,16.39,12.22,76.0,South,3.06,4.02,1030.48,0.0,0.0,0.0,0.0,IMELBO1849.csv
2023/02/05,11:49 PM,16.39,12.22,76.0,South,2.57,3.54,1030.48,0.0,0.0,0.0,0.0,IMELBO1849.csv
2023/02/05,11:54 PM,16.33,12.22,77.0,South,2.9,4.18,1030.48,0.0,0.0,0.0,0.0,IMELBO1849.csv
2023/02/05,11:59 PM,16.28,12.22,77.0,South,3.7,4.67,1030.48,0.0,0.0,0.0,0.0,IMELBO1849.csv
2023/02/06,12:04 AM,16.28,12.22,77.0,South,2.74,3.54,1030.48,0.0,0.0,0.0,0.0,IMELBO1849.csv
2023/02/06,12:09 AM,16.28,12.22,77.0,South,2.41,3.38,1030.48,0.0,0.0,0.0,0.0,IMELBO1849.csv
2023/02/06,12:14 AM,16.28,12.22,77.0,South,1.13,1.77,1030.82,0.0,0.0,0.0,0.0,IMELBO1849.csv
2023/02/06,12:19 AM,16.28,12.22,77.0,South,2.09,2.74,1030.48,0.0,0.0,0.0,0.0,IMELBO1849.csv
2023/02/06,12:24 AM,16.28,12.22,77.0,South,2.57,3.22,1030.48,0.0,0.0,0.0,0.0,IMELBO1849.csv
2023/02/06,12:29 AM,16.22,12.44,78.0,South,1.77,2.57,1030.82,0.0,0.0,0.0,0.0,IMELBO1849.csv
2023/02/06,12:34 AM,16.28,12.44,78.0,South,2.57,3.7,1030.48,0.0,0.0,0.0,0.0,IMELBO1849.csv
2023/02/06,12:39 AM,16.22,12.39,78.0,South,1.77,2.57,1030.48,0.0,0.0,0.0,0.0,IMELBO1849.csv
2023/02/06,12:44 AM,16.22,12.39,78.0,South,2.25,3.38,1030.48,0.0,0.0,0.0,0.0,IMELBO1849.csv
2023/02/06,12:49 AM,16.22,12.39,78.0,South,2.09,2.41,1030.48,0.0,0.0,0.0,0.0,IMELBO1849.csv
2023/02/06,12:54 AM,16.17,12.5,79.0,South,1.77,2.41,1030.48,0.0,0.0,0.0,0.0,IMELBO1849.csv
2023/02/06,12:59 AM,16.11,12.5,79.0,South,2.25,3.22,1030.48,0.0,0.0,0.0,0.0,IMELBO1849.csv
2023/02/06,01:04 AM,16.11,12.5,79.0,South,1.93,2.57,1030.48,0.0,0.0,0.0,0.0,IMELBO1849.csv
2023/02/06,01:09 AM,16.11,12.5,79.0,South,0.97,1.77,1030.48,0.0,0.0,0.0,0.0,IMELBO1849.csv
2023/02/06,01:14 AM,16.11,12.5,79.0,South,1.93,2.41,1030.48,0.0,0.0,0.0,0.0,IMELBO1849.csv
2023/02/06,01:19 AM,16.11,12.72,80.0,South,1.93,2.57,1030.48,0.0,0.0,0.0,0.0,IMELBO1849.csv
2023/02/06,01:24 AM,16.06,12.67,80.0,South,2.57,3.22,1030.48,0.0,0.0,0.0,0.0,IMELBO1849.csv
2023/02/06,01:29 AM,16.11,12.72,80.0,South,1.77,2.57,1030.48,0.0,0.0,0.0,0.0,IMELBO1849.csv
2023/02/06,01:34 AM,16.11,12.78,81.0,South,1.77,2.74,1030.48,0.0,0.0,0.0,0.0,IMELBO1849.csv
2023/02/06,01:39 AM,16.11,12.78,81.0,South,1.13,1.45,1030.48,0.0,0.0,0.0,0.0,IMELBO1849.csv
2023/02/06,01:44 AM,16.11,12.78,81.0,South,1.13,2.09,1030.48,0.0,0.0,0.0,0.0,IMELBO1849.csv
2023/02/06,01:49 AM,16.0,12.72,81.0,South,1.45,1.77,1030.48,0.0,0.0,0.0,0.0,IMELBO1849.csv
2023/02/06,01:54 AM,16.0,12.72,81.0,South,0.64,1.29,1030.14,0.0,0.0,0.0,0.0,IMELBO1849.csv
2023/02/06,01:59 AM,16.0,12.72,81.0,South,0.16,0.48,1030.14,0.0,0.0,0.0,0.0,IMELBO1849.csv
2023/02/06,02:04 AM,16.0,12.72,81.0,South,0.97,1.61,1030.14,0.0,0.0,0.0,0.0,IMELBO1849.csv
2023/02/06,02:09 AM,15.94,12.72,82.0,South,0.64,1.29,1030.48,0.0,0.0,0.0,0.0,IMELBO1849.csv
2023/02/06,02:14 AM,15.89,12.78,82.0,South,0.32,0.64,1030.48,0.0,0.0,0.0,0.0,IMELBO1849.csv
2023/02/06,02:19 AM,15.89,12.78,82.0,South,0.16,0.32,1030.48,0.0,0.0,0.0,0.0,IMELBO1849.csv
2023/02/06,02:24 AM,16.0,12.89,82.0,South,0.48,0.97,1030.48,0.0,0.0,0.0,0.0,IMELBO1849.csv
2023/02/06,02:29 AM,15.94,12.83,82.0,South,0.0,0.16,1030.48,0.0,0.0,0.0,0.0,IMELBO1849.csv
2023/02/06,02:34 AM,15.94,12.83,82.0,South,0.32,0.8,1030.14,0.0,0.0,0.0,0.0,IMELBO1849.csv
2023/02/06,02:39 AM,15.89,12.89,83.0,South,0.8,1.45,1030.14,0.0,0.0,0.0,0.0,IMELBO1849.csv
2023/02/06,02:44 AM,15.89,13.0,83.0,South,0.48,1.61,1030.14,0.0,0.0,0.0,0.0,IMELBO1849.csv
2023/02/06,02:49 AM,15.89,13.0,83.0,South,0.32,0.97,1030.14,0.0,0.0,0.0,0.0,IMELBO1849.csv
2023/02/06,02:54 AM,15.89,13.0,83.0,South,0.64,1.45,1030.14,0.0,0.0,0.0,0.0,IMELBO1849.csv
2023/02/06,02:59 AM,15.89,13.06,83.0,South,1.13,1.77,1030.48,0.0,0.0,0.0,0.0,IMELBO1849.csv
2023/02/06,03:04 AM,15.89,13.22,84.0,South,0.97,1.61,1030.14,0.0,0.0,0.0,0.0,IMELBO1849.csv
2023/02/06,03:09 AM,15.89,13.22,84.0,South,0.32,0.32,1030.14,0.0,0.0,0.0,0.0,IMELBO1849.csv
2023/02/06,03:14 AM,15.89,13.22,84.0,South,0.32,0.48,1030.14,0.0,0.0,0.0,0.0,IMELBO1849.csv
2023/02/06,03:19 AM,15.89,13.22,84.0,South,0.16,0.32,1030.14,0.0,0.0,0.0,0.0,IMELBO1849.csv
2023/02/06,03:24 AM,15.83,13.17,84.0,South,0.32,0.97,1029.8,0.0,0.0,0.0,0.0,IMELBO1849.csv
2023/02/06,03:29 AM,15.78,13.11,84.0,South,0.48,0.97,1030.14,0.0,0.0,0.0,0.0,IMELBO1849.csv
2023/02/06,03:34 AM,15.78,13.11,84.0,South,0.16,0.64,1029.8,0.0,0.0,0.0,0.0,IMELBO1849.csv
2023/02/06,03:39 AM,15.78,13.11,84.0,South,0.16,0.48,1030.14,0.0,0.0,0.0,0.0,IMELBO1849.csv
2023/02/06,03:44 AM,15.78,13.11,84.0,South,0.48,1.13,1029.8,0.0,0.0,0.0,0.0,IMELBO1849.csv
2023/02/06,03:49 AM,15.89,13.22,84.0,South,0.32,0.48,1030.14,0.0,0.0,0.0,0.0,IMELBO1849.csv
2023/02/06,03:54 AM,15.89,13.22,84.0,South,0.16,0.48,1029.8,0.0,0.0,0.0,0.0,IMELBO1849.csv
2023/02/06,03:59 AM,15.78,13.11,84.0,South,0.97,1.45,1030.14,0.0,0.0,0.0,0.0,IMELBO1849.csv
2023/02/06,04:04 AM,15.78,13.11,84.0,South,1.93,2.9,1030.14,0.0,0.0,0.0,0.0,IMELBO1849.csv
2023/02/06,04:09 AM,15.78,13.11,84.0,South,1.45,2.09,1029.8,0.0,0.0,0.0,0.0,IMELBO1849.csv
2023/02/06,04:14 AM,15.78,13.11,84.0,South,1.13,2.09,1030.14,0.0,0.0,0.0,0.0,IMELBO1849.csv
2023/02/06,04:19 AM,15.72,13.0,84.0,South,0.48,1.13,1030.48,0.0,0.0,0.0,0.0,IMELBO1849.csv
2023/02/06,04:24 AM,15.72,13.0,84.0,South,1.13,1.93,1030.14,0.0,0.0,0.0,0.0,IMELBO1849.csv
2023/02/06,04:29 AM,15.72,13.0,84.0,South,0.97,1.93,1030.14,0.0,0.0,0.0,0.0,IMELBO1849.csv
2023/02/06,04:34 AM,15.72,13.0,84.0,South,3.06,4.02,1030.14,0.0,0.0,0.0,0.0,IMELBO1849.csv
2023/02/06,04:39 AM,15.67,13.11,85.0,SSW,2.74,3.86,1030.14,0.0,0.0,0.0,0.0,IMELBO1849.csv
2023/02/06,04:44 AM,15.61,13.11,85.0,SSW,3.22,4.51,1030.14,0.0,0.0,0.0,0.0,IMELBO1849.csv
2023/02/06,04:49 AM,15.5,13.0,85.0,SSW,3.22,4.34,1030.14,0.0,0.0,0.0,0.0,IMELBO1849.csv
2023/02/06,04:54 AM,15.5,13.06,85.0,SSW,2.74,3.86,1030.14,0.0,0.0,0.0,0.0,IMELBO1849.csv
2023/02/06,04:59 AM,15.5,13.22,86.0,SSW,3.06,4.18,1030.14,0.0,0.0,0.0,0.0,IMELBO1849.csv
2023/02/06,05:04 AM,15.5,13.22,86.0,SSW,4.02,5.47,1030.14,0.0,0.0,0.0,0.0,IMELBO1849.csv
2023/02/06,05:09 AM,15.44,13.17,86.0,SSW,4.02,5.31,1030.48,0.0,0.0,0.0,0.0,IMELBO1849.csv
2023/02/06,05:14 AM,15.33,13.06,86.0,SW,4.67,6.76,1030.48,0.0,0.0,0.0,0.0,IMELBO1849.csv
2023/02/06,05:19 AM,15.28,13.0,86.0,SW,4.02,4.99,1030.48,0.0,0.0,0.0,0.0,IMELBO1849.csv
2023/02/06,05:24 AM,15.28,13.0,86.0,SW,3.06,4.02,1030.48,0.0,0.0,0.0,0.0,IMELBO1849.csv
2023/02/06,05:29 AM,15.28,13.0,86.0,SW,4.02,5.63,1030.48,0.0,0.0,0.0,0.0,IMELBO1849.csv
2023/02/06,05:34 AM,15.28,13.0,86.0,SW,3.86,4.99,1030.48,0.0,0.0,0.0,0.0,IMELBO1849.csv
2023/02/06,05:39 AM,15.22,12.83,86.0,SW,5.15,7.24,1030.82,0.0,0.0,0.0,0.0,IMELBO1849.csv
2023/02/06,05:44 AM,15.22,12.72,85.0,SW,4.67,6.6,1030.82,0.0,0.0,0.0,0.0,IMELBO1849.csv
2023/02/06,05:49 AM,15.28,12.78,85.0,SW,4.02,5.63,1031.16,0.0,0.0,0.0,0.0,IMELBO1849.csv
2023/02/06,05:54 AM,15.22,12.56,84.0,SW,4.34,5.79,1031.16,0.0,0.0,0.0,0.0,IMELBO1849.csv
2023/02/06,05:59 AM,15.17,12.39,84.0,SW,4.67,6.44,1031.16,0.0,0.0,0.0,0.0,IMELBO1849.csv
2023/02/06,06:04 AM,15.11,12.22,83.0,SW,4.51,5.95,1031.16,0.0,0.0,0.0,0.0,IMELBO1849.csv
2023/02/06,06:09 AM,15.11,12.22,83.0,SW,4.67,6.28,1031.16,0.0,0.0,0.0,0.0,IMELBO1849.csv
2023/02/06,06:14 AM,15.06,12.17,83.0,WSW,3.54,5.15,1031.16,0.0,0.0,0.0,0.0,IMELBO1849.csv
2023/02/06,06:19 AM,15.0,12.11,83.0,WSW,3.22,4.83,1031.16,0.0,0.0,0.0,0.0,IMELBO1849.csv
2023/02/06,06:24 AM,14.89,12.0,83.0,SW,3.54,4.99,1031.49,0.0,0.0,0.0,0.0,IMELBO1849.csv
2023/02/06,06:29 AM,14.78,11.89,83.0,SW,2.57,3.54,1031.49,0.0,0.0,0.0,0.0,IMELBO1849.csv
2023/02/06,06:34 AM,14.78,12.11,84.0,SW,3.7,5.15,1031.49,0.0,0.0,0.0,0.0,IMELBO1849.csv
2023/02/06,06:39 AM,14.78,12.06,84.0,SW,3.54,4.67,1031.49,0.0,0.0,0.0,0.9,IMELBO1849.csv
2023/02/06,06:44 AM,14.72,12.06,84.0,WSW,2.9,4.18,1031.49,0.0,0.0,0.0,2.6,IMELBO1849.csv
2023/02/06,06:49 AM,14.72,12.0,84.0,WSW,2.9,4.02,1031.49,0.0,0.0,0.0,4.8,IMELBO1849.csv
2023/02/06,06:54 AM,14.72,12.0,84.0,SW,2.41,3.54,1031.49,0.0,0.0,0.0,8.6,IMELBO1849.csv
2023/02/06,06:59 AM,14.72,12.0,84.0,SW,1.61,2.25,1031.49,0.0,0.0,0.0,11.6,IMELBO1849.csv
2023/02/06,07:04 AM,14.72,11.78,83.0,SSW,2.09,2.74,1031.49,0.0,0.0,0.0,15.2,IMELBO1849.csv
2023/02/06,07:09 AM,14.78,11.89,83.0,SSW,2.25,3.06,1031.49,0.0,0.0,0.0,18.1,IMELBO1849.csv
2023/02/06,07:14 AM,14.78,11.83,83.0,SW,3.22,4.18,1031.83,0.0,0.0,0.0,21.7,IMELBO1849.csv
2023/02/06,07:19 AM,14.83,11.78,82.0,SW,2.74,3.7,1031.83,0.0,0.0,0.0,25.6,IMELBO1849.csv
2023/02/06,07:24 AM,14.94,11.67,81.0,SW,1.45,2.09,1031.83,0.0,0.0,0.0,29.0,IMELBO1849.csv
2023/02/06,07:29 AM,15.11,11.56,79.0,SW,3.22,4.67,1031.83,0.0,0.0,0.0,32.1,IMELBO1849.csv
2023/02/06,07:34 AM,15.22,11.67,79.0,WSW,3.54,4.67,1032.17,0.0,0.0,0.0,36.0,IMELBO1849.csv
2023/02/06,07:39 AM,15.28,11.72,79.0,WSW,3.38,4.67,1032.17,0.0,0.0,0.0,43.8,IMELBO1849.csv
2023/02/06,07:44 AM,15.28,11.83,80.0,WSW,3.38,4.67,1032.17,0.0,0.0,0.0,50.7,IMELBO1849.csv
2023/02/06,07:49 AM,15.28,11.94,80.0,SW,4.83,6.92,1032.17,0.0,0.0,0.0,56.8,IMELBO1849.csv
2023/02/06,07:54 AM,15.28,12.0,81.0,SW,4.02,5.63,1032.17,0.0,0.0,0.0,62.9,IMELBO1849.csv
2023/02/06,07:59 AM,15.22,11.94,81.0,SW,3.86,5.31,1032.51,0.0,0.0,0.0,71.9,IMELBO1849.csv
2023/02/06,08:04 AM,15.28,11.89,80.0,SW,5.15,6.92,1032.51,0.0,0.0,0.0,88.4,IMELBO1849.csv
2023/02/06,08:09 AM,15.44,12.06,80.0,WSW,4.34,6.28,1032.51,0.0,0.0,0.0,96.7,IMELBO1849.csv
2023/02/06,08:14 AM,15.39,12.0,80.0,WSW,4.83,6.6,1032.51,0.0,0.0,1.0,105.0,IMELBO1849.csv
2023/02/06,08:19 AM,15.5,12.11,80.0,SW,4.51,6.28,1032.51,0.0,0.0,1.0,113.2,IMELBO1849.csv
2023/02/06,08:24 AM,15.56,12.11,80.0,WSW,3.86,6.11,1032.51,0.0,0.0,1.0,115.7,IMELBO1849.csv
2023/02/06,08:29 AM,15.72,12.11,79.0,SW,5.31,6.76,1032.85,0.0,0.0,1.0,129.7,IMELBO1849.csv
2023/02/06,08:34 AM,15.78,12.11,79.0,WSW,4.02,5.79,1032.85,0.0,0.0,1.0,141.8,IMELBO1849.csv
2023/02/06,08:39 AM,15.89,12.11,78.0,WSW,4.02,5.63,1032.51,0.0,0.0,1.0,148.3,IMELBO1849.csv
2023/02/06,08:44 AM,16.0,12.11,78.0,WSW,2.9,4.18,1032.85,0.0,0.0,1.0,154.8,IMELBO1849.csv
2023/02/06,08:49 AM,16.0,11.94,77.0,WSW,3.38,4.99,1032.85,0.0,0.0,1.0,169.1,IMELBO1849.csv
2023/02/06,08:54 AM,16.17,11.89,76.0,WSW,3.06,5.15,1032.85,0.0,0.0,1.0,199.0,IMELBO1849.csv
2023/02/06,08:59 AM,16.22,11.78,75.0,WSW,4.18,5.47,1032.85,0.0,0.0,1.0,197.8,IMELBO1849.csv
2023/02/06,09:04 AM,16.39,11.72,74.0,WSW,4.18,6.28,1032.85,0.0,0.0,2.0,206.9,IMELBO1849.csv
2023/02/06,09:09 AM,16.39,11.61,73.0,SW,4.02,5.79,1032.85,0.0,0.0,2.0,247.6,IMELBO1849.csv
2023/02/06,09:14 AM,16.44,11.72,73.0,SW,4.83,7.08,1032.85,0.0,0.0,2.0,235.5,IMELBO1849.csv
2023/02/06,09:19 AM,16.56,11.72,73.0,SW,4.99,6.92,1032.51,0.0,0.0,2.0,251.1,IMELBO1849.csv
2023/02/06,09:24 AM,16.61,11.67,73.0,SW,4.99,7.4,1032.51,0.0,0.0,2.0,252.4,IMELBO1849.csv
2023/02/06,09:29 AM,16.61,11.56,72.0,SW,6.92,9.49,1032.51,0.0,0.0,2.0,270.6,IMELBO1849.csv
2023/02/06,09:34 AM,16.61,11.56,72.0,WSW,5.31,7.72,1032.51,0.0,0.0,3.0,369.6,IMELBO1849.csv
2023/02/06,09:39 AM,16.89,11.5,71.0,SW,3.7,5.47,1032.85,0.0,0.0,3.0,357.0,IMELBO1849.csv
2023/02/06,09:44 AM,16.89,11.5,70.0,SW,4.67,6.76,1032.85,0.0,0.0,2.0,299.2,IMELBO1849.csv
2023/02/06,09:49 AM,16.89,11.5,71.0,WSW,4.34,5.79,1032.85,0.0,0.0,3.0,373.9,IMELBO1849.csv
2023/02/06,09:54 AM,17.39,11.72,69.0,West,3.38,5.15,1032.85,0.0,0.0,4.0,418.5,IMELBO1849.csv
2023/02/06,09:59 AM,17.72,11.67,68.0,West,3.54,4.99,1032.51,0.0,0.0,4.0,498.4,IMELBO1849.csv
2023/02/06,10:04 AM,17.83,11.61,67.0,WSW,4.18,5.79,1032.85,0.0,0.0,4.0,469.8,IMELBO1849.csv
2023/02/06,10:09 AM,18.06,11.83,67.0,West,2.57,3.86,1032.85,0.0,0.0,4.0,508.8,IMELBO1849.csv
2023/02/06,10:14 AM,18.5,11.94,66.0,WNW,2.57,4.51,1032.85,0.0,0.0,3.0,362.6,IMELBO1849.csv
2023/02/06,10:19 AM,18.22,11.83,66.0,WSW,4.34,6.76,1032.51,0.0,0.0,3.0,314.4,IMELBO1849.csv
2023/02/06,10:24 AM,17.83,11.61,67.0,WSW,3.54,4.67,1032.85,0.0,0.0,3.0,310.6,IMELBO1849.csv
2023/02/06,10:29 AM,17.61,11.39,67.0,SW,3.38,4.99,1032.51,0.0,0.0,3.0,317.5,IMELBO1849.csv
2023/02/06,10:34 AM,17.89,11.5,66.0,SW,3.06,4.34,1032.85,0.0,0.0,2.0,300.1,IMELBO1849.csv
2023/02/06,10:39 AM,17.83,11.44,66.0,SSW,2.25,2.9,1032.85,0.0,0.0,3.0,319.7,IMELBO1849.csv
2023/02/06,10:44 AM,18.11,11.67,66.0,SW,4.51,5.79,1032.85,0.0,0.0,3.0,353.9,IMELBO1849.csv
2023/02/06,10:49 AM,17.78,11.44,66.0,SSW,4.34,5.63,1032.85,0.0,0.0,5.0,586.8,IMELBO1849.csv
2023/02/06,10:54 AM,17.94,11.5,66.0,WSW,3.86,5.79,1032.85,0.0,0.0,3.0,322.2,IMELBO1849.csv
2023/02/06,10:59 AM,18.17,11.5,65.0,NW,2.41,3.54,1032.85,0.0,0.0,3.0,311.5,IMELBO1849.csv
2023/02/06,11:04 AM,18.11,11.56,65.0,SW,4.99,6.92,1032.85,0.0,0.0,2.0,295.0,IMELBO1849.csv
2023/02/06,11:09 AM,17.83,11.44,66.0,WSW,2.9,4.18,1032.85,0.0,0.0,3.0,313.5,IMELBO1849.csv
2023/02/06,11:14 AM,18.06,11.5,66.0,WNW,3.22,4.67,1032.85,0.0,0.0,3.0,349.1,IMELBO1849.csv
2023/02/06,11:19 AM,18.44,11.67,65.0,West,2.25,3.7,1032.85,0.0,0.0,3.0,396.0,IMELBO1849.csv
2023/02/06,11:24 AM,18.61,11.72,64.0,WSW,2.9,3.7,1032.85,0.0,0.0,3.0,370.4,IMELBO1849.csv
2023/02/06,11:29 AM,18.72,11.61,63.0,West,1.13,1.93,1032.85,0.0,0.0,3.0,347.0,IMELBO1849.csv
2023/02/06,11:34 AM,19.17,11.78,62.0,West,3.22,4.67,1032.85,0.0,0.0,3.0,350.9,IMELBO1849.csv
2023/02/06,11:39 AM,19.06,11.78,63.0,WSW,2.57,4.02,1032.85,0.0,0.0,3.0,353.5,IMELBO1849.csv
2023/02/06,11:44 AM,19.06,11.72,63.0,WNW,2.41,3.38,1032.85,0.0,0.0,3.0,331.8,IMELBO1849.csv
2023/02/06,11:49 AM,19.17,11.78,62.0,SW,3.06,4.51,1032.85,0.0,0.0,3.0,321.0,IMELBO1849.csv
2023/02/06,11:54 AM,18.94,11.67,63.0,WSW,1.45,2.57,1032.85,0.0,0.0,3.0,322.7,IMELBO1849.csv
2023/02/06,11:59 AM,19.11,11.83,63.0,SW,4.83,6.44,1032.85,0.0,0.0,3.0,333.5,IMELBO1849.csv
2023/02/06,12:04 PM,19.06,11.72,62.0,SW,3.7,5.31,1032.85,0.0,0.0,3.0,370.4,IMELBO1849.csv
2023/02/06,12:09 PM,18.94,11.5,62.0,SW,1.93,2.74,1032.51,0.0,0.0,8.0,902.2,IMELBO1849.csv
2023/02/06,12:14 PM,19.5,11.72,61.0,South,3.54,5.31,1032.51,0.0,0.0,4.0,510.1,IMELBO1849.csv
2023/02/06,12:19 PM,20.06,12.0,60.0,SSE,2.41,3.38,1032.85,0.0,0.0,7.0,777.3,IMELBO1849.csv
2023/02/06,12:24 PM,19.56,11.78,61.0,SSW,5.31,7.08,1032.51,0.0,0.0,4.0,446.8,IMELBO1849.csv
2023/02/06,12:29 PM,19.28,11.61,61.0,SW,3.38,4.51,1032.51,0.0,0.0,8.0,925.2,IMELBO1849.csv
2023/02/06,12:34 PM,19.89,11.67,59.0,SW,4.99,6.44,1032.51,0.0,0.0,9.0,994.2,IMELBO1849.csv
2023/02/06,12:39 PM,20.44,11.83,58.0,ESE,1.29,2.25,1032.51,0.0,0.0,10.0,1074.1,IMELBO1849.csv
2023/02/06,12:44 PM,20.39,12.11,59.0,SW,6.44,8.37,1032.51,0.0,0.0,7.0,735.2,IMELBO1849.csv
2023/02/06,12:49 PM,19.94,11.89,60.0,SW,2.9,4.51,1032.51,0.0,0.0,6.0,692.3,IMELBO1849.csv
2023/02/06,12:54 PM,20.28,11.94,59.0,West,2.25,3.38,1032.51,0.0,0.0,5.0,599.9,IMELBO1849.csv
2023/02/06,12:59 PM,20.44,12.06,59.0,SSW,4.02,5.79,1032.51,0.0,0.0,10.0,1055.0,IMELBO1849.csv
2023/02/06,01:04 PM,21.28,12.39,57.0,SW,2.9,4.34,1032.51,0.0,0.0,10.0,1047.2,IMELBO1849.csv
2023/02/06,01:09 PM,21.5,12.56,56.0,SSW,3.7,5.31,1032.51,0.0,0.0,10.0,1054.2,IMELBO1849.csv
2023/02/06,01:14 PM,21.44,12.5,57.0,SSW,8.69,12.07,1032.51,0.0,0.0,10.0,1045.5,IMELBO1849.csv
2023/02/06,01:19 PM,20.72,12.17,58.0,South,5.47,7.56,1032.51,0.0,0.0,7.0,743.1,IMELBO1849.csv
2023/02/06,01:24 PM,20.33,12.22,60.0,SW,8.21,11.42,1032.51,0.0,0.0,9.0,1002.0,IMELBO1849.csv
2023/02/06,01:29 PM,20.17,12.06,60.0,SSW,8.69,10.78,1032.51,0.0,0.0,9.0,964.7,IMELBO1849.csv
2023/02/06,01:34 PM,20.94,12.22,57.0,South,4.18,6.44,1032.51,0.0,0.0,8.0,876.3,IMELBO1849.csv
2023/02/06,01:39 PM,21.33,12.39,57.0,SW,4.83,6.92,1032.51,0.0,0.0,8.0,868.0,IMELBO1849.csv
2023/02/06,01:44 PM,21.72,12.44,56.0,SSW,7.88,11.42,1032.51,0.0,0.0,8.0,838.5,IMELBO1849.csv
2023/02/06,01:49 PM,20.78,12.0,57.0,SW,4.67,6.11,1032.51,0.0,0.0,8.0,885.0,IMELBO1849.csv
2023/02/06,01:54 PM,21.0,12.06,57.0,SSW,3.06,4.34,1032.17,0.0,0.0,9.0,934.8,IMELBO1849.csv
2023/02/06,01:59 PM,21.28,12.44,57.0,SSE,3.86,5.47,1032.51,0.0,0.0,9.0,935.6,IMELBO1849.csv
2023/02/06,02:04 PM,21.22,12.33,57.0,SW,5.63,7.72,1032.51,0.0,0.0,9.0,1012.1,IMELBO1849.csv
2023/02/06,02:09 PM,20.83,12.11,57.0,SSW,3.7,4.83,1032.17,0.0,0.0,9.0,990.3,IMELBO1849.csv
2023/02/06,02:14 PM,21.39,12.61,57.0,SSW,4.18,5.63,1032.17,0.0,0.0,7.0,724.8,IMELBO1849.csv
2023/02/06,02:19 PM,20.94,12.11,57.0,SSW,5.95,7.88,1032.17,0.0,0.0,8.0,886.7,IMELBO1849.csv
2023/02/06,02:24 PM,21.22,12.28,57.0,SSW,4.99,7.4,1032.17,0.0,0.0,7.0,809.9,IMELBO1849.csv
2023/02/06,02:29 PM,21.61,12.39,56.0,SSW,4.51,6.28,1032.17,0.0,0.0,7.0,816.0,IMELBO1849.csv
2023/02/06,02:34 PM,21.78,12.44,55.0,SSW,6.76,9.49,1032.17,0.0,0.0,7.0,798.6,IMELBO1849.csv
2023/02/06,02:39 PM,21.44,12.28,56.0,SSE,7.08,10.3,1032.17,0.0,0.0,7.0,799.0,IMELBO1849.csv
2023/02/06,02:44 PM,21.44,12.39,56.0,SE,4.02,5.95,1031.83,0.0,0.0,8.0,861.5,IMELBO1849.csv
2023/02/06,02:49 PM,21.83,12.5,55.0,SSW,6.28,9.17,1032.17,0.0,0.0,8.0,887.5,IMELBO1849.csv
2023/02/06,02:54 PM,21.5,12.56,57.0,SSW,6.44,9.01,1031.83,0.0,0.0,7.0,813.3,IMELBO1849.csv
2023/02/06,02:59 PM,22.06,12.83,56.0,SSW,4.34,6.28,1032.17,0.0,0.0,7.0,802.9,IMELBO1849.csv
2023/02/06,03:04 PM,22.44,13.0,55.0,South,5.31,8.04,1032.17,0.0,0.0,7.0,804.7,IMELBO1849.csv
2023/02/06,03:09 PM,22.56,13.28,56.0,South,6.92,9.81,1032.17,0.0,0.0,7.0,779.0,IMELBO1849.csv
2023/02/06,03:14 PM,21.89,12.94,57.0,ESE,5.47,8.21,1031.83,0.0,0.0,7.0,781.7,IMELBO1849.csv
2023/02/06,03:19 PM,22.0,12.94,57.0,SE,6.11,8.85,1032.17,0.0,0.0,7.0,759.6,IMELBO1849.csv
2023/02/06,03:24 PM,21.5,12.83,58.0,SSW,7.72,10.46,1032.17,0.0,0.0,7.0,784.7,IMELBO1849.csv
2023/02/06,03:29 PM,21.56,12.72,57.0,ESE,5.31,7.08,1031.83,0.0,0.0,7.0,779.5,IMELBO1849.csv
2023/02/06,03:34 PM,21.39,12.72,58.0,SE,4.99,7.56,1031.83,0.0,0.0,7.0,815.1,IMELBO1849.csv
2023/02/06,03:39 PM,21.5,12.83,58.0,SE,5.79,8.04,1031.83,0.0,0.0,7.0,812.4,IMELBO1849.csv
2023/02/06,03:44 PM,21.83,12.78,57.0,SE,4.99,7.4,1031.83,0.0,0.0,7.0,749.5,IMELBO1849.csv
2023/02/06,03:49 PM,21.83,12.83,56.0,SE,3.7,5.63,1031.83,0.0,0.0,7.0,748.3,IMELBO1849.csv
2023/02/06,03:54 PM,21.83,12.83,57.0,ESE,5.95,8.21,1031.83,0.0,0.0,7.0,763.0,IMELBO1849.csv
2023/02/06,03:59 PM,21.22,12.56,58.0,SSW,6.6,9.33,1031.83,0.0,0.0,7.0,756.0,IMELBO1849.csv
2023/02/06,04:04 PM,21.67,12.67,57.0,South,5.79,8.21,1031.83,0.0,0.0,7.0,774.3,IMELBO1849.csv
2023/02/06,04:09 PM,21.78,12.78,57.0,South,5.95,8.21,1031.49,0.0,0.0,7.0,775.1,IMELBO1849.csv
2023/02/06,04:14 PM,21.39,12.72,58.0,SSE,4.83,7.24,1031.83,0.0,0.0,7.0,767.4,IMELBO1849.csv
2023/02/06,04:19 PM,21.5,12.78,58.0,South,6.11,8.53,1031.49,0.0,0.0,7.0,749.5,IMELBO1849.csv
2023/02/06,04:24 PM,21.28,13.0,59.0,South,7.24,10.62,1031.49,0.0,0.0,7.0,744.8,IMELBO1849.csv
2023/02/06,04:29 PM,21.06,12.83,59.0,ESE,6.28,8.69,1031.49,0.0,0.0,7.0,734.9,IMELBO1849.csv
2023/02/06,04:34 PM,21.28,12.89,59.0,SE,5.47,7.88,1031.83,0.0,0.0,7.0,740.0,IMELBO1849.csv
2023/02/06,04:39 PM,21.17,12.83,59.0,SSE,4.99,7.56,1031.49,0.0,0.0,7.0,737.8,IMELBO1849.csv
2023/02/06,04:44 PM,21.33,12.89,58.0,SSW,6.44,9.01,1031.49,0.0,0.0,7.0,730.5,IMELBO1849.csv
2023/02/06,04:49 PM,21.17,12.78,59.0,South,5.95,8.85,1031.49,0.0,0.0,7.0,720.1,IMELBO1849.csv
2023/02/06,04:54 PM,20.89,12.78,60.0,SE,6.11,8.21,1031.49,0.0,0.0,7.0,724.3,IMELBO1849.csv
2023/02/06,04:59 PM,21.11,12.89,59.0,South,4.99,7.08,1031.49,0.0,0.0,6.0,715.8,IMELBO1849.csv
2023/02/06,05:04 PM,21.17,12.89,59.0,SSW,5.47,7.72,1031.49,0.0,0.0,6.0,674.1,IMELBO1849.csv
2023/02/06,05:09 PM,21.33,12.83,59.0,South,4.99,7.88,1031.49,0.0,0.0,6.0,646.3,IMELBO1849.csv
2023/02/06,05:14 PM,21.5,13.0,59.0,South,4.83,7.56,1031.49,0.0,0.0,6.0,632.8,IMELBO1849.csv
2023/02/06,05:19 PM,21.61,13.06,58.0,SE,5.15,7.56,1031.16,0.0,0.0,5.0,608.6,IMELBO1849.csv
2023/02/06,05:24 PM,21.0,12.78,59.0,SSE,5.47,7.72,1031.49,0.0,0.0,5.0,605.1,IMELBO1849.csv
2023/02/06,05:29 PM,20.78,12.67,60.0,SSW,6.76,8.85,1031.16,0.0,0.0,5.0,570.0,IMELBO1849.csv
2023/02/06,05:34 PM,20.61,12.56,60.0,South,5.31,7.88,1031.16,0.0,0.0,5.0,525.3,IMELBO1849.csv
2023/02/06,05:39 PM,21.11,12.61,58.0,SSE,4.18,6.28,1031.16,0.0,0.0,4.0,469.8,IMELBO1849.csv
2023/02/06,05:44 PM,21.28,12.61,58.0,SSW,7.56,10.14,1031.16,0.0,0.0,4.0,459.4,IMELBO1849.csv
2023/02/06,05:49 PM,21.06,12.44,58.0,SE,4.51,6.76,1031.16,0.0,0.0,4.0,441.5,IMELBO1849.csv
2023/02/06,05:54 PM,21.11,12.39,57.0,SSW,6.44,9.65,1031.16,0.0,0.0,4.0,415.6,IMELBO1849.csv
2023/02/06,05:59 PM,20.83,12.28,58.0,SSW,6.11,8.69,1031.16,0.0,0.0,3.0,373.5,IMELBO1849.csv
2023/02/06,06:04 PM,21.22,12.39,57.0,SSE,4.51,6.6,1031.16,0.0,0.0,3.0,364.3,IMELBO1849.csv
2023/02/06,06:09 PM,20.94,12.22,58.0,South,7.24,9.81,1031.49,0.0,0.0,3.0,359.5,IMELBO1849.csv
2023/02/06,06:14 PM,20.72,12.11,58.0,South,5.31,7.72,1031.16,0.0,0.0,3.0,337.0,IMELBO1849.csv
2023/02/06,06:19 PM,20.72,12.11,58.0,SSW,5.47,7.72,1031.16,0.0,0.0,3.0,310.6,IMELBO1849.csv
2023/02/06,06:24 PM,21.0,12.39,58.0,SE,4.34,6.28,1031.16,0.0,0.0,2.0,301.4,IMELBO1849.csv
2023/02/06,06:29 PM,20.94,12.67,59.0,SSE,4.83,6.92,1031.16,0.0,0.0,2.0,257.1,IMELBO1849.csv
2023/02/06,06:34 PM,20.5,12.44,60.0,SSE,4.99,7.24,1030.82,0.0,0.0,2.0,248.9,IMELBO1849.csv
2023/02/06,06:39 PM,20.56,12.56,60.0,South,5.15,7.56,1031.16,0.0,0.0,2.0,251.1,IMELBO1849.csv
2023/02/06,06:44 PM,20.33,12.5,61.0,SSE,6.11,8.69,1031.16,0.0,0.0,2.0,235.5,IMELBO1849.csv
2023/02/06,06:49 PM,20.11,12.61,62.0,SSW,5.47,7.88,1031.16,0.0,0.0,1.0,196.0,IMELBO1849.csv
2023/02/06,06:54 PM,20.06,12.44,62.0,SSE,4.67,6.6,1031.16,0.0,0.0,1.0,175.2,IMELBO1849.csv
2023/02/06,06:59 PM,19.94,12.33,61.0,South,5.63,7.88,1031.49,0.0,0.0,1.0,170.4,IMELBO1849.csv
2023/02/06,07:04 PM,19.89,12.33,62.0,SSE,5.95,9.17,1031.49,0.0,0.0,1.0,153.9,IMELBO1849.csv
2023/02/06,07:09 PM,19.61,12.33,63.0,South,5.47,7.56,1031.16,0.0,0.0,1.0,134.8,IMELBO1849.csv
2023/02/06,07:14 PM,19.72,12.61,63.0,SSW,6.44,8.85,1031.16,0.0,0.0,1.0,124.1,IMELBO1849.csv
2023/02/06,07:19 PM,19.28,12.61,65.0,SSW,7.56,11.26,1031.49,0.0,0.0,1.0,108.4,IMELBO1849.csv
2023/02/06,07:24 PM,19.0,12.67,67.0,SSW,6.92,9.65,1031.49,0.0,0.0,0.0,38.5,IMELBO1849.csv
2023/02/06,07:29 PM,18.89,12.94,68.0,SSW,6.76,9.49,1031.49,0.0,0.0,0.0,36.8,IMELBO1849.csv
2023/02/06,07:34 PM,18.61,12.89,69.0,SSW,6.92,9.49,1031.49,0.0,0.0,0.0,35.1,IMELBO1849.csv
2023/02/06,07:39 PM,18.56,12.94,70.0,SSW,7.56,9.81,1031.49,0.0,0.0,0.0,33.4,IMELBO1849.csv
2023/02/06,07:44 PM,18.22,12.89,71.0,SSW,7.24,9.17,1031.49,0.0,0.0,0.0,31.2,IMELBO1849.csv
2023/02/06,07:49 PM,18.17,13.06,72.0,SSW,7.24,10.14,1031.83,0.0,0.0,0.0,28.6,IMELBO1849.csv
2023/02/06,07:54 PM,17.94,12.83,72.0,SSW,6.6,8.85,1031.49,0.0,0.0,0.0,25.9,IMELBO1849.csv
2023/02/06,07:59 PM,17.94,12.94,72.0,SSW,4.99,7.4,1031.49,0.0,0.0,0.0,23.9,IMELBO1849.csv
2023/02/06,08:04 PM,17.89,13.0,73.0,South,3.86,5.31,1031.49,0.0,0.0,0.0,20.3,IMELBO1849.csv
2023/02/06,08:09 PM,17.67,12.78,73.0,SSW,5.63,8.04,1031.83,0.0,0.0,0.0,17.3,IMELBO1849.csv
2023/02/06,08:14 PM,17.5,12.61,73.0,South,4.18,6.28,1031.83,0.0,0.0,0.0,13.8,IMELBO1849.csv
2023/02/06,08:19 PM,17.5,12.89,74.0,SSW,5.79,7.4,1031.83,0.0,0.0,0.0,10.8,IMELBO1849.csv
2023/02/06,08:24 PM,17.44,12.89,75.0,SSW,3.38,4.83,1031.83,0.0,0.0,0.0,7.3,IMELBO1849.csv
2023/02/06,08:29 PM,17.28,12.94,76.0,South,4.02,6.11,1031.49,0.0,0.0,0.0,4.8,IMELBO1849.csv
2023/02/06,08:34 PM,17.11,13.0,77.0,SW,6.44,9.01,1031.83,0.0,0.0,0.0,2.1,IMELBO1849.csv
2023/02/06,08:39 PM,16.94,13.06,78.0,SSW,8.21,11.1,1031.83,0.0,0.0,0.0,0.4,IMELBO1849.csv
2023/02/06,08:44 PM,16.78,13.17,79.0,SSW,6.76,9.65,1031.83,0.0,0.0,0.0,0.0,IMELBO1849.csv
2023/02/06,08:49 PM,16.72,13.17,79.0,SSW,5.31,8.04,1031.83,0.0,0.0,0.0,0.0,IMELBO1849.csv
2023/02/06,08:54 PM,16.72,13.22,80.0,SSW,5.79,8.04,1031.83,0.0,0.0,0.0,0.0,IMELBO1849.csv
2023/02/06,08:59 PM,16.61,13.11,80.0,SW,4.83,6.6,1032.17,0.0,0.0,0.0,0.0,IMELBO1849.csv
2023/02/06,09:04 PM,16.56,13.17,80.0,SW,6.28,8.37,1032.17,0.0,0.0,0.0,0.0,IMELBO1849.csv
2023/02/06,09:09 PM,16.5,13.22,81.0,SSW,5.31,6.92,1032.17,0.0,0.0,0.0,0.0,IMELBO1849.csv
2023/02/06,09:14 PM,16.5,13.22,81.0,SSW,4.34,6.44,1032.17,0.0,0.0,0.0,0.0,IMELBO1849.csv
2023/02/06,09:19 PM,16.44,13.17,81.0,SW,5.95,8.04,1032.17,0.0,0.0,0.0,0.0,IMELBO1849.csv
2023/02/06,09:24 PM,16.5,13.22,81.0,SW,5.63,6.92,1032.17,0.0,0.0,0.0,0.0,IMELBO1849.csv
2023/02/06,09:29 PM,16.5,13.22,81.0,SW,4.67,5.95,1032.17,0.0,0.0,0.0,0.0,IMELBO1849.csv
2023/02/06,09:34 PM,16.5,13.22,81.0,SW,4.83,6.28,1032.17,0.0,0.0,0.0,0.0,IMELBO1849.csv
2023/02/06,09:39 PM,16.33,13.22,82.0,SW,5.63,7.56,1032.51,0.0,0.0,0.0,0.0,IMELBO1849.csv
2023/02/06,09:44 PM,16.28,13.17,82.0,SSW,4.34,5.47,1032.51,0.0,0.0,0.0,0.0,IMELBO1849.csv
2023/02/06,09:49 PM,16.22,13.11,82.0,SW,5.15,6.92,1032.51,0.0,0.0,0.0,0.0,IMELBO1849.csv
2023/02/06,09:54 PM,16.22,13.11,82.0,SW,5.79,7.08,1032.51,0.0,0.0,0.0,0.0,IMELBO1849.csv
2023/02/06,09:59 PM,16.22,13.11,82.0,SW,4.99,6.11,1032.51,0.0,0.0,0.0,0.0,IMELBO1849.csv
2023/02/06,10:04 PM,16.11,13.0,82.0,SW,4.83,6.44,1032.51,0.0,0.0,0.0,0.0,IMELBO1849.csv
2023/02/06,10:09 PM,16.11,13.0,82.0,SW,5.63,7.4,1032.51,0.0,0.0,0.0,0.0,IMELBO1849.csv
2023/02/06,10:14 PM,16.11,13.0,82.0,SW,5.63,7.24,1032.51,0.0,0.0,0.0,0.0,IMELBO1849.csv
2023/02/06,10:19 PM,16.06,12.94,82.0,SW,5.15,6.6,1032.51,0.0,0.0,0.0,0.0,IMELBO1849.csv
2023/02/06,10:24 PM,16.0,12.89,82.0,SW,5.47,7.08,1032.51,0.0,0.0,0.0,0.0,IMELBO1849.csv
2023/02/06,10:29 PM,16.0,12.89,82.0,SW,4.34,6.28,1032.51,0.0,0.0,0.0,0.0,IMELBO1849.csv
2023/02/06,10:34 PM,15.89,12.78,82.0,SW,4.18,5.79,1032.51,0.0,0.0,0.0,0.0,IMELBO1849.csv
2023/02/06,10:39 PM,15.89,12.78,82.0,SW,4.18,5.47,1032.51,0.0,0.0,0.0,0.0,IMELBO1849.csv
2023/02/06,10:44 PM,15.89,12.78,82.0,SW,4.02,5.15,1032.51,0.0,0.0,0.0,0.0,IMELBO1849.csv
2023/02/06,10:49 PM,15.94,12.83,82.0,SW,4.02,5.47,1032.51,0.0,0.0,0.0,0.0,IMELBO1849.csv
2023/02/06,10:54 PM,16.0,12.89,82.0,SW,3.86,4.99,1032.51,0.0,0.0,0.0,0.0,IMELBO1849.csv
2023/02/06,10:59 PM,16.06,12.94,82.0,SW,4.51,5.79,1032.51,0.0,0.0,0.0,0.0,IMELBO1849.csv
2023/02/06,11:04 PM,16.06,12.94,82.0,SW,4.34,5.15,1032.51,0.0,0.0,0.0,0.0,IMELBO1849.csv
2023/02/06,11:09 PM,16.11,13.0,82.0,SW,3.86,5.15,1032.51,0.0,0.0,0.0,0.0,IMELBO1849.csv
2023/02/06,11:14 PM,16.11,13.0,82.0,SW,3.38,4.34,1032.51,0.0,0.0,0.0,0.0,IMELBO1849.csv
2023/02/06,11:19 PM,16.22,12.89,81.0,SW,3.54,4.67,1032.51,0.0,0.0,0.0,0.0,IMELBO1849.csv
2023/02/06,11:24 PM,16.22,12.89,81.0,SW,4.02,4.99,1032.51,0.0,0.0,0.0,0.0,IMELBO1849.csv
2023/02/06,11:29 PM,16.22,12.89,81.0,SW,4.51,6.28,1032.17,0.0,0.0,0.0,0.0,IMELBO1849.csv
2023/02/06,11:34 PM,16.28,13.0,81.0,SW,4.34,5.79,1032.17,0.0,0.0,0.0,0.0,IMELBO1849.csv
2023/02/06,11:39 PM,16.28,13.06,81.0,SSW,4.18,5.15,1032.17,0.0,0.0,0.0,0.0,IMELBO1849.csv
2023/02/06,11:44 PM,16.39,13.11,81.0,SSW,5.31,6.92,1032.51,0.0,0.0,0.0,0.0,IMELBO1849.csv
2023/02/06,11:49 PM,16.39,13.11,81.0,SW,5.15,6.92,1032.51,0.0,0.0,0.0,0.0,IMELBO1849.csv
2023/02/06,11:54 PM,16.39,13.11,81.0,SW,4.51,5.63,1032.51,0.0,0.0,0.0,0.0,IMELBO1849.csv
2023/02/06,11:59 PM,16.44,13.17,81.0,SSW,5.47,6.76,1032.51,0.0,0.0,0.0,0.0,IMELBO1849.csv
2023/02/07,12:04 AM,16.44,13.17,81.0,SW,4.18,5.47,1032.51,0.0,0.0,0.0,0.0,IMELBO1849.csv
2023/02/07,12:09 AM,16.39,13.11,81.0,SW,4.51,5.95,1032.51,0.0,0.0,0.0,0.0,IMELBO1849.csv
2023/02/07,12:14 AM,16.39,13.11,81.0,SW,5.47,7.4,1032.51,0.0,0.0,0.0,0.0,IMELBO1849.csv
2023/02/07,12:19 AM,16.39,13.22,82.0,SW,5.47,6.92,1032.51,0.0,0.0,0.0,0.0,IMELBO1849.csv
2023/02/07,12:24 AM,16.39,13.28,82.0,SW,4.02,5.63,1032.17,0.0,0.0,0.0,0.0,IMELBO1849.csv
2023/02/07,12:29 AM,16.33,13.28,82.0,SW,5.95,7.4,1032.51,0.0,0.0,0.0,0.0,IMELBO1849.csv
2023/02/07,12:34 AM,16.22,13.44,84.0,SW,5.15,7.08,1032.17,0.0,0.0,0.0,0.0,IMELBO1849.csv
2023/02/07,12:39 AM,16.11,13.5,85.0,SSW,4.34,5.47,1032.17,0.0,0.0,0.0,0.0,IMELBO1849.csv
2023/02/07,12:44 AM,16.0,13.5,85.0,SSW,4.99,6.6,1032.17,0.0,0.0,0.0,0.0,IMELBO1849.csv
2023/02/07,12:49 AM,16.06,13.56,85.0,SW,5.47,7.08,1032.17,0.0,0.0,0.0,0.0,IMELBO1849.csv
2023/02/07,12:54 AM,16.06,13.33,84.0,SSW,6.76,8.53,1032.17,0.0,0.0,0.0,0.0,IMELBO1849.csv
2023/02/07,12:59 AM,16.11,13.39,84.0,SSW,4.99,6.76,1032.17,0.0,0.0,0.0,0.0,IMELBO1849.csv
2023/02/07,01:04 AM,16.11,13.39,84.0,SSW,3.86,4.83,1031.83,0.0,0.0,0.0,0.0,IMELBO1849.csv
2023/02/07,01:09 AM,16.22,13.5,84.0,SW,2.74,3.86,1032.17,0.0,0.0,0.0,0.0,IMELBO1849.csv
2023/02/07,01:14 AM,16.22,13.5,84.0,SSW,3.54,4.51,1032.17,0.0,0.0,0.0,0.0,IMELBO1849.csv
2023/02/07,01:19 AM,16.22,13.44,84.0,SW,6.6,8.85,1031.83,0.0,0.0,0.0,0.0,IMELBO1849.csv
2023/02/07,01:24 AM,16.11,13.39,84.0,SW,6.92,9.17,1031.83,0.0,0.0,0.0,0.0,IMELBO1849.csv
2023/02/07,01:29 AM,16.11,13.39,84.0,SW,8.04,10.46,1031.83,0.0,0.0,0.0,0.0,IMELBO1849.csv
2023/02/07,01:34 AM,16.11,13.39,84.0,SW,4.83,6.28,1031.83,0.0,0.0,0.0,0.0,IMELBO1849.csv
2023/02/07,01:39 AM,16.11,13.39,84.0,SW,4.02,5.63,1031.83,0.0,0.0,0.0,0.0,IMELBO1849.csv
2023/02/07,01:44 AM,16.11,13.39,84.0,SW,5.79,7.4,1031.49,0.0,0.0,0.0,0.0,IMELBO1849.csv
2023/02/07,01:49 AM,16.11,13.39,84.0,SW,5.47,7.56,1031.83,0.0,0.0,0.0,0.0,IMELBO1849.csv
2023/02/07,01:54 AM,16.11,13.22,83.0,SW,5.63,7.56,1031.83,0.0,0.0,0.0,0.0,IMELBO1849.csv
2023/02/07,01:59 AM,16.11,13.22,83.0,SW,4.99,7.08,1031.83,0.0,0.0,0.0,0.0,IMELBO1849.csv
2023/02/07,02:04 AM,16.0,13.11,83.0,SW,5.47,6.76,1031.49,0.0,0.0,0.0,0.0,IMELBO1849.csv
2023/02/07,02:09 AM,16.06,13.17,83.0,SW,4.18,5.47,1031.49,0.0,0.0,0.0,0.0,IMELBO1849.csv
2023/02/07,02:14 AM,16.06,13.17,83.0,SW,4.34,5.95,1031.49,0.0,0.0,0.0,0.0,IMELBO1849.csv
2023/02/07,02:19 AM,16.11,13.22,83.0,SSW,2.9,3.86,1031.49,0.0,0.0,0.0,0.0,IMELBO1849.csv
2023/02/07,02:24 AM,16.06,13.17,83.0,SW,3.54,4.67,1031.49,0.0,0.0,0.0,0.0,IMELBO1849.csv
2023/02/07,02:29 AM,16.0,13.11,83.0,SSW,4.34,6.11,1031.49,0.0,0.0,0.0,0.0,IMELBO1849.csv
2023/02/07,02:34 AM,15.94,13.06,83.0,SSW,6.44,8.69,1031.49,0.0,0.0,0.0,0.0,IMELBO1849.csv
2023/02/07,02:39 AM,15.83,13.11,84.0,SW,5.63,7.24,1031.16,0.0,0.0,0.0,0.0,IMELBO1849.csv
2023/02/07,02:44 AM,15.78,13.11,84.0,SSW,4.34,5.95,1031.49,0.0,0.0,0.0,0.0,IMELBO1849.csv
2023/02/07,02:49 AM,15.78,13.06,84.0,SW,7.56,10.14,1031.16,0.0,0.0,0.0,0.0,IMELBO1849.csv
2023/02/07,02:54 AM,15.72,13.0,84.0,SW,5.79,7.4,1031.16,0.0,0.0,0.0,0.0,IMELBO1849.csv
2023/02/07,02:59 AM,15.61,13.0,85.0,SW,3.38,4.34,1031.16,0.0,0.0,0.0,0.0,IMELBO1849.csv
2023/02/07,03:04 AM,15.56,13.11,85.0,SW,4.99,5.95,1031.16,0.0,0.0,0.0,0.0,IMELBO1849.csv
2023/02/07,03:09 AM,15.44,13.17,86.0,SW,2.74,4.02,1031.16,0.0,0.0,0.0,0.0,IMELBO1849.csv
2023/02/07,03:14 AM,15.39,13.11,86.0,SW,4.18,4.99,1031.16,0.0,0.0,0.0,0.0,IMELBO1849.csv
2023/02/07,03:19 AM,15.39,13.11,86.0,SW,3.22,4.34,1031.16,0.0,0.0,0.0,0.0,IMELBO1849.csv
2023/02/07,03:24 AM,15.5,13.0,85.0,SW,4.34,6.11,1031.16,0.0,0.0,0.0,0.0,IMELBO1849.csv
2023/02/07,03:29 AM,15.5,12.89,84.0,SW,3.38,4.34,1031.16,0.0,0.0,0.0,0.0,IMELBO1849.csv
2023/02/07,03:34 AM,15.61,12.89,84.0,SW,3.86,4.67,1031.16,0.0,0.0,0.0,0.0,IMELBO1849.csv
2023/02/07,03:39 AM,15.72,13.0,84.0,SW,1.77,2.9,1030.82,0.0,0.0,0.0,0.0,IMELBO1849.csv
2023/02/07,03:44 AM,15.72,12.83,83.0,SW,2.9,4.18,1031.16,0.0,0.0,0.0,0.0,IMELBO1849.csv
2023/02/07,03:49 AM,15.72,12.78,83.0,SW,5.63,7.24,1030.82,0.0,0.0,0.0,0.0,IMELBO1849.csv
2023/02/07,03:54 AM,15.72,12.78,83.0,SW,4.18,5.31,1030.82,0.0,0.0,0.0,0.0,IMELBO1849.csv
2023/02/07,03:59 AM,15.72,12.78,83.0,SW,2.57,3.7,1030.82,0.0,0.0,0.0,0.0,IMELBO1849.csv
2023/02/07,04:04 AM,15.72,12.83,83.0,SW,4.99,6.6,1030.82,0.0,0.0,0.0,0.0,IMELBO1849.csv
2023/02/07,04:09 AM,15.72,12.83,83.0,SW,4.18,5.47,1030.82,0.0,0.0,0.0,0.0,IMELBO1849.csv
2023/02/07,04:14 AM,15.72,12.67,82.0,SW,4.83,6.44,1030.82,0.0,0.0,0.0,0.0,IMELBO1849.csv
2023/02/07,04:19 AM,15.78,12.61,82.0,SW,5.79,7.88,1030.82,0.0,0.0,0.0,0.0,IMELBO1849.csv
2023/02/07,04:24 AM,15.78,12.44,81.0,SW,5.15,7.08,1030.82,0.0,0.0,0.0,0.0,IMELBO1849.csv
2023/02/07,04:29 AM,15.83,12.44,80.0,SW,3.54,4.67,1030.82,0.0,0.0,0.0,0.0,IMELBO1849.csv
2023/02/07,04:34 AM,15.89,12.5,80.0,SW,3.86,5.47,1030.82,0.0,0.0,0.0,0.0,IMELBO1849.csv
2023/02/07,04:39 AM,15.89,12.5,80.0,SW,4.51,5.79,1030.82,0.0,0.0,0.0,0.0,IMELBO1849.csv
2023/02/07,04:44 AM,15.89,12.5,80.0,WSW,5.47,7.72,1030.82,0.0,0.0,0.0,0.0,IMELBO1849.csv
2023/02/07,04:49 AM,15.78,12.39,80.0,SW,5.63,7.56,1030.82,0.0,0.0,0.0,0.0,IMELBO1849.csv
2023/02/07,04:54 AM,15.78,12.39,80.0,SW,5.95,7.88,1030.82,0.0,0.0,0.0,0.0,IMELBO1849.csv
2023/02/07,04:59 AM,15.78,12.39,80.0,SW,4.83,6.44,1030.82,0.0,0.0,0.0,0.0,IMELBO1849.csv
2023/02/07,05:04 AM,15.78,12.39,80.0,SW,4.99,6.76,1030.82,0.0,0.0,0.0,0.0,IMELBO1849.csv
2023/02/07,05:09 AM,15.78,12.39,80.0,SW,3.54,4.51,1030.82,0.0,0.0,0.0,0.0,IMELBO1849.csv
2023/02/07,05:14 AM,15.78,12.5,81.0,SW,2.25,3.22,1030.82,0.0,0.0,0.0,0.0,IMELBO1849.csv
2023/02/07,05:19 AM,15.83,12.56,81.0,SW,4.34,5.95,1030.82,0.0,0.0,0.0,0.0,IMELBO1849.csv
2023/02/07,05:24 AM,15.78,12.5,81.0,SW,6.11,8.21,1030.82,0.0,0.0,0.0,0.0,IMELBO1849.csv
2023/02/07,05:29 AM,15.78,12.5,81.0,SSW,6.11,7.88,1030.82,0.0,0.0,0.0,0.0,IMELBO1849.csv
2023/02/07,05:34 AM,15.78,12.67,82.0,SW,6.76,8.85,1031.16,0.0,0.0,0.0,0.0,IMELBO1849.csv
2023/02/07,05:39 AM,15.61,12.94,84.0,SSW,6.11,8.69,1030.82,0.0,0.0,0.0,0.0,IMELBO1849.csv
2023/02/07,05:44 AM,15.33,13.0,86.0,SW,6.28,8.37,1030.82,0.0,0.0,0.0,0.0,IMELBO1849.csv
2023/02/07,05:49 AM,15.0,12.89,87.0,SW,5.31,6.6,1031.16,0.0,0.0,0.0,0.0,IMELBO1849.csv
2023/02/07,05:54 AM,15.0,12.89,87.0,SW,3.54,4.99,1031.16,0.0,0.0,0.0,0.0,IMELBO1849.csv
2023/02/07,05:59 AM,15.0,12.72,86.0,SW,3.54,4.99,1031.16,0.0,0.0,0.0,0.0,IMELBO1849.csv
2023/02/07,06:04 AM,15.06,12.67,85.0,WSW,3.54,4.99,1031.16,0.0,0.0,0.0,0.0,IMELBO1849.csv
2023/02/07,06:09 AM,15.11,12.61,85.0,SW,3.86,5.15,1031.16,0.0,0.0,0.0,0.0,IMELBO1849.csv
2023/02/07,06:14 AM,15.17,12.5,84.0,SW,4.67,5.95,1031.16,0.0,0.0,0.0,0.0,IMELBO1849.csv
2023/02/07,06:19 AM,15.22,12.5,84.0,SW,4.51,5.95,1031.16,0.0,0.0,0.0,0.0,IMELBO1849.csv
2023/02/07,06:24 AM,15.28,12.56,84.0,SW,4.67,6.6,1031.49,0.0,0.0,0.0,0.0,IMELBO1849.csv
2023/02/07,06:29 AM,15.28,12.72,85.0,SW,5.79,7.88,1031.49,0.0,0.0,0.0,0.0,IMELBO1849.csv
2023/02/07,06:34 AM,15.11,12.78,86.0,SW,3.38,4.67,1031.49,0.0,0.0,0.0,0.0,IMELBO1849.csv
2023/02/07,06:39 AM,15.06,12.83,87.0,SW,4.67,5.95,1031.49,0.0,0.0,0.0,0.0,IMELBO1849.csv
2023/02/07,06:44 AM,14.94,12.83,87.0,SW,3.38,4.83,1031.49,0.0,0.0,0.0,1.2,IMELBO1849.csv
2023/02/07,06:49 AM,14.89,12.83,87.0,SW,5.15,6.92,1031.49,0.0,0.0,0.0,2.1,IMELBO1849.csv
2023/02/07,06:54 AM,14.83,12.89,88.0,SW,5.63,7.08,1031.49,0.0,0.0,0.0,3.4,IMELBO1849.csv
2023/02/07,06:59 AM,14.78,13.06,89.0,SW,5.15,6.6,1031.49,0.0,0.0,0.0,3.4,IMELBO1849.csv
2023/02/07,07:04 AM,14.72,13.11,90.0,SW,4.34,5.79,1031.49,0.0,0.0,0.0,3.4,IMELBO1849.csv
2023/02/07,07:09 AM,14.61,13.22,91.0,WSW,3.22,4.34,1031.49,0.0,0.0,0.0,7.3,IMELBO1849.csv
2023/02/07,07:14 AM,14.61,13.22,91.0,WSW,2.74,3.54,1031.49,0.0,0.0,0.0,8.6,IMELBO1849.csv
2023/02/07,07:19 AM,14.5,13.22,92.0,WSW,2.74,3.7,1031.49,0.0,0.0,0.0,9.9,IMELBO1849.csv
2023/02/07,07:24 AM,14.5,13.28,92.0,WSW,2.09,2.9,1031.49,0.0,0.0,0.0,10.8,IMELBO1849.csv
2023/02/07,07:29 AM,14.5,13.28,92.0,West,1.29,1.77,1031.49,0.0,0.0,0.0,13.3,IMELBO1849.csv
2023/02/07,07:34 AM,14.5,13.28,92.0,West,1.45,1.93,1031.83,0.0,0.0,0.0,17.7,IMELBO1849.csv
2023/02/07,07:39 AM,14.44,13.28,92.0,WSW,2.09,2.74,1031.83,0.0,0.0,0.0,20.8,IMELBO1849.csv
2023/02/07,07:44 AM,14.5,13.33,93.0,SW,1.93,2.25,1031.49,0.0,0.0,0.0,23.9,IMELBO1849.csv
2023/02/07,07:49 AM,14.61,13.44,93.0,SW,1.61,2.41,1031.83,0.0,0.0,0.0,26.4,IMELBO1849.csv
2023/02/07,07:54 AM,14.61,13.39,92.0,SW,3.86,4.99,1031.83,0.0,0.0,0.0,32.9,IMELBO1849.csv
2023/02/07,07:59 AM,14.72,13.5,92.0,SW,3.54,4.99,1031.83,0.0,0.0,0.0,36.3,IMELBO1849.csv
2023/02/07,08:04 AM,14.78,13.61,92.0,SW,3.38,4.67,1031.83,0.0,0.0,0.0,40.2,IMELBO1849.csv
2023/02/07,08:09 AM,14.78,13.44,91.0,SW,5.47,7.4,1031.83,0.0,0.0,0.0,52.5,IMELBO1849.csv
2023/02/07,08:14 AM,14.89,13.5,91.0,WSW,3.86,4.83,1032.17,0.0,0.0,0.0,52.8,IMELBO1849.csv
2023/02/07,08:19 AM,14.89,13.5,91.0,WSW,5.15,7.08,1032.17,0.0,0.0,0.0,76.7,IMELBO1849.csv
2023/02/07,08:24 AM,14.89,13.5,91.0,WSW,4.83,6.28,1032.17,0.0,0.0,0.0,77.2,IMELBO1849.csv
2023/02/07,08:29 AM,14.83,13.28,90.0,WSW,3.7,5.31,1032.17,0.0,0.0,1.0,103.6,IMELBO1849.csv
2023/02/07,08:34 AM,15.0,13.39,90.0,WSW,3.54,4.99,1032.17,0.0,0.0,1.0,107.5,IMELBO1849.csv
2023/02/07,08:39 AM,15.0,13.28,89.0,WSW,3.06,4.18,1032.17,0.0,0.0,0.0,83.2,IMELBO1849.csv
2023/02/07,08:44 AM,15.22,13.33,89.0,SW,3.22,4.18,1032.17,0.0,0.0,0.0,69.7,IMELBO1849.csv
2023/02/07,08:49 AM,15.22,13.22,88.0,WSW,4.83,6.28,1032.17,0.0,0.0,0.0,65.0,IMELBO1849.csv
2023/02/07,08:54 AM,15.39,13.28,87.0,SW,3.86,4.99,1032.17,0.0,0.0,0.0,70.2,IMELBO1849.csv
2023/02/07,08:59 AM,15.33,13.17,87.0,SW,4.83,6.44,1032.17,0.0,0.0,1.0,103.6,IMELBO1849.csv
2023/02/07,09:04 AM,15.44,13.17,86.0,SW,4.34,6.11,1032.51,0.0,0.0,1.0,111.0,IMELBO1849.csv
2023/02/07,09:09 AM,15.61,13.06,85.0,SW,4.18,5.63,1032.51,0.0,0.0,1.0,147.4,IMELBO1849.csv
2023/02/07,09:14 AM,15.83,12.72,82.0,SW,4.99,6.6,1032.51,0.0,0.0,1.0,145.2,IMELBO1849.csv
2023/02/07,09:19 AM,16.11,12.61,79.0,SW,6.44,8.85,1032.17,0.0,0.0,1.0,147.4,IMELBO1849.csv
2023/02/07,09:24 AM,16.22,12.33,78.0,SW,5.79,8.21,1032.51,0.0,0.0,1.0,176.0,IMELBO1849.csv
2023/02/07,09:29 AM,16.39,12.22,76.0,SW,4.34,6.28,1032.17,0.0,0.0,1.0,182.5,IMELBO1849.csv
2023/02/07,09:34 AM,16.67,12.28,76.0,SW,5.63,8.04,1032.17,0.0,0.0,1.0,166.5,IMELBO1849.csv
2023/02/07,09:39 AM,16.61,12.44,77.0,SW,5.47,7.08,1032.17,0.0,0.0,1.0,172.1,IMELBO1849.csv
2023/02/07,09:44 AM,16.61,12.39,76.0,SW,5.63,7.4,1032.17,0.0,0.0,2.0,227.3,IMELBO1849.csv
2023/02/07,09:49 AM,16.72,11.89,74.0,SW,7.08,9.49,1032.17,0.0,0.0,4.0,511.4,IMELBO1849.csv
2023/02/07,09:54 AM,16.94,11.61,71.0,SW,3.86,5.15,1032.17,0.0,0.0,6.0,645.1,IMELBO1849.csv
2023/02/07,09:59 AM,17.28,11.61,69.0,SW,7.08,9.98,1032.17,0.0,0.0,2.0,236.8,IMELBO1849.csv
2023/02/07,10:04 AM,17.33,11.5,69.0,SW,6.11,7.88,1032.17,0.0,0.0,3.0,380.8,IMELBO1849.csv
2023/02/07,10:09 AM,17.61,11.39,67.0,SW,7.4,9.98,1032.17,0.0,0.0,2.0,270.6,IMELBO1849.csv
2023/02/07,10:14 AM,17.61,11.33,67.0,SSW,5.95,8.21,1032.17,0.0,0.0,3.0,345.2,IMELBO1849.csv
2023/02/07,10:19 AM,17.83,11.17,65.0,SSW,4.18,5.63,1032.17,0.0,0.0,7.0,725.3,IMELBO1849.csv
2023/02/07,10:24 AM,17.83,11.17,65.0,SSW,7.88,11.1,1032.17,0.0,0.0,3.0,387.0,IMELBO1849.csv
2023/02/07,10:29 AM,18.28,11.33,64.0,South,3.86,5.79,1032.17,0.0,0.0,8.0,833.7,IMELBO1849.csv
2023/02/07,10:34 AM,19.39,11.72,61.0,SSW,5.79,8.21,1032.17,0.0,0.0,8.0,842.4,IMELBO1849.csv
2023/02/07,10:39 AM,18.78,11.5,63.0,SSW,6.44,9.33,1032.17,0.0,0.0,3.0,311.8,IMELBO1849.csv
2023/02/07,10:44 AM,18.44,11.39,64.0,SSW,7.24,9.81,1032.17,0.0,0.0,3.0,361.7,IMELBO1849.csv
2023/02/07,10:49 AM,18.39,11.39,64.0,SSW,5.47,7.88,1032.17,0.0,0.0,5.0,615.5,IMELBO1849.csv
2023/02/07,10:54 AM,18.72,11.5,63.0,South,5.31,7.88,1032.17,0.0,0.0,3.0,365.7,IMELBO1849.csv
2023/02/07,10:59 AM,18.72,11.61,63.0,South,5.63,7.56,1032.17,0.0,0.0,8.0,908.3,IMELBO1849.csv
2023/02/07,11:04 AM,19.28,11.67,61.0,SSW,5.15,7.56,1032.17,0.0,0.0,8.0,914.0,IMELBO1849.csv
2023/02/07,11:09 AM,18.94,11.61,63.0,SW,7.88,10.14,1032.17,0.0,0.0,3.0,332.6,IMELBO1849.csv
2023/02/07,11:14 AM,18.83,11.61,63.0,South,5.31,7.24,1032.17,0.0,0.0,7.0,756.9,IMELBO1849.csv
2023/02/07,11:19 AM,19.44,11.83,62.0,SE,5.63,7.72,1032.17,0.0,0.0,9.0,1018.9,IMELBO1849.csv
2023/02/07,11:24 AM,19.39,11.89,62.0,SSE,4.99,7.24,1032.17,0.0,0.0,4.0,411.7,IMELBO1849.csv
2023/02/07,11:29 AM,19.0,11.89,63.0,SSW,7.24,9.98,1032.17,0.0,0.0,2.0,284.9,IMELBO1849.csv
2023/02/07,11:34 AM,18.83,12.0,64.0,South,5.95,8.21,1032.17,0.0,0.0,2.0,258.5,IMELBO1849.csv
2023/02/07,11:39 AM,18.39,12.06,67.0,SSW,8.53,11.1,1032.17,0.0,0.0,2.0,242.8,IMELBO1849.csv
2023/02/07,11:44 AM,18.17,12.28,69.0,SW,7.88,11.58,1032.17,0.0,0.0,2.0,225.5,IMELBO1849.csv
2023/02/07,11:49 AM,18.17,12.33,69.0,SSW,4.18,5.95,1032.17,0.0,0.0,2.0,304.5,IMELBO1849.csv
2023/02/07,11:54 AM,18.39,12.33,68.0,SSW,5.15,7.24,1032.17,0.0,0.0,3.0,359.2,IMELBO1849.csv
2023/02/07,11:59 AM,18.83,12.0,64.0,South,4.67,6.28,1031.83,0.0,0.0,10.0,1125.7,IMELBO1849.csv
2023/02/07,12:04 PM,19.44,11.94,62.0,SE,4.99,7.24,1031.83,0.0,0.0,6.0,698.4,IMELBO1849.csv
2023/02/07,12:09 PM,19.72,12.0,61.0,SSE,5.15,7.56,1032.17,0.0,0.0,4.0,452.4,IMELBO1849.csv
2023/02/07,12:14 PM,19.78,12.11,61.0,South,3.86,4.99,1031.83,0.0,0.0,3.0,396.0,IMELBO1849.csv
2023/02/07,12:19 PM,19.44,12.11,63.0,SSW,7.88,10.46,1031.83,0.0,0.0,3.0,364.8,IMELBO1849.csv
2023/02/07,12:24 PM,19.17,12.0,63.0,South,5.31,8.21,1031.83,0.0,0.0,3.0,379.1,IMELBO1849.csv
2023/02/07,12:29 PM,19.28,12.0,63.0,SSW,6.44,9.17,1031.49,0.0,0.0,10.0,1091.4,IMELBO1849.csv
2023/02/07,12:34 PM,19.28,11.94,63.0,South,6.76,9.65,1031.49,0.0,0.0,10.0,1038.0,IMELBO1849.csv
2023/02/07,12:39 PM,20.11,12.17,60.0,South,4.67,7.4,1031.49,0.0,0.0,9.0,995.9,IMELBO1849.csv
2023/02/07,12:44 PM,20.33,12.33,60.0,South,8.37,11.58,1031.49,0.0,0.0,6.0,665.4,IMELBO1849.csv
2023/02/07,12:49 PM,19.67,12.0,61.0,SSW,6.92,9.65,1031.49,0.0,0.0,7.0,728.8,IMELBO1849.csv
2023/02/07,12:54 PM,19.72,12.06,61.0,SSW,6.6,9.49,1031.49,0.0,0.0,10.0,1112.3,IMELBO1849.csv
2023/02/07,12:59 PM,20.06,12.22,61.0,SSE,6.6,9.98,1031.49,0.0,0.0,7.0,815.1,IMELBO1849.csv
2023/02/07,01:04 PM,19.89,12.06,61.0,South,6.76,9.33,1031.49,0.0,0.0,11.0,1157.8,IMELBO1849.csv
2023/02/07,01:09 PM,19.89,12.0,60.0,SSW,6.6,8.69,1031.49,0.0,0.0,10.0,1078.9,IMELBO1849.csv
2023/02/07,01:14 PM,19.72,11.89,61.0,SSW,6.28,8.85,1031.49,0.0,0.0,4.0,471.1,IMELBO1849.csv
2023/02/07,01:19 PM,19.89,12.06,61.0,West,5.95,7.88,1031.49,0.0,0.0,10.0,1082.8,IMELBO1849.csv
2023/02/07,01:24 PM,20.39,12.22,60.0,South,4.67,6.76,1031.16,0.0,0.0,10.0,1087.1,IMELBO1849.csv
2023/02/07,01:29 PM,20.39,12.28,60.0,South,6.44,8.69,1031.16,0.0,0.0,3.0,396.5,IMELBO1849.csv
2023/02/07,01:34 PM,20.0,12.06,60.0,SSW,7.72,11.26,1031.16,0.0,0.0,8.0,864.1,IMELBO1849.csv
2023/02/07,01:39 PM,20.39,11.94,58.0,SSW,8.21,10.78,1031.16,0.0,0.0,8.0,834.2,IMELBO1849.csv
2023/02/07,01:44 PM,20.61,12.0,58.0,SSE,7.08,9.98,1030.82,0.0,0.0,8.0,873.2,IMELBO1849.csv
2023/02/07,01:49 PM,21.17,12.5,58.0,SW,7.4,10.14,1030.82,0.0,0.0,8.0,823.8,IMELBO1849.csv
2023/02/07,01:54 PM,20.67,12.11,58.0,SW,8.21,10.94,1030.82,0.0,0.0,8.0,863.2,IMELBO1849.csv
2023/02/07,01:59 PM,20.67,11.94,57.0,South,4.51,5.95,1030.82,0.0,0.0,8.0,859.8,IMELBO1849.csv
2023/02/07,02:04 PM,21.61,12.44,56.0,South,4.83,6.76,1030.48,0.0,0.0,9.0,983.0,IMELBO1849.csv
2023/02/07,02:09 PM,21.39,12.39,57.0,SSW,9.81,12.55,1030.48,0.0,0.0,8.0,849.4,IMELBO1849.csv
2023/02/07,02:14 PM,21.06,12.11,57.0,South,5.47,7.4,1030.82,0.0,0.0,8.0,855.9,IMELBO1849.csv
2023/02/07,02:19 PM,21.89,12.5,55.0,South,4.02,5.79,1030.82,0.0,0.0,8.0,891.5,IMELBO1849.csv
2023/02/07,02:24 PM,21.61,12.67,57.0,South,5.63,8.04,1030.82,0.0,0.0,8.0,852.4,IMELBO1849.csv
2023/02/07,02:29 PM,21.39,12.56,57.0,South,7.4,9.98,1030.48,0.0,0.0,9.0,931.3,IMELBO1849.csv
2023/02/07,02:34 PM,21.11,12.28,57.0,SSW,5.79,8.53,1030.48,0.0,0.0,8.0,866.8,IMELBO1849.csv
2023/02/07,02:39 PM,21.89,12.78,56.0,SSW,6.92,9.98,1030.48,0.0,0.0,8.0,864.5,IMELBO1849.csv
2023/02/07,02:44 PM,21.5,12.78,57.0,South,6.44,9.33,1030.48,0.0,0.0,8.0,823.3,IMELBO1849.csv
2023/02/07,02:49 PM,21.94,13.0,57.0,SSW,6.44,9.65,1030.48,0.0,0.0,8.0,921.0,IMELBO1849.csv
2023/02/07,02:54 PM,21.61,12.83,57.0,SSW,7.56,10.78,1030.48,0.0,0.0,8.0,895.4,IMELBO1849.csv
2023/02/07,02:59 PM,21.28,12.56,58.0,SSW,5.95,8.21,1030.48,0.0,0.0,8.0,836.8,IMELBO1849.csv
2023/02/07,03:04 PM,21.17,12.39,57.0,SSW,5.47,7.56,1030.14,0.0,0.0,7.0,786.0,IMELBO1849.csv
2023/02/07,03:09 PM,21.94,12.56,55.0,ESE,4.02,6.28,1030.48,0.0,0.0,8.0,833.7,IMELBO1849.csv
2023/02/07,03:14 PM,22.11,12.67,55.0,South,4.67,6.6,1030.14,0.0,0.0,7.0,786.0,IMELBO1849.csv
2023/02/07,03:19 PM,22.11,12.83,56.0,South,5.79,8.69,1030.14,0.0,0.0,7.0,795.2,IMELBO1849.csv
2023/02/07,03:24 PM,21.83,12.67,56.0,SSW,8.37,11.75,1030.14,0.0,0.0,7.0,772.2,IMELBO1849.csv
2023/02/07,03:29 PM,21.72,12.61,56.0,SSW,6.92,9.81,1030.14,0.0,0.0,7.0,758.7,IMELBO1849.csv
2023/02/07,03:34 PM,21.83,12.78,56.0,South,5.79,8.53,1030.14,0.0,0.0,7.0,756.5,IMELBO1849.csv
2023/02/07,03:39 PM,22.0,12.83,56.0,SSW,9.01,12.55,1030.14,0.0,0.0,7.0,749.5,IMELBO1849.csv
2023/02/07,03:44 PM,21.67,12.72,57.0,SE,5.63,8.04,1030.14,0.0,0.0,7.0,761.7,IMELBO1849.csv
2023/02/07,03:49 PM,21.83,12.78,56.0,SSE,4.02,5.95,1030.14,0.0,0.0,7.0,754.8,IMELBO1849.csv
2023/02/07,03:54 PM,22.39,12.89,55.0,SSE,5.15,7.4,1030.14,0.0,0.0,7.0,755.2,IMELBO1849.csv
2023/02/07,03:59 PM,22.22,12.78,55.0,SE,4.83,7.08,1029.8,0.0,0.0,7.0,762.2,IMELBO1849.csv
2023/02/07,04:04 PM,22.39,12.94,55.0,South,5.63,7.72,1029.8,0.0,0.0,7.0,774.8,IMELBO1849.csv
2023/02/07,04:09 PM,22.78,13.06,54.0,SSE,5.79,8.69,1029.8,0.0,0.0,7.0,776.0,IMELBO1849.csv
2023/02/07,04:14 PM,22.11,12.94,56.0,South,7.88,10.46,1029.8,0.0,0.0,7.0,769.1,IMELBO1849.csv
2023/02/07,04:19 PM,21.67,12.83,57.0,SSW,8.53,11.58,1029.8,0.0,0.0,7.0,724.8,IMELBO1849.csv
2023/02/07,04:24 PM,22.06,12.83,56.0,SSW,5.15,7.24,1029.8,0.0,0.0,7.0,728.3,IMELBO1849.csv
2023/02/07,04:29 PM,22.0,12.94,57.0,South,7.56,10.46,1029.8,0.0,0.0,7.0,744.8,IMELBO1849.csv
2023/02/07,04:34 PM,21.5,12.67,57.0,SSW,6.92,9.49,1029.8,0.0,0.0,7.0,740.5,IMELBO1849.csv
2023/02/07,04:39 PM,22.17,12.78,55.0,SE,5.15,8.69,1029.8,0.0,0.0,7.0,750.9,IMELBO1849.csv
2023/02/07,04:44 PM,21.67,12.83,57.0,SSW,8.69,11.26,1029.46,0.0,0.0,6.0,673.7,IMELBO1849.csv
2023/02/07,04:49 PM,21.22,12.61,58.0,South,6.44,9.49,1029.8,0.0,0.0,5.0,532.3,IMELBO1849.csv
2023/02/07,04:54 PM,21.28,12.61,58.0,SSW,7.56,10.3,1029.8,0.0,0.0,5.0,604.2,IMELBO1849.csv
2023/02/07,04:59 PM,20.83,12.44,59.0,SW,8.37,11.42,1029.8,0.0,0.0,4.0,483.2,IMELBO1849.csv
2023/02/07,05:04 PM,20.78,12.5,59.0,SSW,8.37,12.07,1029.8,0.0,0.0,6.0,703.5,IMELBO1849.csv
2023/02/07,05:09 PM,20.72,12.39,59.0,SW,9.17,11.91,1029.46,0.0,0.0,7.0,733.0,IMELBO1849.csv
2023/02/07,05:14 PM,20.72,12.33,59.0,SW,8.85,11.58,1029.46,0.0,0.0,6.0,693.2,IMELBO1849.csv
2023/02/07,05:19 PM,21.0,12.33,58.0,SSW,8.04,10.94,1029.46,0.0,0.0,6.0,635.9,IMELBO1849.csv
2023/02/07,05:24 PM,20.72,12.22,58.0,SW,7.72,10.14,1029.46,0.0,0.0,5.0,607.3,IMELBO1849.csv
2023/02/07,05:29 PM,20.78,12.22,58.0,SSW,7.56,9.98,1029.46,0.0,0.0,5.0,564.3,IMELBO1849.csv
2023/02/07,05:34 PM,21.11,12.39,58.0,SSW,8.53,11.91,1029.46,0.0,0.0,5.0,518.3,IMELBO1849.csv
2023/02/07,05:39 PM,21.11,12.33,57.0,South,6.11,8.69,1029.46,0.0,0.0,4.0,474.0,IMELBO1849.csv
2023/02/07,05:44 PM,21.17,12.39,57.0,SSW,7.24,9.81,1029.46,0.0,0.0,4.0,449.0,IMELBO1849.csv
2023/02/07,05:49 PM,21.0,12.33,58.0,South,6.92,9.01,1029.46,0.0,0.0,4.0,435.5,IMELBO1849.csv
2023/02/07,05:54 PM,21.0,12.28,58.0,South,6.92,9.49,1029.46,0.0,0.0,3.0,400.4,IMELBO1849.csv
2023/02/07,05:59 PM,21.06,12.39,58.0,SSW,6.92,9.33,1029.8,0.0,0.0,3.0,370.4,IMELBO1849.csv
2023/02/07,06:04 PM,20.5,12.33,59.0,SSW,10.3,13.84,1029.46,0.0,0.0,3.0,356.1,IMELBO1849.csv
2023/02/07,06:09 PM,20.22,12.22,60.0,SW,9.33,12.39,1029.8,0.0,0.0,3.0,353.5,IMELBO1849.csv
2023/02/07,06:14 PM,20.28,12.39,61.0,SW,9.17,12.39,1029.8,0.0,0.0,3.0,333.1,IMELBO1849.csv
2023/02/07,06:19 PM,20.22,12.44,61.0,SSW,9.98,14.0,1029.46,0.0,0.0,3.0,313.2,IMELBO1849.csv
2023/02/07,06:24 PM,19.94,12.39,62.0,SW,7.4,9.98,1029.46,0.0,0.0,2.0,288.5,IMELBO1849.csv
2023/02/07,06:29 PM,20.0,12.44,62.0,SW,10.62,14.16,1029.8,0.0,0.0,2.0,252.0,IMELBO1849.csv
2023/02/07,06:34 PM,19.67,12.28,62.0,SSW,9.49,13.19,1029.8,0.0,0.0,2.0,240.8,IMELBO1849.csv
2023/02/07,06:39 PM,19.44,12.22,63.0,SSW,10.46,14.16,1029.8,0.0,0.0,2.0,245.9,IMELBO1849.csv
2023/02/07,06:44 PM,19.67,12.28,62.0,SSW,5.47,7.88,1029.8,0.0,0.0,2.0,229.4,IMELBO1849.csv
2023/02/07,06:49 PM,20.0,12.44,62.0,SSW,6.6,9.98,1029.8,0.0,0.0,1.0,187.8,IMELBO1849.csv
2023/02/07,06:54 PM,19.39,12.17,63.0,South,8.69,11.91,1029.8,0.0,0.0,1.0,167.0,IMELBO1849.csv
2023/02/07,06:59 PM,19.17,12.06,64.0,South,8.85,12.39,1029.8,0.0,0.0,1.0,166.5,IMELBO1849.csv
2023/02/07,07:04 PM,19.06,12.11,64.0,SSW,9.81,13.35,1029.8,0.0,0.0,1.0,149.1,IMELBO1849.csv
2023/02/07,07:09 PM,18.72,12.06,65.0,SSW,9.01,12.39,1029.8,0.0,0.0,1.0,133.9,IMELBO1849.csv
2023/02/07,07:14 PM,18.67,12.17,66.0,SSW,9.33,12.71,1029.8,0.0,0.0,1.0,115.4,IMELBO1849.csv
2023/02/07,07:19 PM,18.39,12.33,68.0,SW,9.17,13.19,1029.8,0.0,0.0,0.0,93.2,IMELBO1849.csv
2023/02/07,07:24 PM,17.94,12.22,69.0,SSW,10.78,14.48,1029.8,0.0,0.0,0.0,42.5,IMELBO1849.csv
2023/02/07,07:29 PM,17.72,12.22,70.0,SSW,10.14,13.84,1029.8,0.0,0.0,0.0,39.9,IMELBO1849.csv
2023/02/07,07:34 PM,17.83,12.33,70.0,SSW,9.01,12.55,1029.8,0.0,0.0,0.0,37.2,IMELBO1849.csv
2023/02/07,07:39 PM,17.61,12.33,71.0,SW,11.91,15.29,1030.14,0.0,0.0,0.0,35.1,IMELBO1849.csv
2023/02/07,07:44 PM,17.33,12.22,72.0,SW,9.33,12.87,1030.14,0.0,0.0,0.0,32.4,IMELBO1849.csv
2023/02/07,07:49 PM,17.28,12.22,72.0,SSW,7.08,10.14,1030.14,0.0,0.0,0.0,30.3,IMELBO1849.csv
2023/02/07,07:54 PM,17.33,12.39,73.0,SW,8.21,11.42,1030.14,0.0,0.0,0.0,27.3,IMELBO1849.csv
2023/02/07,07:59 PM,17.06,12.17,73.0,SW,10.3,13.52,1030.14,0.0,0.0,0.0,25.1,IMELBO1849.csv
2023/02/07,08:04 PM,16.89,12.28,74.0,South,8.53,11.91,1030.48,0.0,0.0,0.0,21.7,IMELBO1849.csv
2023/02/07,08:09 PM,16.78,12.17,74.0,SSW,8.37,12.07,1030.48,0.0,0.0,0.0,18.6,IMELBO1849.csv
2023/02/07,08:14 PM,16.72,12.22,75.0,SSW,7.56,10.62,1030.48,0.0,0.0,0.0,14.7,IMELBO1849.csv
2023/02/07,08:19 PM,16.72,12.28,75.0,SSW,6.28,9.01,1030.48,0.0,0.0,0.0,10.8,IMELBO1849.csv
2023/02/07,08:24 PM,16.61,12.28,76.0,SSW,7.24,10.62,1030.48,0.0,0.0,0.0,6.9,IMELBO1849.csv
2023/02/07,08:29 PM,16.44,12.22,76.0,SSW,6.28,9.33,1030.48,0.0,0.0,0.0,3.4,IMELBO1849.csv
2023/02/07,08:34 PM,16.33,12.22,77.0,SSW,8.53,11.26,1030.48,0.0,0.0,0.0,1.2,IMELBO1849.csv
2023/02/07,08:39 PM,16.28,12.22,77.0,SSW,6.92,9.49,1030.48,0.0,0.0,0.0,0.4,IMELBO1849.csv
2023/02/07,08:44 PM,16.22,12.22,77.0,SSW,7.88,10.62,1030.48,0.0,0.0,0.0,0.0,IMELBO1849.csv
2023/02/07,08:49 PM,16.17,12.17,77.0,SSW,5.15,7.88,1030.48,0.0,0.0,0.0,0.0,IMELBO1849.csv
2023/02/07,08:54 PM,16.17,12.22,77.0,SSW,4.99,7.4,1030.82,0.0,0.0,0.0,0.0,IMELBO1849.csv
2023/02/07,08:59 PM,16.11,12.28,78.0,SSW,7.08,9.98,1030.48,0.0,0.0,0.0,0.0,IMELBO1849.csv
2023/02/07,09:04 PM,16.11,12.28,78.0,South,6.6,9.17,1030.82,0.0,0.0,0.0,0.0,IMELBO1849.csv
2023/02/07,09:09 PM,16.11,12.28,78.0,SSW,5.95,8.04,1030.82,0.0,0.0,0.0,0.0,IMELBO1849.csv
2023/02/07,09:14 PM,16.11,12.28,78.0,SSW,3.86,5.47,1030.82,0.0,0.0,0.0,0.0,IMELBO1849.csv
2023/02/07,09:19 PM,16.22,12.22,77.0,SW,9.81,13.84,1030.82,0.0,0.0,0.0,0.0,IMELBO1849.csv
2023/02/07,09:24 PM,16.22,12.06,76.0,SW,8.53,10.78,1030.82,0.0,0.0,0.0,0.0,IMELBO1849.csv
2023/02/07,09:29 PM,16.39,12.06,76.0,South,4.67,6.76,1030.82,0.0,0.0,0.0,0.0,IMELBO1849.csv
2023/02/07,09:34 PM,16.28,11.89,75.0,SSE,5.15,8.53,1031.16,0.0,0.0,0.0,0.0,IMELBO1849.csv
2023/02/07,09:39 PM,16.28,11.89,75.0,South,5.95,8.21,1031.16,0.0,0.0,0.0,0.0,IMELBO1849.csv
2023/02/07,09:44 PM,16.22,11.89,75.0,SSE,5.79,9.17,1031.16,0.0,0.0,0.0,0.0,IMELBO1849.csv
2023/02/07,09:49 PM,16.22,11.78,75.0,SSW,7.08,9.98,1031.16,0.0,0.0,0.0,0.0,IMELBO1849.csv
2023/02/07,09:54 PM,16.22,11.78,75.0,South,3.54,4.99,1031.16,0.0,0.0,0.0,0.0,IMELBO1849.csv
2023/02/07,09:59 PM,16.22,11.78,75.0,South,5.95,8.37,1031.16,0.0,0.0,0.0,0.0,IMELBO1849.csv
2023/02/07,10:04 PM,16.17,11.72,75.0,South,5.31,8.21,1031.16,0.0,0.0,0.0,0.0,IMELBO1849.csv
2023/02/07,10:09 PM,16.22,11.89,75.0,SSW,4.18,5.95,1031.16,0.0,0.0,0.0,0.0,IMELBO1849.csv
2023/02/07,10:14 PM,16.22,11.83,75.0,South,5.79,7.72,1031.16,0.0,0.0,0.0,0.0,IMELBO1849.csv
2023/02/07,10:19 PM,16.22,11.78,75.0,SSW,5.63,7.72,1031.16,0.0,0.0,0.0,0.0,IMELBO1849.csv
2023/02/07,10:24 PM,16.17,11.72,75.0,South,5.63,7.88,1031.16,0.0,0.0,0.0,0.0,IMELBO1849.csv
2023/02/07,10:29 PM,16.11,11.72,75.0,SSE,3.06,4.67,1031.16,0.0,0.0,0.0,0.0,IMELBO1849.csv
2023/02/07,10:34 PM,16.11,11.72,75.0,South,4.02,5.79,1031.16,0.0,0.0,0.0,0.0,IMELBO1849.csv
2023/02/07,10:39 PM,16.11,11.72,75.0,SSW,5.79,7.88,1031.16,0.0,0.0,0.0,0.0,IMELBO1849.csv
2023/02/07,10:44 PM,16.11,11.72,75.0,SSW,6.44,8.85,1031.16,0.0,0.0,0.0,0.0,IMELBO1849.csv
2023/02/07,10:49 PM,16.0,11.61,75.0,South,3.22,4.34,1031.16,0.0,0.0,0.0,0.0,IMELBO1849.csv
2023/02/07,10:54 PM,16.11,11.72,75.0,SSE,2.57,3.86,1031.16,0.0,0.0,0.0,0.0,IMELBO1849.csv
2023/02/07,10:59 PM,16.06,11.67,75.0,South,3.7,5.47,1031.16,0.0,0.0,0.0,0.0,IMELBO1849.csv
2023/02/07,11:04 PM,16.0,11.61,75.0,South,3.54,5.15,1031.16,0.0,0.0,0.0,0.0,IMELBO1849.csv
2023/02/07,11:09 PM,16.0,11.67,75.0,South,3.7,5.15,1031.16,0.0,0.0,0.0,0.0,IMELBO1849.csv
2023/02/07,11:14 PM,16.0,11.78,76.0,South,2.74,4.34,1031.16,0.0,0.0,0.0,0.0,IMELBO1849.csv
2023/02/07,11:19 PM,16.0,11.78,76.0,South,4.02,5.63,1031.16,0.0,0.0,0.0,0.0,IMELBO1849.csv
2023/02/07,11:24 PM,16.0,11.78,76.0,SSE,1.93,2.9,1031.16,0.0,0.0,0.0,0.0,IMELBO1849.csv
2023/02/07,11:29 PM,15.94,11.78,76.0,SSW,2.41,3.38,1031.16,0.0,0.0,0.0,0.0,IMELBO1849.csv
2023/02/07,11:34 PM,16.0,11.78,76.0,South,2.09,3.38,1031.16,0.0,0.0,0.0,0.0,IMELBO1849.csv
2023/02/07,11:39 PM,16.0,11.78,76.0,South,2.9,4.02,1031.16,0.0,0.0,0.0,0.0,IMELBO1849.csv
2023/02/07,11:44 PM,16.0,11.78,76.0,South,3.7,4.83,1031.16,0.0,0.0,0.0,0.0,IMELBO1849.csv
2023/02/07,11:49 PM,16.0,11.78,76.0,South,4.02,5.63,1031.16,0.0,0.0,0.0,0.0,IMELBO1849.csv
2023/02/07,11:54 PM,16.06,11.94,76.0,SE,1.93,3.06,1031.16,0.0,0.0,0.0,0.0,IMELBO1849.csv
2023/02/07,11:59 PM,16.06,11.83,76.0,South,3.54,5.47,1031.16,0.0,0.0,0.0,0.0,IMELBO1849.csv
2023/02/08,12:04 AM,16.0,11.78,76.0,SSE,3.54,5.31,1031.16,0.0,0.0,0.0,0.0,IMELBO1849.csv
2023/02/08,12:09 AM,16.0,11.78,76.0,SSE,3.54,4.83,1031.16,0.0,0.0,0.0,0.0,IMELBO1849.csv
2023/02/08,12:14 AM,16.0,11.78,76.0,SSE,2.9,4.34,1030.82,0.0,0.0,0.0,0.0,IMELBO1849.csv
2023/02/08,12:19 AM,16.0,11.78,76.0,South,4.51,6.76,1031.16,0.0,0.0,0.0,0.0,IMELBO1849.csv
2023/02/08,12:24 AM,16.0,11.78,76.0,SSE,3.7,5.47,1031.16,0.0,0.0,0.0,0.0,IMELBO1849.csv
2023/02/08,12:29 AM,16.0,11.89,77.0,SSE,3.22,4.99,1031.16,0.0,0.0,0.0,0.0,IMELBO1849.csv
2023/02/08,12:34 AM,15.89,11.89,77.0,SSE,3.7,5.31,1030.82,0.0,0.0,0.0,0.0,IMELBO1849.csv
2023/02/08,12:39 AM,15.89,11.89,77.0,South,4.02,5.95,1031.16,0.0,0.0,0.0,0.0,IMELBO1849.csv
2023/02/08,12:44 AM,15.89,11.83,77.0,SSW,6.28,9.01,1030.82,0.0,0.0,0.0,0.0,IMELBO1849.csv
2023/02/08,12:49 AM,15.83,11.67,76.0,SSW,5.79,8.53,1030.82,0.0,0.0,0.0,0.0,IMELBO1849.csv
2023/02/08,12:54 AM,15.78,11.56,76.0,SSW,6.44,8.85,1030.48,0.0,0.0,0.0,0.0,IMELBO1849.csv
2023/02/08,12:59 AM,15.78,11.61,76.0,SSW,5.31,7.4,1030.48,0.0,0.0,0.0,0.0,IMELBO1849.csv
2023/02/08,01:04 AM,15.78,11.61,76.0,SSE,4.02,5.95,1030.82,0.0,0.0,0.0,0.0,IMELBO1849.csv
2023/02/08,01:09 AM,15.78,11.61,76.0,SSW,4.67,6.44,1030.48,0.0,0.0,0.0,0.0,IMELBO1849.csv
2023/02/08,01:14 AM,15.78,11.61,76.0,SSW,4.18,5.79,1030.48,0.0,0.0,0.0,0.0,IMELBO1849.csv
2023/02/08,01:19 AM,15.78,11.56,76.0,South,4.34,6.6,1030.48,0.0,0.0,0.0,0.0,IMELBO1849.csv
2023/02/08,01:24 AM,15.72,11.44,76.0,SSE,3.86,5.79,1030.48,0.0,0.0,0.0,0.0,IMELBO1849.csv
2023/02/08,01:29 AM,15.72,11.28,75.0,South,5.15,7.72,1030.48,0.0,0.0,0.0,0.0,IMELBO1849.csv
2023/02/08,01:34 AM,15.72,11.28,75.0,SSE,4.18,5.79,1030.48,0.0,0.0,0.0,0.0,IMELBO1849.csv
2023/02/08,01:39 AM,15.72,11.39,76.0,SSE,3.06,5.15,1030.48,0.0,0.0,0.0,0.0,IMELBO1849.csv
2023/02/08,01:44 AM,15.72,11.5,76.0,SSE,2.9,4.34,1030.48,0.0,0.0,0.0,0.0,IMELBO1849.csv
2023/02/08,01:49 AM,15.67,11.39,76.0,SSE,3.06,4.67,1030.48,0.0,0.0,0.0,0.0,IMELBO1849.csv
2023/02/08,01:54 AM,15.72,11.33,75.0,SSE,4.34,6.6,1030.48,0.0,0.0,0.0,0.0,IMELBO1849.csv
2023/02/08,01:59 AM,15.61,11.22,75.0,SSE,2.9,4.67,1030.48,0.0,0.0,0.0,0.0,IMELBO1849.csv
2023/02/08,02:04 AM,15.72,11.28,75.0,SSE,4.18,5.95,1030.48,0.0,0.0,0.0,0.0,IMELBO1849.csv
2023/02/08,02:09 AM,15.61,11.22,75.0,South,4.67,6.76,1030.14,0.0,0.0,0.0,0.0,IMELBO1849.csv
2023/02/08,02:14 AM,15.61,11.0,74.0,South,4.34,6.11,1030.14,0.0,0.0,0.0,0.0,IMELBO1849.csv
2023/02/08,02:19 AM,15.67,11.11,74.0,SSE,3.22,4.51,1030.14,0.0,0.0,0.0,0.0,IMELBO1849.csv
2023/02/08,02:24 AM,15.61,11.22,75.0,SSE,2.57,4.02,1030.14,0.0,0.0,0.0,0.0,IMELBO1849.csv
2023/02/08,02:29 AM,15.56,11.0,74.0,SSW,4.83,7.08,1030.14,0.0,0.0,0.0,0.0,IMELBO1849.csv
2023/02/08,02:34 AM,15.56,10.94,74.0,South,3.7,5.15,1029.8,0.0,0.0,0.0,0.0,IMELBO1849.csv
2023/02/08,02:39 AM,15.61,11.06,74.0,South,3.86,5.31,1030.14,0.0,0.0,0.0,0.0,IMELBO1849.csv
2023/02/08,02:44 AM,15.56,11.11,75.0,SE,2.57,4.18,1030.14,0.0,0.0,0.0,0.0,IMELBO1849.csv
2023/02/08,02:49 AM,15.5,10.94,74.0,South,2.41,3.54,1029.8,0.0,0.0,0.0,0.0,IMELBO1849.csv
2023/02/08,02:54 AM,15.5,11.11,75.0,South,2.9,3.86,1029.8,0.0,0.0,0.0,0.0,IMELBO1849.csv
2023/02/08,02:59 AM,15.5,11.11,75.0,SSE,2.57,3.86,1029.8,0.0,0.0,0.0,0.0,IMELBO1849.csv
2023/02/08,03:04 AM,15.5,10.94,74.0,SSE,2.74,4.02,1029.8,0.0,0.0,0.0,0.0,IMELBO1849.csv
2023/02/08,03:09 AM,15.5,10.89,74.0,South,1.77,3.06,1029.8,0.0,0.0,0.0,0.0,IMELBO1849.csv
2023/02/08,03:14 AM,15.5,10.89,74.0,SE,1.93,2.9,1029.8,0.0,0.0,0.0,0.0,IMELBO1849.csv
2023/02/08,03:19 AM,15.39,10.78,74.0,South,1.61,2.57,1029.8,0.0,0.0,0.0,0.0,IMELBO1849.csv
2023/02/08,03:24 AM,15.44,10.83,74.0,South,2.41,3.54,1029.8,0.0,0.0,0.0,0.0,IMELBO1849.csv
2023/02/08,03:29 AM,15.44,10.83,74.0,SE,2.25,3.38,1029.8,0.0,0.0,0.0,0.0,IMELBO1849.csv
2023/02/08,03:34 AM,15.39,10.78,74.0,SSE,2.57,3.38,1029.46,0.0,0.0,0.0,0.0,IMELBO1849.csv
2023/02/08,03:39 AM,15.39,10.78,74.0,SSE,1.61,2.41,1029.46,0.0,0.0,0.0,0.0,IMELBO1849.csv
2023/02/08,03:44 AM,15.39,10.78,74.0,ESE,2.09,2.9,1029.8,0.0,0.0,0.0,0.0,IMELBO1849.csv
2023/02/08,03:49 AM,15.39,10.78,74.0,South,2.74,3.86,1029.46,0.0,0.0,0.0,0.0,IMELBO1849.csv
2023/02/08,03:54 AM,15.39,10.78,74.0,ESE,2.41,3.7,1029.46,0.0,0.0,0.0,0.0,IMELBO1849.csv
2023/02/08,03:59 AM,15.28,10.72,74.0,SSE,1.93,3.06,1029.46,0.0,0.0,0.0,0.0,IMELBO1849.csv
2023/02/08,04:04 AM,15.28,10.72,74.0,SE,1.77,2.74,1029.46,0.0,0.0,0.0,0.0,IMELBO1849.csv
2023/02/08,04:09 AM,15.28,10.72,74.0,South,0.8,1.61,1029.46,0.0,0.0,0.0,0.0,IMELBO1849.csv
2023/02/08,04:14 AM,15.28,10.72,74.0,South,1.13,1.77,1029.12,0.0,0.0,0.0,0.0,IMELBO1849.csv
2023/02/08,04:19 AM,15.28,10.72,74.0,South,1.13,1.93,1029.12,0.0,0.0,0.0,0.0,IMELBO1849.csv
2023/02/08,04:24 AM,15.28,10.72,74.0,South,1.45,2.25,1029.12,0.0,0.0,0.0,0.0,IMELBO1849.csv
2023/02/08,04:29 AM,15.28,10.72,74.0,SSE,2.09,3.22,1029.46,0.0,0.0,0.0,0.0,IMELBO1849.csv
2023/02/08,04:34 AM,15.22,10.61,74.0,SE,1.61,2.41,1029.12,0.0,0.0,0.0,0.0,IMELBO1849.csv
2023/02/08,04:39 AM,15.28,10.67,74.0,SSE,1.93,2.74,1029.12,0.0,0.0,0.0,0.0,IMELBO1849.csv
2023/02/08,04:44 AM,15.28,10.67,74.0,SE,2.09,3.06,1029.12,0.0,0.0,0.0,0.0,IMELBO1849.csv
2023/02/08,04:49 AM,15.28,10.72,74.0,SSE,1.45,2.41,1029.12,0.0,0.0,0.0,0.0,IMELBO1849.csv
2023/02/08,04:54 AM,15.28,10.72,74.0,South,1.61,2.25,1029.12,0.0,0.0,0.0,0.0,IMELBO1849.csv
2023/02/08,04:59 AM,15.22,10.61,74.0,SSE,2.74,4.83,1029.12,0.0,0.0,0.0,0.0,IMELBO1849.csv
2023/02/08,05:04 AM,15.22,10.56,74.0,South,3.54,4.99,1029.12,0.0,0.0,0.0,0.0,IMELBO1849.csv
2023/02/08,05:09 AM,15.22,10.44,73.0,SSE,2.57,3.7,1029.12,0.0,0.0,0.0,0.0,IMELBO1849.csv
2023/02/08,05:14 AM,15.28,10.5,73.0,SSE,3.38,4.99,1029.12,0.0,0.0,0.0,0.0,IMELBO1849.csv
2023/02/08,05:19 AM,15.28,10.5,73.0,SSW,4.02,5.47,1028.78,0.0,0.0,0.0,0.0,IMELBO1849.csv
2023/02/08,05:24 AM,15.28,10.67,74.0,SSW,5.15,6.76,1028.78,0.0,0.0,0.0,0.0,IMELBO1849.csv
2023/02/08,05:29 AM,15.28,10.72,74.0,SSW,4.18,5.63,1028.78,0.0,0.0,0.0,0.0,IMELBO1849.csv
2023/02/08,05:34 AM,15.28,10.72,74.0,SSW,3.06,4.51,1028.78,0.0,0.0,0.0,0.0,IMELBO1849.csv
2023/02/08,05:39 AM,15.28,10.72,74.0,South,3.22,4.34,1029.12,0.0,0.0,0.0,0.0,IMELBO1849.csv
2023/02/08,05:44 AM,15.28,10.72,74.0,SSE,2.25,3.06,1028.78,0.0,0.0,0.0,0.0,IMELBO1849.csv
2023/02/08,05:49 AM,15.28,10.72,74.0,SSW,4.34,5.79,1028.78,0.0,0.0,0.0,0.0,IMELBO1849.csv
2023/02/08,05:54 AM,15.22,10.61,74.0,SSW,3.06,4.67,1028.78,0.0,0.0,0.0,0.0,IMELBO1849.csv
2023/02/08,05:59 AM,15.22,10.61,74.0,SW,4.34,5.79,1029.12,0.0,0.0,0.0,0.0,IMELBO1849.csv
2023/02/08,06:04 AM,15.22,10.61,74.0,SSW,4.51,6.44,1029.12,0.0,0.0,0.0,0.0,IMELBO1849.csv
2023/02/08,06:09 AM,15.22,10.61,74.0,SW,2.9,3.7,1028.78,0.0,0.0,0.0,0.0,IMELBO1849.csv
2023/02/08,06:14 AM,15.22,10.61,74.0,SSW,2.57,3.86,1028.78,0.0,0.0,0.0,0.0,IMELBO1849.csv
2023/02/08,06:19 AM,15.22,10.72,75.0,SSW,4.99,6.44,1028.78,0.0,0.0,0.0,0.0,IMELBO1849.csv
2023/02/08,06:24 AM,15.22,10.78,75.0,South,3.7,5.31,1029.12,0.0,0.0,0.0,0.0,IMELBO1849.csv
2023/02/08,06:29 AM,15.22,10.78,75.0,SSW,3.86,5.31,1029.12,0.0,0.0,0.0,0.0,IMELBO1849.csv
2023/02/08,06:34 AM,15.22,10.78,75.0,SSW,2.9,4.18,1029.12,0.0,0.0,0.0,0.0,IMELBO1849.csv
2023/02/08,06:39 AM,15.22,10.83,75.0,ESE,0.64,1.13,1029.12,0.0,0.0,0.0,0.9,IMELBO1849.csv
2023/02/08,06:44 AM,15.11,10.89,76.0,ESE,1.13,1.77,1029.12,0.0,0.0,0.0,2.9,IMELBO1849.csv
2023/02/08,06:49 AM,15.0,10.89,77.0,SSE,0.97,1.93,1029.12,0.0,0.0,0.0,5.1,IMELBO1849.csv
2023/02/08,06:54 AM,14.89,10.89,77.0,SE,0.64,1.29,1029.12,0.0,0.0,0.0,8.2,IMELBO1849.csv
2023/02/08,06:59 AM,14.89,10.89,77.0,SE,0.32,0.64,1029.12,0.0,0.0,0.0,11.3,IMELBO1849.csv
2023/02/08,07:04 AM,14.89,10.89,77.0,SE,0.48,1.29,1029.12,0.0,0.0,0.0,13.8,IMELBO1849.csv
2023/02/08,07:09 AM,14.94,10.94,77.0,SE,0.64,0.97,1029.12,0.0,0.0,0.0,18.1,IMELBO1849.csv
2023/02/08,07:14 AM,15.0,10.94,77.0,South,0.97,1.61,1029.46,0.0,0.0,0.0,22.5,IMELBO1849.csv
2023/02/08,07:19 AM,15.0,10.78,76.0,SE,1.13,1.93,1029.46,0.0,0.0,0.0,28.6,IMELBO1849.csv
2023/02/08,07:24 AM,15.11,10.89,76.0,SE,1.13,1.93,1029.46,0.0,0.0,0.0,35.1,IMELBO1849.csv
2023/02/08,07:29 AM,15.17,10.94,76.0,SE,1.61,2.74,1029.46,0.0,0.0,0.0,38.2,IMELBO1849.csv
2023/02/08,07:34 AM,15.22,11.0,76.0,ESE,0.8,1.45,1029.46,0.0,0.0,0.0,43.3,IMELBO1849.csv
2023/02/08,07:39 AM,15.22,11.0,76.0,ESE,0.64,1.45,1029.46,0.0,0.0,0.0,48.9,IMELBO1849.csv
2023/02/08,07:44 AM,15.33,11.0,75.0,ESE,1.13,1.77,1029.46,0.0,0.0,0.0,57.6,IMELBO1849.csv
2023/02/08,07:49 AM,15.5,11.11,75.0,SE,1.29,1.93,1029.46,0.0,0.0,0.0,78.9,IMELBO1849.csv
2023/02/08,07:54 AM,15.61,11.17,75.0,SSE,1.77,2.9,1029.46,0.0,0.0,0.0,83.7,IMELBO1849.csv
2023/02/08,07:59 AM,15.72,11.11,74.0,SE,1.61,2.25,1029.46,0.0,0.0,0.0,90.2,IMELBO1849.csv
2023/02/08,08:04 AM,15.78,11.22,74.0,South,0.97,1.45,1029.46,0.0,0.0,1.0,110.1,IMELBO1849.csv
2023/02/08,08:09 AM,15.94,11.22,73.0,ESE,1.93,2.74,1029.46,0.0,0.0,1.0,130.5,IMELBO1849.csv
2023/02/08,08:14 AM,16.17,11.28,73.0,ESE,1.13,2.41,1029.46,0.0,0.0,1.0,157.8,IMELBO1849.csv
2023/02/08,08:19 AM,16.33,11.28,72.0,ESE,2.57,4.02,1029.46,0.0,0.0,1.0,143.1,IMELBO1849.csv
2023/02/08,08:24 AM,16.28,11.22,72.0,East,3.06,3.86,1029.46,0.0,0.0,1.0,186.9,IMELBO1849.csv
2023/02/08,08:29 AM,16.44,11.28,72.0,East,2.57,3.38,1029.8,0.0,0.0,1.0,177.4,IMELBO1849.csv
2023/02/08,08:34 AM,16.28,11.28,72.0,East,1.93,2.57,1029.8,0.0,0.0,1.0,189.5,IMELBO1849.csv
2023/02/08,08:39 AM,16.5,11.33,72.0,East,1.77,2.57,1029.46,0.0,0.0,1.0,178.2,IMELBO1849.csv
2023/02/08,08:44 AM,16.67,11.44,71.0,ENE,1.29,1.93,1029.8,0.0,0.0,2.0,272.8,IMELBO1849.csv
2023/02/08,08:49 AM,17.11,11.67,70.0,ESE,1.45,2.25,1029.8,0.0,0.0,2.0,287.6,IMELBO1849.csv
2023/02/08,08:54 AM,17.22,11.72,70.0,South,3.06,4.02,1029.8,0.0,0.0,2.0,259.8,IMELBO1849.csv
2023/02/08,08:59 AM,16.78,11.5,71.0,SSW,3.54,4.83,1029.46,0.0,0.0,3.0,324.4,IMELBO1849.csv
2023/02/08,09:04 AM,17.39,11.72,69.0,SE,3.22,4.51,1029.8,0.0,0.0,3.0,337.0,IMELBO1849.csv
2023/02/08,09:09 AM,17.78,11.83,68.0,South,2.25,3.22,1029.8,0.0,0.0,3.0,346.1,IMELBO1849.csv
2023/02/08,09:14 AM,18.17,12.0,67.0,SSE,1.93,2.9,1029.8,0.0,0.0,3.0,375.6,IMELBO1849.csv
2023/02/08,09:19 AM,18.06,12.0,68.0,South,4.34,6.44,1029.8,0.0,0.0,3.0,379.1,IMELBO1849.csv
2023/02/08,09:24 AM,17.94,11.83,67.0,SE,2.9,4.34,1029.46,0.0,0.0,3.0,392.9,IMELBO1849.csv
2023/02/08,09:29 AM,18.56,12.0,66.0,SE,3.7,5.47,1029.46,0.0,0.0,3.0,391.7,IMELBO1849.csv
2023/02/08,09:34 AM,18.44,12.06,66.0,South,2.9,3.7,1029.46,0.0,0.0,4.0,410.3,IMELBO1849.csv
2023/02/08,09:39 AM,18.33,11.94,66.0,SSW,4.51,6.11,1029.46,0.0,0.0,4.0,414.7,IMELBO1849.csv
2023/02/08,09:44 AM,18.44,11.89,66.0,SSE,3.38,4.83,1029.46,0.0,0.0,4.0,434.7,IMELBO1849.csv
2023/02/08,09:49 AM,18.83,12.06,65.0,SSE,2.9,4.18,1029.46,0.0,0.0,4.0,449.3,IMELBO1849.csv
2023/02/08,09:54 AM,18.78,12.06,65.0,South,5.47,7.08,1029.46,0.0,0.0,4.0,456.3,IMELBO1849.csv
2023/02/08,09:59 AM,18.56,11.83,65.0,South,4.83,6.28,1029.46,0.0,0.0,4.0,498.4,IMELBO1849.csv
2023/02/08,10:04 AM,18.89,11.83,64.0,NE,2.57,3.7,1029.46,0.0,0.0,5.0,513.2,IMELBO1849.csv
2023/02/08,10:09 AM,19.83,12.28,62.0,ESE,3.22,4.67,1029.46,0.0,0.0,5.0,530.9,IMELBO1849.csv
2023/02/08,10:14 AM,20.11,12.44,61.0,South,4.51,6.28,1029.46,0.0,0.0,5.0,537.9,IMELBO1849.csv
2023/02/08,10:19 AM,19.44,12.11,63.0,South,2.74,4.51,1029.46,0.0,0.0,5.0,548.7,IMELBO1849.csv
2023/02/08,10:24 AM,19.67,12.22,62.0,SSW,4.99,6.28,1029.46,0.0,0.0,5.0,557.8,IMELBO1849.csv
2023/02/08,10:29 AM,19.56,12.06,62.0,SSW,4.99,6.76,1029.12,0.0,0.0,5.0,554.3,IMELBO1849.csv
2023/02/08,10:34 AM,19.5,12.22,63.0,South,4.83,6.6,1029.12,0.0,0.0,5.0,572.2,IMELBO1849.csv
2023/02/08,10:39 AM,19.94,12.22,61.0,SSE,2.57,4.18,1029.46,0.0,0.0,5.0,593.0,IMELBO1849.csv
2023/02/08,10:44 AM,20.61,12.22,59.0,South,3.86,4.99,1029.46,0.0,0.0,5.0,600.3,IMELBO1849.csv
2023/02/08,10:49 AM,20.33,11.94,59.0,SW,4.34,6.11,1029.12,0.0,0.0,5.0,602.0,IMELBO1849.csv
2023/02/08,10:54 AM,20.67,12.17,58.0,SE,3.38,5.79,1029.12,0.0,0.0,5.0,598.6,IMELBO1849.csv
2023/02/08,10:59 AM,20.67,12.39,59.0,SSW,6.11,8.37,1029.12,0.0,0.0,6.0,622.9,IMELBO1849.csv
2023/02/08,11:04 AM,20.61,12.17,58.0,SSE,4.67,6.28,1029.46,0.0,0.0,6.0,639.8,IMELBO1849.csv
2023/02/08,11:09 AM,20.72,12.33,59.0,SSW,5.79,7.72,1029.46,0.0,0.0,6.0,664.2,IMELBO1849.csv
2023/02/08,11:14 AM,20.33,12.17,60.0,SSW,4.02,6.11,1029.12,0.0,0.0,6.0,673.7,IMELBO1849.csv
2023/02/08,11:19 AM,20.67,12.17,58.0,South,5.63,7.4,1029.12,0.0,0.0,6.0,684.1,IMELBO1849.csv
2023/02/08,11:24 AM,20.67,12.11,58.0,SSW,6.28,9.33,1029.12,0.0,0.0,6.0,699.6,IMELBO1849.csv
2023/02/08,11:29 AM,21.0,12.39,58.0,SSW,6.92,9.65,1029.12,0.0,0.0,7.0,734.4,IMELBO1849.csv
2023/02/08,11:34 AM,20.61,12.06,58.0,SW,7.08,9.17,1029.12,0.0,0.0,7.0,756.9,IMELBO1849.csv
2023/02/08,11:39 AM,20.61,11.89,57.0,SSW,7.56,10.14,1029.12,0.0,0.0,7.0,787.4,IMELBO1849.csv
2023/02/08,11:44 AM,20.94,11.94,56.0,South,4.83,6.76,1029.12,0.0,0.0,7.0,819.0,IMELBO1849.csv
2023/02/08,11:49 AM,21.72,12.72,57.0,South,4.83,6.92,1028.78,0.0,0.0,7.0,796.9,IMELBO1849.csv
2023/02/08,11:54 AM,21.28,12.22,56.0,South,5.47,7.56,1028.78,0.0,0.0,6.0,707.5,IMELBO1849.csv
2023/02/08,11:59 AM,21.06,12.0,56.0,SSW,6.11,8.37,1028.78,0.0,0.0,6.0,682.4,IMELBO1849.csv
2023/02/08,12:04 PM,21.0,12.17,57.0,South,4.83,6.76,1028.78,0.0,0.0,5.0,531.8,IMELBO1849.csv
2023/02/08,12:09 PM,20.72,12.0,57.0,South,5.63,8.04,1028.78,0.0,0.0,5.0,563.5,IMELBO1849.csv
2023/02/08,12:14 PM,21.06,12.17,57.0,SSE,4.67,7.24,1028.78,0.0,0.0,6.0,658.4,IMELBO1849.csv
2023/02/08,12:19 PM,21.06,12.22,57.0,SE,4.18,6.11,1028.78,0.0,0.0,5.0,596.9,IMELBO1849.csv
2023/02/08,12:24 PM,20.83,12.11,58.0,SSW,6.11,8.37,1028.45,0.0,0.0,5.0,551.4,IMELBO1849.csv
2023/02/08,12:29 PM,20.72,12.06,58.0,South,5.79,8.04,1028.45,0.0,0.0,5.0,564.3,IMELBO1849.csv
2023/02/08,12:34 PM,20.72,11.83,57.0,SSW,4.34,6.76,1028.45,0.0,0.0,7.0,733.0,IMELBO1849.csv
2023/02/08,12:39 PM,21.56,12.44,56.0,South,4.18,5.79,1028.45,0.0,0.0,4.0,493.6,IMELBO1849.csv
2023/02/08,12:44 PM,21.17,12.28,57.0,SSW,4.51,6.6,1028.45,0.0,0.0,6.0,639.3,IMELBO1849.csv
2023/02/08,12:49 PM,21.06,12.33,57.0,SW,6.92,10.3,1028.45,0.0,0.0,5.0,598.6,IMELBO1849.csv
2023/02/08,12:54 PM,20.56,12.28,59.0,SW,6.28,8.69,1028.11,0.0,0.0,5.0,599.5,IMELBO1849.csv
2023/02/08,12:59 PM,20.94,12.17,57.0,South,4.51,5.95,1028.11,0.0,0.0,5.0,603.0,IMELBO1849.csv
2023/02/08,01:04 PM,20.78,12.17,58.0,SSW,6.28,8.53,1028.11,0.0,0.0,6.0,655.8,IMELBO1849.csv
2023/02/08,01:09 PM,21.28,12.11,56.0,SE,4.83,6.6,1028.45,0.0,0.0,6.0,701.0,IMELBO1849.csv
2023/02/08,01:14 PM,21.5,12.11,55.0,South,3.86,5.79,1028.11,0.0,0.0,5.0,537.4,IMELBO1849.csv
2023/02/08,01:19 PM,21.67,12.0,54.0,South,5.63,8.04,1028.11,0.0,0.0,4.0,463.3,IMELBO1849.csv
2023/02/08,01:24 PM,21.0,11.56,55.0,SSW,5.31,7.24,1028.11,0.0,0.0,4.0,434.7,IMELBO1849.csv
2023/02/08,01:29 PM,21.22,11.67,54.0,SSW,3.54,5.15,1028.11,0.0,0.0,7.0,815.1,IMELBO1849.csv
2023/02/08,01:34 PM,21.67,12.39,55.0,SSE,4.67,6.76,1027.77,0.0,0.0,6.0,669.8,IMELBO1849.csv
2023/02/08,01:39 PM,21.89,12.72,56.0,SSE,5.79,8.04,1027.77,0.0,0.0,5.0,585.6,IMELBO1849.csv
2023/02/08,01:44 PM,21.44,12.5,57.0,SE,2.74,4.18,1027.77,0.0,0.0,4.0,508.4,IMELBO1849.csv
2023/02/08,01:49 PM,21.67,12.72,57.0,SSE,4.99,7.4,1028.11,0.0,0.0,6.0,619.9,IMELBO1849.csv
2023/02/08,01:54 PM,21.56,12.72,57.0,South,3.7,5.63,1027.43,0.0,0.0,5.0,570.8,IMELBO1849.csv
2023/02/08,01:59 PM,21.5,12.61,57.0,SSW,5.31,7.56,1027.43,0.0,0.0,9.0,953.5,IMELBO1849.csv
2023/02/08,02:04 PM,21.89,13.11,57.0,SE,4.83,6.76,1027.77,0.0,0.0,8.0,896.2,IMELBO1849.csv
2023/02/08,02:09 PM,22.28,13.33,57.0,SSW,3.38,4.83,1027.43,0.0,0.0,7.0,802.9,IMELBO1849.csv
2023/02/08,02:14 PM,22.72,13.56,56.0,ESE,5.31,7.56,1027.43,0.0,0.0,7.0,766.4,IMELBO1849.csv
2023/02/08,02:19 PM,22.11,13.39,58.0,South,6.92,9.17,1027.43,0.0,0.0,7.0,747.0,IMELBO1849.csv
2023/02/08,02:24 PM,21.94,13.39,58.0,South,4.67,6.44,1027.09,0.0,0.0,7.0,817.7,IMELBO1849.csv
2023/02/08,02:29 PM,22.56,13.67,57.0,South,5.47,7.72,1027.09,0.0,0.0,8.0,835.1,IMELBO1849.csv
2023/02/08,02:34 PM,22.56,13.56,57.0,SSE,5.47,7.72,1027.09,0.0,0.0,8.0,891.0,IMELBO1849.csv
2023/02/08,02:39 PM,22.83,13.56,56.0,SSE,5.31,7.4,1027.09,0.0,0.0,8.0,889.3,IMELBO1849.csv
2023/02/08,02:44 PM,23.0,13.67,55.0,South,5.79,8.53,1027.09,0.0,0.0,8.0,859.8,IMELBO1849.csv
2023/02/08,02:49 PM,23.11,13.78,56.0,SSW,6.76,9.01,1027.09,0.0,0.0,8.0,849.8,IMELBO1849.csv
2023/02/08,02:54 PM,22.78,13.61,56.0,SSE,5.47,7.72,1027.09,0.0,0.0,8.0,826.8,IMELBO1849.csv
2023/02/08,02:59 PM,22.89,13.72,56.0,SSE,6.76,9.49,1027.09,0.0,0.0,7.0,806.4,IMELBO1849.csv
2023/02/08,03:04 PM,22.89,13.72,56.0,South,5.47,7.88,1027.09,0.0,0.0,7.0,798.6,IMELBO1849.csv
2023/02/08,03:09 PM,23.17,13.72,55.0,SSE,6.6,9.65,1026.75,0.0,0.0,7.0,792.1,IMELBO1849.csv
2023/02/08,03:14 PM,23.61,13.89,55.0,ESE,5.15,6.92,1026.75,0.0,0.0,7.0,783.0,IMELBO1849.csv
2023/02/08,03:19 PM,23.22,13.89,56.0,South,9.01,12.39,1026.41,0.0,0.0,7.0,791.6,IMELBO1849.csv
2023/02/08,03:24 PM,22.94,13.89,57.0,South,6.92,9.49,1026.75,0.0,0.0,8.0,825.0,IMELBO1849.csv
2023/02/08,03:29 PM,22.94,13.89,56.0,South,8.85,12.23,1026.75,0.0,0.0,7.0,818.5,IMELBO1849.csv
2023/02/08,03:34 PM,22.94,13.72,56.0,SSE,5.63,8.21,1026.75,0.0,0.0,7.0,775.1,IMELBO1849.csv
2023/02/08,03:39 PM,23.22,14.06,56.0,SE,6.6,9.17,1026.75,0.0,0.0,7.0,752.6,IMELBO1849.csv
2023/02/08,03:44 PM,23.44,14.0,55.0,South,5.15,7.08,1026.41,0.0,0.0,7.0,756.5,IMELBO1849.csv
2023/02/08,03:49 PM,23.72,14.06,55.0,South,5.95,8.69,1026.41,0.0,0.0,7.0,752.6,IMELBO1849.csv
2023/02/08,03:54 PM,23.67,14.06,55.0,South,5.63,7.56,1026.08,0.0,0.0,7.0,742.2,IMELBO1849.csv
2023/02/08,03:59 PM,24.11,14.22,54.0,South,5.47,7.72,1026.41,0.0,0.0,7.0,760.0,IMELBO1849.csv
2023/02/08,04:04 PM,24.06,14.22,54.0,South,7.4,10.46,1026.41,0.0,0.0,7.0,760.8,IMELBO1849.csv
2023/02/08,04:09 PM,23.78,14.11,54.0,SSE,7.24,10.62,1026.41,0.0,0.0,7.0,763.5,IMELBO1849.csv
2023/02/08,04:14 PM,23.67,14.11,55.0,SW,5.95,8.85,1026.08,0.0,0.0,7.0,756.0,IMELBO1849.csv
2023/02/08,04:19 PM,23.56,14.17,56.0,SSE,6.92,10.62,1026.08,0.0,0.0,6.0,719.6,IMELBO1849.csv
2023/02/08,04:24 PM,23.72,14.17,55.0,WSW,6.44,9.65,1026.08,0.0,0.0,7.0,727.0,IMELBO1849.csv
2023/02/08,04:29 PM,23.78,14.11,55.0,SE,5.79,8.85,1026.08,0.0,0.0,7.0,731.8,IMELBO1849.csv
2023/02/08,04:34 PM,23.11,14.06,57.0,South,7.4,10.46,1026.08,0.0,0.0,7.0,730.1,IMELBO1849.csv
2023/02/08,04:39 PM,22.83,14.06,58.0,SSW,8.37,12.23,1026.08,0.0,0.0,7.0,725.3,IMELBO1849.csv
2023/02/08,04:44 PM,22.83,14.06,58.0,East,6.92,10.46,1026.08,0.0,0.0,7.0,724.3,IMELBO1849.csv
2023/02/08,04:49 PM,22.67,14.06,58.0,SW,9.81,12.71,1026.08,0.0,0.0,6.0,717.9,IMELBO1849.csv
2023/02/08,04:54 PM,23.0,14.22,58.0,East,7.56,11.42,1026.08,0.0,0.0,6.0,715.8,IMELBO1849.csv
2023/02/08,04:59 PM,22.5,14.28,60.0,SSW,7.72,11.1,1026.08,0.0,0.0,6.0,691.0,IMELBO1849.csv
2023/02/08,05:04 PM,22.56,14.39,60.0,South,6.76,10.14,1026.08,0.0,0.0,6.0,646.8,IMELBO1849.csv
2023/02/08,05:09 PM,22.44,14.5,61.0,SW,6.76,9.33,1026.08,0.0,0.0,6.0,633.3,IMELBO1849.csv
2023/02/08,05:14 PM,22.33,14.5,61.0,SSW,7.88,11.75,1026.08,0.0,0.0,6.0,628.9,IMELBO1849.csv
2023/02/08,05:19 PM,22.0,14.39,62.0,SSW,9.01,12.23,1026.08,0.0,0.0,5.0,599.5,IMELBO1849.csv
2023/02/08,05:24 PM,22.22,14.5,62.0,SSW,6.92,9.81,1026.08,0.0,0.0,5.0,592.1,IMELBO1849.csv
2023/02/08,05:29 PM,21.89,14.67,63.0,SSW,11.58,14.8,1025.74,0.0,0.0,5.0,543.0,IMELBO1849.csv
2023/02/08,05:34 PM,21.94,14.61,63.0,South,6.28,8.85,1026.08,0.0,0.0,4.0,505.4,IMELBO1849.csv
2023/02/08,05:39 PM,22.22,14.78,63.0,SSW,7.4,10.14,1025.74,0.0,0.0,4.0,471.1,IMELBO1849.csv
2023/02/08,05:44 PM,22.0,14.56,63.0,SW,8.85,12.07,1025.74,0.0,0.0,4.0,440.7,IMELBO1849.csv
2023/02/08,05:49 PM,22.0,14.44,62.0,South,8.21,11.58,1025.74,0.0,0.0,4.0,423.3,IMELBO1849.csv
2023/02/08,05:54 PM,22.33,14.61,62.0,SSW,4.51,6.28,1025.74,0.0,0.0,3.0,391.7,IMELBO1849.csv
2023/02/08,05:59 PM,22.39,14.94,63.0,SSW,7.88,10.78,1025.74,0.0,0.0,3.0,360.9,IMELBO1849.csv
2023/02/08,06:04 PM,22.06,14.72,63.0,SSW,7.56,10.94,1025.74,0.0,0.0,3.0,350.9,IMELBO1849.csv
2023/02/08,06:09 PM,22.17,14.78,63.0,South,6.76,9.17,1025.74,0.0,0.0,3.0,344.0,IMELBO1849.csv
2023/02/08,06:14 PM,21.89,14.56,63.0,SSE,4.34,6.11,1025.74,0.0,0.0,3.0,322.7,IMELBO1849.csv
2023/02/08,06:19 PM,22.11,14.56,62.0,South,6.6,9.98,1025.74,0.0,0.0,2.0,302.8,IMELBO1849.csv
2023/02/08,06:24 PM,21.94,14.44,62.0,SSW,7.4,9.98,1025.74,0.0,0.0,2.0,280.6,IMELBO1849.csv
2023/02/08,06:29 PM,21.83,14.44,63.0,South,7.08,10.14,1025.74,0.0,0.0,2.0,244.7,IMELBO1849.csv
2023/02/08,06:34 PM,21.72,14.39,63.0,SSW,8.69,11.91,1025.74,0.0,0.0,2.0,238.9,IMELBO1849.csv
2023/02/08,06:39 PM,21.67,14.39,63.0,SSW,5.79,8.37,1025.74,0.0,0.0,2.0,239.4,IMELBO1849.csv
2023/02/08,06:44 PM,21.56,14.5,64.0,SSW,7.08,9.65,1025.74,0.0,0.0,2.0,215.9,IMELBO1849.csv
2023/02/08,06:49 PM,21.72,14.56,64.0,SSW,6.92,8.85,1025.74,0.0,0.0,1.0,176.0,IMELBO1849.csv
2023/02/08,06:54 PM,21.39,14.61,65.0,SSW,6.92,9.65,1025.4,0.0,0.0,1.0,168.2,IMELBO1849.csv
2023/02/08,06:59 PM,21.28,14.67,66.0,SSW,8.21,10.78,1025.4,0.0,0.0,1.0,167.4,IMELBO1849.csv
2023/02/08,07:04 PM,21.39,14.78,66.0,South,4.18,6.28,1025.74,0.0,0.0,1.0,140.9,IMELBO1849.csv
2023/02/08,07:09 PM,21.33,14.83,66.0,SSW,5.47,7.88,1025.4,0.0,0.0,1.0,128.8,IMELBO1849.csv
2023/02/08,07:14 PM,21.44,14.83,66.0,South,5.47,7.88,1025.4,0.0,0.0,1.0,115.4,IMELBO1849.csv
2023/02/08,07:19 PM,21.06,14.67,67.0,SSW,6.76,10.14,1025.74,0.0,0.0,0.0,78.9,IMELBO1849.csv
2023/02/08,07:24 PM,20.78,14.5,67.0,South,6.44,9.17,1025.4,0.0,0.0,0.0,46.7,IMELBO1849.csv
2023/02/08,07:29 PM,20.78,14.72,68.0,SSW,6.11,8.85,1025.4,0.0,0.0,0.0,44.2,IMELBO1849.csv
2023/02/08,07:34 PM,20.56,14.67,69.0,SSW,6.11,8.37,1025.4,0.0,0.0,0.0,40.2,IMELBO1849.csv
2023/02/08,07:39 PM,20.5,14.67,69.0,SSW,5.79,7.72,1025.4,0.0,0.0,0.0,35.1,IMELBO1849.csv
2023/02/08,07:44 PM,20.39,14.78,70.0,SSW,5.31,7.72,1025.4,0.0,0.0,0.0,31.6,IMELBO1849.csv
2023/02/08,07:49 PM,20.33,14.83,71.0,SW,8.53,11.1,1025.74,0.0,0.0,0.0,30.3,IMELBO1849.csv
2023/02/08,07:54 PM,20.22,14.78,71.0,SSW,4.83,6.11,1025.74,0.0,0.0,0.0,27.7,IMELBO1849.csv
2023/02/08,07:59 PM,20.17,14.89,72.0,SW,6.11,8.37,1025.74,0.0,0.0,0.0,24.2,IMELBO1849.csv
2023/02/08,08:04 PM,19.94,14.89,73.0,SW,7.08,9.33,1025.4,0.0,0.0,0.0,18.1,IMELBO1849.csv
2023/02/08,08:09 PM,19.89,14.89,73.0,SSW,5.79,7.56,1025.74,0.0,0.0,0.0,15.2,IMELBO1849.csv
2023/02/08,08:14 PM,19.72,14.72,73.0,SW,6.28,8.04,1025.74,0.0,0.0,0.0,10.4,IMELBO1849.csv
2023/02/08,08:19 PM,19.61,14.78,74.0,SW,6.44,8.21,1025.4,0.0,0.0,0.0,8.2,IMELBO1849.csv
2023/02/08,08:24 PM,19.5,14.78,74.0,SW,6.44,8.69,1025.4,0.0,0.0,0.0,5.6,IMELBO1849.csv
2023/02/08,08:29 PM,19.39,14.78,74.0,SW,6.28,8.21,1025.4,0.0,0.0,0.0,2.6,IMELBO1849.csv
2023/02/08,08:34 PM,19.28,14.78,75.0,SW,7.08,9.17,1025.4,0.0,0.0,0.0,1.2,IMELBO1849.csv
2023/02/08,08:39 PM,19.17,14.78,75.0,SW,5.31,7.56,1025.74,0.0,0.0,0.0,0.0,IMELBO1849.csv
2023/02/08,08:44 PM,19.06,14.72,76.0,SW,4.99,6.28,1025.4,0.0,0.0,0.0,0.0,IMELBO1849.csv
2023/02/08,08:49 PM,18.89,14.72,76.0,SW,5.31,7.24,1025.4,0.0,0.0,0.0,0.0,IMELBO1849.csv
2023/02/08,08:54 PM,18.78,14.72,77.0,WSW,4.99,6.92,1025.4,0.0,0.0,0.0,0.0,IMELBO1849.csv
2023/02/08,08:59 PM,18.78,14.72,77.0,SW,5.15,7.56,1025.4,0.0,0.0,0.0,0.0,IMELBO1849.csv
2023/02/08,09:04 PM,18.72,14.67,77.0,WSW,4.51,5.95,1025.74,0.0,0.0,0.0,0.0,IMELBO1849.csv
2023/02/08,09:09 PM,18.67,14.72,78.0,SW,4.34,5.95,1025.4,0.0,0.0,0.0,0.0,IMELBO1849.csv
2023/02/08,09:14 PM,18.56,14.67,78.0,SW,4.83,6.28,1025.4,0.0,0.0,0.0,0.0,IMELBO1849.csv
2023/02/08,09:19 PM,18.5,14.61,78.0,SW,4.51,6.11,1025.74,0.0,0.0,0.0,0.0,IMELBO1849.csv
2023/02/08,09:24 PM,18.5,14.72,79.0,SW,3.22,4.51,1025.4,0.0,0.0,0.0,0.0,IMELBO1849.csv
2023/02/08,09:29 PM,18.28,14.61,79.0,SW,2.25,3.38,1025.74,0.0,0.0,0.0,0.0,IMELBO1849.csv
2023/02/08,09:34 PM,18.17,14.56,80.0,SW,2.25,3.7,1025.74,0.0,0.0,0.0,0.0,IMELBO1849.csv
2023/02/08,09:39 PM,18.06,14.56,80.0,WSW,1.61,2.74,1025.4,0.0,0.0,0.0,0.0,IMELBO1849.csv
2023/02/08,09:44 PM,17.94,14.56,81.0,WSW,1.77,2.41,1025.4,0.0,0.0,0.0,0.0,IMELBO1849.csv
2023/02/08,09:49 PM,17.78,14.5,81.0,WSW,1.93,3.54,1025.4,0.0,0.0,0.0,0.0,IMELBO1849.csv
2023/02/08,09:54 PM,17.72,14.61,82.0,West,1.45,2.09,1025.4,0.0,0.0,0.0,0.0,IMELBO1849.csv
2023/02/08,09:59 PM,17.67,14.56,82.0,WSW,2.41,3.7,1025.74,0.0,0.0,0.0,0.0,IMELBO1849.csv
2023/02/08,10:04 PM,17.56,14.44,82.0,West,3.22,4.83,1025.74,0.0,0.0,0.0,0.0,IMELBO1849.csv
2023/02/08,10:09 PM,17.44,14.39,82.0,West,2.9,4.02,1025.74,0.0,0.0,0.0,0.0,IMELBO1849.csv
2023/02/08,10:14 PM,17.28,14.39,83.0,WSW,2.41,3.7,1025.4,0.0,0.0,0.0,0.0,IMELBO1849.csv
2023/02/08,10:19 PM,17.28,14.33,83.0,WSW,2.09,2.9,1025.4,0.0,0.0,0.0,0.0,IMELBO1849.csv
2023/02/08,10:24 PM,17.22,14.28,83.0,West,2.25,3.86,1025.4,0.0,0.0,0.0,0.0,IMELBO1849.csv
2023/02/08,10:29 PM,17.06,14.17,83.0,WNW,1.77,3.38,1025.74,0.0,0.0,0.0,0.0,IMELBO1849.csv
2023/02/08,10:34 PM,16.94,14.22,84.0,WSW,1.93,3.38,1025.74,0.0,0.0,0.0,0.0,IMELBO1849.csv
2023/02/08,10:39 PM,16.83,14.17,84.0,WNW,2.41,4.02,1025.74,0.0,0.0,0.0,0.0,IMELBO1849.csv
2023/02/08,10:44 PM,16.78,14.11,84.0,WNW,1.77,2.57,1025.4,0.0,0.0,0.0,0.0,IMELBO1849.csv
2023/02/08,10:49 PM,16.72,14.0,84.0,West,1.93,3.22,1025.4,0.0,0.0,0.0,0.0,IMELBO1849.csv
2023/02/08,10:54 PM,16.72,14.0,84.0,West,2.09,3.54,1025.4,0.0,0.0,0.0,0.0,IMELBO1849.csv
2023/02/08,10:59 PM,16.61,13.89,84.0,NW,2.74,4.02,1025.4,0.0,0.0,0.0,0.0,IMELBO1849.csv
2023/02/08,11:04 PM,16.44,13.89,85.0,WSW,1.93,2.74,1025.4,0.0,0.0,0.0,0.0,IMELBO1849.csv
2023/02/08,11:09 PM,16.33,13.83,85.0,WSW,1.45,2.74,1025.4,0.0,0.0,0.0,0.0,IMELBO1849.csv
2023/02/08,11:14 PM,16.28,13.78,85.0,West,1.45,2.57,1025.4,0.0,0.0,0.0,0.0,IMELBO1849.csv
2023/02/08,11:19 PM,16.22,13.72,85.0,West,1.77,3.06,1025.4,0.0,0.0,0.0,0.0,IMELBO1849.csv
2023/02/08,11:24 PM,16.11,13.61,85.0,SW,2.09,3.06,1025.4,0.0,0.0,0.0,0.0,IMELBO1849.csv
2023/02/08,11:29 PM,16.0,13.5,85.0,WSW,1.93,2.57,1025.4,0.0,0.0,0.0,0.0,IMELBO1849.csv
2023/02/08,11:34 PM,16.0,13.5,85.0,WNW,1.45,2.25,1025.4,0.0,0.0,0.0,0.0,IMELBO1849.csv
2023/02/08,11:39 PM,16.0,13.5,85.0,WSW,1.93,3.06,1025.4,0.0,0.0,0.0,0.0,IMELBO1849.csv
2023/02/08,11:44 PM,16.0,13.39,85.0,WSW,2.41,3.38,1025.4,0.0,0.0,0.0,0.0,IMELBO1849.csv
2023/02/08,11:49 PM,16.0,13.28,84.0,West,1.13,2.25,1025.4,0.0,0.0,0.0,0.0,IMELBO1849.csv
2023/02/08,11:54 PM,15.94,13.28,84.0,WSW,1.61,2.41,1025.06,0.0,0.0,0.0,0.0,IMELBO1849.csv
2023/02/08,11:59 PM,15.89,13.22,84.0,SW,1.77,2.41,1025.06,0.0,0.0,0.0,0.0,IMELBO1849.csv
2023/02/09,12:04 AM,15.78,13.11,84.0,WSW,0.8,1.61,1025.06,0.0,0.0,0.0,0.0,IMELBO1849.csv
2023/02/09,12:09 AM,15.72,13.0,84.0,WSW,0.8,1.45,1025.06,0.0,0.0,0.0,0.0,IMELBO1849.csv
2023/02/09,12:14 AM,15.67,12.94,84.0,WSW,0.32,0.8,1025.06,0.0,0.0,0.0,0.0,IMELBO1849.csv
2023/02/09,12:19 AM,15.61,12.89,84.0,WSW,0.48,0.97,1025.06,0.0,0.0,0.0,0.0,IMELBO1849.csv
2023/02/09,12:24 AM,15.5,12.89,85.0,WSW,0.16,0.8,1025.06,0.0,0.0,0.0,0.0,IMELBO1849.csv
2023/02/09,12:29 AM,15.5,13.0,85.0,WNW,0.8,1.61,1025.06,0.0,0.0,0.0,0.0,IMELBO1849.csv
2023/02/09,12:34 AM,15.5,13.0,85.0,WNW,1.45,2.25,1025.06,0.0,0.0,0.0,0.0,IMELBO1849.csv
2023/02/09,12:39 AM,15.39,12.89,85.0,WNW,0.97,1.93,1025.06,0.0,0.0,0.0,0.0,IMELBO1849.csv
2023/02/09,12:44 AM,15.39,12.89,85.0,WNW,1.29,2.09,1024.72,0.0,0.0,0.0,0.0,IMELBO1849.csv
2023/02/09,12:49 AM,15.33,12.83,85.0,WNW,0.97,1.61,1024.72,0.0,0.0,0.0,0.0,IMELBO1849.csv
2023/02/09,12:54 AM,15.22,12.72,85.0,WNW,1.93,2.74,1024.72,0.0,0.0,0.0,0.0,IMELBO1849.csv
2023/02/09,12:59 AM,15.17,12.72,85.0,WNW,4.18,5.31,1024.72,0.0,0.0,0.0,0.0,IMELBO1849.csv
2023/02/09,01:04 AM,15.11,12.78,86.0,WNW,3.22,4.51,1024.72,0.0,0.0,0.0,0.0,IMELBO1849.csv
2023/02/09,01:09 AM,15.0,12.72,86.0,WNW,2.9,3.86,1024.72,0.0,0.0,0.0,0.0,IMELBO1849.csv
2023/02/09,01:14 AM,14.94,12.67,86.0,WNW,4.02,5.31,1024.38,0.0,0.0,0.0,0.0,IMELBO1849.csv
2023/02/09,01:19 AM,14.89,12.67,87.0,WNW,5.79,7.4,1024.38,0.0,0.0,0.0,0.0,IMELBO1849.csv
2023/02/09,01:24 AM,14.78,12.72,87.0,WNW,4.34,6.11,1024.38,0.0,0.0,0.0,0.0,IMELBO1849.csv
2023/02/09,01:29 AM,14.78,12.67,87.0,WNW,3.86,5.15,1024.38,0.0,0.0,0.0,0.0,IMELBO1849.csv
2023/02/09,01:34 AM,14.72,12.61,87.0,WNW,2.9,3.86,1024.04,0.0,0.0,0.0,0.0,IMELBO1849.csv
2023/02/09,01:39 AM,14.61,12.5,87.0,WNW,2.74,4.02,1024.04,0.0,0.0,0.0,0.0,IMELBO1849.csv
2023/02/09,01:44 AM,14.5,12.5,88.0,WNW,2.25,3.22,1024.04,0.0,0.0,0.0,0.0,IMELBO1849.csv
2023/02/09,01:49 AM,14.5,12.5,88.0,WNW,3.86,5.47,1024.04,0.0,0.0,0.0,0.0,IMELBO1849.csv
2023/02/09,01:54 AM,14.44,12.44,88.0,WNW,4.51,5.63,1024.04,0.0,0.0,0.0,0.0,IMELBO1849.csv
2023/02/09,01:59 AM,14.39,12.39,88.0,WNW,3.86,5.15,1023.71,0.0,0.0,0.0,0.0,IMELBO1849.csv
2023/02/09,02:04 AM,14.33,12.33,88.0,WNW,3.86,4.67,1023.71,0.0,0.0,0.0,0.0,IMELBO1849.csv
2023/02/09,02:09 AM,14.28,12.5,89.0,WNW,4.51,5.63,1023.71,0.0,0.0,0.0,0.0,IMELBO1849.csv
2023/02/09,02:14 AM,14.28,12.44,89.0,WNW,3.54,4.51,1023.71,0.0,0.0,0.0,0.0,IMELBO1849.csv
2023/02/09,02:19 AM,14.22,12.39,89.0,WNW,3.86,4.99,1023.71,0.0,0.0,0.0,0.0,IMELBO1849.csv
2023/02/09,02:24 AM,14.17,12.33,89.0,WNW,2.41,3.22,1023.71,0.0,0.0,0.0,0.0,IMELBO1849.csv
2023/02/09,02:29 AM,14.11,12.28,89.0,WNW,2.57,3.54,1023.71,0.0,0.0,0.0,0.0,IMELBO1849.csv
2023/02/09,02:34 AM,14.11,12.5,90.0,WNW,2.41,3.22,1023.71,0.0,0.0,0.0,0.0,IMELBO1849.csv
2023/02/09,02:39 AM,14.11,12.5,90.0,WNW,3.06,3.86,1023.71,0.0,0.0,0.0,0.0,IMELBO1849.csv
2023/02/09,02:44 AM,14.0,12.39,90.0,WNW,2.57,4.02,1023.37,0.0,0.0,0.0,0.0,IMELBO1849.csv
2023/02/09,02:49 AM,14.0,12.39,90.0,WNW,3.54,4.83,1023.37,0.0,0.0,0.0,0.0,IMELBO1849.csv
2023/02/09,02:54 AM,14.0,12.39,90.0,WNW,4.02,5.31,1023.37,0.0,0.0,0.0,0.0,IMELBO1849.csv
2023/02/09,02:59 AM,14.0,12.39,90.0,WNW,3.38,4.18,1023.37,0.0,0.0,0.0,0.0,IMELBO1849.csv
2023/02/09,03:04 AM,14.0,12.39,90.0,WNW,3.7,5.47,1023.37,0.0,0.0,0.0,0.0,IMELBO1849.csv
2023/02/09,03:09 AM,14.0,12.39,90.0,WNW,4.99,6.92,1023.37,0.0,0.0,0.0,0.0,IMELBO1849.csv
2023/02/09,03:14 AM,14.0,12.5,91.0,WNW,4.67,6.28,1023.03,0.0,0.0,0.0,0.0,IMELBO1849.csv
2023/02/09,03:19 AM,14.0,12.61,91.0,WNW,3.86,4.99,1023.03,0.0,0.0,0.0,0.0,IMELBO1849.csv
2023/02/09,03:24 AM,14.06,12.67,91.0,WNW,4.83,6.44,1023.03,0.0,0.0,0.0,0.0,IMELBO1849.csv
2023/02/09,03:29 AM,14.11,12.72,91.0,WNW,4.18,6.44,1023.03,0.0,0.0,0.0,0.0,IMELBO1849.csv
2023/02/09,03:34 AM,14.22,12.78,91.0,WNW,4.67,6.11,1023.03,0.0,0.0,0.0,0.0,IMELBO1849.csv
2023/02/09,03:39 AM,14.28,12.83,91.0,WNW,4.18,6.28,1022.69,0.0,0.0,0.0,0.0,IMELBO1849.csv
2023/02/09,03:44 AM,14.28,12.89,91.0,WNW,3.22,4.51,1023.03,0.0,0.0,0.0,0.0,IMELBO1849.csv
2023/02/09,03:49 AM,14.39,13.0,91.0,WNW,2.57,3.7,1023.03,0.0,0.0,0.0,0.0,IMELBO1849.csv
2023/02/09,03:54 AM,14.39,13.0,91.0,WNW,2.57,4.02,1022.69,0.0,0.0,0.0,0.0,IMELBO1849.csv
2023/02/09,03:59 AM,14.44,13.06,91.0,WNW,2.09,3.38,1023.03,0.0,0.0,0.0,0.0,IMELBO1849.csv
2023/02/09,04:04 AM,14.5,13.11,91.0,WNW,2.09,3.38,1023.03,0.0,0.0,0.0,0.0,IMELBO1849.csv
2023/02/09,04:09 AM,14.5,13.11,91.0,WNW,1.45,2.41,1023.03,0.0,0.0,0.0,0.0,IMELBO1849.csv
2023/02/09,04:14 AM,14.5,13.11,91.0,WNW,2.25,3.06,1023.03,0.0,0.0,0.0,0.0,IMELBO1849.csv
2023/02/09,04:19 AM,14.56,13.17,91.0,WNW,3.22,4.34,1022.69,0.0,0.0,0.0,0.0,IMELBO1849.csv
2023/02/09,04:24 AM,14.61,13.22,91.0,WNW,3.06,4.51,1023.03,0.0,0.0,0.0,0.0,IMELBO1849.csv
2023/02/09,04:29 AM,14.61,13.22,91.0,WNW,3.06,4.34,1023.03,0.0,0.0,0.0,0.0,IMELBO1849.csv
2023/02/09,04:34 AM,14.5,13.11,91.0,WNW,1.93,2.74,1023.03,0.0,0.0,0.0,0.0,IMELBO1849.csv
2023/02/09,04:39 AM,14.44,13.06,91.0,WNW,2.41,3.22,1023.03,0.0,0.0,0.0,0.0,IMELBO1849.csv
2023/02/09,04:44 AM,14.39,13.11,92.0,WNW,1.29,1.77,1023.03,0.0,0.0,0.0,0.0,IMELBO1849.csv
2023/02/09,04:49 AM,14.28,13.11,92.0,WNW,0.32,0.8,1023.03,0.0,0.0,0.0,0.0,IMELBO1849.csv
2023/02/09,04:54 AM,14.22,13.0,92.0,WNW,0.16,0.64,1023.03,0.0,0.0,0.0,0.0,IMELBO1849.csv
2023/02/09,04:59 AM,14.28,13.11,92.0,WNW,0.48,1.13,1023.03,0.0,0.0,0.0,0.0,IMELBO1849.csv
2023/02/09,05:04 AM,14.33,13.17,92.0,NW,0.8,1.61,1023.03,0.0,0.0,0.0,0.0,IMELBO1849.csv
2023/02/09,05:09 AM,14.33,13.22,92.0,NW,1.13,1.77,1022.69,0.0,0.0,0.0,0.0,IMELBO1849.csv
2023/02/09,05:14 AM,14.39,13.22,92.0,NW,1.93,2.57,1023.03,0.0,0.0,0.0,0.0,IMELBO1849.csv
2023/02/09,05:19 AM,14.5,13.28,92.0,WNW,3.06,4.34,1023.03,0.0,0.0,0.0,0.0,IMELBO1849.csv
2023/02/09,05:24 AM,14.5,13.28,92.0,WNW,3.54,4.67,1022.69,0.0,0.0,0.0,0.0,IMELBO1849.csv
2023/02/09,05:29 AM,14.5,13.28,92.0,WNW,3.54,5.31,1022.69,0.0,0.0,0.0,0.0,IMELBO1849.csv
2023/02/09,05:34 AM,14.5,13.28,92.0,WNW,2.9,3.86,1023.03,0.0,0.0,0.0,0.0,IMELBO1849.csv
2023/02/09,05:39 AM,14.5,13.28,92.0,WNW,1.45,2.41,1022.69,0.0,0.0,0.0,0.0,IMELBO1849.csv
2023/02/09,05:44 AM,14.39,13.22,92.0,WNW,1.13,1.77,1023.03,0.0,0.0,0.0,0.0,IMELBO1849.csv
2023/02/09,05:49 AM,14.39,13.22,92.0,WNW,2.41,3.22,1023.03,0.0,0.0,0.0,0.0,IMELBO1849.csv
2023/02/09,05:54 AM,14.39,13.22,92.0,WNW,2.09,2.74,1023.03,0.0,0.0,0.0,0.0,IMELBO1849.csv
2023/02/09,05:59 AM,14.28,13.11,92.0,WNW,1.29,2.25,1023.03,0.0,0.0,0.0,0.0,IMELBO1849.csv
2023/02/09,06:04 AM,14.39,13.22,92.0,WNW,1.61,2.57,1022.69,0.0,0.0,0.0,0.0,IMELBO1849.csv
2023/02/09,06:09 AM,14.44,13.28,92.0,WNW,2.09,3.06,1023.03,0.0,0.0,0.0,0.0,IMELBO1849.csv
2023/02/09,06:14 AM,14.5,13.28,92.0,WNW,2.25,3.54,1022.69,0.0,0.0,0.0,0.0,IMELBO1849.csv
2023/02/09,06:19 AM,14.61,13.39,92.0,West,1.13,1.77,1023.03,0.0,0.0,0.0,0.0,IMELBO1849.csv
2023/02/09,06:24 AM,14.67,13.44,92.0,WNW,2.09,2.9,1023.03,0.0,0.0,0.0,0.0,IMELBO1849.csv
2023/02/09,06:29 AM,14.61,13.39,92.0,WNW,0.48,0.8,1023.03,0.0,0.0,0.0,0.0,IMELBO1849.csv
2023/02/09,06:34 AM,14.61,13.39,92.0,WNW,0.64,1.29,1023.03,0.0,0.0,0.0,0.0,IMELBO1849.csv
2023/02/09,06:39 AM,14.5,13.28,92.0,WNW,0.16,0.32,1023.03,0.0,0.0,0.0,0.9,IMELBO1849.csv
2023/02/09,06:44 AM,14.44,13.28,92.0,WNW,0.32,0.97,1023.03,0.0,0.0,0.0,1.7,IMELBO1849.csv
2023/02/09,06:49 AM,14.5,13.39,93.0,WNW,0.16,0.16,1023.37,0.0,0.0,0.0,2.9,IMELBO1849.csv
2023/02/09,06:54 AM,14.39,13.28,93.0,WNW,0.16,0.32,1023.03,0.0,0.0,0.0,5.6,IMELBO1849.csv
2023/02/09,06:59 AM,14.39,13.28,93.0,WNW,0.16,0.64,1023.37,0.0,0.0,0.0,8.6,IMELBO1849.csv
2023/02/09,07:04 AM,14.28,13.22,93.0,WNW,0.0,0.0,1023.37,0.0,0.0,0.0,12.1,IMELBO1849.csv
2023/02/09,07:09 AM,14.28,13.22,93.0,WNW,0.0,0.0,1023.03,0.0,0.0,0.0,15.2,IMELBO1849.csv
2023/02/09,07:14 AM,14.28,13.17,93.0,WNW,0.0,0.0,1023.37,0.0,0.0,0.0,18.1,IMELBO1849.csv
2023/02/09,07:19 AM,14.33,13.22,93.0,WNW,0.16,0.32,1023.37,0.0,0.0,0.0,22.0,IMELBO1849.csv
2023/02/09,07:24 AM,14.44,13.33,93.0,WNW,0.64,0.8,1023.37,0.0,0.0,0.0,32.4,IMELBO1849.csv
2023/02/09,07:29 AM,14.67,13.56,93.0,WNW,0.64,1.45,1023.37,0.0,0.0,0.0,36.3,IMELBO1849.csv
2023/02/09,07:34 AM,14.94,13.83,93.0,WNW,0.32,0.8,1023.37,0.0,0.0,0.0,41.1,IMELBO1849.csv
2023/02/09,07:39 AM,15.22,14.0,93.0,WNW,0.48,0.97,1023.37,0.0,0.0,0.0,45.0,IMELBO1849.csv
2023/02/09,07:44 AM,15.5,14.22,92.0,NW,0.64,1.29,1023.71,0.0,0.0,0.0,49.4,IMELBO1849.csv
2023/02/09,07:49 AM,15.72,14.33,91.0,NNW,0.8,1.13,1023.37,0.0,0.0,0.0,54.2,IMELBO1849.csv
2023/02/09,07:54 AM,16.0,14.56,91.0,NW,0.64,1.29,1023.37,0.0,0.0,0.0,65.4,IMELBO1849.csv
2023/02/09,07:59 AM,16.28,14.61,90.0,NW,0.64,1.13,1023.37,0.0,0.0,0.0,65.9,IMELBO1849.csv
2023/02/09,08:04 AM,16.56,14.61,88.0,NW,1.61,2.41,1023.37,0.0,0.0,0.0,75.5,IMELBO1849.csv
2023/02/09,08:09 AM,17.0,14.78,86.0,NW,1.77,2.57,1023.37,0.0,0.0,1.0,121.8,IMELBO1849.csv
2023/02/09,08:14 AM,17.22,14.67,85.0,NW,1.61,2.74,1023.37,0.0,0.0,1.0,137.5,IMELBO1849.csv
2023/02/09,08:19 AM,17.5,14.67,83.0,WNW,2.25,3.38,1023.71,0.0,0.0,1.0,149.1,IMELBO1849.csv
2023/02/09,08:24 AM,17.61,14.56,82.0,WNW,2.41,3.38,1023.37,0.0,0.0,1.0,160.9,IMELBO1849.csv
2023/02/09,08:29 AM,18.06,14.83,81.0,NW,0.8,1.29,1023.37,0.0,0.0,1.0,184.4,IMELBO1849.csv
2023/02/09,08:34 AM,18.61,14.94,79.0,WNW,1.45,2.25,1023.37,0.0,0.0,2.0,205.5,IMELBO1849.csv
2023/02/09,08:39 AM,18.78,15.0,79.0,WNW,2.25,3.22,1023.37,0.0,0.0,2.0,215.9,IMELBO1849.csv
2023/02/09,08:44 AM,18.78,14.89,78.0,NW,3.54,4.99,1023.37,0.0,0.0,2.0,234.1,IMELBO1849.csv
2023/02/09,08:49 AM,18.78,14.89,78.0,WNW,2.74,4.18,1023.37,0.0,0.0,2.0,256.3,IMELBO1849.csv
2023/02/09,08:54 AM,18.89,14.94,78.0,WNW,2.25,3.06,1023.37,0.0,0.0,2.0,278.4,IMELBO1849.csv
2023/02/09,08:59 AM,18.89,14.89,77.0,West,1.93,2.57,1023.03,0.0,0.0,2.0,287.6,IMELBO1849.csv
2023/02/09,09:04 AM,19.22,15.06,77.0,WNW,2.09,3.06,1023.03,0.0,0.0,2.0,293.6,IMELBO1849.csv
2023/02/09,09:09 AM,19.67,15.17,75.0,NW,0.97,1.77,1023.03,0.0,0.0,3.0,317.1,IMELBO1849.csv
2023/02/09,09:14 AM,20.28,15.33,73.0,WNW,0.32,0.97,1023.03,0.0,0.0,3.0,340.1,IMELBO1849.csv
2023/02/09,09:19 AM,20.56,15.28,72.0,WNW,0.97,1.77,1023.03,0.0,0.0,3.0,363.1,IMELBO1849.csv
2023/02/09,09:24 AM,21.11,15.33,70.0,North,0.97,1.61,1023.03,0.0,0.0,3.0,387.3,IMELBO1849.csv
2023/02/09,09:29 AM,21.94,15.61,67.0,West,0.8,1.45,1023.03,0.0,0.0,3.0,389.0,IMELBO1849.csv
2023/02/09,09:34 AM,21.56,15.22,67.0,SE,0.64,1.13,1023.03,0.0,0.0,3.0,405.2,IMELBO1849.csv
2023/02/09,09:39 AM,21.83,15.39,67.0,NW,2.25,3.06,1023.03,0.0,0.0,4.0,409.0,IMELBO1849.csv
2023/02/09,09:44 AM,21.28,15.28,69.0,NW,1.13,1.61,1023.03,0.0,0.0,3.0,403.3,IMELBO1849.csv
2023/02/09,09:49 AM,21.28,15.22,68.0,West,1.61,2.25,1023.03,0.0,0.0,4.0,442.0,IMELBO1849.csv
2023/02/09,09:54 AM,21.28,15.22,68.0,SSW,1.45,2.09,1023.03,0.0,0.0,4.0,447.6,IMELBO1849.csv
2023/02/09,09:59 AM,21.61,15.28,67.0,ESE,2.41,2.9,1023.03,0.0,0.0,4.0,486.6,IMELBO1849.csv
2023/02/09,10:04 AM,22.11,15.33,66.0,ENE,2.74,3.7,1022.69,0.0,0.0,4.0,506.6,IMELBO1849.csv
2023/02/09,10:09 AM,22.06,15.28,65.0,East,2.25,3.22,1022.69,0.0,0.0,5.0,525.3,IMELBO1849.csv
2023/02/09,10:14 AM,22.0,15.28,66.0,SE,2.41,3.7,1022.69,0.0,0.0,5.0,525.3,IMELBO1849.csv
2023/02/09,10:19 AM,22.33,15.39,65.0,ESE,3.54,5.15,1022.69,0.0,0.0,5.0,538.3,IMELBO1849.csv
2023/02/09,10:24 AM,22.39,15.5,65.0,East,3.86,5.63,1022.69,0.0,0.0,5.0,543.9,IMELBO1849.csv
2023/02/09,10:29 AM,22.78,15.44,63.0,NNE,2.57,3.86,1022.69,0.0,0.0,5.0,533.5,IMELBO1849.csv
2023/02/09,10:34 AM,23.28,15.56,62.0,ESE,2.41,3.7,1022.69,0.0,0.0,5.0,564.8,IMELBO1849.csv
2023/02/09,10:39 AM,23.33,15.5,61.0,NE,4.51,6.44,1022.69,0.0,0.0,5.0,578.7,IMELBO1849.csv
2023/02/09,10:44 AM,23.83,15.67,60.0,NW,1.77,2.57,1022.69,0.0,0.0,5.0,587.3,IMELBO1849.csv
2023/02/09,10:49 AM,24.44,16.0,59.0,ENE,4.34,6.6,1022.35,0.0,0.0,5.0,593.0,IMELBO1849.csv
2023/02/09,10:54 AM,24.33,15.94,59.0,,2.9,4.18,1022.35,0.0,0.0,5.0,589.0,IMELBO1849.csv
2023/02/09,10:59 AM,24.78,16.0,58.0,NE,2.25,2.9,1022.35,0.0,0.0,5.0,608.6,IMELBO1849.csv
2023/02/09,11:04 AM,24.44,16.17,60.0,East,5.15,6.11,1022.35,0.0,0.0,6.0,621.2,IMELBO1849.csv
2023/02/09,11:09 AM,24.11,15.89,60.0,SE,2.41,3.22,1022.01,0.0,0.0,6.0,642.4,IMELBO1849.csv
2023/02/09,11:14 AM,24.5,16.0,59.0,SSW,2.9,4.18,1022.01,0.0,0.0,6.0,645.9,IMELBO1849.csv
2023/02/09,11:19 AM,24.89,16.22,58.0,ESE,2.25,3.22,1022.01,0.0,0.0,6.0,665.9,IMELBO1849.csv
2023/02/09,11:24 AM,25.44,16.5,58.0,South,2.9,3.7,1022.01,0.0,0.0,6.0,679.7,IMELBO1849.csv
2023/02/09,11:29 AM,25.11,16.33,58.0,South,3.22,4.67,1022.35,0.0,0.0,6.0,692.3,IMELBO1849.csv
2023/02/09,11:34 AM,25.39,16.5,58.0,SE,3.06,4.02,1022.35,0.0,0.0,6.0,696.2,IMELBO1849.csv
2023/02/09,11:39 AM,25.28,16.39,58.0,South,3.7,4.51,1022.01,0.0,0.0,6.0,707.1,IMELBO1849.csv
2023/02/09,11:44 AM,25.44,16.33,57.0,SSW,1.77,2.57,1022.01,0.0,0.0,6.0,714.4,IMELBO1849.csv
2023/02/09,11:49 AM,26.22,16.56,55.0,SE,1.93,2.9,1022.01,0.0,0.0,6.0,720.1,IMELBO1849.csv
2023/02/09,11:54 AM,26.22,16.67,56.0,South,3.06,4.67,1022.01,0.0,0.0,7.0,731.0,IMELBO1849.csv
2023/02/09,11:59 AM,26.89,16.89,54.0,SSE,3.86,5.63,1021.67,0.0,0.0,7.0,739.2,IMELBO1849.csv
2023/02/09,12:04 PM,26.5,16.78,55.0,South,5.15,7.08,1021.67,0.0,0.0,7.0,737.8,IMELBO1849.csv
2023/02/09,12:09 PM,26.78,16.78,55.0,SSE,3.38,4.83,1021.67,0.0,0.0,7.0,734.4,IMELBO1849.csv
2023/02/09,12:14 PM,26.67,16.72,54.0,SW,2.74,4.02,1021.67,0.0,0.0,7.0,751.8,IMELBO1849.csv
2023/02/09,12:19 PM,27.28,16.89,53.0,SSW,1.93,3.38,1021.33,0.0,0.0,7.0,756.5,IMELBO1849.csv
2023/02/09,12:24 PM,27.06,16.89,54.0,SW,4.51,6.28,1021.33,0.0,0.0,7.0,747.8,IMELBO1849.csv
2023/02/09,12:29 PM,27.17,16.83,53.0,South,4.34,5.95,1021.33,0.0,0.0,7.0,762.2,IMELBO1849.csv
2023/02/09,12:34 PM,27.28,16.83,53.0,SW,3.38,4.51,1021.33,0.0,0.0,7.0,756.5,IMELBO1849.csv
2023/02/09,12:39 PM,27.11,16.78,53.0,SW,4.51,5.95,1021.33,0.0,0.0,7.0,749.5,IMELBO1849.csv
2023/02/09,12:44 PM,27.28,16.67,52.0,South,2.09,3.06,1021.33,0.0,0.0,7.0,779.5,IMELBO1849.csv
2023/02/09,12:49 PM,27.83,16.78,51.0,WNW,3.38,4.51,1021.0,0.0,0.0,7.0,782.6,IMELBO1849.csv
2023/02/09,12:54 PM,27.94,16.94,51.0,South,4.18,5.63,1021.0,0.0,0.0,7.0,783.4,IMELBO1849.csv
2023/02/09,12:59 PM,28.11,17.17,51.0,SE,3.54,5.15,1021.0,0.0,0.0,7.0,775.1,IMELBO1849.csv
2023/02/09,01:04 PM,28.44,17.06,50.0,SSE,4.02,5.79,1021.0,0.0,0.0,7.0,766.1,IMELBO1849.csv
2023/02/09,01:09 PM,28.28,16.94,50.0,SSE,3.54,4.67,1021.0,0.0,0.0,7.0,757.4,IMELBO1849.csv
2023/02/09,01:14 PM,28.56,17.06,50.0,South,4.34,6.11,1020.66,0.0,0.0,7.0,751.3,IMELBO1849.csv
2023/02/09,01:19 PM,28.61,17.61,51.0,SSW,6.11,8.53,1020.66,0.0,0.0,6.0,714.8,IMELBO1849.csv
2023/02/09,01:24 PM,27.94,17.33,53.0,SW,8.21,11.42,1020.66,0.0,0.0,7.0,738.3,IMELBO1849.csv
2023/02/09,01:29 PM,27.61,17.22,53.0,SSW,7.56,9.81,1020.66,0.0,0.0,7.0,755.2,IMELBO1849.csv
2023/02/09,01:34 PM,27.83,17.22,52.0,SW,6.44,8.53,1020.66,0.0,0.0,7.0,751.3,IMELBO1849.csv
2023/02/09,01:39 PM,28.22,17.22,51.0,South,5.47,7.4,1020.66,0.0,0.0,7.0,742.6,IMELBO1849.csv
2023/02/09,01:44 PM,28.11,17.44,52.0,South,7.4,10.14,1020.66,0.0,0.0,7.0,760.4,IMELBO1849.csv
2023/02/09,01:49 PM,28.61,17.56,51.0,SE,5.31,7.56,1020.66,0.0,0.0,7.0,767.4,IMELBO1849.csv
2023/02/09,01:54 PM,28.17,17.39,52.0,SE,6.11,8.85,1020.32,0.0,0.0,7.0,761.3,IMELBO1849.csv
2023/02/09,01:59 PM,27.83,17.39,53.0,SSW,8.04,11.26,1020.32,0.0,0.0,7.0,749.2,IMELBO1849.csv
2023/02/09,02:04 PM,27.78,17.33,53.0,SSE,7.72,10.94,1020.32,0.0,0.0,7.0,735.7,IMELBO1849.csv
2023/02/09,02:09 PM,27.28,17.17,54.0,South,8.21,11.26,1020.32,0.0,0.0,7.0,724.0,IMELBO1849.csv
2023/02/09,02:14 PM,27.83,17.44,53.0,ESE,5.63,8.04,1020.32,0.0,0.0,7.0,754.8,IMELBO1849.csv
2023/02/09,02:19 PM,27.67,17.39,53.0,South,6.76,9.65,1020.32,0.0,0.0,7.0,760.0,IMELBO1849.csv
2023/02/09,02:24 PM,27.5,17.22,53.0,South,6.11,8.85,1020.32,0.0,0.0,7.0,757.9,IMELBO1849.csv
2023/02/09,02:29 PM,27.33,17.33,54.0,SSW,8.21,11.42,1020.32,0.0,0.0,7.0,747.0,IMELBO1849.csv
2023/02/09,02:34 PM,27.5,17.22,53.0,SSE,6.76,9.01,1019.98,0.0,0.0,7.0,755.2,IMELBO1849.csv
2023/02/09,02:39 PM,27.78,17.28,53.0,SSE,4.99,7.08,1019.98,0.0,0.0,7.0,754.8,IMELBO1849.csv
2023/02/09,02:44 PM,27.89,17.28,52.0,South,6.6,9.65,1019.98,0.0,0.0,7.0,762.2,IMELBO1849.csv
2023/02/09,02:49 PM,27.5,17.22,53.0,South,5.95,8.53,1019.98,0.0,0.0,7.0,761.7,IMELBO1849.csv
2023/02/09,02:54 PM,27.56,17.17,53.0,South,8.04,10.46,1019.64,0.0,0.0,7.0,744.8,IMELBO1849.csv
2023/02/09,02:59 PM,27.33,17.0,53.0,SSE,7.08,10.14,1019.98,0.0,0.0,7.0,736.6,IMELBO1849.csv
2023/02/09,03:04 PM,27.56,17.06,53.0,South,6.6,9.33,1019.64,0.0,0.0,7.0,754.8,IMELBO1849.csv
2023/02/09,03:09 PM,28.0,17.22,52.0,SSE,5.63,8.69,1019.3,0.0,0.0,7.0,749.5,IMELBO1849.csv
2023/02/09,03:14 PM,28.44,17.22,51.0,South,4.99,7.4,1019.3,0.0,0.0,7.0,743.9,IMELBO1849.csv
2023/02/09,03:19 PM,28.06,17.06,51.0,South,5.79,8.37,1019.3,0.0,0.0,6.0,688.9,IMELBO1849.csv
2023/02/09,03:24 PM,28.28,17.17,51.0,SSE,5.47,7.56,1019.3,0.0,0.0,6.0,653.3,IMELBO1849.csv
2023/02/09,03:29 PM,28.06,16.94,51.0,SSE,5.63,8.53,1019.3,0.0,0.0,7.0,724.0,IMELBO1849.csv
2023/02/09,03:34 PM,28.39,16.94,50.0,South,5.79,8.85,1018.96,0.0,0.0,7.0,727.4,IMELBO1849.csv
2023/02/09,03:39 PM,28.33,16.83,50.0,SSW,7.56,10.62,1018.96,0.0,0.0,7.0,720.9,IMELBO1849.csv
2023/02/09,03:44 PM,28.61,16.72,49.0,WNW,5.63,9.01,1018.96,0.0,0.0,7.0,735.7,IMELBO1849.csv
2023/02/09,03:49 PM,29.0,16.78,48.0,SSW,6.28,9.01,1018.96,0.0,0.0,7.0,724.3,IMELBO1849.csv
2023/02/09,03:54 PM,28.67,16.61,48.0,SSW,7.24,10.14,1018.96,0.0,0.0,7.0,735.7,IMELBO1849.csv
2023/02/09,03:59 PM,28.72,16.5,48.0,SSW,5.63,8.21,1018.96,0.0,0.0,7.0,743.1,IMELBO1849.csv
2023/02/09,04:04 PM,28.89,16.78,48.0,South,7.56,10.94,1018.96,0.0,0.0,7.0,748.7,IMELBO1849.csv
2023/02/09,04:09 PM,28.5,17.0,50.0,South,8.21,11.42,1018.63,0.0,0.0,7.0,751.3,IMELBO1849.csv
2023/02/09,04:14 PM,28.33,16.78,49.0,SSW,7.72,11.1,1018.96,0.0,0.0,7.0,739.2,IMELBO1849.csv
2023/02/09,04:19 PM,28.44,16.83,49.0,SSE,6.28,8.85,1018.63,0.0,0.0,7.0,741.7,IMELBO1849.csv
2023/02/09,04:24 PM,28.28,16.56,49.0,SSW,9.49,12.87,1018.63,0.0,0.0,7.0,740.0,IMELBO1849.csv
2023/02/09,04:29 PM,27.67,16.22,50.0,SW,9.01,12.71,1018.63,0.0,0.0,6.0,715.8,IMELBO1849.csv
2023/02/09,04:34 PM,28.06,16.28,49.0,South,5.47,8.21,1018.63,0.0,0.0,6.0,710.5,IMELBO1849.csv
2023/02/09,04:39 PM,27.67,15.89,49.0,SSW,10.62,14.96,1018.63,0.0,0.0,6.0,712.7,IMELBO1849.csv
2023/02/09,04:44 PM,27.39,15.28,48.0,SW,9.17,13.03,1018.63,0.0,0.0,6.0,707.5,IMELBO1849.csv
2023/02/09,04:49 PM,27.61,15.22,47.0,South,7.24,10.94,1018.63,0.0,0.0,6.0,706.6,IMELBO1849.csv
2023/02/09,04:54 PM,27.44,15.17,47.0,South,6.76,9.81,1018.63,0.0,0.0,6.0,694.9,IMELBO1849.csv
2023/02/09,04:59 PM,27.44,15.17,47.0,South,8.21,11.42,1018.63,0.0,0.0,6.0,673.7,IMELBO1849.csv
2023/02/09,05:04 PM,26.83,14.72,47.0,SSW,11.26,15.29,1018.29,0.0,0.0,6.0,631.6,IMELBO1849.csv
2023/02/09,05:09 PM,26.56,14.28,47.0,SSW,13.19,16.73,1018.63,0.0,0.0,6.0,621.6,IMELBO1849.csv
2023/02/09,05:14 PM,26.56,14.39,47.0,SE,5.31,8.04,1018.63,0.0,0.0,6.0,618.2,IMELBO1849.csv
2023/02/09,05:19 PM,26.89,14.61,47.0,South,7.72,11.58,1018.63,0.0,0.0,5.0,584.8,IMELBO1849.csv
2023/02/09,05:24 PM,26.89,14.56,47.0,South,10.3,13.68,1018.29,0.0,0.0,5.0,566.9,IMELBO1849.csv
2023/02/09,05:29 PM,26.67,14.39,47.0,SSW,10.94,14.96,1018.29,0.0,0.0,5.0,524.5,IMELBO1849.csv
2023/02/09,05:34 PM,26.44,13.94,46.0,SW,13.68,17.54,1018.63,0.0,0.0,4.0,493.6,IMELBO1849.csv
2023/02/09,05:39 PM,26.44,13.78,46.0,SSE,8.37,12.23,1018.63,0.0,0.0,4.0,456.3,IMELBO1849.csv
2023/02/09,05:44 PM,26.61,13.94,46.0,SSW,10.62,14.0,1018.63,0.0,0.0,4.0,422.4,IMELBO1849.csv
2023/02/09,05:49 PM,26.28,13.67,46.0,SSW,8.69,12.07,1018.63,0.0,0.0,3.0,405.5,IMELBO1849.csv
2023/02/09,05:54 PM,26.44,13.94,46.0,SSE,11.1,14.8,1018.29,0.0,0.0,3.0,373.0,IMELBO1849.csv
2023/02/09,05:59 PM,26.28,14.67,49.0,SSW,14.8,19.79,1018.29,0.0,0.0,3.0,350.5,IMELBO1849.csv
2023/02/09,06:04 PM,26.22,14.67,49.0,South,8.85,12.39,1018.29,0.0,0.0,3.0,347.4,IMELBO1849.csv
2023/02/09,06:09 PM,26.33,14.39,48.0,South,9.01,12.07,1018.29,0.0,0.0,3.0,337.9,IMELBO1849.csv
2023/02/09,06:14 PM,26.44,13.72,45.0,South,7.72,10.78,1018.29,0.0,0.0,3.0,314.0,IMELBO1849.csv
2023/02/09,06:19 PM,26.28,13.28,45.0,SSW,5.63,8.04,1018.29,0.0,0.0,2.0,290.5,IMELBO1849.csv
2023/02/09,06:24 PM,26.39,13.44,45.0,SSW,11.1,15.93,1018.29,0.0,0.0,2.0,269.8,IMELBO1849.csv
2023/02/09,06:29 PM,26.06,13.83,47.0,South,8.04,11.42,1018.29,0.0,0.0,2.0,244.7,IMELBO1849.csv
2023/02/09,06:34 PM,25.94,13.67,47.0,SSW,7.56,11.1,1018.29,0.0,0.0,2.0,238.9,IMELBO1849.csv
2023/02/09,06:39 PM,26.06,13.61,46.0,SSW,5.15,7.4,1018.29,0.0,0.0,2.0,238.1,IMELBO1849.csv
2023/02/09,06:44 PM,26.11,13.67,46.0,South,6.11,9.01,1018.29,0.0,0.0,2.0,207.4,IMELBO1849.csv
2023/02/09,06:49 PM,25.89,13.39,46.0,SSW,8.04,10.78,1018.29,0.0,0.0,1.0,163.1,IMELBO1849.csv
2023/02/09,06:54 PM,25.72,13.17,46.0,South,6.11,9.17,1018.29,0.0,0.0,1.0,167.4,IMELBO1849.csv
2023/02/09,06:59 PM,25.83,13.33,46.0,South,5.31,7.88,1018.63,0.0,0.0,1.0,160.0,IMELBO1849.csv
2023/02/09,07:04 PM,26.0,13.5,46.0,SSW,5.31,7.4,1018.63,0.0,0.0,1.0,143.5,IMELBO1849.csv
2023/02/09,07:09 PM,25.72,13.39,46.0,SW,7.72,10.94,1018.63,0.0,0.0,1.0,125.3,IMELBO1849.csv
2023/02/09,07:14 PM,25.56,13.44,47.0,SSW,6.11,7.72,1018.63,0.0,0.0,1.0,115.4,IMELBO1849.csv
2023/02/09,07:19 PM,25.28,13.44,48.0,SW,7.24,9.33,1018.63,0.0,0.0,0.0,71.9,IMELBO1849.csv
2023/02/09,07:24 PM,25.11,13.39,48.0,SSW,5.15,6.76,1018.63,0.0,0.0,0.0,48.6,IMELBO1849.csv
2023/02/09,07:29 PM,25.06,13.33,48.0,SW,7.4,10.14,1018.96,0.0,0.0,0.0,44.7,IMELBO1849.csv
2023/02/09,07:34 PM,24.72,13.17,48.0,SW,8.04,10.62,1018.96,0.0,0.0,0.0,42.0,IMELBO1849.csv
2023/02/09,07:39 PM,24.61,13.22,49.0,SSW,4.67,6.6,1018.96,0.0,0.0,0.0,39.0,IMELBO1849.csv
2023/02/09,07:44 PM,24.61,13.44,50.0,South,4.67,6.92,1018.96,0.0,0.0,0.0,36.0,IMELBO1849.csv
2023/02/09,07:49 PM,24.33,13.61,51.0,South,4.83,7.08,1019.3,0.0,0.0,0.0,32.4,IMELBO1849.csv
2023/02/09,07:54 PM,24.28,13.61,51.0,SSW,3.38,4.83,1019.3,0.0,0.0,0.0,29.5,IMELBO1849.csv
2023/02/09,07:59 PM,24.17,13.44,51.0,SW,6.11,7.88,1019.3,0.0,0.0,0.0,25.1,IMELBO1849.csv
2023/02/09,08:04 PM,24.0,13.28,51.0,SW,4.83,6.28,1019.3,0.0,0.0,0.0,21.7,IMELBO1849.csv
2023/02/09,08:09 PM,24.0,13.5,52.0,SW,4.02,5.15,1019.3,0.0,0.0,0.0,17.7,IMELBO1849.csv
2023/02/09,08:14 PM,23.83,13.44,52.0,SW,4.51,5.63,1019.3,0.0,0.0,0.0,13.3,IMELBO1849.csv
2023/02/09,08:19 PM,23.78,13.44,52.0,SW,4.51,6.11,1019.3,0.0,0.0,0.0,9.9,IMELBO1849.csv
2023/02/09,08:24 PM,23.72,13.61,53.0,SW,3.7,4.67,1019.3,0.0,0.0,0.0,6.5,IMELBO1849.csv
2023/02/09,08:29 PM,23.56,13.44,53.0,WSW,3.86,5.15,1019.3,0.0,0.0,0.0,2.9,IMELBO1849.csv
2023/02/09,08:34 PM,23.44,13.67,54.0,SW,3.22,4.18,1019.3,0.0,0.0,0.0,1.7,IMELBO1849.csv
2023/02/09,08:39 PM,23.33,13.89,55.0,SW,2.74,3.7,1019.3,0.0,0.0,0.0,0.0,IMELBO1849.csv
2023/02/09,08:44 PM,23.22,14.06,56.0,SW,3.38,4.83,1019.3,0.0,0.0,0.0,0.0,IMELBO1849.csv
2023/02/09,08:49 PM,23.17,14.22,57.0,SW,3.7,4.83,1019.64,0.0,0.0,0.0,0.0,IMELBO1849.csv
2023/02/09,08:54 PM,22.89,14.22,58.0,SW,3.06,4.18,1019.3,0.0,0.0,0.0,0.0,IMELBO1849.csv
2023/02/09,08:59 PM,22.72,14.5,60.0,WSW,3.22,4.51,1019.3,0.0,0.0,0.0,0.0,IMELBO1849.csv
2023/02/09,09:04 PM,22.56,14.72,61.0,SW,3.38,4.99,1019.3,0.0,0.0,0.0,0.0,IMELBO1849.csv
2023/02/09,09:09 PM,22.28,14.89,63.0,WSW,3.54,4.51,1019.64,0.0,0.0,0.0,0.0,IMELBO1849.csv
2023/02/09,09:14 PM,22.06,15.0,64.0,WSW,2.9,3.86,1019.64,0.0,0.0,0.0,0.0,IMELBO1849.csv
2023/02/09,09:19 PM,21.83,15.06,65.0,WSW,4.99,6.6,1019.64,0.0,0.0,0.0,0.0,IMELBO1849.csv
2023/02/09,09:24 PM,21.67,15.11,66.0,SW,3.86,5.15,1019.64,0.0,0.0,0.0,0.0,IMELBO1849.csv
2023/02/09,09:29 PM,21.44,15.17,67.0,SW,4.67,5.95,1019.98,0.0,0.0,0.0,0.0,IMELBO1849.csv
2023/02/09,09:34 PM,21.22,15.17,68.0,WSW,3.06,4.67,1019.98,0.0,0.0,0.0,0.0,IMELBO1849.csv
2023/02/09,09:39 PM,21.06,15.17,69.0,SW,3.54,4.83,1019.98,0.0,0.0,0.0,0.0,IMELBO1849.csv
2023/02/09,09:44 PM,20.94,15.06,69.0,SW,2.9,4.18,1019.98,0.0,0.0,0.0,0.0,IMELBO1849.csv
2023/02/09,09:49 PM,20.78,15.0,69.0,SW,4.51,6.92,1019.98,0.0,0.0,0.0,0.0,IMELBO1849.csv
2023/02/09,09:54 PM,20.56,14.94,70.0,SW,7.24,10.62,1019.98,0.0,0.0,0.0,0.0,IMELBO1849.csv
2023/02/09,09:59 PM,20.39,14.83,70.0,SW,3.7,5.15,1019.98,0.0,0.0,0.0,0.0,IMELBO1849.csv
2023/02/09,10:04 PM,20.28,14.89,71.0,SW,3.22,4.83,1019.98,0.0,0.0,0.0,0.0,IMELBO1849.csv
2023/02/09,10:09 PM,20.22,14.89,71.0,SW,2.74,4.18,1019.98,0.0,0.0,0.0,0.0,IMELBO1849.csv
2023/02/09,10:14 PM,20.17,15.0,72.0,WSW,2.74,3.86,1019.98,0.0,0.0,0.0,0.0,IMELBO1849.csv
2023/02/09,10:19 PM,20.0,15.0,73.0,SW,4.18,6.28,1019.98,0.0,0.0,0.0,0.0,IMELBO1849.csv
2023/02/09,10:24 PM,19.83,15.17,74.0,SW,3.7,5.63,1019.98,0.0,0.0,0.0,0.0,IMELBO1849.csv
2023/02/09,10:29 PM,19.72,15.17,75.0,SW,4.51,6.28,1019.98,0.0,0.0,0.0,0.0,IMELBO1849.csv
2023/02/09,10:34 PM,19.56,15.22,76.0,WSW,4.34,6.44,1019.98,0.0,0.0,0.0,0.0,IMELBO1849.csv
2023/02/09,10:39 PM,19.33,15.28,77.0,WSW,2.9,3.7,1019.98,0.0,0.0,0.0,0.0,IMELBO1849.csv
2023/02/09,10:44 PM,19.22,15.28,78.0,WSW,3.06,4.67,1019.98,0.0,0.0,0.0,0.0,IMELBO1849.csv
2023/02/09,10:49 PM,19.17,15.28,78.0,SW,2.09,3.54,1019.98,0.0,0.0,0.0,0.0,IMELBO1849.csv
2023/02/09,10:54 PM,19.06,15.33,79.0,SW,1.93,2.74,1019.98,0.0,0.0,0.0,0.0,IMELBO1849.csv
2023/02/09,10:59 PM,19.0,15.33,79.0,SW,1.93,2.74,1019.98,0.0,0.0,0.0,0.0,IMELBO1849.csv
2023/02/09,11:04 PM,18.94,15.44,80.0,SW,1.93,2.9,1019.98,0.0,0.0,0.0,0.0,IMELBO1849.csv
2023/02/09,11:09 PM,18.83,15.5,81.0,SW,1.29,2.09,1019.98,0.0,0.0,0.0,0.0,IMELBO1849.csv
2023/02/09,11:14 PM,18.78,15.5,81.0,WSW,0.8,1.29,1019.98,0.0,0.0,0.0,0.0,IMELBO1849.csv
2023/02/09,11:19 PM,18.72,15.39,81.0,WSW,0.32,0.97,1019.98,0.0,0.0,0.0,0.0,IMELBO1849.csv
2023/02/09,11:24 PM,18.67,15.39,81.0,WSW,0.16,0.48,1019.98,0.0,0.0,0.0,0.0,IMELBO1849.csv
2023/02/09,11:29 PM,18.5,15.44,82.0,WSW,0.48,0.8,1019.98,0.0,0.0,0.0,0.0,IMELBO1849.csv
2023/02/09,11:34 PM,18.5,15.5,82.0,West,0.64,1.13,1019.98,0.0,0.0,0.0,0.0,IMELBO1849.csv
2023/02/09,11:39 PM,18.39,15.5,83.0,West,0.32,0.8,1019.98,0.0,0.0,0.0,0.0,IMELBO1849.csv
2023/02/09,11:44 PM,18.28,15.39,83.0,West,0.8,1.13,1019.98,0.0,0.0,0.0,0.0,IMELBO1849.csv
2023/02/09,11:49 PM,18.33,15.44,83.0,West,0.64,0.97,1019.98,0.0,0.0,0.0,0.0,IMELBO1849.csv
2023/02/09,11:54 PM,18.33,15.44,83.0,West,0.16,0.32,1019.64,0.0,0.0,0.0,0.0,IMELBO1849.csv
2023/02/09,11:59 PM,18.28,15.39,83.0,West,0.32,0.97,1019.98,0.0,0.0,0.0,0.0,IMELBO1849.csv
2023/02/10,12:04 AM,18.28,15.39,83.0,West,0.48,0.97,1019.98,0.0,0.0,0.0,0.0,IMELBO1849.csv
2023/02/10,12:09 AM,18.28,15.39,83.0,West,0.8,1.45,1019.64,0.0,0.0,0.0,0.0,IMELBO1849.csv
2023/02/10,12:14 AM,18.22,15.28,83.0,West,0.97,1.77,1019.64,0.0,0.0,0.0,0.0,IMELBO1849.csv
2023/02/10,12:19 AM,18.22,15.28,83.0,West,0.16,0.32,1019.64,0.0,0.0,0.0,0.0,IMELBO1849.csv
2023/02/10,12:24 AM,18.11,15.22,83.0,West,0.16,0.64,1019.64,0.0,0.0,0.0,0.0,IMELBO1849.csv
2023/02/10,12:29 AM,18.06,15.17,83.0,West,0.0,0.0,1019.64,0.0,0.0,0.0,0.0,IMELBO1849.csv
2023/02/10,12:34 AM,17.89,15.17,84.0,West,0.0,0.0,1019.64,0.0,0.0,0.0,0.0,IMELBO1849.csv
2023/02/10,12:39 AM,17.83,15.17,84.0,West,0.0,0.0,1019.3,0.0,0.0,0.0,0.0,IMELBO1849.csv
2023/02/10,12:44 AM,17.61,14.89,84.0,West,0.0,0.0,1019.3,0.0,0.0,0.0,0.0,IMELBO1849.csv
2023/02/10,12:49 AM,17.33,14.67,84.0,West,0.0,0.0,1019.3,0.0,0.0,0.0,0.0,IMELBO1849.csv
2023/02/10,12:54 AM,17.17,14.5,84.0,West,0.0,0.0,1019.3,0.0,0.0,0.0,0.0,IMELBO1849.csv
2023/02/10,12:59 AM,16.94,14.44,85.0,West,0.0,0.0,1019.3,0.0,0.0,0.0,0.0,IMELBO1849.csv
2023/02/10,01:04 AM,17.06,14.72,86.0,West,0.0,0.0,1019.3,0.0,0.0,0.0,0.0,IMELBO1849.csv
2023/02/10,01:09 AM,17.17,14.83,86.0,West,0.48,0.8,1019.3,0.0,0.0,0.0,0.0,IMELBO1849.csv
2023/02/10,01:14 AM,17.22,14.89,86.0,West,0.32,0.64,1019.3,0.0,0.0,0.0,0.0,IMELBO1849.csv
2023/02/10,01:19 AM,17.17,14.83,86.0,West,0.64,1.29,1019.3,0.0,0.0,0.0,0.0,IMELBO1849.csv
2023/02/10,01:24 AM,16.89,14.39,85.0,West,0.64,1.61,1019.3,0.0,0.0,0.0,0.0,IMELBO1849.csv
2023/02/10,01:29 AM,16.83,14.33,85.0,West,0.97,1.93,1018.96,0.0,0.0,0.0,0.0,IMELBO1849.csv
2023/02/10,01:34 AM,16.83,14.28,85.0,West,0.32,0.64,1018.96,0.0,0.0,0.0,0.0,IMELBO1849.csv
2023/02/10,01:39 AM,16.72,14.11,85.0,West,0.0,0.0,1018.96,0.0,0.0,0.0,0.0,IMELBO1849.csv
2023/02/10,01:44 AM,16.61,14.06,85.0,West,0.16,0.48,1018.96,0.0,0.0,0.0,0.0,IMELBO1849.csv
2023/02/10,01:49 AM,16.44,13.83,84.0,West,0.48,1.13,1018.63,0.0,0.0,0.0,0.0,IMELBO1849.csv
2023/02/10,01:54 AM,16.39,13.72,84.0,West,0.32,0.8,1018.63,0.0,0.0,0.0,0.0,IMELBO1849.csv
2023/02/10,01:59 AM,16.28,13.67,84.0,West,0.64,1.77,1018.63,0.0,0.0,0.0,0.0,IMELBO1849.csv
2023/02/10,02:04 AM,16.22,13.72,85.0,West,1.13,1.45,1018.63,0.0,0.0,0.0,0.0,IMELBO1849.csv
2023/02/10,02:09 AM,16.22,13.72,85.0,West,0.97,1.45,1018.29,0.0,0.0,0.0,0.0,IMELBO1849.csv
2023/02/10,02:14 AM,16.17,13.67,85.0,West,0.64,1.45,1018.29,0.0,0.0,0.0,0.0,IMELBO1849.csv
2023/02/10,02:19 AM,16.11,13.61,85.0,West,0.48,1.29,1018.29,0.0,0.0,0.0,0.0,IMELBO1849.csv
2023/02/10,02:24 AM,16.0,13.5,85.0,West,0.8,1.77,1017.95,0.0,0.0,0.0,0.0,IMELBO1849.csv
2023/02/10,02:29 AM,16.0,13.5,85.0,WNW,0.97,1.77,1017.95,0.0,0.0,0.0,0.0,IMELBO1849.csv
2023/02/10,02:34 AM,15.89,13.44,85.0,NW,0.64,1.45,1017.95,0.0,0.0,0.0,0.0,IMELBO1849.csv
2023/02/10,02:39 AM,15.89,13.61,86.0,NW,0.97,1.77,1017.95,0.0,0.0,0.0,0.0,IMELBO1849.csv
2023/02/10,02:44 AM,15.72,13.22,85.0,,2.41,3.54,1017.95,0.0,0.0,0.0,0.0,IMELBO1849.csv
2023/02/10,02:49 AM,15.61,13.11,85.0,North,1.77,2.57,1017.95,0.0,0.0,0.0,0.0,IMELBO1849.csv
2023/02/10,02:54 AM,15.56,13.17,86.0,,0.97,1.61,1017.95,0.0,0.0,0.0,0.0,IMELBO1849.csv
2023/02/10,02:59 AM,15.44,13.11,86.0,,1.45,2.25,1017.95,0.0,0.0,0.0,0.0,IMELBO1849.csv
2023/02/10,03:04 AM,15.28,13.0,86.0,North,1.93,2.57,1017.95,0.0,0.0,0.0,0.0,IMELBO1849.csv
2023/02/10,03:09 AM,15.28,12.78,85.0,NE,0.64,1.45,1017.95,0.0,0.0,0.0,0.0,IMELBO1849.csv
2023/02/10,03:14 AM,15.22,12.78,85.0,NE,0.48,1.29,1017.95,0.0,0.0,0.0,0.0,IMELBO1849.csv
2023/02/10,03:19 AM,15.22,12.72,85.0,NE,0.97,1.45,1017.95,0.0,0.0,0.0,0.0,IMELBO1849.csv
2023/02/10,03:24 AM,15.11,12.61,85.0,NE,0.8,1.61,1017.61,0.0,0.0,0.0,0.0,IMELBO1849.csv
2023/02/10,03:29 AM,15.11,12.61,85.0,NE,0.8,1.45,1017.61,0.0,0.0,0.0,0.0,IMELBO1849.csv
2023/02/10,03:34 AM,15.11,12.61,85.0,NE,1.13,1.77,1017.95,0.0,0.0,0.0,0.0,IMELBO1849.csv
2023/02/10,03:39 AM,15.11,12.5,85.0,NE,1.45,2.25,1017.95,0.0,0.0,0.0,0.0,IMELBO1849.csv
2023/02/10,03:44 AM,15.0,12.33,84.0,NE,1.29,2.25,1017.95,0.0,0.0,0.0,0.0,IMELBO1849.csv
2023/02/10,03:49 AM,14.89,12.22,84.0,NE,2.25,3.22,1017.61,0.0,0.0,0.0,0.0,IMELBO1849.csv
2023/02/10,03:54 AM,15.0,12.28,84.0,NNE,1.61,2.25,1017.95,0.0,0.0,0.0,0.0,IMELBO1849.csv
2023/02/10,03:59 AM,15.0,12.28,84.0,NNE,0.48,0.97,1018.29,0.0,0.0,0.0,0.0,IMELBO1849.csv
2023/02/10,04:04 AM,14.94,12.22,84.0,NNE,0.32,0.8,1018.29,0.0,0.0,0.0,0.0,IMELBO1849.csv
2023/02/10,04:09 AM,14.83,12.17,84.0,NNE,0.0,0.32,1017.95,0.0,0.0,0.0,0.0,IMELBO1849.csv
2023/02/10,04:14 AM,14.72,12.0,84.0,NNE,0.0,0.0,1017.95,0.0,0.0,0.0,0.0,IMELBO1849.csv
2023/02/10,04:19 AM,14.61,11.89,84.0,NNE,0.16,0.16,1017.95,0.0,0.0,0.0,0.0,IMELBO1849.csv
2023/02/10,04:24 AM,14.56,11.83,84.0,NNE,0.0,0.0,1017.95,0.0,0.0,0.0,0.0,IMELBO1849.csv
2023/02/10,04:29 AM,14.44,11.78,84.0,NNE,0.0,0.0,1017.95,0.0,0.0,0.0,0.0,IMELBO1849.csv
2023/02/10,04:34 AM,14.28,11.67,84.0,NNE,0.0,0.0,1017.95,0.0,0.0,0.0,0.0,IMELBO1849.csv
2023/02/10,04:39 AM,14.33,11.83,85.0,NNE,0.0,0.0,1017.61,0.0,0.0,0.0,0.0,IMELBO1849.csv
2023/02/10,04:44 AM,14.33,11.83,85.0,NNE,0.0,0.0,1017.61,0.0,0.0,0.0,0.0,IMELBO1849.csv
2023/02/10,04:49 AM,14.22,11.72,85.0,NNE,0.0,0.0,1017.61,0.0,0.0,0.0,0.0,IMELBO1849.csv
2023/02/10,04:54 AM,14.11,11.61,85.0,NNE,0.0,0.0,1017.95,0.0,0.0,0.0,0.0,IMELBO1849.csv
2023/02/10,04:59 AM,14.11,11.72,86.0,NNE,0.0,0.0,1017.61,0.0,0.0,0.0,0.0,IMELBO1849.csv
2023/02/10,05:04 AM,14.17,11.83,86.0,NNE,0.0,0.16,1017.95,0.0,0.0,0.0,0.0,IMELBO1849.csv
2023/02/10,05:09 AM,14.22,11.89,86.0,NNE,0.0,0.0,1017.61,0.0,0.0,0.0,0.0,IMELBO1849.csv
2023/02/10,05:14 AM,14.11,11.72,86.0,NNE,0.0,0.0,1017.95,0.0,0.0,0.0,0.0,IMELBO1849.csv
2023/02/10,05:19 AM,14.11,11.78,86.0,NNE,0.16,0.48,1017.95,0.0,0.0,0.0,0.0,IMELBO1849.csv
2023/02/10,05:24 AM,14.06,11.72,86.0,NNE,0.0,0.0,1017.95,0.0,0.0,0.0,0.0,IMELBO1849.csv
2023/02/10,05:29 AM,13.83,11.56,86.0,NNE,0.0,0.0,1018.29,0.0,0.0,0.0,0.0,IMELBO1849.csv
2023/02/10,05:34 AM,13.94,11.67,86.0,NNE,0.0,0.0,1018.29,0.0,0.0,0.0,0.0,IMELBO1849.csv
2023/02/10,05:39 AM,13.89,11.67,86.0,NNE,0.0,0.16,1018.29,0.0,0.0,0.0,0.0,IMELBO1849.csv
2023/02/10,05:44 AM,14.28,12.17,87.0,,0.48,1.45,1018.29,0.0,0.0,0.0,0.0,IMELBO1849.csv
2023/02/10,05:49 AM,14.11,12.0,87.0,NNW,0.48,0.8,1018.63,0.0,0.0,0.0,0.0,IMELBO1849.csv
2023/02/10,05:54 AM,14.33,12.33,88.0,NW,1.29,1.93,1018.63,0.0,0.0,0.0,0.0,IMELBO1849.csv
2023/02/10,05:59 AM,14.61,12.67,89.0,West,2.41,3.22,1018.63,0.0,0.0,0.0,0.0,IMELBO1849.csv
2023/02/10,06:04 AM,14.61,12.94,90.0,WSW,2.09,2.9,1018.63,0.0,0.0,0.0,0.0,IMELBO1849.csv
2023/02/10,06:09 AM,14.5,13.06,91.0,WSW,2.09,2.57,1018.96,0.0,0.0,0.0,0.0,IMELBO1849.csv
2023/02/10,06:14 AM,14.5,13.17,91.0,West,0.8,1.29,1018.96,0.0,0.0,0.0,0.0,IMELBO1849.csv
2023/02/10,06:19 AM,14.33,13.17,92.0,WNW,0.97,1.61,1018.96,0.0,0.0,0.0,0.0,IMELBO1849.csv
2023/02/10,06:24 AM,14.22,13.0,92.0,West,0.97,1.77,1019.3,0.0,0.0,0.0,0.0,IMELBO1849.csv
2023/02/10,06:29 AM,14.22,13.06,93.0,West,0.8,1.61,1019.3,0.0,0.0,0.0,0.0,IMELBO1849.csv
2023/02/10,06:34 AM,14.28,13.22,93.0,WNW,0.32,0.97,1019.3,0.0,0.0,0.0,0.0,IMELBO1849.csv
2023/02/10,06:39 AM,14.33,13.28,93.0,WNW,0.16,0.32,1019.3,0.0,0.0,0.0,0.0,IMELBO1849.csv
2023/02/10,06:44 AM,14.5,13.44,94.0,WNW,0.48,0.97,1019.3,0.0,0.0,0.0,0.4,IMELBO1849.csv
2023/02/10,06:49 AM,14.67,13.67,94.0,WNW,0.8,1.45,1019.3,0.0,0.0,0.0,1.2,IMELBO1849.csv
2023/02/10,06:54 AM,14.72,13.72,94.0,WNW,0.97,1.61,1019.64,0.0,0.0,0.0,2.1,IMELBO1849.csv
2023/02/10,06:59 AM,14.72,13.72,94.0,WNW,0.16,0.32,1019.3,0.0,0.0,0.0,3.8,IMELBO1849.csv
2023/02/10,07:04 AM,14.67,13.67,94.0,WNW,0.64,0.97,1019.3,0.0,0.0,0.0,4.8,IMELBO1849.csv
2023/02/10,07:09 AM,14.67,13.78,95.0,WNW,1.13,1.77,1019.64,0.0,0.0,0.0,7.7,IMELBO1849.csv
2023/02/10,07:14 AM,14.72,13.89,95.0,WNW,0.32,0.64,1019.64,0.0,0.0,0.0,7.3,IMELBO1849.csv
2023/02/10,07:19 AM,14.78,13.94,95.0,WNW,0.32,0.8,1019.64,0.0,0.0,0.0,9.1,IMELBO1849.csv
2023/02/10,07:24 AM,14.83,14.06,95.0,WNW,0.48,1.13,1019.64,0.0,0.0,0.0,12.1,IMELBO1849.csv
2023/02/10,07:29 AM,14.89,14.11,95.0,WNW,0.0,0.16,1019.64,0.0,0.0,0.0,15.2,IMELBO1849.csv
2023/02/10,07:34 AM,15.0,14.22,95.0,WNW,0.0,0.0,1019.64,0.0,0.0,0.0,11.6,IMELBO1849.csv
2023/02/10,07:39 AM,15.11,14.28,95.0,WNW,0.32,0.97,1019.64,0.0,0.0,0.0,13.8,IMELBO1849.csv
2023/02/10,07:44 AM,15.11,14.28,95.0,WNW,0.32,0.8,1019.64,0.0,0.0,0.0,14.7,IMELBO1849.csv
2023/02/10,07:49 AM,15.22,14.39,95.0,WNW,0.32,0.48,1019.3,0.0,0.0,0.0,15.2,IMELBO1849.csv
2023/02/10,07:54 AM,15.22,14.56,96.0,WNW,0.48,0.97,1019.64,0.0,0.0,0.0,18.1,IMELBO1849.csv
2023/02/10,07:59 AM,15.28,14.72,96.0,WNW,0.0,0.0,1019.64,0.0,0.0,0.0,39.4,IMELBO1849.csv
2023/02/10,08:04 AM,15.28,14.72,96.0,WNW,0.16,0.48,1019.98,0.0,0.0,0.0,42.0,IMELBO1849.csv
2023/02/10,08:09 AM,15.44,14.83,96.0,WNW,0.48,1.13,1019.98,0.0,0.0,0.0,43.3,IMELBO1849.csv
2023/02/10,08:14 AM,15.5,14.89,96.0,WNW,0.0,0.0,1019.64,0.0,0.0,0.0,21.2,IMELBO1849.csv
2023/02/10,08:19 AM,15.5,14.89,96.0,WNW,0.97,1.45,1019.98,0.0,0.0,0.0,20.8,IMELBO1849.csv
2023/02/10,08:24 AM,15.28,14.72,96.0,WNW,1.93,2.57,1019.64,0.0,0.0,0.0,41.1,IMELBO1849.csv
2023/02/10,08:29 AM,15.28,14.72,96.0,WNW,0.32,0.8,1019.98,0.0,0.0,0.0,59.3,IMELBO1849.csv
2023/02/10,08:34 AM,15.39,14.78,96.0,WNW,0.8,1.29,1019.64,0.0,0.0,0.0,60.2,IMELBO1849.csv
2023/02/10,08:39 AM,15.28,14.72,96.0,WNW,0.97,1.45,1019.98,0.0,0.0,0.0,84.5,IMELBO1849.csv
2023/02/10,08:44 AM,15.44,14.83,96.0,NW,0.32,0.8,1019.98,0.0,0.0,1.0,105.8,IMELBO1849.csv
2023/02/10,08:49 AM,15.61,15.0,96.0,NW,0.48,0.97,1019.64,0.0,0.0,0.0,96.7,IMELBO1849.csv
2023/02/10,08:54 AM,15.5,14.89,96.0,NW,1.29,1.77,1019.64,0.0,0.0,0.0,56.3,IMELBO1849.csv
2023/02/10,08:59 AM,15.39,14.78,96.0,NNW,1.45,2.25,1019.98,0.0,0.0,1.0,113.7,IMELBO1849.csv
2023/02/10,09:04 AM,15.39,14.78,96.0,NNW,0.48,0.64,1019.98,0.0,0.0,1.0,141.4,IMELBO1849.csv
2023/02/10,09:09 AM,15.5,14.89,96.0,NNW,0.64,1.45,1019.98,0.0,0.0,1.0,152.2,IMELBO1849.csv
2023/02/10,09:14 AM,15.5,14.89,96.0,NNW,0.97,1.13,1019.98,0.0,0.0,1.0,148.8,IMELBO1849.csv
2023/02/10,09:19 AM,15.61,15.06,96.0,NNW,0.48,1.13,1019.98,0.0,0.0,1.0,161.7,IMELBO1849.csv
2023/02/10,09:24 AM,15.78,15.17,96.0,NNW,1.29,1.93,1019.98,0.0,0.0,1.0,171.3,IMELBO1849.csv
2023/02/10,09:29 AM,15.78,15.17,96.0,NW,1.93,2.9,1019.98,0.0,0.0,1.0,152.7,IMELBO1849.csv
2023/02/10,09:34 AM,15.72,15.17,96.0,WNW,2.41,3.54,1019.98,0.0,0.0,1.0,190.8,IMELBO1849.csv
2023/02/10,09:39 AM,15.94,15.33,96.0,NW,2.09,2.74,1019.98,0.0,0.0,1.0,201.2,IMELBO1849.csv
2023/02/10,09:44 AM,16.17,15.56,96.0,NNW,1.13,1.77,1019.98,0.0,0.0,2.0,287.1,IMELBO1849.csv
2023/02/10,09:49 AM,16.5,15.83,96.0,NNW,1.61,2.41,1019.64,0.0,0.0,4.0,511.9,IMELBO1849.csv
2023/02/10,09:54 AM,16.67,15.89,95.0,West,2.09,3.38,1019.98,0.0,0.0,4.0,509.6,IMELBO1849.csv
2023/02/10,09:59 AM,16.83,16.0,95.0,WSW,1.61,2.57,1019.98,0.0,0.0,4.0,470.6,IMELBO1849.csv
2023/02/10,10:04 AM,17.22,16.06,93.0,SW,0.97,1.77,1019.98,0.0,0.0,4.0,496.2,IMELBO1849.csv
2023/02/10,10:09 AM,18.11,16.61,91.0,SSW,1.61,2.09,1019.98,0.0,0.0,4.0,509.3,IMELBO1849.csv
2023/02/10,10:14 AM,19.0,16.78,87.0,SSW,1.77,3.06,1019.98,0.0,0.0,4.0,511.9,IMELBO1849.csv
2023/02/10,10:19 AM,19.44,16.39,83.0,South,2.09,2.9,1019.64,0.0,0.0,5.0,530.1,IMELBO1849.csv
2023/02/10,10:24 AM,20.11,16.33,79.0,SSW,2.57,3.86,1019.64,0.0,0.0,5.0,534.4,IMELBO1849.csv
2023/02/10,10:29 AM,20.28,16.11,77.0,South,4.67,6.28,1019.64,0.0,0.0,5.0,523.1,IMELBO1849.csv
2023/02/10,10:34 AM,20.39,16.17,77.0,SSW,3.38,4.34,1019.64,0.0,0.0,5.0,544.8,IMELBO1849.csv
2023/02/10,10:39 AM,20.67,16.22,76.0,SW,3.7,5.47,1019.64,0.0,0.0,5.0,572.2,IMELBO1849.csv
2023/02/10,10:44 AM,21.06,16.33,75.0,SW,3.7,4.83,1019.3,0.0,0.0,5.0,584.8,IMELBO1849.csv
2023/02/10,10:49 AM,20.78,16.11,75.0,SSW,3.54,4.83,1019.3,0.0,0.0,5.0,589.0,IMELBO1849.csv
2023/02/10,10:54 AM,21.22,16.28,73.0,WSW,4.67,6.28,1019.3,0.0,0.0,5.0,582.9,IMELBO1849.csv
2023/02/10,10:59 AM,21.22,16.22,73.0,SSW,5.15,6.76,1019.3,0.0,0.0,5.0,587.3,IMELBO1849.csv
2023/02/10,11:04 AM,21.78,16.5,72.0,WSW,4.02,5.15,1019.3,0.0,0.0,5.0,605.9,IMELBO1849.csv
2023/02/10,11:09 AM,22.06,16.56,71.0,SW,3.06,4.67,1019.3,0.0,0.0,6.0,634.2,IMELBO1849.csv
2023/02/10,11:14 AM,22.5,16.72,70.0,SSW,3.22,4.51,1019.3,0.0,0.0,6.0,645.1,IMELBO1849.csv
2023/02/10,11:19 AM,23.28,17.06,68.0,SSE,3.54,5.31,1019.3,0.0,0.0,6.0,660.2,IMELBO1849.csv
2023/02/10,11:24 AM,23.06,16.83,68.0,South,2.41,3.54,1019.3,0.0,0.0,6.0,678.5,IMELBO1849.csv
2023/02/10,11:29 AM,23.39,16.94,67.0,SW,4.51,6.11,1019.3,0.0,0.0,6.0,716.2,IMELBO1849.csv
2023/02/10,11:34 AM,23.56,16.89,67.0,SSW,3.06,4.18,1019.3,0.0,0.0,7.0,815.5,IMELBO1849.csv
2023/02/10,11:39 AM,23.56,17.0,67.0,SSW,5.47,7.24,1018.96,0.0,0.0,7.0,816.0,IMELBO1849.csv
2023/02/10,11:44 AM,23.22,16.89,68.0,SW,7.08,9.65,1018.96,0.0,0.0,8.0,829.0,IMELBO1849.csv
2023/02/10,11:49 AM,24.0,17.11,65.0,SSW,7.56,10.46,1018.96,0.0,0.0,8.0,841.5,IMELBO1849.csv
2023/02/10,11:54 AM,24.39,17.33,65.0,SSW,3.54,5.15,1018.63,0.0,0.0,8.0,914.0,IMELBO1849.csv
2023/02/10,11:59 AM,24.72,17.44,64.0,SW,4.18,5.47,1018.63,0.0,0.0,7.0,806.0,IMELBO1849.csv
2023/02/10,12:04 PM,24.61,17.39,64.0,South,5.31,7.24,1018.63,0.0,0.0,8.0,871.5,IMELBO1849.csv
2023/02/10,12:09 PM,24.89,17.28,63.0,SW,5.95,8.04,1018.63,0.0,0.0,7.0,815.5,IMELBO1849.csv
2023/02/10,12:14 PM,25.78,17.67,61.0,South,3.22,4.83,1018.63,0.0,0.0,7.0,768.6,IMELBO1849.csv
2023/02/10,12:19 PM,25.89,17.78,61.0,SSW,5.63,7.72,1018.29,0.0,0.0,8.0,860.1,IMELBO1849.csv
2023/02/10,12:24 PM,25.67,17.78,62.0,SSE,4.99,7.24,1018.29,0.0,0.0,8.0,836.8,IMELBO1849.csv
2023/02/10,12:29 PM,25.17,17.67,63.0,South,3.7,5.15,1018.29,0.0,0.0,7.0,777.3,IMELBO1849.csv
2023/02/10,12:34 PM,25.06,17.67,63.0,SW,5.47,6.92,1018.29,0.0,0.0,7.0,811.6,IMELBO1849.csv
2023/02/10,12:39 PM,25.22,17.72,63.0,SSW,9.01,12.39,1018.29,0.0,0.0,7.0,746.5,IMELBO1849.csv
2023/02/10,12:44 PM,25.33,17.72,63.0,SW,5.63,8.04,1018.29,0.0,0.0,7.0,765.6,IMELBO1849.csv
2023/02/10,12:49 PM,25.78,17.72,61.0,SSW,3.54,4.99,1018.29,0.0,0.0,7.0,771.2,IMELBO1849.csv
2023/02/10,12:54 PM,26.28,18.06,61.0,South,3.7,5.47,1018.29,0.0,0.0,7.0,766.9,IMELBO1849.csv
2023/02/10,12:59 PM,26.72,18.06,59.0,SE,2.74,3.7,1017.95,0.0,0.0,7.0,765.2,IMELBO1849.csv
2023/02/10,01:04 PM,26.83,18.06,59.0,SE,4.02,6.28,1017.95,0.0,0.0,7.0,756.0,IMELBO1849.csv
2023/02/10,01:09 PM,26.72,17.94,59.0,SSW,5.63,7.4,1017.61,0.0,0.0,7.0,748.3,IMELBO1849.csv
2023/02/10,01:14 PM,26.72,17.89,58.0,South,4.99,7.24,1017.61,0.0,0.0,7.0,740.9,IMELBO1849.csv
2023/02/10,01:19 PM,27.17,17.89,57.0,South,4.02,5.47,1017.95,0.0,0.0,7.0,742.2,IMELBO1849.csv
2023/02/10,01:24 PM,27.17,18.06,57.0,South,4.67,6.11,1017.61,0.0,0.0,7.0,788.2,IMELBO1849.csv
2023/02/10,01:29 PM,27.44,18.06,56.0,SSE,3.38,4.99,1017.61,0.0,0.0,7.0,791.3,IMELBO1849.csv
2023/02/10,01:34 PM,27.72,18.17,56.0,South,5.79,7.56,1017.61,0.0,0.0,7.0,755.7,IMELBO1849.csv
2023/02/10,01:39 PM,27.06,17.78,57.0,SW,4.51,6.76,1017.61,0.0,0.0,7.0,747.0,IMELBO1849.csv
2023/02/10,01:44 PM,27.44,17.94,56.0,SSW,6.44,8.85,1017.61,0.0,0.0,7.0,766.1,IMELBO1849.csv
2023/02/10,01:49 PM,27.28,17.83,56.0,SSW,5.79,7.88,1017.61,0.0,0.0,7.0,770.3,IMELBO1849.csv
2023/02/10,01:54 PM,27.61,17.89,55.0,SSW,4.99,6.76,1017.27,0.0,0.0,7.0,797.8,IMELBO1849.csv
2023/02/10,01:59 PM,27.94,18.11,55.0,South,7.24,10.14,1017.27,0.0,0.0,7.0,776.5,IMELBO1849.csv
2023/02/10,02:04 PM,27.89,18.0,55.0,SE,5.47,8.04,1017.27,0.0,0.0,7.0,761.7,IMELBO1849.csv
2023/02/10,02:09 PM,27.94,18.0,55.0,South,6.28,8.53,1016.93,0.0,0.0,7.0,783.8,IMELBO1849.csv
2023/02/10,02:14 PM,28.06,18.17,55.0,SE,6.28,8.37,1016.93,0.0,0.0,7.0,823.3,IMELBO1849.csv
2023/02/10,02:19 PM,27.83,18.0,55.0,South,6.44,9.01,1016.93,0.0,0.0,8.0,908.3,IMELBO1849.csv
2023/02/10,02:24 PM,27.39,17.72,56.0,South,6.11,8.53,1016.93,0.0,0.0,8.0,916.5,IMELBO1849.csv
2023/02/10,02:29 PM,27.06,17.56,56.0,South,5.79,8.21,1016.93,0.0,0.0,8.0,904.4,IMELBO1849.csv
2023/02/10,02:34 PM,27.56,17.56,54.0,SSE,6.6,8.85,1016.93,0.0,0.0,8.0,827.6,IMELBO1849.csv
2023/02/10,02:39 PM,27.17,17.17,54.0,SSW,6.76,9.65,1016.93,0.0,0.0,8.0,842.4,IMELBO1849.csv
2023/02/10,02:44 PM,27.22,17.06,54.0,SSW,9.65,12.87,1016.93,0.0,0.0,7.0,785.2,IMELBO1849.csv
2023/02/10,02:49 PM,27.89,17.17,52.0,South,6.6,9.17,1016.59,0.0,0.0,8.0,826.4,IMELBO1849.csv
2023/02/10,02:54 PM,27.22,16.83,53.0,SSW,8.04,10.62,1016.59,0.0,0.0,8.0,890.6,IMELBO1849.csv
2023/02/10,02:59 PM,26.67,16.78,55.0,SSW,8.04,10.46,1016.59,0.0,0.0,8.0,891.5,IMELBO1849.csv
2023/02/10,03:04 PM,26.72,16.44,53.0,South,6.6,9.81,1016.59,0.0,0.0,7.0,796.4,IMELBO1849.csv
2023/02/10,03:09 PM,27.06,16.44,52.0,SSW,8.37,11.58,1016.59,0.0,0.0,7.0,754.8,IMELBO1849.csv
2023/02/10,03:14 PM,27.0,16.44,53.0,SSW,9.01,13.19,1016.59,0.0,0.0,7.0,734.9,IMELBO1849.csv
2023/02/10,03:19 PM,26.72,15.94,52.0,SSW,8.21,11.91,1016.59,0.0,0.0,6.0,703.2,IMELBO1849.csv
2023/02/10,03:24 PM,27.44,16.11,50.0,SSE,5.95,8.85,1016.59,0.0,0.0,6.0,685.0,IMELBO1849.csv
2023/02/10,03:29 PM,27.39,16.17,50.0,SSE,6.44,8.85,1016.26,0.0,0.0,7.0,768.6,IMELBO1849.csv
2023/02/10,03:34 PM,27.33,16.78,53.0,West,5.47,8.37,1016.26,0.0,0.0,7.0,792.1,IMELBO1849.csv
2023/02/10,03:39 PM,27.0,16.39,52.0,SW,8.85,11.58,1016.26,0.0,0.0,7.0,741.7,IMELBO1849.csv
2023/02/10,03:44 PM,27.0,16.78,54.0,SSE,6.11,9.65,1016.26,0.0,0.0,7.0,759.1,IMELBO1849.csv
2023/02/10,03:49 PM,27.5,16.61,52.0,SW,6.44,9.81,1016.26,0.0,0.0,7.0,781.7,IMELBO1849.csv
2023/02/10,03:54 PM,26.5,16.5,54.0,SSW,11.26,15.29,1016.26,0.0,0.0,7.0,790.8,IMELBO1849.csv
2023/02/10,03:59 PM,26.33,16.0,53.0,South,7.72,11.58,1016.26,0.0,0.0,7.0,797.8,IMELBO1849.csv
2023/02/10,04:04 PM,26.67,16.17,53.0,SSW,7.88,10.94,1016.26,0.0,0.0,7.0,802.5,IMELBO1849.csv
2023/02/10,04:09 PM,26.72,16.11,52.0,South,6.76,8.85,1015.92,0.0,0.0,7.0,821.1,IMELBO1849.csv
2023/02/10,04:14 PM,26.44,15.72,51.0,SSW,9.01,11.75,1015.92,0.0,0.0,7.0,782.1,IMELBO1849.csv
2023/02/10,04:19 PM,26.06,15.56,52.0,SW,10.46,14.32,1015.92,0.0,0.0,7.0,806.8,IMELBO1849.csv
2023/02/10,04:24 PM,26.22,15.5,52.0,SSW,8.85,12.55,1015.92,0.0,0.0,8.0,832.0,IMELBO1849.csv
2023/02/10,04:29 PM,26.28,15.5,51.0,SSW,8.21,10.94,1015.92,0.0,0.0,7.0,798.6,IMELBO1849.csv
2023/02/10,04:34 PM,26.33,15.89,52.0,SSW,9.49,12.23,1015.92,0.0,0.0,7.0,769.5,IMELBO1849.csv
2023/02/10,04:39 PM,26.44,15.89,52.0,South,8.37,11.26,1015.58,0.0,0.0,6.0,717.5,IMELBO1849.csv
2023/02/10,04:44 PM,26.61,16.06,52.0,South,8.37,13.03,1015.58,0.0,0.0,6.0,700.1,IMELBO1849.csv
2023/02/10,04:49 PM,26.67,15.83,51.0,SW,9.17,12.71,1015.58,0.0,0.0,6.0,702.3,IMELBO1849.csv
2023/02/10,04:54 PM,26.39,14.67,48.0,South,7.88,11.1,1015.92,0.0,0.0,6.0,695.7,IMELBO1849.csv
2023/02/10,04:59 PM,26.56,13.89,46.0,SSE,6.6,9.49,1015.58,0.0,0.0,6.0,672.8,IMELBO1849.csv
2023/02/10,05:04 PM,27.06,13.06,42.0,South,5.63,7.72,1015.58,0.0,0.0,6.0,638.5,IMELBO1849.csv
2023/02/10,05:09 PM,26.94,11.83,39.0,SSW,11.58,14.8,1015.58,0.0,0.0,6.0,635.0,IMELBO1849.csv
2023/02/10,05:14 PM,26.61,11.0,38.0,SSW,8.53,11.58,1015.92,0.0,0.0,5.0,611.7,IMELBO1849.csv
2023/02/10,05:19 PM,26.94,11.22,37.0,SSW,8.37,12.39,1015.58,0.0,0.0,5.0,592.1,IMELBO1849.csv
2023/02/10,05:24 PM,26.94,11.06,37.0,South,6.44,9.49,1015.92,0.0,0.0,5.0,578.2,IMELBO1849.csv
2023/02/10,05:29 PM,27.22,11.06,36.0,SSE,6.6,9.49,1015.58,0.0,0.0,5.0,527.0,IMELBO1849.csv
2023/02/10,05:34 PM,27.17,10.83,36.0,SE,10.46,14.16,1015.58,0.0,0.0,4.0,495.3,IMELBO1849.csv
2023/02/10,05:39 PM,27.06,9.33,33.0,South,11.1,15.77,1015.58,0.0,0.0,4.0,456.8,IMELBO1849.csv
2023/02/10,05:44 PM,27.11,9.72,34.0,SSE,6.92,9.81,1015.58,0.0,0.0,4.0,435.9,IMELBO1849.csv
2023/02/10,05:49 PM,27.0,9.61,34.0,SE,6.11,9.17,1015.58,0.0,0.0,3.0,401.3,IMELBO1849.csv
2023/02/10,05:54 PM,27.17,10.56,35.0,SSE,6.28,9.49,1015.58,0.0,0.0,3.0,353.1,IMELBO1849.csv
2023/02/10,05:59 PM,26.94,12.17,40.0,South,7.72,10.3,1015.24,0.0,0.0,3.0,349.6,IMELBO1849.csv
2023/02/10,06:04 PM,26.72,12.56,42.0,South,10.94,15.45,1015.24,0.0,0.0,3.0,351.7,IMELBO1849.csv
2023/02/10,06:09 PM,26.72,13.0,43.0,SSE,9.17,14.64,1015.58,0.0,0.0,3.0,330.1,IMELBO1849.csv
2023/02/10,06:14 PM,26.5,13.33,44.0,SE,11.26,15.29,1015.24,0.0,0.0,3.0,308.4,IMELBO1849.csv
2023/02/10,06:19 PM,26.0,13.67,47.0,SSW,16.89,23.81,1015.24,0.0,0.0,2.0,291.9,IMELBO1849.csv
2023/02/10,06:24 PM,25.39,13.5,48.0,SSW,16.73,22.04,1015.24,0.0,0.0,2.0,261.9,IMELBO1849.csv
2023/02/10,06:29 PM,25.28,13.17,47.0,SSW,11.42,16.41,1014.9,0.0,0.0,2.0,243.3,IMELBO1849.csv
2023/02/10,06:34 PM,25.17,13.39,48.0,SSW,10.78,14.16,1014.9,0.0,0.0,2.0,233.3,IMELBO1849.csv
2023/02/10,06:39 PM,24.94,13.72,49.0,South,8.37,12.23,1014.9,0.0,0.0,2.0,226.8,IMELBO1849.csv
2023/02/10,06:44 PM,24.89,14.39,52.0,SSW,7.72,10.46,1014.9,0.0,0.0,1.0,199.9,IMELBO1849.csv
2023/02/10,06:49 PM,24.83,14.89,54.0,SSW,6.11,8.69,1014.9,0.0,0.0,1.0,156.1,IMELBO1849.csv
2023/02/10,06:54 PM,24.78,15.56,57.0,SSE,5.79,8.53,1014.9,0.0,0.0,1.0,158.3,IMELBO1849.csv
2023/02/10,06:59 PM,25.0,16.17,58.0,South,4.18,6.6,1015.24,0.0,0.0,1.0,150.5,IMELBO1849.csv
2023/02/10,07:04 PM,24.83,16.61,60.0,SSW,6.92,9.65,1014.9,0.0,0.0,1.0,135.3,IMELBO1849.csv
2023/02/10,07:09 PM,24.61,16.61,61.0,South,6.92,9.98,1014.9,0.0,0.0,1.0,123.6,IMELBO1849.csv
2023/02/10,07:14 PM,24.67,16.72,61.0,SSW,7.4,9.81,1014.9,0.0,0.0,1.0,105.8,IMELBO1849.csv
2023/02/10,07:19 PM,24.11,16.61,63.0,SW,8.04,10.46,1014.9,0.0,0.0,0.0,66.8,IMELBO1849.csv
2023/02/10,07:24 PM,24.06,16.61,63.0,SSW,8.04,10.78,1015.24,0.0,0.0,0.0,47.7,IMELBO1849.csv
2023/02/10,07:29 PM,24.11,16.61,63.0,SW,6.44,8.53,1015.24,0.0,0.0,0.0,44.7,IMELBO1849.csv
2023/02/10,07:34 PM,23.83,16.61,64.0,SW,6.28,8.53,1015.24,0.0,0.0,0.0,41.1,IMELBO1849.csv
2023/02/10,07:39 PM,23.83,16.5,64.0,SSW,7.24,9.01,1015.24,0.0,0.0,0.0,38.2,IMELBO1849.csv
2023/02/10,07:44 PM,23.67,16.39,64.0,SW,9.49,12.23,1015.24,0.0,0.0,0.0,35.5,IMELBO1849.csv
2023/02/10,07:49 PM,23.5,16.28,64.0,SSW,4.67,6.44,1015.24,0.0,0.0,0.0,31.2,IMELBO1849.csv
2023/02/10,07:54 PM,23.5,16.28,64.0,South,4.34,6.11,1015.24,0.0,0.0,0.0,27.3,IMELBO1849.csv
2023/02/10,07:59 PM,23.5,16.28,64.0,SW,5.31,6.76,1015.24,0.0,0.0,0.0,24.7,IMELBO1849.csv
2023/02/10,08:04 PM,23.28,16.44,65.0,SW,5.95,7.72,1014.9,0.0,0.0,0.0,19.9,IMELBO1849.csv
2023/02/10,08:09 PM,23.06,16.33,66.0,SW,5.63,7.56,1015.24,0.0,0.0,0.0,15.5,IMELBO1849.csv
2023/02/10,08:14 PM,22.89,16.22,66.0,SW,5.31,6.6,1015.24,0.0,0.0,0.0,12.1,IMELBO1849.csv
2023/02/10,08:19 PM,22.94,16.11,65.0,SSW,5.15,6.76,1015.24,0.0,0.0,0.0,8.2,IMELBO1849.csv
2023/02/10,08:24 PM,22.83,16.17,66.0,SW,4.99,6.44,1015.24,0.0,0.0,0.0,5.1,IMELBO1849.csv
2023/02/10,08:29 PM,22.67,15.94,66.0,SSW,5.95,8.21,1015.24,0.0,0.0,0.0,2.6,IMELBO1849.csv
2023/02/10,08:34 PM,22.5,15.78,66.0,SW,5.47,7.24,1015.58,0.0,0.0,0.0,0.9,IMELBO1849.csv
2023/02/10,08:39 PM,22.33,15.89,67.0,SSW,5.63,7.24,1015.58,0.0,0.0,0.0,0.0,IMELBO1849.csv
2023/02/10,08:44 PM,22.28,15.89,67.0,SW,6.28,8.21,1015.24,0.0,0.0,0.0,0.0,IMELBO1849.csv
2023/02/10,08:49 PM,22.17,15.78,67.0,SW,7.72,9.98,1015.58,0.0,0.0,0.0,0.0,IMELBO1849.csv
2023/02/10,08:54 PM,22.0,15.61,67.0,SW,6.11,7.88,1015.58,0.0,0.0,0.0,0.0,IMELBO1849.csv
2023/02/10,08:59 PM,21.89,15.5,67.0,SW,5.79,7.4,1015.24,0.0,0.0,0.0,0.0,IMELBO1849.csv
2023/02/10,09:04 PM,21.78,15.56,68.0,SW,4.51,5.95,1015.58,0.0,0.0,0.0,0.0,IMELBO1849.csv
2023/02/10,09:09 PM,21.67,15.67,69.0,SW,4.34,5.63,1015.24,0.0,0.0,0.0,0.0,IMELBO1849.csv
2023/02/10,09:14 PM,21.56,15.67,69.0,SW,5.47,7.4,1015.58,0.0,0.0,0.0,0.0,IMELBO1849.csv
2023/02/10,09:19 PM,21.5,15.61,69.0,SW,3.06,4.02,1015.58,0.0,0.0,0.0,0.0,IMELBO1849.csv
2023/02/10,09:24 PM,21.39,15.28,68.0,SSW,5.63,6.76,1015.58,0.0,0.0,0.0,0.0,IMELBO1849.csv
2023/02/10,09:29 PM,21.39,14.94,67.0,SW,5.63,6.6,1015.58,0.0,0.0,0.0,0.0,IMELBO1849.csv
2023/02/10,09:34 PM,21.28,14.56,66.0,SW,6.6,8.53,1015.58,0.0,0.0,0.0,0.0,IMELBO1849.csv
2023/02/10,09:39 PM,21.22,14.39,65.0,SW,6.11,7.88,1015.58,0.0,0.0,0.0,0.0,IMELBO1849.csv
2023/02/10,09:44 PM,21.22,14.33,65.0,SSW,4.99,6.11,1015.58,0.0,0.0,0.0,0.0,IMELBO1849.csv
2023/02/10,09:49 PM,20.94,14.28,66.0,SW,5.79,7.08,1015.58,0.0,0.0,0.0,0.0,IMELBO1849.csv
2023/02/10,09:54 PM,20.83,14.56,67.0,SSW,3.54,4.51,1015.58,0.0,0.0,0.0,0.0,IMELBO1849.csv
2023/02/10,09:59 PM,20.78,15.0,70.0,WSW,3.38,4.67,1015.58,0.0,0.0,0.0,0.0,IMELBO1849.csv
2023/02/10,10:04 PM,20.61,15.28,71.0,SW,4.34,5.79,1015.58,0.0,0.0,0.0,0.0,IMELBO1849.csv
2023/02/10,10:09 PM,20.5,15.44,73.0,SW,3.38,4.51,1015.58,0.0,0.0,0.0,0.0,IMELBO1849.csv
2023/02/10,10:14 PM,20.39,15.67,74.0,WSW,2.9,3.86,1015.58,0.0,0.0,0.0,0.0,IMELBO1849.csv
2023/02/10,10:19 PM,20.28,15.78,76.0,SW,4.02,4.83,1015.58,0.0,0.0,0.0,0.0,IMELBO1849.csv
2023/02/10,10:24 PM,20.06,15.89,77.0,SW,4.02,4.99,1015.58,0.0,0.0,0.0,0.0,IMELBO1849.csv
2023/02/10,10:29 PM,19.94,16.06,78.0,SW,2.74,3.22,1015.58,0.0,0.0,0.0,0.0,IMELBO1849.csv
2023/02/10,10:34 PM,19.89,16.17,79.0,WSW,2.57,3.7,1015.58,0.0,0.0,0.0,0.0,IMELBO1849.csv
2023/02/10,10:39 PM,19.78,16.17,79.0,WSW,2.9,3.86,1015.58,0.0,0.0,0.0,0.0,IMELBO1849.csv
2023/02/10,10:44 PM,19.78,16.28,80.0,WSW,1.77,2.74,1015.58,0.0,0.0,0.0,0.0,IMELBO1849.csv
2023/02/10,10:49 PM,19.56,16.17,81.0,WSW,1.13,1.93,1015.58,0.0,0.0,0.0,0.0,IMELBO1849.csv
2023/02/10,10:54 PM,19.22,16.17,83.0,West,1.45,2.57,1015.58,0.0,0.0,0.0,0.0,IMELBO1849.csv
2023/02/10,10:59 PM,19.0,16.17,84.0,West,0.97,2.09,1015.58,0.0,0.0,0.0,0.0,IMELBO1849.csv
2023/02/10,11:04 PM,18.78,16.0,84.0,West,1.45,2.57,1015.58,0.0,0.0,0.0,0.0,IMELBO1849.csv
2023/02/10,11:09 PM,18.61,16.0,85.0,West,1.61,2.74,1015.58,0.0,0.0,0.0,0.0,IMELBO1849.csv
2023/02/10,11:14 PM,18.5,16.0,86.0,WNW,2.41,3.86,1015.58,0.0,0.0,0.0,0.0,IMELBO1849.csv
2023/02/10,11:19 PM,18.5,16.11,86.0,West,2.41,3.54,1015.58,0.0,0.0,0.0,0.0,IMELBO1849.csv
2023/02/10,11:24 PM,18.44,16.06,86.0,WNW,3.22,4.67,1015.58,0.0,0.0,0.0,0.0,IMELBO1849.csv
2023/02/10,11:29 PM,18.33,15.94,86.0,WNW,2.57,3.7,1015.58,0.0,0.0,0.0,0.0,IMELBO1849.csv
2023/02/10,11:34 PM,18.28,15.94,86.0,WNW,2.74,4.34,1015.58,0.0,0.0,0.0,0.0,IMELBO1849.csv
2023/02/10,11:39 PM,18.22,16.0,87.0,West,1.77,3.06,1015.24,0.0,0.0,0.0,0.0,IMELBO1849.csv
2023/02/10,11:44 PM,18.17,15.94,87.0,WNW,2.9,4.34,1015.24,0.0,0.0,0.0,0.0,IMELBO1849.csv
2023/02/10,11:49 PM,18.0,15.78,87.0,WNW,3.38,5.63,1015.24,0.0,0.0,0.0,0.0,IMELBO1849.csv
2023/02/10,11:54 PM,17.94,15.72,87.0,WNW,2.41,4.02,1015.24,0.0,0.0,0.0,0.0,IMELBO1849.csv
2023/02/10,11:59 PM,18.0,15.78,87.0,WNW,5.47,7.24,1015.24,0.0,0.0,0.0,0.0,IMELBO1849.csv
2023/02/11,12:04 AM,17.89,15.78,88.0,WNW,6.44,9.01,1015.24,0.0,0.0,0.0,0.0,IMELBO1849.csv
2023/02/11,12:09 AM,17.78,15.72,88.0,WNW,4.18,6.11,1015.24,0.0,0.0,0.0,0.0,IMELBO1849.csv
2023/02/11,12:14 AM,17.78,15.72,88.0,WNW,2.74,4.34,1015.24,0.0,0.0,0.0,0.0,IMELBO1849.csv
2023/02/11,12:19 AM,17.78,15.72,88.0,WNW,2.57,3.86,1015.24,0.0,0.0,0.0,0.0,IMELBO1849.csv
2023/02/11,12:24 AM,17.72,15.72,89.0,WNW,6.11,8.04,1015.24,0.0,0.0,0.0,0.0,IMELBO1849.csv
2023/02/11,12:29 AM,17.72,15.78,89.0,WNW,5.47,7.72,1014.9,0.0,0.0,0.0,0.0,IMELBO1849.csv
2023/02/11,12:34 AM,17.61,15.72,89.0,WNW,4.67,6.76,1014.9,0.0,0.0,0.0,0.0,IMELBO1849.csv
2023/02/11,12:39 AM,17.61,15.72,89.0,WNW,1.93,3.38,1014.9,0.0,0.0,0.0,0.0,IMELBO1849.csv
2023/02/11,12:44 AM,17.56,15.78,90.0,WNW,1.45,2.09,1014.56,0.0,0.0,0.0,0.0,IMELBO1849.csv
2023/02/11,12:49 AM,17.5,15.78,90.0,WNW,3.06,3.86,1014.9,0.0,0.0,0.0,0.0,IMELBO1849.csv
2023/02/11,12:54 AM,17.5,15.78,90.0,WNW,3.54,4.83,1014.9,0.0,0.0,0.0,0.0,IMELBO1849.csv
2023/02/11,12:59 AM,17.39,15.72,90.0,WNW,2.9,3.86,1014.56,0.0,0.0,0.0,0.0,IMELBO1849.csv
2023/02/11,01:04 AM,17.39,15.72,90.0,WNW,3.7,5.15,1014.56,0.0,0.0,0.0,0.0,IMELBO1849.csv
2023/02/11,01:09 AM,17.39,15.72,90.0,WNW,2.25,3.22,1014.22,0.0,0.0,0.0,0.0,IMELBO1849.csv
2023/02/11,01:14 AM,17.33,15.83,90.0,WNW,1.61,2.41,1014.22,0.0,0.0,0.0,0.0,IMELBO1849.csv
2023/02/11,01:19 AM,17.28,15.89,91.0,WNW,2.57,3.38,1014.22,0.0,0.0,0.0,0.0,IMELBO1849.csv
2023/02/11,01:24 AM,17.28,15.89,91.0,WNW,1.61,2.74,1014.22,0.0,0.0,0.0,0.0,IMELBO1849.csv
2023/02/11,01:29 AM,17.28,15.89,91.0,WNW,1.61,2.41,1013.88,0.0,0.0,0.0,0.0,IMELBO1849.csv
2023/02/11,01:34 AM,17.22,15.78,91.0,WNW,1.93,2.74,1013.88,0.0,0.0,0.0,0.0,IMELBO1849.csv
2023/02/11,01:39 AM,17.22,15.78,91.0,WNW,1.61,2.25,1013.55,0.0,0.0,0.0,0.0,IMELBO1849.csv
2023/02/11,01:44 AM,17.11,15.72,91.0,WNW,1.61,2.41,1013.88,0.0,0.0,0.0,0.0,IMELBO1849.csv
2023/02/11,01:49 AM,17.06,15.67,91.0,WNW,3.86,5.79,1013.88,0.0,0.0,0.0,0.0,IMELBO1849.csv
2023/02/11,01:54 AM,17.0,15.61,91.0,WNW,2.9,4.18,1013.88,0.0,0.0,0.0,0.0,IMELBO1849.csv
2023/02/11,01:59 AM,16.89,15.5,91.0,WNW,4.02,6.28,1013.55,0.0,0.0,0.0,0.0,IMELBO1849.csv
2023/02/11,02:04 AM,16.89,15.5,91.0,WNW,3.22,4.83,1013.88,0.0,0.0,0.0,0.0,IMELBO1849.csv
2023/02/11,02:09 AM,16.83,15.44,91.0,WNW,1.93,3.38,1013.55,0.0,0.0,0.0,0.0,IMELBO1849.csv
2023/02/11,02:14 AM,16.78,15.39,91.0,WNW,3.54,5.31,1013.55,0.0,0.0,0.0,0.0,IMELBO1849.csv
2023/02/11,02:19 AM,16.78,15.39,91.0,WNW,5.95,8.04,1013.55,0.0,0.0,0.0,0.0,IMELBO1849.csv
2023/02/11,02:24 AM,16.72,15.33,91.0,WNW,4.51,6.28,1013.55,0.0,0.0,0.0,0.0,IMELBO1849.csv
2023/02/11,02:29 AM,16.72,15.28,91.0,WNW,4.99,7.72,1013.55,0.0,0.0,0.0,0.0,IMELBO1849.csv
2023/02/11,02:34 AM,16.72,15.28,91.0,WNW,4.34,6.44,1013.21,0.0,0.0,0.0,0.0,IMELBO1849.csv
2023/02/11,02:39 AM,16.67,15.28,91.0,WNW,3.54,5.47,1013.21,0.0,0.0,0.0,0.0,IMELBO1849.csv
2023/02/11,02:44 AM,16.61,15.22,92.0,WNW,3.06,4.18,1013.21,0.0,0.0,0.0,0.0,IMELBO1849.csv
2023/02/11,02:49 AM,16.61,15.28,92.0,WNW,2.9,3.86,1013.21,0.0,0.0,0.0,0.0,IMELBO1849.csv
2023/02/11,02:54 AM,16.61,15.28,92.0,WNW,2.74,3.54,1013.21,0.0,0.0,0.0,0.0,IMELBO1849.csv
2023/02/11,02:59 AM,16.56,15.22,92.0,WNW,3.86,4.99,1012.87,0.0,0.0,0.0,0.0,IMELBO1849.csv
2023/02/11,03:04 AM,16.5,15.22,92.0,WNW,3.38,4.51,1012.87,0.0,0.0,0.0,0.0,IMELBO1849.csv
2023/02/11,03:09 AM,16.5,15.22,92.0,WNW,2.41,3.54,1012.87,0.0,0.0,0.0,0.0,IMELBO1849.csv
2023/02/11,03:14 AM,16.44,15.17,92.0,WNW,2.74,3.54,1012.87,0.0,0.0,0.0,0.0,IMELBO1849.csv
2023/02/11,03:19 AM,16.39,15.11,92.0,WNW,1.93,2.57,1012.87,0.0,0.0,0.0,0.0,IMELBO1849.csv
2023/02/11,03:24 AM,16.28,15.0,92.0,WNW,1.61,2.41,1012.87,0.0,0.0,0.0,0.0,IMELBO1849.csv
2023/02/11,03:29 AM,16.22,15.0,93.0,WNW,2.41,3.7,1012.53,0.0,0.0,0.0,0.0,IMELBO1849.csv
2023/02/11,03:34 AM,16.17,14.94,93.0,WNW,2.09,3.06,1012.53,0.0,0.0,0.0,0.0,IMELBO1849.csv
2023/02/11,03:39 AM,16.11,14.78,92.0,WNW,2.74,3.86,1012.53,0.0,0.0,0.0,0.0,IMELBO1849.csv
2023/02/11,03:44 AM,16.0,14.72,92.0,WNW,2.41,3.54,1012.53,0.0,0.0,0.0,0.0,IMELBO1849.csv
2023/02/11,03:49 AM,15.89,14.61,92.0,WNW,4.51,5.79,1012.53,0.0,0.0,0.0,0.0,IMELBO1849.csv
2023/02/11,03:54 AM,15.94,14.61,92.0,WNW,4.51,6.11,1012.53,0.0,0.0,0.0,0.0,IMELBO1849.csv
2023/02/11,03:59 AM,16.0,14.72,92.0,WNW,3.86,5.79,1012.53,0.0,0.0,0.0,0.0,IMELBO1849.csv
2023/02/11,04:04 AM,16.0,14.72,92.0,WNW,5.15,6.92,1012.53,0.0,0.0,0.0,0.0,IMELBO1849.csv
2023/02/11,04:09 AM,16.0,14.72,92.0,WNW,4.18,5.63,1012.19,0.0,0.0,0.0,0.0,IMELBO1849.csv
2023/02/11,04:14 AM,16.0,14.67,92.0,WNW,2.41,3.22,1012.19,0.0,0.0,0.0,0.0,IMELBO1849.csv
2023/02/11,04:19 AM,16.0,14.67,92.0,WNW,3.86,5.15,1012.19,0.0,0.0,0.0,0.0,IMELBO1849.csv
2023/02/11,04:24 AM,16.0,14.61,91.0,WNW,3.06,4.34,1012.19,0.0,0.0,0.0,0.0,IMELBO1849.csv
2023/02/11,04:29 AM,15.89,14.5,91.0,WNW,2.41,3.54,1012.19,0.0,0.0,0.0,0.0,IMELBO1849.csv
2023/02/11,04:34 AM,15.89,14.5,91.0,WNW,2.9,4.02,1012.19,0.0,0.0,0.0,0.0,IMELBO1849.csv
2023/02/11,04:39 AM,15.89,14.5,91.0,WNW,3.06,4.34,1012.19,0.0,0.0,0.0,0.0,IMELBO1849.csv
2023/02/11,04:44 AM,15.83,14.44,91.0,WNW,2.9,4.18,1012.19,0.0,0.0,0.0,0.0,IMELBO1849.csv
2023/02/11,04:49 AM,15.78,14.39,91.0,WNW,3.06,4.02,1012.19,0.0,0.0,0.0,0.0,IMELBO1849.csv
2023/02/11,04:54 AM,15.78,14.39,91.0,WNW,1.61,2.57,1012.19,0.0,0.0,0.0,0.0,IMELBO1849.csv
2023/02/11,04:59 AM,15.72,14.28,91.0,WNW,3.06,4.67,1012.19,0.0,0.0,0.0,0.0,IMELBO1849.csv
2023/02/11,05:04 AM,15.72,14.28,91.0,WNW,3.54,4.83,1012.19,0.0,0.0,0.0,0.0,IMELBO1849.csv
2023/02/11,05:09 AM,15.61,14.22,91.0,WNW,3.06,4.02,1012.19,0.0,0.0,0.0,0.0,IMELBO1849.csv
2023/02/11,05:14 AM,15.61,14.22,91.0,WNW,2.74,4.02,1012.19,0.0,0.0,0.0,0.0,IMELBO1849.csv
2023/02/11,05:19 AM,15.5,14.11,91.0,WNW,1.93,2.9,1012.19,0.0,0.0,0.0,0.0,IMELBO1849.csv
2023/02/11,05:24 AM,15.5,14.11,91.0,WNW,2.25,3.22,1012.19,0.0,0.0,0.0,0.0,IMELBO1849.csv
2023/02/11,05:29 AM,15.39,14.0,91.0,WNW,2.74,3.86,1012.19,0.0,0.0,0.0,0.0,IMELBO1849.csv
2023/02/11,05:34 AM,15.28,13.83,91.0,WNW,1.45,2.25,1012.19,0.0,0.0,0.0,0.0,IMELBO1849.csv
2023/02/11,05:39 AM,15.17,13.72,91.0,WNW,0.97,1.29,1012.19,0.0,0.0,0.0,0.0,IMELBO1849.csv
2023/02/11,05:44 AM,15.0,13.61,91.0,WNW,0.8,1.61,1012.19,0.0,0.0,0.0,0.0,IMELBO1849.csv
2023/02/11,05:49 AM,15.0,13.61,91.0,WNW,1.13,1.77,1012.19,0.0,0.0,0.0,0.0,IMELBO1849.csv
2023/02/11,05:54 AM,14.89,13.5,91.0,WNW,0.0,0.0,1012.19,0.0,0.0,0.0,0.0,IMELBO1849.csv
2023/02/11,05:59 AM,14.78,13.39,91.0,WNW,0.32,0.8,1012.19,0.0,0.0,0.0,0.0,IMELBO1849.csv
2023/02/11,06:04 AM,14.78,13.56,92.0,WNW,1.93,2.74,1011.85,0.0,0.0,0.0,0.0,IMELBO1849.csv
2023/02/11,06:09 AM,14.72,13.5,92.0,WNW,0.48,1.13,1012.19,0.0,0.0,0.0,0.0,IMELBO1849.csv
2023/02/11,06:14 AM,14.61,13.39,92.0,WNW,0.48,0.8,1012.19,0.0,0.0,0.0,0.0,IMELBO1849.csv
2023/02/11,06:19 AM,14.56,13.33,92.0,WNW,0.32,0.8,1012.19,0.0,0.0,0.0,0.0,IMELBO1849.csv
2023/02/11,06:24 AM,14.44,13.28,92.0,WNW,0.0,0.16,1012.19,0.0,0.0,0.0,0.0,IMELBO1849.csv
2023/02/11,06:29 AM,14.39,13.22,92.0,WNW,0.16,0.64,1012.19,0.0,0.0,0.0,0.0,IMELBO1849.csv
2023/02/11,06:34 AM,14.44,13.33,93.0,WNW,0.97,1.61,1012.19,0.0,0.0,0.0,0.0,IMELBO1849.csv
2023/02/11,06:39 AM,14.39,13.28,93.0,NNW,0.8,0.97,1012.19,0.0,0.0,0.0,0.4,IMELBO1849.csv
2023/02/11,06:44 AM,14.28,13.17,93.0,NNW,0.16,0.32,1012.19,0.0,0.0,0.0,1.2,IMELBO1849.csv
2023/02/11,06:49 AM,14.28,13.17,93.0,NNW,0.8,1.45,1012.19,0.0,0.0,0.0,3.4,IMELBO1849.csv
2023/02/11,06:54 AM,14.33,13.22,93.0,NNW,0.32,0.48,1012.19,0.0,0.0,0.0,5.6,IMELBO1849.csv
2023/02/11,06:59 AM,14.28,13.17,93.0,NW,1.45,1.93,1012.19,0.0,0.0,0.0,8.2,IMELBO1849.csv
2023/02/11,07:04 AM,14.22,13.11,93.0,,2.09,2.9,1012.19,0.0,0.0,0.0,11.6,IMELBO1849.csv
2023/02/11,07:09 AM,14.22,13.11,93.0,North,0.48,0.8,1012.53,0.0,0.0,0.0,16.9,IMELBO1849.csv
2023/02/11,07:14 AM,14.28,13.22,93.0,NW,2.25,3.06,1012.53,0.0,0.0,0.0,22.0,IMELBO1849.csv
2023/02/11,07:19 AM,14.56,13.5,93.0,NW,2.41,3.7,1012.53,0.0,0.0,0.0,25.9,IMELBO1849.csv
2023/02/11,07:24 AM,14.72,13.72,94.0,NNW,1.45,2.25,1012.53,0.0,0.0,0.0,26.4,IMELBO1849.csv
2023/02/11,07:29 AM,14.83,13.83,94.0,WNW,2.25,3.06,1012.53,0.0,0.0,0.0,26.8,IMELBO1849.csv
2023/02/11,07:34 AM,14.89,13.89,94.0,NW,2.57,3.54,1012.87,0.0,0.0,0.0,32.4,IMELBO1849.csv
2023/02/11,07:39 AM,15.0,14.0,94.0,NW,1.61,2.57,1012.87,0.0,0.0,0.0,33.8,IMELBO1849.csv
2023/02/11,07:44 AM,15.11,14.11,94.0,NW,1.29,2.09,1012.87,0.0,0.0,0.0,47.2,IMELBO1849.csv
2023/02/11,07:49 AM,15.17,14.33,95.0,NW,1.61,1.93,1012.53,0.0,0.0,0.0,56.8,IMELBO1849.csv
2023/02/11,07:54 AM,15.39,14.61,95.0,NW,0.8,1.29,1012.53,0.0,0.0,0.0,60.7,IMELBO1849.csv
2023/02/11,07:59 AM,15.5,14.72,95.0,NW,1.93,2.9,1012.87,0.0,0.0,0.0,70.2,IMELBO1849.csv
2023/02/11,08:04 AM,15.44,14.67,95.0,NW,2.09,3.22,1012.87,0.0,0.0,0.0,71.6,IMELBO1849.csv
2023/02/11,08:09 AM,15.44,14.67,95.0,NW,2.09,2.74,1012.87,0.0,0.0,0.0,91.5,IMELBO1849.csv
2023/02/11,08:14 AM,15.56,14.78,95.0,NW,2.09,2.74,1012.87,0.0,0.0,0.0,96.3,IMELBO1849.csv
2023/02/11,08:19 AM,15.61,14.78,95.0,WNW,2.74,3.54,1013.21,0.0,0.0,1.0,108.4,IMELBO1849.csv
2023/02/11,08:24 AM,15.72,14.89,95.0,WNW,1.45,1.93,1013.21,0.0,0.0,1.0,102.8,IMELBO1849.csv
2023/02/11,08:29 AM,16.0,15.17,95.0,NW,1.77,2.57,1012.87,0.0,0.0,1.0,140.1,IMELBO1849.csv
2023/02/11,08:34 AM,16.17,15.33,95.0,WNW,2.74,3.86,1013.21,0.0,0.0,1.0,135.7,IMELBO1849.csv
2023/02/11,08:39 AM,16.33,15.39,94.0,WNW,1.13,1.61,1013.21,0.0,0.0,2.0,213.8,IMELBO1849.csv
2023/02/11,08:44 AM,16.83,15.72,93.0,WNW,1.61,2.74,1013.21,0.0,0.0,2.0,235.5,IMELBO1849.csv
2023/02/11,08:49 AM,17.39,16.11,92.0,WNW,1.45,2.41,1013.21,0.0,0.0,2.0,260.2,IMELBO1849.csv
2023/02/11,08:54 AM,17.83,16.11,90.0,WNW,1.13,1.93,1013.21,0.0,0.0,2.0,283.2,IMELBO1849.csv
2023/02/11,08:59 AM,18.44,16.0,86.0,WNW,2.41,3.7,1013.21,0.0,0.0,2.0,295.3,IMELBO1849.csv
2023/02/11,09:04 AM,18.83,15.83,83.0,WNW,1.93,3.06,1013.21,0.0,0.0,2.0,298.9,IMELBO1849.csv
2023/02/11,09:09 AM,19.61,16.06,80.0,NW,1.61,2.57,1013.21,0.0,0.0,3.0,325.3,IMELBO1849.csv
2023/02/11,09:14 AM,20.56,16.28,77.0,NNW,1.77,2.41,1013.21,0.0,0.0,3.0,342.7,IMELBO1849.csv
2023/02/11,09:19 AM,20.83,16.17,75.0,WNW,2.9,4.18,1013.21,0.0,0.0,3.0,360.9,IMELBO1849.csv
2023/02/11,09:24 AM,21.33,16.28,73.0,WNW,0.64,1.29,1013.21,0.0,0.0,3.0,383.4,IMELBO1849.csv
2023/02/11,09:29 AM,22.0,16.33,71.0,NW,0.97,1.61,1013.21,0.0,0.0,3.0,384.7,IMELBO1849.csv
2023/02/11,09:34 AM,23.33,16.61,66.0,North,0.48,0.97,1013.21,0.0,0.0,3.0,403.8,IMELBO1849.csv
2023/02/11,09:39 AM,23.94,17.0,65.0,North,0.64,1.13,1013.21,0.0,0.0,4.0,426.0,IMELBO1849.csv
2023/02/11,09:44 AM,23.5,16.67,65.0,NW,2.41,3.38,1013.21,0.0,0.0,4.0,432.0,IMELBO1849.csv
2023/02/11,09:49 AM,24.39,16.72,63.0,NW,0.8,1.45,1013.21,0.0,0.0,4.0,446.3,IMELBO1849.csv
2023/02/11,09:54 AM,25.67,17.06,59.0,NNW,0.97,1.77,1013.21,0.0,0.0,4.0,439.8,IMELBO1849.csv
2023/02/11,09:59 AM,25.89,17.0,58.0,ENE,2.09,3.06,1013.21,0.0,0.0,4.0,464.5,IMELBO1849.csv
2023/02/11,10:04 AM,26.11,17.33,59.0,NW,1.29,1.93,1013.21,0.0,0.0,4.0,508.4,IMELBO1849.csv
2023/02/11,10:09 AM,25.78,17.22,59.0,WNW,0.8,1.45,1013.21,0.0,0.0,5.0,525.7,IMELBO1849.csv
2023/02/11,10:14 AM,26.17,17.11,58.0,WNW,1.45,2.09,1013.21,0.0,0.0,5.0,527.0,IMELBO1849.csv
2023/02/11,10:19 AM,26.17,16.94,57.0,WSW,2.09,2.74,1013.21,0.0,0.0,5.0,549.5,IMELBO1849.csv
2023/02/11,10:24 AM,26.17,16.83,57.0,SSW,2.25,3.06,1013.21,0.0,0.0,5.0,556.1,IMELBO1849.csv
2023/02/11,10:29 AM,26.61,16.89,55.0,SW,2.74,3.7,1013.21,0.0,0.0,5.0,540.0,IMELBO1849.csv
2023/02/11,10:34 AM,26.94,17.61,57.0,SW,2.57,3.86,1013.21,0.0,0.0,5.0,556.1,IMELBO1849.csv
2023/02/11,10:39 AM,26.72,17.5,57.0,WSW,3.06,4.67,1013.21,0.0,0.0,5.0,580.8,IMELBO1849.csv
2023/02/11,10:44 AM,26.94,17.56,56.0,West,3.7,5.63,1013.21,0.0,0.0,5.0,604.7,IMELBO1849.csv
2023/02/11,10:49 AM,27.22,17.39,55.0,WSW,2.9,4.34,1013.21,0.0,0.0,5.0,605.9,IMELBO1849.csv
2023/02/11,10:54 AM,27.33,17.44,55.0,WSW,2.9,4.02,1013.21,0.0,0.0,5.0,596.9,IMELBO1849.csv
2023/02/11,10:59 AM,27.5,17.11,53.0,WNW,4.02,5.79,1013.21,0.0,0.0,5.0,599.1,IMELBO1849.csv
2023/02/11,11:04 AM,27.56,16.83,52.0,West,4.02,6.44,1013.21,0.0,0.0,5.0,617.3,IMELBO1849.csv
2023/02/11,11:09 AM,27.61,16.33,50.0,SW,4.83,6.92,1013.21,0.0,0.0,6.0,644.6,IMELBO1849.csv
2023/02/11,11:14 AM,27.94,16.44,50.0,SW,5.15,7.08,1013.21,0.0,0.0,6.0,655.0,IMELBO1849.csv
2023/02/11,11:19 AM,27.72,16.28,50.0,SW,6.11,8.04,1013.21,0.0,0.0,6.0,670.7,IMELBO1849.csv
2023/02/11,11:24 AM,28.11,16.28,49.0,SW,4.83,7.08,1013.21,0.0,0.0,6.0,683.2,IMELBO1849.csv
2023/02/11,11:29 AM,28.0,16.78,50.0,SW,6.92,9.65,1013.21,0.0,0.0,6.0,684.5,IMELBO1849.csv
2023/02/11,11:34 AM,27.89,16.78,51.0,SW,8.04,10.46,1013.21,0.0,0.0,6.0,694.9,IMELBO1849.csv
2023/02/11,11:39 AM,27.67,16.89,52.0,SSW,9.01,11.75,1013.21,0.0,0.0,6.0,703.5,IMELBO1849.csv
2023/02/11,11:44 AM,27.67,16.56,51.0,SSW,7.56,9.98,1012.87,0.0,0.0,7.0,722.6,IMELBO1849.csv
2023/02/11,11:49 AM,27.89,16.56,50.0,SW,6.28,8.85,1012.87,0.0,0.0,7.0,726.5,IMELBO1849.csv
2023/02/11,11:54 AM,27.94,17.22,52.0,WSW,5.47,8.04,1012.87,0.0,0.0,7.0,730.1,IMELBO1849.csv
2023/02/11,11:59 AM,28.33,17.39,51.0,SW,5.79,8.04,1013.21,0.0,0.0,7.0,737.0,IMELBO1849.csv
2023/02/11,12:04 PM,28.0,17.67,54.0,SW,10.94,14.48,1013.21,0.0,0.0,7.0,734.4,IMELBO1849.csv
2023/02/11,12:09 PM,27.5,17.39,54.0,SSW,8.85,12.23,1012.87,0.0,0.0,7.0,726.5,IMELBO1849.csv
2023/02/11,12:14 PM,27.78,17.44,53.0,SW,10.94,15.29,1012.87,0.0,0.0,7.0,735.7,IMELBO1849.csv
2023/02/11,12:19 PM,27.33,17.06,53.0,SSW,13.84,19.31,1012.87,0.0,0.0,7.0,731.0,IMELBO1849.csv
2023/02/11,12:24 PM,27.22,16.89,53.0,SW,10.14,13.19,1013.21,0.0,0.0,7.0,747.0,IMELBO1849.csv
2023/02/11,12:29 PM,27.11,16.72,53.0,SW,10.62,14.16,1013.21,0.0,0.0,7.0,756.0,IMELBO1849.csv
2023/02/11,12:34 PM,26.94,16.61,53.0,SW,12.39,17.54,1013.21,0.0,0.0,7.0,740.5,IMELBO1849.csv
2023/02/11,12:39 PM,27.0,16.78,54.0,SW,13.68,17.7,1013.21,0.0,0.0,7.0,739.6,IMELBO1849.csv
2023/02/11,12:44 PM,26.33,16.56,55.0,WSW,11.42,15.93,1013.21,0.0,0.0,7.0,766.4,IMELBO1849.csv
2023/02/11,12:49 PM,26.28,16.44,55.0,SW,14.8,18.18,1013.21,0.0,0.0,7.0,774.8,IMELBO1849.csv
2023/02/11,12:54 PM,25.94,16.33,55.0,SSW,15.29,18.99,1013.55,0.0,0.0,7.0,774.3,IMELBO1849.csv
2023/02/11,12:59 PM,26.11,16.39,55.0,SW,12.71,15.93,1013.55,0.0,0.0,7.0,771.7,IMELBO1849.csv
2023/02/11,01:04 PM,25.83,16.33,56.0,WSW,14.8,19.95,1013.55,0.0,0.0,7.0,766.9,IMELBO1849.csv
2023/02/11,01:09 PM,25.67,16.28,56.0,SW,16.25,21.72,1013.55,0.0,0.0,7.0,754.3,IMELBO1849.csv
2023/02/11,01:14 PM,25.56,16.22,56.0,SW,18.34,23.33,1013.55,0.0,0.0,7.0,744.4,IMELBO1849.csv
2023/02/11,01:19 PM,25.83,16.28,56.0,SW,13.84,17.86,1013.55,0.0,0.0,7.0,741.4,IMELBO1849.csv
2023/02/11,01:24 PM,26.06,16.33,55.0,SW,14.0,17.38,1013.55,0.0,0.0,7.0,751.3,IMELBO1849.csv
2023/02/11,01:29 PM,26.17,16.5,55.0,SW,17.06,21.88,1013.21,0.0,0.0,7.0,755.2,IMELBO1849.csv
2023/02/11,01:34 PM,26.22,16.44,55.0,WSW,12.71,17.54,1013.55,0.0,0.0,7.0,763.9,IMELBO1849.csv
2023/02/11,01:39 PM,26.39,16.56,55.0,WSW,18.18,23.65,1013.55,0.0,0.0,7.0,763.9,IMELBO1849.csv
2023/02/11,01:44 PM,26.22,16.5,55.0,WSW,12.55,17.86,1013.55,0.0,0.0,7.0,762.2,IMELBO1849.csv
2023/02/11,01:49 PM,26.56,16.56,54.0,SW,10.46,13.68,1013.55,0.0,0.0,7.0,766.4,IMELBO1849.csv
2023/02/11,01:54 PM,26.61,16.56,54.0,SW,14.96,18.99,1013.88,0.0,0.0,7.0,757.4,IMELBO1849.csv
2023/02/11,01:59 PM,26.0,16.39,55.0,SW,15.61,22.2,1013.55,0.0,0.0,7.0,737.0,IMELBO1849.csv
2023/02/11,02:04 PM,26.44,16.5,54.0,WSW,16.41,21.88,1013.55,0.0,0.0,7.0,741.7,IMELBO1849.csv
2023/02/11,02:09 PM,26.44,16.56,54.0,SW,17.54,23.81,1013.55,0.0,0.0,7.0,734.9,IMELBO1849.csv
2023/02/11,02:14 PM,26.5,16.61,55.0,SW,16.25,21.56,1013.55,0.0,0.0,7.0,733.0,IMELBO1849.csv
2023/02/11,02:19 PM,26.83,16.61,54.0,SW,10.94,14.96,1013.55,0.0,0.0,7.0,752.6,IMELBO1849.csv
2023/02/11,02:24 PM,26.83,16.67,54.0,SW,12.07,16.89,1013.55,0.0,0.0,7.0,758.2,IMELBO1849.csv
2023/02/11,02:29 PM,27.0,16.67,53.0,SW,12.07,16.73,1013.55,0.0,0.0,7.0,754.8,IMELBO1849.csv
2023/02/11,02:34 PM,27.22,16.67,53.0,SW,12.55,18.18,1013.55,0.0,0.0,7.0,749.2,IMELBO1849.csv
2023/02/11,02:39 PM,27.11,16.61,53.0,SW,18.83,23.65,1013.88,0.0,0.0,7.0,749.2,IMELBO1849.csv
2023/02/11,02:44 PM,27.22,16.61,52.0,SW,18.83,25.26,1013.88,0.0,0.0,7.0,767.8,IMELBO1849.csv
2023/02/11,02:49 PM,27.67,16.67,51.0,SW,9.33,13.19,1013.88,0.0,0.0,7.0,771.7,IMELBO1849.csv
2023/02/11,02:54 PM,27.67,16.67,51.0,SW,9.81,12.87,1013.55,0.0,0.0,7.0,754.3,IMELBO1849.csv
2023/02/11,02:59 PM,27.89,16.67,51.0,SW,9.98,12.87,1013.88,0.0,0.0,7.0,745.6,IMELBO1849.csv
2023/02/11,03:04 PM,27.67,16.61,51.0,SW,7.72,11.42,1013.88,0.0,0.0,7.0,758.2,IMELBO1849.csv
2023/02/11,03:09 PM,27.61,16.61,51.0,SW,10.94,14.64,1013.88,0.0,0.0,7.0,748.3,IMELBO1849.csv
2023/02/11,03:14 PM,27.67,16.61,51.0,SW,12.71,16.41,1013.55,0.0,0.0,6.0,708.0,IMELBO1849.csv
2023/02/11,03:19 PM,28.0,16.72,50.0,WSW,5.79,8.53,1013.55,0.0,0.0,6.0,673.7,IMELBO1849.csv
2023/02/11,03:24 PM,28.28,16.83,50.0,SW,7.08,9.98,1013.55,0.0,0.0,6.0,673.2,IMELBO1849.csv
2023/02/11,03:29 PM,28.22,16.78,50.0,SW,7.24,10.14,1013.55,0.0,0.0,6.0,711.4,IMELBO1849.csv
2023/02/11,03:34 PM,28.5,16.89,49.0,SSW,6.28,9.01,1013.55,0.0,0.0,6.0,714.4,IMELBO1849.csv
2023/02/11,03:39 PM,28.67,16.94,49.0,SW,7.24,10.14,1013.55,0.0,0.0,7.0,723.5,IMELBO1849.csv
2023/02/11,03:44 PM,28.83,16.72,48.0,SW,8.21,11.42,1013.55,0.0,0.0,7.0,774.3,IMELBO1849.csv
2023/02/11,03:49 PM,29.0,16.61,47.0,SSW,10.3,13.68,1013.55,0.0,0.0,7.0,777.8,IMELBO1849.csv
2023/02/11,03:54 PM,28.17,15.83,47.0,SW,15.12,21.24,1013.55,0.0,0.0,7.0,795.2,IMELBO1849.csv
2023/02/11,03:59 PM,28.06,15.61,47.0,SSW,11.58,15.45,1013.55,0.0,0.0,8.0,850.2,IMELBO1849.csv
2023/02/11,04:04 PM,29.06,15.61,44.0,WSW,6.44,8.53,1013.55,0.0,0.0,8.0,852.8,IMELBO1849.csv
2023/02/11,04:09 PM,29.0,17.28,49.0,SSW,8.85,11.42,1013.55,0.0,0.0,8.0,858.4,IMELBO1849.csv
2023/02/11,04:14 PM,28.06,17.17,52.0,SSE,5.31,7.56,1013.55,0.0,0.0,7.0,811.2,IMELBO1849.csv
2023/02/11,04:19 PM,28.06,17.06,51.0,South,6.28,9.49,1013.55,0.0,0.0,7.0,808.2,IMELBO1849.csv
2023/02/11,04:24 PM,27.56,16.89,52.0,South,7.4,10.94,1013.55,0.0,0.0,7.0,796.4,IMELBO1849.csv
2023/02/11,04:29 PM,27.11,16.67,53.0,SE,6.76,10.46,1013.55,0.0,0.0,7.0,747.8,IMELBO1849.csv
2023/02/11,04:34 PM,27.06,16.5,52.0,SE,6.44,9.65,1013.88,0.0,0.0,7.0,737.8,IMELBO1849.csv
2023/02/11,04:39 PM,26.78,16.28,53.0,South,8.04,12.23,1013.88,0.0,0.0,7.0,770.0,IMELBO1849.csv
2023/02/11,04:44 PM,26.5,16.17,53.0,South,7.4,10.3,1013.88,0.0,0.0,7.0,735.7,IMELBO1849.csv
2023/02/11,04:49 PM,26.44,16.33,54.0,SE,5.79,7.88,1013.55,0.0,0.0,6.0,695.4,IMELBO1849.csv
2023/02/11,04:54 PM,26.67,17.0,56.0,SSW,7.88,12.23,1013.88,0.0,0.0,6.0,701.5,IMELBO1849.csv
2023/02/11,04:59 PM,26.0,16.83,57.0,South,7.24,10.94,1013.88,0.0,0.0,6.0,663.7,IMELBO1849.csv
2023/02/11,05:04 PM,25.94,16.78,57.0,SE,7.08,9.98,1013.88,0.0,0.0,6.0,649.8,IMELBO1849.csv
2023/02/11,05:09 PM,25.28,16.44,58.0,ESE,5.79,8.53,1013.88,0.0,0.0,6.0,665.0,IMELBO1849.csv
2023/02/11,05:14 PM,25.44,16.39,57.0,SSE,4.99,7.24,1013.88,0.0,0.0,6.0,623.3,IMELBO1849.csv
2023/02/11,05:19 PM,25.39,16.56,58.0,SSE,5.47,8.04,1013.88,0.0,0.0,5.0,577.8,IMELBO1849.csv
2023/02/11,05:24 PM,25.22,16.39,58.0,SSW,8.04,11.58,1013.88,0.0,0.0,5.0,567.8,IMELBO1849.csv
2023/02/11,05:29 PM,24.83,16.5,60.0,SSW,9.65,13.03,1013.88,0.0,0.0,5.0,519.7,IMELBO1849.csv
2023/02/11,05:34 PM,24.78,16.44,60.0,SSE,6.44,9.17,1013.88,0.0,0.0,4.0,488.0,IMELBO1849.csv
2023/02/11,05:39 PM,24.94,16.89,61.0,SE,5.15,7.72,1013.88,0.0,0.0,4.0,454.1,IMELBO1849.csv
2023/02/11,05:44 PM,24.94,17.06,62.0,SE,6.44,9.01,1014.22,0.0,0.0,4.0,427.7,IMELBO1849.csv
2023/02/11,05:49 PM,24.83,16.83,61.0,South,6.92,9.17,1014.22,0.0,0.0,4.0,410.8,IMELBO1849.csv
2023/02/11,05:54 PM,24.72,16.83,62.0,South,7.24,10.3,1014.22,0.0,0.0,3.0,357.3,IMELBO1849.csv
2023/02/11,05:59 PM,24.61,16.78,62.0,South,6.11,8.85,1014.56,0.0,0.0,3.0,360.0,IMELBO1849.csv
2023/02/11,06:04 PM,24.22,16.94,64.0,South,8.04,11.75,1014.22,0.0,0.0,3.0,347.8,IMELBO1849.csv
2023/02/11,06:09 PM,23.83,16.94,65.0,South,7.08,10.46,1014.56,0.0,0.0,3.0,317.5,IMELBO1849.csv
2023/02/11,06:14 PM,23.5,16.94,67.0,South,8.85,11.58,1014.56,0.0,0.0,2.0,304.5,IMELBO1849.csv
2023/02/11,06:19 PM,22.94,16.67,68.0,SSW,8.53,12.39,1014.9,0.0,0.0,2.0,270.6,IMELBO1849.csv
2023/02/11,06:24 PM,22.94,16.67,68.0,SSE,6.6,10.3,1014.9,0.0,0.0,2.0,264.1,IMELBO1849.csv
2023/02/11,06:29 PM,22.89,16.56,67.0,South,4.02,6.11,1014.9,0.0,0.0,2.0,242.8,IMELBO1849.csv
2023/02/11,06:34 PM,22.94,16.61,68.0,South,8.21,12.39,1014.9,0.0,0.0,2.0,230.2,IMELBO1849.csv
2023/02/11,06:39 PM,22.61,16.61,69.0,SSE,5.15,7.56,1014.9,0.0,0.0,2.0,217.8,IMELBO1849.csv
2023/02/11,06:44 PM,22.72,16.72,69.0,SE,5.79,8.37,1015.24,0.0,0.0,1.0,196.5,IMELBO1849.csv
2023/02/11,06:49 PM,22.5,16.5,69.0,South,5.95,8.85,1015.24,0.0,0.0,1.0,160.5,IMELBO1849.csv
2023/02/11,06:54 PM,22.5,16.5,69.0,South,6.28,9.49,1015.24,0.0,0.0,1.0,157.4,IMELBO1849.csv
2023/02/11,06:59 PM,22.56,16.44,69.0,South,4.02,6.11,1015.24,0.0,0.0,1.0,149.1,IMELBO1849.csv
2023/02/11,07:04 PM,22.61,16.39,68.0,SSW,6.44,9.33,1015.24,0.0,0.0,1.0,137.0,IMELBO1849.csv
2023/02/11,07:09 PM,22.39,16.39,69.0,SSE,4.34,6.11,1015.58,0.0,0.0,1.0,123.2,IMELBO1849.csv
2023/02/11,07:14 PM,22.39,16.22,68.0,SSE,4.34,6.28,1015.58,0.0,0.0,1.0,100.2,IMELBO1849.csv
2023/02/11,07:19 PM,22.06,16.22,70.0,SE,3.7,5.47,1015.58,0.0,0.0,0.0,72.4,IMELBO1849.csv
2023/02/11,07:24 PM,21.94,16.28,70.0,South,4.67,6.92,1015.58,0.0,0.0,0.0,53.3,IMELBO1849.csv
2023/02/11,07:29 PM,21.67,15.94,70.0,SSW,5.63,8.04,1015.92,0.0,0.0,0.0,48.6,IMELBO1849.csv
2023/02/11,07:34 PM,21.5,15.94,71.0,South,4.34,5.47,1015.58,0.0,0.0,0.0,44.7,IMELBO1849.csv
2023/02/11,07:39 PM,21.33,15.83,71.0,SSW,6.11,8.37,1015.92,0.0,0.0,0.0,41.1,IMELBO1849.csv
2023/02/11,07:44 PM,21.22,15.89,72.0,South,4.67,6.6,1016.26,0.0,0.0,0.0,37.7,IMELBO1849.csv
2023/02/11,07:49 PM,21.11,15.78,72.0,South,4.83,6.44,1016.26,0.0,0.0,0.0,32.9,IMELBO1849.csv
2023/02/11,07:54 PM,20.94,15.72,72.0,SSE,3.54,4.99,1016.59,0.0,0.0,0.0,28.6,IMELBO1849.csv
2023/02/11,07:59 PM,20.83,15.61,72.0,SW,6.44,9.01,1016.59,0.0,0.0,0.0,24.2,IMELBO1849.csv
2023/02/11,08:04 PM,20.72,15.33,71.0,SSW,5.79,7.72,1016.59,0.0,0.0,0.0,19.9,IMELBO1849.csv
2023/02/11,08:09 PM,20.72,15.11,70.0,SW,6.92,9.49,1016.59,0.0,0.0,0.0,16.0,IMELBO1849.csv
2023/02/11,08:14 PM,20.72,15.11,70.0,SSW,3.86,5.15,1016.93,0.0,0.0,0.0,11.6,IMELBO1849.csv
2023/02/11,08:19 PM,20.56,15.0,70.0,SW,5.63,8.04,1016.93,0.0,0.0,0.0,7.3,IMELBO1849.csv
2023/02/11,08:24 PM,20.5,15.11,71.0,SW,4.83,6.6,1017.27,0.0,0.0,0.0,4.8,IMELBO1849.csv
2023/02/11,08:29 PM,20.39,15.22,72.0,SW,5.63,7.08,1017.27,0.0,0.0,0.0,2.1,IMELBO1849.csv
2023/02/11,08:34 PM,20.39,15.22,72.0,SW,5.95,7.56,1017.27,0.0,0.0,0.0,0.4,IMELBO1849.csv
2023/02/11,08:39 PM,20.33,15.11,72.0,SW,5.63,7.4,1017.27,0.0,0.0,0.0,0.0,IMELBO1849.csv
2023/02/11,08:44 PM,20.22,15.0,72.0,SSW,4.34,5.95,1017.27,0.0,0.0,0.0,0.0,IMELBO1849.csv
2023/02/11,08:49 PM,20.06,14.89,72.0,SSW,6.6,8.69,1017.61,0.0,0.0,0.0,0.0,IMELBO1849.csv
2023/02/11,08:54 PM,19.89,14.72,72.0,SW,5.15,7.08,1017.61,0.0,0.0,0.0,0.0,IMELBO1849.csv
2023/02/11,08:59 PM,19.89,14.83,73.0,South,4.51,6.11,1017.61,0.0,0.0,0.0,0.0,IMELBO1849.csv
2023/02/11,09:04 PM,19.83,14.83,73.0,SW,5.47,7.08,1017.95,0.0,0.0,0.0,0.0,IMELBO1849.csv
2023/02/11,09:09 PM,19.78,14.78,73.0,SW,5.31,6.6,1018.29,0.0,0.0,0.0,0.0,IMELBO1849.csv
2023/02/11,09:14 PM,19.78,14.78,73.0,SSW,4.51,6.11,1017.95,0.0,0.0,0.0,0.0,IMELBO1849.csv
2023/02/11,09:19 PM,19.89,14.89,73.0,SW,5.95,7.72,1017.95,0.0,0.0,0.0,0.0,IMELBO1849.csv
2023/02/11,09:24 PM,19.89,14.94,73.0,SW,9.01,12.23,1017.95,0.0,0.0,0.0,0.0,IMELBO1849.csv
2023/02/11,09:29 PM,20.0,15.0,73.0,SSW,7.72,10.46,1018.29,0.0,0.0,0.0,0.0,IMELBO1849.csv
2023/02/11,09:34 PM,20.06,15.06,73.0,SW,2.9,4.02,1018.29,0.0,0.0,0.0,0.0,IMELBO1849.csv
2023/02/11,09:39 PM,20.11,15.11,73.0,SW,5.79,7.24,1018.63,0.0,0.0,0.0,0.0,IMELBO1849.csv
2023/02/11,09:44 PM,20.0,15.0,73.0,SW,4.18,4.99,1018.29,0.0,0.0,0.0,0.0,IMELBO1849.csv
2023/02/11,09:49 PM,20.11,15.11,73.0,SW,4.02,5.47,1018.29,0.0,0.0,0.0,0.0,IMELBO1849.csv
2023/02/11,09:54 PM,20.11,15.28,74.0,SW,4.67,6.28,1018.63,0.0,0.0,0.0,0.0,IMELBO1849.csv
2023/02/11,09:59 PM,20.06,15.33,74.0,SW,3.38,4.51,1018.63,0.0,0.0,0.0,0.0,IMELBO1849.csv
2023/02/11,10:04 PM,20.0,15.28,74.0,SW,4.02,5.47,1018.96,0.0,0.0,0.0,0.0,IMELBO1849.csv
2023/02/11,10:09 PM,20.0,15.28,74.0,SW,5.15,6.76,1018.63,0.0,0.0,0.0,0.0,IMELBO1849.csv
2023/02/11,10:14 PM,20.0,15.28,74.0,SW,4.51,5.63,1018.96,0.0,0.0,0.0,0.0,IMELBO1849.csv
2023/02/11,10:19 PM,20.06,15.33,74.0,SW,4.34,5.79,1018.96,0.0,0.0,0.0,0.0,IMELBO1849.csv
2023/02/11,10:24 PM,20.11,15.17,73.0,WSW,3.7,5.31,1018.96,0.0,0.0,0.0,0.0,IMELBO1849.csv
2023/02/11,10:29 PM,20.17,15.17,73.0,WSW,4.18,5.63,1018.96,0.0,0.0,0.0,0.0,IMELBO1849.csv
2023/02/11,10:34 PM,20.17,15.06,73.0,SW,3.54,5.15,1018.96,0.0,0.0,0.0,0.0,IMELBO1849.csv
2023/02/11,10:39 PM,20.22,15.11,73.0,WSW,3.86,4.83,1019.3,0.0,0.0,0.0,0.0,IMELBO1849.csv
2023/02/11,10:44 PM,20.17,14.33,69.0,WSW,4.67,7.4,1019.3,0.0,0.0,0.0,0.0,IMELBO1849.csv
2023/02/11,10:49 PM,20.44,13.56,65.0,West,4.99,7.56,1019.3,0.0,0.0,0.0,0.0,IMELBO1849.csv
2023/02/11,10:54 PM,20.61,13.39,63.0,WSW,4.99,7.4,1019.3,0.0,0.0,0.0,0.0,IMELBO1849.csv
2023/02/11,10:59 PM,20.61,13.28,63.0,West,4.18,6.28,1019.3,0.0,0.0,0.0,0.0,IMELBO1849.csv
2023/02/11,11:04 PM,20.61,13.28,63.0,West,4.02,6.44,1019.3,0.0,0.0,0.0,0.0,IMELBO1849.csv
2023/02/11,11:09 PM,20.61,13.28,63.0,West,3.38,5.47,1019.3,0.0,0.0,0.0,0.0,IMELBO1849.csv
2023/02/11,11:14 PM,20.56,13.22,63.0,West,4.18,6.44,1019.3,0.0,0.0,0.0,0.0,IMELBO1849.csv
2023/02/11,11:19 PM,20.5,13.22,63.0,WSW,3.06,4.51,1019.3,0.0,0.0,0.0,0.0,IMELBO1849.csv
2023/02/11,11:24 PM,20.44,13.33,64.0,WSW,3.38,5.15,1019.3,0.0,0.0,0.0,0.0,IMELBO1849.csv
2023/02/11,11:29 PM,20.39,13.39,64.0,West,4.18,6.28,1019.3,0.0,0.0,0.0,0.0,IMELBO1849.csv
2023/02/11,11:34 PM,20.33,13.5,65.0,WSW,4.83,7.08,1019.3,0.0,0.0,0.0,0.0,IMELBO1849.csv
2023/02/11,11:39 PM,20.22,13.61,66.0,SW,6.44,9.65,1019.3,0.0,0.0,0.0,0.0,IMELBO1849.csv
2023/02/11,11:44 PM,20.0,14.11,69.0,WSW,8.37,12.23,1019.64,0.0,0.0,0.0,0.0,IMELBO1849.csv
2023/02/11,11:49 PM,19.67,14.33,71.0,SW,7.88,12.23,1019.64,0.0,0.0,0.0,0.0,IMELBO1849.csv
2023/02/11,11:54 PM,19.39,14.22,72.0,WSW,6.92,10.14,1019.64,0.0,0.0,0.0,0.0,IMELBO1849.csv
2023/02/11,11:59 PM,19.39,14.22,72.0,SW,6.92,9.65,1019.64,0.0,0.0,0.0,0.0,IMELBO1849.csv
2023/02/12,12:04 AM,19.28,14.11,72.0,SW,6.28,8.85,1019.64,0.0,0.0,0.0,0.0,IMELBO1849.csv
2023/02/12,12:09 AM,19.22,14.22,73.0,WSW,6.92,10.3,1019.64,0.0,0.0,0.0,0.0,IMELBO1849.csv
2023/02/12,12:14 AM,19.11,14.22,73.0,SW,4.67,7.56,1019.64,0.0,0.0,0.0,0.0,IMELBO1849.csv
2023/02/12,12:19 AM,19.11,14.06,73.0,WSW,4.51,6.76,1019.64,0.0,0.0,0.0,0.0,IMELBO1849.csv
2023/02/12,12:24 AM,19.11,14.22,73.0,WSW,4.18,6.6,1019.64,0.0,0.0,0.0,0.0,IMELBO1849.csv
2023/02/12,12:29 AM,19.06,14.17,73.0,WSW,5.63,8.37,1019.64,0.0,0.0,0.0,0.0,IMELBO1849.csv
2023/02/12,12:34 AM,19.0,14.11,73.0,WSW,3.86,5.95,1019.3,0.0,0.0,0.0,0.0,IMELBO1849.csv
2023/02/12,12:39 AM,18.94,14.06,73.0,SW,4.18,6.6,1019.64,0.0,0.0,0.0,0.0,IMELBO1849.csv
2023/02/12,12:44 AM,18.89,14.0,73.0,WSW,2.9,4.34,1019.3,0.0,0.0,0.0,0.0,IMELBO1849.csv
2023/02/12,12:49 AM,18.94,14.06,73.0,WSW,4.18,6.44,1019.64,0.0,0.0,0.0,0.0,IMELBO1849.csv
2023/02/12,12:54 AM,18.78,13.78,72.0,West,6.28,9.81,1019.64,0.0,0.0,0.0,0.0,IMELBO1849.csv
2023/02/12,12:59 AM,18.72,13.61,72.0,West,4.51,6.92,1019.64,0.0,0.0,0.0,0.0,IMELBO1849.csv
2023/02/12,01:04 AM,18.61,13.39,72.0,West,5.31,9.01,1019.3,0.0,0.0,0.0,0.0,IMELBO1849.csv
2023/02/12,01:09 AM,18.5,13.22,71.0,SW,5.95,9.33,1019.3,0.0,0.0,0.0,0.0,IMELBO1849.csv
2023/02/12,01:14 AM,18.56,13.17,71.0,SW,3.54,5.63,1019.3,0.0,0.0,0.0,0.0,IMELBO1849.csv
2023/02/12,01:19 AM,18.67,13.06,70.0,WSW,3.38,5.31,1019.3,0.0,0.0,0.0,0.0,IMELBO1849.csv
2023/02/12,01:24 AM,18.72,13.11,70.0,WSW,4.34,6.44,1019.3,0.0,0.0,0.0,0.0,IMELBO1849.csv
2023/02/12,01:29 AM,18.72,13.11,70.0,WSW,4.67,6.92,1019.64,0.0,0.0,0.0,0.0,IMELBO1849.csv
2023/02/12,01:34 AM,18.72,12.89,69.0,WSW,2.9,4.67,1019.3,0.0,0.0,0.0,0.0,IMELBO1849.csv
2023/02/12,01:39 AM,18.72,12.89,69.0,SW,3.7,5.31,1019.64,0.0,0.0,0.0,0.0,IMELBO1849.csv
2023/02/12,01:44 AM,18.67,12.83,69.0,WSW,4.51,6.76,1019.64,0.0,0.0,0.0,0.0,IMELBO1849.csv
2023/02/12,01:49 AM,18.61,12.78,69.0,WSW,3.38,4.83,1019.64,0.0,0.0,0.0,0.0,IMELBO1849.csv
2023/02/12,01:54 AM,18.61,12.78,69.0,WSW,3.86,5.63,1019.64,0.0,0.0,0.0,0.0,IMELBO1849.csv
2023/02/12,01:59 AM,18.61,12.78,69.0,WSW,3.7,4.99,1019.64,0.0,0.0,0.0,0.0,IMELBO1849.csv
2023/02/12,02:04 AM,18.61,12.78,69.0,WSW,4.51,6.92,1019.3,0.0,0.0,0.0,0.0,IMELBO1849.csv
2023/02/12,02:09 AM,18.61,12.89,70.0,SW,4.67,6.6,1019.64,0.0,0.0,0.0,0.0,IMELBO1849.csv
2023/02/12,02:14 AM,18.44,13.11,71.0,WSW,6.28,10.14,1019.64,0.0,0.0,0.0,0.0,IMELBO1849.csv
2023/02/12,02:19 AM,18.28,13.22,72.0,WSW,5.95,8.37,1019.64,0.0,0.0,0.0,0.0,IMELBO1849.csv
2023/02/12,02:24 AM,18.17,13.22,73.0,SW,5.79,8.53,1019.64,0.0,0.0,0.0,0.0,IMELBO1849.csv
2023/02/12,02:29 AM,18.0,13.28,74.0,WSW,5.79,8.04,1019.64,0.0,0.0,0.0,0.0,IMELBO1849.csv
2023/02/12,02:34 AM,18.0,13.39,74.0,SW,7.24,10.3,1019.98,0.0,0.0,0.0,0.0,IMELBO1849.csv
2023/02/12,02:39 AM,17.83,13.44,76.0,SW,7.72,10.94,1019.98,0.0,0.0,0.0,0.0,IMELBO1849.csv
2023/02/12,02:44 AM,17.67,13.5,77.0,SW,8.21,11.75,1019.64,0.0,0.0,0.0,0.0,IMELBO1849.csv
2023/02/12,02:49 AM,17.61,13.5,77.0,WSW,7.24,10.46,1019.64,0.0,0.0,0.0,0.0,IMELBO1849.csv
2023/02/12,02:54 AM,17.61,13.5,77.0,WSW,7.08,10.62,1019.64,0.0,0.0,0.0,0.0,IMELBO1849.csv
2023/02/12,02:59 AM,17.5,13.39,77.0,West,4.83,7.72,1019.64,0.0,0.0,0.0,0.0,IMELBO1849.csv
2023/02/12,03:04 AM,17.39,13.56,78.0,West,4.99,7.88,1019.64,0.0,0.0,0.0,0.0,IMELBO1849.csv
2023/02/12,03:09 AM,17.22,13.5,79.0,West,2.9,4.67,1019.64,0.0,0.0,0.0,0.0,IMELBO1849.csv
2023/02/12,03:14 AM,17.22,13.5,79.0,WSW,4.02,6.11,1019.64,0.0,0.0,0.0,0.0,IMELBO1849.csv
2023/02/12,03:19 AM,17.17,13.44,79.0,West,3.54,5.95,1019.64,0.0,0.0,0.0,0.0,IMELBO1849.csv
2023/02/12,03:24 AM,17.17,13.44,79.0,WSW,2.41,3.86,1019.64,0.0,0.0,0.0,0.0,IMELBO1849.csv
2023/02/12,03:29 AM,17.22,13.5,79.0,WSW,3.06,5.31,1019.3,0.0,0.0,0.0,0.0,IMELBO1849.csv
2023/02/12,03:34 AM,17.22,13.5,79.0,WSW,4.34,7.08,1019.3,0.0,0.0,0.0,0.0,IMELBO1849.csv
2023/02/12,03:39 AM,17.22,13.5,79.0,WSW,4.34,6.44,1019.64,0.0,0.0,0.0,0.0,IMELBO1849.csv
2023/02/12,03:44 AM,17.22,13.39,78.0,WSW,4.18,6.28,1019.64,0.0,0.0,0.0,0.0,IMELBO1849.csv
2023/02/12,03:49 AM,17.28,13.5,78.0,WSW,4.99,7.4,1019.3,0.0,0.0,0.0,0.0,IMELBO1849.csv
2023/02/12,03:54 AM,17.28,13.22,77.0,SW,5.63,8.69,1019.3,0.0,0.0,0.0,0.0,IMELBO1849.csv
2023/02/12,03:59 AM,17.28,13.22,77.0,SW,4.67,7.72,1019.64,0.0,0.0,0.0,0.0,IMELBO1849.csv
2023/02/12,04:04 AM,17.28,13.11,77.0,WSW,5.15,8.53,1019.64,0.0,0.0,0.0,0.0,IMELBO1849.csv
2023/02/12,04:09 AM,17.28,13.11,77.0,West,4.34,6.44,1019.64,0.0,0.0,0.0,0.0,IMELBO1849.csv
2023/02/12,04:14 AM,17.11,13.0,77.0,WSW,5.95,9.17,1019.64,0.0,0.0,0.0,0.0,IMELBO1849.csv
2023/02/12,04:19 AM,16.83,12.78,77.0,WSW,5.63,8.04,1019.64,0.0,0.0,0.0,0.0,IMELBO1849.csv
2023/02/12,04:24 AM,16.78,12.83,77.0,West,3.86,5.95,1019.64,0.0,0.0,0.0,0.0,IMELBO1849.csv
2023/02/12,04:29 AM,16.72,12.89,78.0,West,3.54,5.79,1019.64,0.0,0.0,0.0,0.0,IMELBO1849.csv
2023/02/12,04:34 AM,16.72,13.11,79.0,West,4.67,6.92,1019.64,0.0,0.0,0.0,0.0,IMELBO1849.csv
2023/02/12,04:39 AM,16.67,13.17,80.0,WSW,3.54,4.83,1019.64,0.0,0.0,0.0,0.0,IMELBO1849.csv
2023/02/12,04:44 AM,16.61,13.11,80.0,West,4.67,7.08,1019.64,0.0,0.0,0.0,0.0,IMELBO1849.csv
2023/02/12,04:49 AM,16.61,13.11,80.0,WSW,3.22,4.83,1019.64,0.0,0.0,0.0,0.0,IMELBO1849.csv
2023/02/12,04:54 AM,16.61,13.17,80.0,WSW,4.51,6.76,1019.98,0.0,0.0,0.0,0.0,IMELBO1849.csv
2023/02/12,04:59 AM,16.61,13.28,81.0,WSW,4.83,7.24,1019.98,0.0,0.0,0.0,0.0,IMELBO1849.csv
2023/02/12,05:04 AM,16.61,13.28,81.0,West,3.7,5.63,1019.98,0.0,0.0,0.0,0.0,IMELBO1849.csv
2023/02/12,05:09 AM,16.61,13.22,81.0,SW,3.7,5.47,1019.98,0.0,0.0,0.0,0.0,IMELBO1849.csv
2023/02/12,05:14 AM,16.61,13.11,80.0,WSW,3.86,5.47,1019.98,0.0,0.0,0.0,0.0,IMELBO1849.csv
2023/02/12,05:19 AM,16.61,13.11,80.0,WSW,5.15,7.72,1019.98,0.0,0.0,0.0,0.0,IMELBO1849.csv
2023/02/12,05:24 AM,16.61,13.0,79.0,West,4.67,7.08,1019.98,0.0,0.0,0.0,0.0,IMELBO1849.csv
2023/02/12,05:29 AM,16.61,12.83,78.0,WSW,4.67,7.88,1019.98,0.0,0.0,0.0,0.0,IMELBO1849.csv
2023/02/12,05:34 AM,16.61,12.5,77.0,WSW,4.18,6.6,1019.98,0.0,0.0,0.0,0.0,IMELBO1849.csv
2023/02/12,05:39 AM,16.61,12.39,77.0,WSW,5.47,8.53,1019.98,0.0,0.0,0.0,0.0,IMELBO1849.csv
2023/02/12,05:44 AM,16.61,12.28,76.0,WSW,5.47,8.37,1019.98,0.0,0.0,0.0,0.0,IMELBO1849.csv
2023/02/12,05:49 AM,16.61,12.28,76.0,WSW,4.99,7.56,1020.32,0.0,0.0,0.0,0.0,IMELBO1849.csv
2023/02/12,05:54 AM,16.5,12.17,76.0,SW,6.11,9.17,1019.98,0.0,0.0,0.0,0.0,IMELBO1849.csv
2023/02/12,05:59 AM,16.5,12.11,75.0,WSW,7.08,10.78,1020.32,0.0,0.0,0.0,0.0,IMELBO1849.csv
2023/02/12,06:04 AM,16.61,12.0,74.0,WSW,5.63,9.17,1020.32,0.0,0.0,0.0,0.0,IMELBO1849.csv
2023/02/12,06:09 AM,16.61,12.0,74.0,WSW,4.83,7.24,1020.32,0.0,0.0,0.0,0.0,IMELBO1849.csv
2023/02/12,06:14 AM,16.5,12.0,75.0,WSW,5.47,7.88,1020.66,0.0,0.0,0.0,0.0,IMELBO1849.csv
2023/02/12,06:19 AM,16.39,12.0,75.0,WSW,3.86,5.95,1020.66,0.0,0.0,0.0,0.0,IMELBO1849.csv
2023/02/12,06:24 AM,16.28,11.89,75.0,SW,4.18,5.63,1020.66,0.0,0.0,0.0,0.0,IMELBO1849.csv
2023/02/12,06:29 AM,16.28,11.89,75.0,WSW,4.51,6.44,1020.66,0.0,0.0,0.0,0.0,IMELBO1849.csv
2023/02/12,06:34 AM,16.39,12.0,75.0,SW,4.18,5.95,1020.66,0.0,0.0,0.0,0.0,IMELBO1849.csv
2023/02/12,06:39 AM,16.28,11.89,75.0,SW,3.7,6.11,1021.0,0.0,0.0,0.0,0.9,IMELBO1849.csv
2023/02/12,06:44 AM,16.28,12.0,76.0,WSW,4.02,5.95,1021.0,0.0,0.0,0.0,2.1,IMELBO1849.csv
2023/02/12,06:49 AM,16.22,12.0,76.0,WSW,2.9,3.86,1021.0,0.0,0.0,0.0,4.8,IMELBO1849.csv
2023/02/12,06:54 AM,16.06,11.89,76.0,WSW,2.09,3.22,1021.0,0.0,0.0,0.0,7.7,IMELBO1849.csv
2023/02/12,06:59 AM,15.89,11.89,77.0,WSW,2.9,4.18,1021.0,0.0,0.0,0.0,10.4,IMELBO1849.csv
2023/02/12,07:04 AM,15.89,11.89,77.0,WSW,2.74,4.02,1021.0,0.0,0.0,0.0,15.5,IMELBO1849.csv
2023/02/12,07:09 AM,15.89,11.89,77.0,WSW,3.22,4.51,1021.0,0.0,0.0,0.0,18.1,IMELBO1849.csv
2023/02/12,07:14 AM,16.0,12.0,77.0,WSW,3.54,5.31,1021.33,0.0,0.0,0.0,25.9,IMELBO1849.csv
2023/02/12,07:19 AM,16.17,12.11,77.0,WSW,3.54,4.83,1021.33,0.0,0.0,0.0,29.0,IMELBO1849.csv
2023/02/12,07:24 AM,16.33,12.17,76.0,SW,3.86,5.63,1021.33,0.0,0.0,0.0,30.7,IMELBO1849.csv
2023/02/12,07:29 AM,16.39,12.22,76.0,WSW,2.74,4.18,1021.33,0.0,0.0,0.0,29.0,IMELBO1849.csv
2023/02/12,07:34 AM,16.39,12.22,76.0,SW,3.06,4.34,1021.33,0.0,0.0,0.0,25.9,IMELBO1849.csv
2023/02/12,07:39 AM,16.44,12.22,76.0,SW,4.02,6.28,1021.33,0.0,0.0,0.0,27.3,IMELBO1849.csv
2023/02/12,07:44 AM,16.5,12.17,76.0,WSW,3.54,6.11,1021.67,0.0,0.0,0.0,30.7,IMELBO1849.csv
2023/02/12,07:49 AM,16.61,12.22,75.0,WSW,4.02,6.44,1021.67,0.0,0.0,0.0,40.2,IMELBO1849.csv
2023/02/12,07:54 AM,16.67,12.28,75.0,SW,5.31,7.56,1021.67,0.0,0.0,0.0,42.9,IMELBO1849.csv
2023/02/12,07:59 AM,16.72,12.28,75.0,SW,5.79,9.49,1021.67,0.0,0.0,0.0,50.3,IMELBO1849.csv
2023/02/12,08:04 AM,16.72,12.28,75.0,West,3.22,4.67,1022.01,0.0,0.0,0.0,52.8,IMELBO1849.csv
2023/02/12,08:09 AM,16.78,12.39,75.0,WSW,3.38,5.15,1022.01,0.0,0.0,0.0,61.5,IMELBO1849.csv
2023/02/12,08:14 AM,16.83,12.44,75.0,WSW,4.02,6.28,1022.01,0.0,0.0,0.0,74.5,IMELBO1849.csv
2023/02/12,08:19 AM,16.83,12.44,75.0,WSW,3.86,5.63,1022.01,0.0,0.0,0.0,83.7,IMELBO1849.csv
2023/02/12,08:24 AM,16.89,12.5,75.0,SW,4.51,7.24,1022.01,0.0,0.0,1.0,103.1,IMELBO1849.csv
2023/02/12,08:29 AM,16.89,12.5,75.0,SW,6.11,9.01,1022.01,0.0,0.0,1.0,126.6,IMELBO1849.csv
2023/02/12,08:34 AM,17.0,12.56,75.0,WSW,4.51,6.6,1022.01,0.0,0.0,1.0,129.7,IMELBO1849.csv
2023/02/12,08:39 AM,17.28,12.72,75.0,WSW,3.54,5.47,1022.35,0.0,0.0,1.0,130.0,IMELBO1849.csv
2023/02/12,08:44 AM,17.44,12.72,74.0,WSW,6.11,8.85,1022.35,0.0,0.0,1.0,153.0,IMELBO1849.csv
2023/02/12,08:49 AM,17.5,12.61,73.0,WSW,6.6,9.65,1022.35,0.0,0.0,1.0,146.2,IMELBO1849.csv
2023/02/12,08:54 AM,17.72,12.72,73.0,SW,7.4,10.14,1022.35,0.0,0.0,1.0,143.5,IMELBO1849.csv
2023/02/12,08:59 AM,17.72,12.67,72.0,SW,7.56,10.14,1022.69,0.0,0.0,1.0,156.9,IMELBO1849.csv
2023/02/12,09:04 AM,17.72,12.56,72.0,SW,9.01,12.55,1022.69,0.0,0.0,1.0,183.5,IMELBO1849.csv
2023/02/12,09:09 AM,17.72,12.33,71.0,SW,10.78,14.48,1022.69,0.0,0.0,1.0,188.6,IMELBO1849.csv
2023/02/12,09:14 AM,17.78,12.5,71.0,SW,10.14,13.19,1022.69,0.0,0.0,2.0,255.4,IMELBO1849.csv
2023/02/12,09:19 AM,17.89,12.39,70.0,SW,9.01,12.23,1022.69,0.0,0.0,2.0,236.4,IMELBO1849.csv
2023/02/12,09:24 AM,18.06,12.44,70.0,SW,7.88,10.46,1022.69,0.0,0.0,2.0,273.7,IMELBO1849.csv
2023/02/12,09:29 AM,18.22,12.5,69.0,SW,7.88,11.42,1022.69,0.0,0.0,2.0,215.9,IMELBO1849.csv
2023/02/12,09:34 AM,17.89,12.78,72.0,SW,8.37,11.26,1023.03,0.0,0.0,2.0,222.0,IMELBO1849.csv
2023/02/12,09:39 AM,17.83,12.78,72.0,SSW,9.01,13.03,1023.03,0.0,0.0,2.0,232.4,IMELBO1849.csv
2023/02/12,09:44 AM,17.78,12.72,72.0,SW,8.53,11.58,1023.37,0.0,0.0,2.0,213.4,IMELBO1849.csv
2023/02/12,09:49 AM,17.83,12.39,70.0,SW,7.24,9.65,1023.37,0.0,0.0,2.0,225.9,IMELBO1849.csv
2023/02/12,09:54 AM,18.22,12.33,69.0,SW,4.51,6.11,1023.37,0.0,0.0,2.0,268.9,IMELBO1849.csv
2023/02/12,09:59 AM,18.67,12.28,67.0,WSW,4.51,6.6,1023.03,0.0,0.0,3.0,356.1,IMELBO1849.csv
2023/02/12,10:04 AM,18.94,12.61,67.0,West,4.99,8.21,1023.37,0.0,0.0,4.0,409.0,IMELBO1849.csv
2023/02/12,10:09 AM,19.28,12.44,65.0,WSW,6.11,8.85,1023.37,0.0,0.0,5.0,573.0,IMELBO1849.csv
2023/02/12,10:14 AM,19.44,12.56,64.0,WSW,5.79,8.04,1023.03,0.0,0.0,5.0,604.2,IMELBO1849.csv
2023/02/12,10:19 AM,19.89,12.94,64.0,West,5.31,8.37,1023.37,0.0,0.0,6.0,629.4,IMELBO1849.csv
2023/02/12,10:24 AM,20.39,13.06,63.0,WSW,4.51,5.95,1023.37,0.0,0.0,6.0,659.8,IMELBO1849.csv
2023/02/12,10:29 AM,20.61,12.61,60.0,WSW,6.92,10.46,1023.37,0.0,0.0,6.0,685.8,IMELBO1849.csv
2023/02/12,10:34 AM,20.78,12.56,59.0,WSW,10.62,16.41,1023.37,0.0,0.0,5.0,519.2,IMELBO1849.csv
2023/02/12,10:39 AM,20.5,12.0,58.0,WSW,9.49,14.48,1023.37,0.0,0.0,7.0,770.3,IMELBO1849.csv
2023/02/12,10:44 AM,20.72,11.72,56.0,SW,9.17,14.0,1023.37,0.0,0.0,7.0,750.4,IMELBO1849.csv
2023/02/12,10:49 AM,20.61,11.83,57.0,SW,6.92,9.17,1023.37,0.0,0.0,7.0,748.3,IMELBO1849.csv
2023/02/12,10:54 AM,20.22,11.56,57.0,SW,11.1,15.12,1023.37,0.0,0.0,2.0,204.3,IMELBO1849.csv
2023/02/12,10:59 AM,19.78,12.0,61.0,SSW,13.35,18.66,1023.37,0.0,0.0,1.0,176.9,IMELBO1849.csv
2023/02/12,11:04 AM,19.22,12.89,67.0,SW,11.58,15.61,1023.37,0.0,0.0,1.0,187.8,IMELBO1849.csv
2023/02/12,11:09 AM,18.94,13.0,68.0,SW,10.78,14.8,1023.71,0.0,0.0,1.0,186.1,IMELBO1849.csv
2023/02/12,11:14 AM,18.67,12.94,70.0,SW,11.75,16.25,1023.71,0.0,0.0,2.0,217.8,IMELBO1849.csv
2023/02/12,11:19 AM,18.56,12.61,68.0,SSW,8.69,12.07,1023.71,0.0,0.0,2.0,246.4,IMELBO1849.csv
2023/02/12,11:24 AM,19.0,12.39,66.0,SW,9.98,13.52,1024.04,0.0,0.0,2.0,236.8,IMELBO1849.csv
2023/02/12,11:29 AM,18.89,12.56,67.0,SW,12.07,17.06,1024.04,0.0,0.0,2.0,234.6,IMELBO1849.csv
2023/02/12,11:34 AM,18.5,12.61,69.0,SSW,12.55,18.18,1024.04,0.0,0.0,8.0,852.4,IMELBO1849.csv
2023/02/12,11:39 AM,18.78,12.39,67.0,SSW,11.91,17.54,1024.04,0.0,0.0,8.0,842.4,IMELBO1849.csv
2023/02/12,11:44 AM,19.44,12.56,64.0,SSW,9.01,12.71,1024.04,0.0,0.0,8.0,849.8,IMELBO1849.csv
2023/02/12,11:49 AM,20.06,12.56,62.0,SSW,11.42,15.93,1024.04,0.0,0.0,7.0,812.9,IMELBO1849.csv
2023/02/12,11:54 AM,20.11,12.61,62.0,SSW,9.33,13.52,1024.04,0.0,0.0,7.0,761.3,IMELBO1849.csv
2023/02/12,11:59 AM,20.22,12.72,62.0,SSW,9.33,14.16,1024.04,0.0,0.0,7.0,787.7,IMELBO1849.csv
2023/02/12,12:04 PM,19.83,12.11,61.0,SSW,13.19,18.5,1024.04,0.0,0.0,7.0,745.6,IMELBO1849.csv
2023/02/12,12:09 PM,20.17,12.06,60.0,South,11.26,15.12,1023.71,0.0,0.0,7.0,753.1,IMELBO1849.csv
2023/02/12,12:14 PM,20.56,12.17,59.0,SSW,13.19,18.66,1023.71,0.0,0.0,7.0,784.3,IMELBO1849.csv
2023/02/12,12:19 PM,20.39,12.0,59.0,SSW,10.62,14.48,1024.04,0.0,0.0,8.0,913.1,IMELBO1849.csv
2023/02/12,12:24 PM,20.56,12.0,58.0,SW,12.07,17.38,1024.04,0.0,0.0,7.0,790.3,IMELBO1849.csv
2023/02/12,12:29 PM,19.61,11.67,60.0,SSW,10.78,14.32,1024.04,0.0,0.0,8.0,923.2,IMELBO1849.csv
2023/02/12,12:34 PM,20.28,11.67,58.0,SSW,11.1,16.09,1024.04,0.0,0.0,9.0,993.9,IMELBO1849.csv
2023/02/12,12:39 PM,20.22,11.44,57.0,SW,10.78,14.8,1024.04,0.0,0.0,5.0,570.0,IMELBO1849.csv
2023/02/12,12:44 PM,20.17,11.28,57.0,SW,10.78,15.12,1024.38,0.0,0.0,3.0,324.0,IMELBO1849.csv
2023/02/12,12:49 PM,20.0,11.17,57.0,SW,8.85,12.55,1024.38,0.0,0.0,3.0,307.5,IMELBO1849.csv
2023/02/12,12:54 PM,19.94,11.17,57.0,SSW,9.33,13.03,1024.38,0.0,0.0,4.0,455.8,IMELBO1849.csv
2023/02/12,12:59 PM,19.89,11.0,56.0,SW,9.65,13.19,1024.04,0.0,0.0,10.0,1044.6,IMELBO1849.csv
2023/02/12,01:04 PM,20.33,11.11,55.0,South,11.1,14.8,1024.04,0.0,0.0,4.0,497.0,IMELBO1849.csv
2023/02/12,01:09 PM,20.0,10.78,55.0,SW,9.98,14.0,1024.38,0.0,0.0,9.0,968.2,IMELBO1849.csv
2023/02/12,01:14 PM,20.0,10.89,56.0,SSW,12.07,16.09,1024.38,0.0,0.0,6.0,665.0,IMELBO1849.csv
2023/02/12,01:19 PM,20.06,10.67,55.0,SW,9.17,12.55,1024.38,0.0,0.0,8.0,899.3,IMELBO1849.csv
2023/02/12,01:24 PM,20.33,10.61,54.0,SSW,9.98,13.35,1024.38,0.0,0.0,6.0,664.5,IMELBO1849.csv
2023/02/12,01:29 PM,20.22,10.33,53.0,SW,9.49,13.68,1024.04,0.0,0.0,9.0,1024.2,IMELBO1849.csv
2023/02/12,01:34 PM,20.33,10.39,53.0,SW,13.84,18.02,1024.38,0.0,0.0,9.0,1009.4,IMELBO1849.csv
2023/02/12,01:39 PM,20.5,10.39,52.0,South,8.37,12.23,1024.38,0.0,0.0,9.0,983.0,IMELBO1849.csv
2023/02/12,01:44 PM,21.33,10.83,51.0,South,9.17,12.87,1024.38,0.0,0.0,9.0,1007.3,IMELBO1849.csv
2023/02/12,01:49 PM,20.56,10.39,52.0,SW,13.52,17.54,1024.38,0.0,0.0,10.0,1046.3,IMELBO1849.csv
2023/02/12,01:54 PM,20.33,10.11,52.0,SW,8.04,12.07,1024.04,0.0,0.0,9.0,958.6,IMELBO1849.csv
2023/02/12,01:59 PM,20.78,10.22,51.0,SW,9.01,12.71,1024.38,0.0,0.0,4.0,505.4,IMELBO1849.csv
2023/02/12,02:04 PM,20.33,10.0,52.0,SW,12.55,17.86,1024.38,0.0,0.0,9.0,961.3,IMELBO1849.csv
2023/02/12,02:09 PM,20.39,9.83,51.0,SSW,8.37,12.23,1024.38,0.0,0.0,9.0,970.0,IMELBO1849.csv
2023/02/12,02:14 PM,21.17,10.17,49.0,SW,9.49,13.84,1024.38,0.0,0.0,8.0,910.5,IMELBO1849.csv
2023/02/12,02:19 PM,21.17,10.11,49.0,SSW,11.1,16.57,1024.38,0.0,0.0,9.0,949.9,IMELBO1849.csv
2023/02/12,02:24 PM,21.22,10.06,49.0,SW,9.81,13.19,1024.38,0.0,0.0,8.0,924.4,IMELBO1849.csv
2023/02/12,02:29 PM,21.17,9.94,49.0,SSW,7.72,11.1,1024.38,0.0,0.0,9.0,984.7,IMELBO1849.csv
2023/02/12,02:34 PM,21.22,10.06,49.0,SSW,12.23,16.41,1024.38,0.0,0.0,9.0,984.3,IMELBO1849.csv
2023/02/12,02:39 PM,20.83,9.89,49.0,SSW,11.26,15.61,1024.38,0.0,0.0,9.0,969.5,IMELBO1849.csv
2023/02/12,02:44 PM,21.33,10.06,48.0,SW,13.03,18.5,1024.38,0.0,0.0,9.0,966.5,IMELBO1849.csv
2023/02/12,02:49 PM,20.89,9.72,49.0,SW,10.94,15.61,1024.38,0.0,0.0,9.0,948.2,IMELBO1849.csv
2023/02/12,02:54 PM,21.11,9.94,49.0,SW,9.65,13.68,1024.38,0.0,0.0,9.0,993.0,IMELBO1849.csv
2023/02/12,02:59 PM,21.0,10.06,50.0,South,10.62,15.61,1024.38,0.0,0.0,9.0,990.3,IMELBO1849.csv
2023/02/12,03:04 PM,21.11,10.11,49.0,South,14.16,20.76,1024.38,0.0,0.0,9.0,1017.7,IMELBO1849.csv
2023/02/12,03:09 PM,20.89,10.06,50.0,SSW,12.55,16.73,1024.38,0.0,0.0,9.0,956.0,IMELBO1849.csv
2023/02/12,03:14 PM,20.5,10.0,51.0,SSW,10.3,13.84,1024.38,0.0,0.0,9.0,943.5,IMELBO1849.csv
2023/02/12,03:19 PM,20.5,10.0,51.0,South,9.17,13.68,1024.38,0.0,0.0,9.0,942.2,IMELBO1849.csv
2023/02/12,03:24 PM,20.61,10.06,51.0,SW,16.41,22.85,1024.38,0.0,0.0,9.0,974.8,IMELBO1849.csv
2023/02/12,03:29 PM,20.67,10.06,51.0,SSW,10.94,15.61,1024.38,0.0,0.0,5.0,527.9,IMELBO1849.csv
2023/02/12,03:34 PM,20.28,10.06,52.0,SSW,11.58,16.57,1024.38,0.0,0.0,5.0,513.6,IMELBO1849.csv
2023/02/12,03:39 PM,20.11,9.89,52.0,SW,14.8,19.95,1024.38,0.0,0.0,8.0,894.0,IMELBO1849.csv
2023/02/12,03:44 PM,20.0,9.94,52.0,SW,13.19,17.22,1024.38,0.0,0.0,4.0,466.7,IMELBO1849.csv
2023/02/12,03:49 PM,19.61,9.78,53.0,SW,11.1,14.32,1024.38,0.0,0.0,3.0,320.1,IMELBO1849.csv
2023/02/12,03:54 PM,19.61,9.83,53.0,SSW,14.16,18.99,1024.38,0.0,0.0,3.0,350.9,IMELBO1849.csv
2023/02/12,03:59 PM,19.56,10.11,54.0,SSW,10.78,16.25,1024.38,0.0,0.0,2.0,303.6,IMELBO1849.csv
2023/02/12,04:04 PM,19.5,10.28,55.0,SSW,13.03,18.34,1024.72,0.0,0.0,7.0,731.8,IMELBO1849.csv
2023/02/12,04:09 PM,19.44,10.28,55.0,SW,10.94,15.77,1024.72,0.0,0.0,9.0,976.8,IMELBO1849.csv
2023/02/12,04:14 PM,19.39,10.28,56.0,SSW,14.8,20.43,1025.06,0.0,0.0,6.0,692.8,IMELBO1849.csv
2023/02/12,04:19 PM,19.22,9.94,55.0,SSW,12.87,17.54,1025.06,0.0,0.0,6.0,661.5,IMELBO1849.csv
2023/02/12,04:24 PM,19.06,10.0,56.0,SSW,13.84,18.83,1025.06,0.0,0.0,9.0,934.8,IMELBO1849.csv
2023/02/12,04:29 PM,19.39,10.11,55.0,SSW,10.14,14.48,1024.72,0.0,0.0,9.0,938.3,IMELBO1849.csv
2023/02/12,04:34 PM,19.78,10.5,55.0,SSW,8.85,12.55,1024.72,0.0,0.0,8.0,875.0,IMELBO1849.csv
2023/02/12,04:39 PM,19.39,10.28,56.0,SSW,10.14,14.16,1024.72,0.0,0.0,6.0,669.3,IMELBO1849.csv
2023/02/12,04:44 PM,19.28,10.06,55.0,SW,12.23,17.54,1024.72,0.0,0.0,3.0,357.3,IMELBO1849.csv
2023/02/12,04:49 PM,19.17,9.89,55.0,SSW,14.32,20.27,1024.72,0.0,0.0,7.0,750.4,IMELBO1849.csv
2023/02/12,04:54 PM,19.17,9.67,54.0,SW,13.68,19.31,1024.72,0.0,0.0,7.0,770.3,IMELBO1849.csv
2023/02/12,04:59 PM,18.94,9.61,55.0,SW,10.94,14.8,1025.06,0.0,0.0,2.0,229.0,IMELBO1849.csv
2023/02/12,05:04 PM,18.89,9.5,54.0,SSW,10.46,15.45,1025.06,0.0,0.0,4.0,421.2,IMELBO1849.csv
2023/02/12,05:09 PM,18.94,9.67,55.0,SSW,9.81,13.68,1025.06,0.0,0.0,6.0,650.7,IMELBO1849.csv
2023/02/12,05:14 PM,18.89,9.78,55.0,SSW,10.62,14.96,1025.06,0.0,0.0,7.0,720.9,IMELBO1849.csv
2023/02/12,05:19 PM,18.83,9.94,56.0,SSW,12.07,16.89,1025.06,0.0,0.0,2.0,245.9,IMELBO1849.csv
2023/02/12,05:24 PM,18.56,9.72,56.0,SSW,13.19,17.7,1025.4,0.0,0.0,4.0,447.3,IMELBO1849.csv
2023/02/12,05:29 PM,18.67,9.89,57.0,SSW,10.94,15.77,1025.4,0.0,0.0,6.0,684.5,IMELBO1849.csv
2023/02/12,05:34 PM,19.11,10.17,56.0,SSE,8.37,12.39,1025.4,0.0,0.0,5.0,577.8,IMELBO1849.csv
2023/02/12,05:39 PM,19.22,10.28,56.0,SSW,9.49,14.48,1025.4,0.0,0.0,1.0,186.1,IMELBO1849.csv
2023/02/12,05:44 PM,18.39,10.0,58.0,SW,11.26,14.64,1025.4,0.0,0.0,1.0,173.8,IMELBO1849.csv
2023/02/12,05:49 PM,18.22,9.72,58.0,SSW,8.04,11.58,1025.4,0.0,0.0,2.0,278.4,IMELBO1849.csv
2023/02/12,05:54 PM,18.44,9.72,57.0,SSW,9.49,13.03,1025.4,0.0,0.0,3.0,381.7,IMELBO1849.csv
2023/02/12,05:59 PM,18.39,9.22,55.0,South,9.49,15.12,1025.4,0.0,0.0,4.0,471.5,IMELBO1849.csv
2023/02/12,06:04 PM,18.78,9.61,55.0,South,8.37,11.91,1025.4,0.0,0.0,4.0,427.7,IMELBO1849.csv
2023/02/12,06:09 PM,18.72,9.89,57.0,South,8.53,13.35,1025.4,0.0,0.0,3.0,376.1,IMELBO1849.csv
2023/02/12,06:14 PM,18.44,9.94,58.0,SSW,10.3,15.29,1025.4,0.0,0.0,3.0,394.7,IMELBO1849.csv
2023/02/12,06:19 PM,18.61,10.28,58.0,SSW,9.98,14.96,1025.4,0.0,0.0,3.0,340.5,IMELBO1849.csv
2023/02/12,06:24 PM,18.11,10.11,60.0,South,10.46,15.12,1025.4,0.0,0.0,1.0,133.6,IMELBO1849.csv
2023/02/12,06:29 PM,17.67,10.0,61.0,SSW,13.19,19.15,1025.74,0.0,0.0,1.0,117.4,IMELBO1849.csv
2023/02/12,06:34 PM,17.44,9.94,62.0,South,7.4,10.78,1025.74,0.0,0.0,1.0,137.5,IMELBO1849.csv
2023/02/12,06:39 PM,17.61,10.0,61.0,SSW,10.94,15.45,1025.74,0.0,0.0,1.0,117.9,IMELBO1849.csv
2023/02/12,06:44 PM,17.5,9.89,61.0,South,10.94,15.29,1025.74,0.0,0.0,2.0,203.8,IMELBO1849.csv
2023/02/12,06:49 PM,17.33,10.0,62.0,SSW,9.01,12.71,1026.08,0.0,0.0,1.0,104.1,IMELBO1849.csv
2023/02/12,06:54 PM,17.22,10.0,63.0,South,10.14,14.8,1026.08,0.0,0.0,0.0,79.3,IMELBO1849.csv
2023/02/12,06:59 PM,17.11,9.78,62.0,SSW,9.98,14.48,1026.08,0.0,0.0,0.0,82.8,IMELBO1849.csv
2023/02/12,07:04 PM,17.17,9.83,62.0,SSE,9.33,13.52,1026.08,0.0,0.0,0.0,86.2,IMELBO1849.csv
2023/02/12,07:09 PM,17.0,9.78,63.0,South,8.04,11.91,1026.08,0.0,0.0,0.0,66.3,IMELBO1849.csv
2023/02/12,07:14 PM,16.89,9.78,63.0,SSW,10.3,14.8,1026.08,0.0,0.0,0.0,50.7,IMELBO1849.csv
2023/02/12,07:19 PM,16.83,9.61,62.0,SSW,8.37,12.71,1026.08,0.0,0.0,0.0,48.1,IMELBO1849.csv
2023/02/12,07:24 PM,16.89,9.61,62.0,South,9.65,14.16,1026.08,0.0,0.0,0.0,44.2,IMELBO1849.csv
2023/02/12,07:29 PM,16.78,9.44,62.0,SSW,10.94,15.12,1026.41,0.0,0.0,0.0,38.5,IMELBO1849.csv
2023/02/12,07:34 PM,16.72,9.44,62.0,SSW,9.65,13.35,1026.08,0.0,0.0,0.0,42.9,IMELBO1849.csv
2023/02/12,07:39 PM,16.83,9.28,61.0,SSW,10.14,15.12,1026.08,0.0,0.0,0.0,45.0,IMELBO1849.csv
2023/02/12,07:44 PM,16.78,9.11,61.0,SSW,11.75,15.93,1026.41,0.0,0.0,0.0,36.3,IMELBO1849.csv
2023/02/12,07:49 PM,16.72,9.17,61.0,SSW,9.81,14.0,1026.41,0.0,0.0,0.0,36.3,IMELBO1849.csv
2023/02/12,07:54 PM,16.72,9.17,61.0,SSW,8.53,12.71,1026.41,0.0,0.0,0.0,25.6,IMELBO1849.csv
2023/02/12,07:59 PM,16.56,9.28,62.0,SSW,11.1,15.29,1026.41,0.0,0.0,0.0,21.7,IMELBO1849.csv
2023/02/12,08:04 PM,16.44,9.39,63.0,SSW,8.37,11.75,1026.41,0.0,0.0,0.0,16.9,IMELBO1849.csv
2023/02/12,08:09 PM,16.5,9.28,62.0,SSW,7.88,11.1,1026.41,0.0,0.0,0.0,13.8,IMELBO1849.csv
2023/02/12,08:14 PM,16.28,9.33,63.0,SSW,8.04,11.58,1026.41,0.0,0.0,0.0,8.6,IMELBO1849.csv
2023/02/12,08:19 PM,16.22,9.44,64.0,South,8.04,11.26,1026.41,0.0,0.0,0.0,5.1,IMELBO1849.csv
2023/02/12,08:24 PM,16.11,9.28,64.0,SW,8.21,12.07,1026.75,0.0,0.0,0.0,2.9,IMELBO1849.csv
2023/02/12,08:29 PM,16.11,9.28,64.0,SSW,7.56,10.78,1026.75,0.0,0.0,0.0,1.2,IMELBO1849.csv
2023/02/12,08:34 PM,16.11,9.28,64.0,SSW,8.04,11.1,1026.75,0.0,0.0,0.0,0.0,IMELBO1849.csv
2023/02/12,08:39 PM,16.06,9.39,65.0,SSW,10.62,14.64,1026.41,0.0,0.0,0.0,0.0,IMELBO1849.csv
2023/02/12,08:44 PM,16.0,9.61,66.0,SW,7.88,11.1,1026.75,0.0,0.0,0.0,0.0,IMELBO1849.csv
2023/02/12,08:49 PM,15.89,9.67,66.0,SSW,8.69,12.55,1026.75,0.0,0.0,0.0,0.0,IMELBO1849.csv
2023/02/12,08:54 PM,15.78,9.67,67.0,SSW,7.4,10.14,1026.75,0.0,0.0,0.0,0.0,IMELBO1849.csv
2023/02/12,08:59 PM,15.72,9.61,67.0,SSW,6.44,8.85,1026.75,0.0,0.0,0.0,0.0,IMELBO1849.csv
2023/02/12,09:04 PM,15.61,9.5,67.0,SSW,7.24,9.65,1026.75,0.0,0.0,0.0,0.0,IMELBO1849.csv
2023/02/12,09:09 PM,15.61,9.67,68.0,SSW,7.08,9.49,1026.75,0.0,0.0,0.0,0.0,IMELBO1849.csv
2023/02/12,09:14 PM,15.61,9.72,68.0,SSW,6.92,10.14,1026.75,0.0,0.0,0.0,0.0,IMELBO1849.csv
2023/02/12,09:19 PM,15.67,9.61,67.0,SW,8.85,12.39,1026.75,0.0,0.0,0.0,0.0,IMELBO1849.csv
2023/02/12,09:24 PM,15.72,9.78,68.0,SSW,8.69,11.26,1026.75,0.0,0.0,0.0,0.0,IMELBO1849.csv
2023/02/12,09:29 PM,15.56,10.0,69.0,SSW,7.88,10.78,1026.75,0.0,0.0,0.0,0.0,IMELBO1849.csv
2023/02/12,09:34 PM,15.39,10.0,70.0,SSW,6.28,9.01,1026.75,0.0,0.0,0.0,0.0,IMELBO1849.csv
2023/02/12,09:39 PM,15.39,10.17,71.0,SSW,7.88,11.26,1026.75,0.0,0.0,0.0,0.0,IMELBO1849.csv
2023/02/12,09:44 PM,15.44,9.89,69.0,SW,10.3,14.16,1027.09,0.0,0.0,0.0,0.0,IMELBO1849.csv
2023/02/12,09:49 PM,15.56,9.83,69.0,SW,7.56,10.46,1027.09,0.0,0.0,0.0,0.0,IMELBO1849.csv
2023/02/12,09:54 PM,15.61,9.89,69.0,SSW,7.88,11.1,1027.09,0.0,0.0,0.0,0.0,IMELBO1849.csv
2023/02/12,09:59 PM,15.61,10.17,70.0,SSW,9.33,12.71,1027.09,0.0,0.0,0.0,0.0,IMELBO1849.csv
2023/02/12,10:04 PM,15.61,10.22,70.0,SSW,5.79,7.56,1027.09,0.0,0.0,0.0,0.0,IMELBO1849.csv
2023/02/12,10:09 PM,15.72,10.28,70.0,SW,8.37,11.1,1027.09,0.0,0.0,0.0,0.0,IMELBO1849.csv
2023/02/12,10:14 PM,15.61,10.33,71.0,SW,8.85,11.42,1026.75,0.0,0.0,0.0,0.0,IMELBO1849.csv
2023/02/12,10:19 PM,15.61,10.39,71.0,SW,9.49,12.87,1027.09,0.0,0.0,0.0,0.0,IMELBO1849.csv
2023/02/12,10:24 PM,15.61,10.39,71.0,SW,9.01,12.55,1027.09,0.0,0.0,0.0,0.0,IMELBO1849.csv
2023/02/12,10:29 PM,15.61,10.44,71.0,SW,10.3,13.68,1027.09,0.0,0.0,0.0,0.0,IMELBO1849.csv
2023/02/12,10:34 PM,15.44,10.44,72.0,SW,9.01,11.75,1027.09,0.0,0.0,0.0,0.0,IMELBO1849.csv
2023/02/12,10:39 PM,15.33,10.33,72.0,SW,8.21,11.26,1027.09,0.0,0.0,0.0,0.0,IMELBO1849.csv
2023/02/12,10:44 PM,15.28,10.28,72.0,SSW,8.85,12.55,1027.09,0.0,0.0,0.0,0.0,IMELBO1849.csv
2023/02/12,10:49 PM,15.28,10.28,72.0,SSW,6.44,9.17,1027.09,0.0,0.0,0.0,0.0,IMELBO1849.csv
2023/02/12,10:54 PM,15.39,10.22,71.0,SSW,8.85,11.26,1027.09,0.0,0.0,0.0,0.0,IMELBO1849.csv
2023/02/12,10:59 PM,15.39,10.0,70.0,SW,5.95,8.69,1027.09,0.0,0.0,0.0,0.0,IMELBO1849.csv
2023/02/12,11:04 PM,15.5,9.67,68.0,SW,10.62,13.68,1027.09,0.0,0.0,0.0,0.0,IMELBO1849.csv
2023/02/12,11:09 PM,15.56,9.44,67.0,SSW,9.49,12.55,1027.09,0.0,0.0,0.0,0.0,IMELBO1849.csv
2023/02/12,11:14 PM,15.5,9.39,67.0,SSW,10.3,14.48,1027.09,0.0,0.0,0.0,0.0,IMELBO1849.csv
2023/02/12,11:19 PM,15.5,9.39,67.0,SSW,6.76,10.62,1027.09,0.0,0.0,0.0,0.0,IMELBO1849.csv
2023/02/12,11:24 PM,15.44,9.22,67.0,SW,10.3,14.0,1027.09,0.0,0.0,0.0,0.0,IMELBO1849.csv
2023/02/12,11:29 PM,15.39,9.11,66.0,SW,9.01,11.91,1027.09,0.0,0.0,0.0,0.0,IMELBO1849.csv
2023/02/12,11:34 PM,15.39,9.11,66.0,SW,8.21,10.94,1027.09,0.0,0.0,0.0,0.0,IMELBO1849.csv
2023/02/12,11:39 PM,15.33,9.06,66.0,SSW,8.85,11.91,1027.09,0.0,0.0,0.0,0.0,IMELBO1849.csv
2023/02/12,11:44 PM,15.28,9.0,66.0,SW,6.92,9.81,1027.09,0.0,0.0,0.0,0.0,IMELBO1849.csv
2023/02/12,11:49 PM,15.28,9.0,66.0,SSW,7.4,10.3,1027.09,0.0,0.0,0.0,0.0,IMELBO1849.csv
2023/02/12,11:54 PM,15.33,9.0,66.0,SW,6.11,8.37,1027.09,0.0,0.0,0.0,0.0,IMELBO1849.csv
2023/02/12,11:59 PM,15.33,8.83,65.0,SSW,8.69,12.07,1026.75,0.0,0.0,0.0,0.0,IMELBO1849.csv
2023/02/13,12:04 AM,15.39,8.67,64.0,SSW,7.08,9.81,1026.75,0.0,0.0,0.0,0.0,IMELBO1849.csv
2023/02/13,12:09 AM,15.33,8.39,63.0,SW,5.31,7.24,1026.75,0.0,0.0,0.0,0.0,IMELBO1849.csv
2023/02/13,12:14 AM,15.22,8.17,63.0,SW,7.56,10.3,1026.75,0.0,0.0,0.0,0.0,IMELBO1849.csv
2023/02/13,12:19 AM,15.17,7.94,62.0,SW,6.11,8.21,1026.75,0.0,0.0,0.0,0.0,IMELBO1849.csv
2023/02/13,12:24 AM,15.11,7.89,62.0,SW,6.44,9.01,1026.75,0.0,0.0,0.0,0.0,IMELBO1849.csv
2023/02/13,12:29 AM,15.11,7.89,62.0,SW,5.15,6.92,1026.75,0.0,0.0,0.0,0.0,IMELBO1849.csv
2023/02/13,12:34 AM,15.22,8.0,62.0,SW,4.99,7.08,1026.75,0.0,0.0,0.0,0.0,IMELBO1849.csv
2023/02/13,12:39 AM,15.22,8.0,62.0,SW,4.02,5.95,1026.75,0.0,0.0,0.0,0.0,IMELBO1849.csv
2023/02/13,12:44 AM,15.22,8.0,62.0,SW,6.11,8.21,1026.75,0.0,0.0,0.0,0.0,IMELBO1849.csv
2023/02/13,12:49 AM,15.28,8.11,62.0,SSW,7.4,9.33,1026.75,0.0,0.0,0.0,0.0,IMELBO1849.csv
2023/02/13,12:54 AM,15.28,7.94,62.0,SW,8.69,11.1,1026.41,0.0,0.0,0.0,0.0,IMELBO1849.csv
2023/02/13,12:59 AM,15.28,7.78,61.0,SW,8.04,10.78,1026.41,0.0,0.0,0.0,0.0,IMELBO1849.csv
2023/02/13,01:04 AM,15.28,7.78,61.0,SW,9.81,12.23,1026.41,0.0,0.0,0.0,0.0,IMELBO1849.csv
2023/02/13,01:09 AM,15.22,7.72,61.0,SW,5.95,7.88,1026.41,0.0,0.0,0.0,0.0,IMELBO1849.csv
2023/02/13,01:14 AM,15.22,7.72,61.0,SW,5.95,7.72,1026.41,0.0,0.0,0.0,0.0,IMELBO1849.csv
2023/02/13,01:19 AM,15.22,7.56,60.0,SW,5.79,8.04,1026.08,0.0,0.0,0.0,0.0,IMELBO1849.csv
2023/02/13,01:24 AM,15.22,7.5,60.0,SW,5.79,8.04,1026.08,0.0,0.0,0.0,0.0,IMELBO1849.csv
2023/02/13,01:29 AM,15.22,7.5,60.0,SW,3.7,5.15,1026.08,0.0,0.0,0.0,0.0,IMELBO1849.csv
2023/02/13,01:34 AM,15.22,7.5,60.0,SW,4.99,6.44,1026.41,0.0,0.0,0.0,0.0,IMELBO1849.csv
2023/02/13,01:39 AM,15.22,7.61,61.0,SW,5.15,6.92,1026.08,0.0,0.0,0.0,0.0,IMELBO1849.csv
2023/02/13,01:44 AM,15.28,7.78,61.0,SW,4.99,6.76,1026.08,0.0,0.0,0.0,0.0,IMELBO1849.csv
2023/02/13,01:49 AM,15.28,7.89,61.0,SW,6.6,8.37,1026.08,0.0,0.0,0.0,0.0,IMELBO1849.csv
2023/02/13,01:54 AM,15.28,8.11,62.0,SW,6.92,8.69,1026.08,0.0,0.0,0.0,0.0,IMELBO1849.csv
2023/02/13,01:59 AM,15.28,8.28,63.0,SW,7.08,9.33,1026.08,0.0,0.0,0.0,0.0,IMELBO1849.csv
2023/02/13,02:04 AM,15.28,8.28,63.0,SW,7.4,9.81,1026.08,0.0,0.0,0.0,0.0,IMELBO1849.csv
2023/02/13,02:09 AM,15.22,8.22,63.0,SW,7.24,9.65,1026.08,0.0,0.0,0.0,0.0,IMELBO1849.csv
2023/02/13,02:14 AM,15.11,8.11,63.0,SW,7.72,10.3,1026.08,0.0,0.0,0.0,0.0,IMELBO1849.csv
2023/02/13,02:19 AM,15.06,7.89,62.0,SW,6.44,8.69,1026.08,0.0,0.0,0.0,0.0,IMELBO1849.csv
2023/02/13,02:24 AM,14.89,7.72,62.0,SW,4.51,5.79,1026.08,0.0,0.0,0.0,0.0,IMELBO1849.csv
2023/02/13,02:29 AM,14.56,7.83,64.0,SW,4.67,6.44,1026.08,0.0,0.0,0.0,0.0,IMELBO1849.csv
2023/02/13,02:34 AM,14.17,7.83,65.0,WSW,4.02,5.47,1026.08,0.0,0.0,0.0,0.0,IMELBO1849.csv
2023/02/13,02:39 AM,14.0,7.78,66.0,SW,3.86,4.83,1026.08,0.0,0.0,0.0,0.0,IMELBO1849.csv
2023/02/13,02:44 AM,13.83,7.83,67.0,SW,3.54,4.51,1025.74,0.0,0.0,0.0,0.0,IMELBO1849.csv
2023/02/13,02:49 AM,13.78,7.78,67.0,WSW,3.7,4.67,1025.74,0.0,0.0,0.0,0.0,IMELBO1849.csv
2023/02/13,02:54 AM,13.78,7.78,67.0,WSW,2.74,3.86,1025.74,0.0,0.0,0.0,0.0,IMELBO1849.csv
2023/02/13,02:59 AM,13.89,7.89,67.0,SW,2.09,3.22,1026.08,0.0,0.0,0.0,0.0,IMELBO1849.csv
2023/02/13,03:04 AM,13.89,7.94,67.0,WSW,1.61,2.25,1025.74,0.0,0.0,0.0,0.0,IMELBO1849.csv
2023/02/13,03:09 AM,13.94,8.17,68.0,SW,4.51,6.11,1025.4,0.0,0.0,0.0,0.0,IMELBO1849.csv
2023/02/13,03:14 AM,14.06,8.28,68.0,WSW,5.95,8.21,1025.74,0.0,0.0,0.0,0.0,IMELBO1849.csv
2023/02/13,03:19 AM,14.11,8.44,69.0,SW,5.63,8.04,1025.74,0.0,0.0,0.0,0.0,IMELBO1849.csv
2023/02/13,03:24 AM,14.11,8.5,69.0,SW,5.63,7.88,1025.74,0.0,0.0,0.0,0.0,IMELBO1849.csv
2023/02/13,03:29 AM,14.06,8.44,69.0,WSW,6.11,7.88,1025.74,0.0,0.0,0.0,0.0,IMELBO1849.csv
2023/02/13,03:34 AM,14.11,8.56,69.0,SW,5.79,7.88,1025.74,0.0,0.0,0.0,0.0,IMELBO1849.csv
2023/02/13,03:39 AM,14.11,8.72,70.0,SW,5.31,7.24,1025.74,0.0,0.0,0.0,0.0,IMELBO1849.csv
2023/02/13,03:44 AM,14.11,8.72,70.0,SW,6.11,8.37,1025.74,0.0,0.0,0.0,0.0,IMELBO1849.csv
2023/02/13,03:49 AM,14.11,8.72,70.0,WSW,4.83,7.08,1025.74,0.0,0.0,0.0,0.0,IMELBO1849.csv
2023/02/13,03:54 AM,14.06,8.78,71.0,WSW,4.18,5.47,1025.74,0.0,0.0,0.0,0.0,IMELBO1849.csv
2023/02/13,03:59 AM,14.0,8.78,71.0,WSW,4.18,5.47,1025.4,0.0,0.0,0.0,0.0,IMELBO1849.csv
2023/02/13,04:04 AM,14.0,8.78,71.0,WSW,4.67,6.44,1025.4,0.0,0.0,0.0,0.0,IMELBO1849.csv
2023/02/13,04:09 AM,14.06,8.83,71.0,SW,2.9,4.34,1025.74,0.0,0.0,0.0,0.0,IMELBO1849.csv
2023/02/13,04:14 AM,14.11,8.89,71.0,SW,4.02,6.28,1025.74,0.0,0.0,0.0,0.0,IMELBO1849.csv
2023/02/13,04:19 AM,14.06,8.83,71.0,SW,3.38,4.51,1025.4,0.0,0.0,0.0,0.0,IMELBO1849.csv
2023/02/13,04:24 AM,14.11,8.89,71.0,WSW,4.83,6.76,1025.74,0.0,0.0,0.0,0.0,IMELBO1849.csv
2023/02/13,04:29 AM,14.11,8.89,71.0,SW,5.79,8.37,1025.4,0.0,0.0,0.0,0.0,IMELBO1849.csv
2023/02/13,04:34 AM,14.11,9.0,72.0,SW,5.47,7.56,1025.74,0.0,0.0,0.0,0.0,IMELBO1849.csv
2023/02/13,04:39 AM,14.11,9.11,72.0,SW,4.99,6.76,1025.4,0.0,0.0,0.0,0.0,IMELBO1849.csv
2023/02/13,04:44 AM,14.11,9.11,72.0,SW,5.15,6.92,1025.4,0.0,0.0,0.0,0.0,IMELBO1849.csv
2023/02/13,04:49 AM,14.11,8.94,71.0,SW,5.63,7.56,1025.4,0.0,0.0,0.0,0.0,IMELBO1849.csv
2023/02/13,04:54 AM,14.17,8.94,71.0,SW,5.15,6.92,1025.4,0.0,0.0,0.0,0.0,IMELBO1849.csv
2023/02/13,04:59 AM,14.22,9.0,71.0,SW,4.34,5.95,1025.4,0.0,0.0,0.0,0.0,IMELBO1849.csv
2023/02/13,05:04 AM,14.22,8.94,71.0,SW,5.31,6.92,1025.4,0.0,0.0,0.0,0.0,IMELBO1849.csv
2023/02/13,05:09 AM,14.22,8.78,70.0,WSW,5.63,7.24,1025.74,0.0,0.0,0.0,0.0,IMELBO1849.csv
2023/02/13,05:14 AM,14.22,8.78,70.0,SW,4.99,6.76,1025.4,0.0,0.0,0.0,0.0,IMELBO1849.csv
2023/02/13,05:19 AM,14.22,8.78,70.0,WSW,4.51,5.95,1025.4,0.0,0.0,0.0,0.0,IMELBO1849.csv
2023/02/13,05:24 AM,14.22,8.78,70.0,SW,5.15,6.44,1025.4,0.0,0.0,0.0,0.0,IMELBO1849.csv
2023/02/13,05:29 AM,14.22,8.78,70.0,SW,5.15,6.6,1025.74,0.0,0.0,0.0,0.0,IMELBO1849.csv
2023/02/13,05:34 AM,14.22,8.78,70.0,SW,5.31,7.24,1025.74,0.0,0.0,0.0,0.0,IMELBO1849.csv
2023/02/13,05:39 AM,14.22,8.78,70.0,SW,5.15,6.44,1025.74,0.0,0.0,0.0,0.0,IMELBO1849.csv
2023/02/13,05:44 AM,14.11,8.72,70.0,SW,4.51,5.95,1025.74,0.0,0.0,0.0,0.0,IMELBO1849.csv
2023/02/13,05:49 AM,14.0,8.61,70.0,WSW,3.22,4.18,1025.74,0.0,0.0,0.0,0.0,IMELBO1849.csv
2023/02/13,05:54 AM,14.0,8.61,70.0,WSW,3.06,4.34,1026.08,0.0,0.0,0.0,0.0,IMELBO1849.csv
2023/02/13,05:59 AM,14.0,8.61,70.0,SW,4.18,5.95,1026.08,0.0,0.0,0.0,0.0,IMELBO1849.csv
2023/02/13,06:04 AM,14.11,8.56,69.0,WSW,2.57,3.54,1026.08,0.0,0.0,0.0,0.0,IMELBO1849.csv
2023/02/13,06:09 AM,14.0,8.61,70.0,WSW,2.41,3.7,1026.08,0.0,0.0,0.0,0.0,IMELBO1849.csv
2023/02/13,06:14 AM,13.89,8.5,70.0,WSW,3.06,4.02,1026.08,0.0,0.0,0.0,0.0,IMELBO1849.csv
2023/02/13,06:19 AM,13.94,8.56,70.0,WSW,3.38,4.99,1026.08,0.0,0.0,0.0,0.0,IMELBO1849.csv
2023/02/13,06:24 AM,14.0,8.56,70.0,WSW,3.38,4.18,1026.08,0.0,0.0,0.0,0.0,IMELBO1849.csv
2023/02/13,06:29 AM,14.06,8.44,69.0,WSW,3.54,4.99,1026.41,0.0,0.0,0.0,0.0,IMELBO1849.csv
2023/02/13,06:34 AM,14.06,8.5,69.0,WSW,2.57,3.7,1026.41,0.0,0.0,0.0,0.0,IMELBO1849.csv
2023/02/13,06:39 AM,13.89,8.5,70.0,WSW,1.77,2.57,1026.41,0.0,0.0,0.0,0.0,IMELBO1849.csv
2023/02/13,06:44 AM,13.89,8.5,70.0,SW,2.09,3.06,1026.75,0.0,0.0,0.0,0.9,IMELBO1849.csv
2023/02/13,06:49 AM,13.94,8.39,69.0,SW,2.9,4.02,1026.41,0.0,0.0,0.0,2.1,IMELBO1849.csv
2023/02/13,06:54 AM,14.06,8.33,69.0,WSW,3.7,5.63,1026.41,0.0,0.0,0.0,4.3,IMELBO1849.csv
2023/02/13,06:59 AM,14.11,8.5,69.0,WSW,4.51,5.95,1026.41,0.0,0.0,0.0,7.3,IMELBO1849.csv
2023/02/13,07:04 AM,14.0,8.44,69.0,SW,4.02,5.31,1026.41,0.0,0.0,0.0,11.6,IMELBO1849.csv
2023/02/13,07:09 AM,14.0,8.61,70.0,SW,2.74,3.54,1026.75,0.0,0.0,0.0,16.0,IMELBO1849.csv
2023/02/13,07:14 AM,14.0,8.61,70.0,SW,2.74,3.86,1026.75,0.0,0.0,0.0,19.5,IMELBO1849.csv
2023/02/13,07:19 AM,14.0,8.67,70.0,SW,3.38,4.67,1026.75,0.0,0.0,0.0,23.9,IMELBO1849.csv
2023/02/13,07:24 AM,14.0,8.83,71.0,SW,4.02,5.47,1026.75,0.0,0.0,0.0,33.8,IMELBO1849.csv
2023/02/13,07:29 AM,14.17,9.22,73.0,WSW,4.18,5.63,1026.75,0.0,0.0,0.0,41.1,IMELBO1849.csv
2023/02/13,07:34 AM,14.22,9.67,74.0,WSW,3.86,5.47,1026.75,0.0,0.0,0.0,44.2,IMELBO1849.csv
2023/02/13,07:39 AM,14.22,9.72,74.0,WSW,4.34,5.95,1026.75,0.0,0.0,0.0,54.2,IMELBO1849.csv
2023/02/13,07:44 AM,14.28,9.83,75.0,WSW,5.31,7.56,1026.75,0.0,0.0,0.0,63.2,IMELBO1849.csv
2023/02/13,07:49 AM,14.44,10.06,75.0,SW,4.67,5.95,1027.09,0.0,0.0,0.0,61.5,IMELBO1849.csv
2023/02/13,07:54 AM,14.61,10.17,75.0,WSW,4.18,5.63,1027.09,0.0,0.0,0.0,51.5,IMELBO1849.csv
2023/02/13,07:59 AM,14.61,10.11,74.0,WSW,4.51,6.28,1027.09,0.0,0.0,0.0,47.2,IMELBO1849.csv
2023/02/13,08:04 AM,14.61,10.11,74.0,WSW,4.18,5.63,1027.09,0.0,0.0,0.0,52.8,IMELBO1849.csv
2023/02/13,08:09 AM,14.61,10.11,74.0,WSW,5.79,7.88,1027.09,0.0,0.0,0.0,54.6,IMELBO1849.csv
2023/02/13,08:14 AM,14.5,10.11,75.0,WSW,5.47,7.08,1027.09,0.0,0.0,0.0,53.7,IMELBO1849.csv
2023/02/13,08:19 AM,14.56,10.17,75.0,WSW,5.15,7.08,1027.09,0.0,0.0,0.0,70.2,IMELBO1849.csv
2023/02/13,08:24 AM,14.67,10.22,75.0,SW,5.15,7.4,1027.09,0.0,0.0,0.0,78.4,IMELBO1849.csv
2023/02/13,08:29 AM,14.72,10.28,75.0,SW,5.31,7.4,1027.09,0.0,0.0,0.0,75.5,IMELBO1849.csv
2023/02/13,08:34 AM,14.78,10.39,75.0,SW,5.47,7.24,1027.09,0.0,0.0,0.0,86.7,IMELBO1849.csv
2023/02/13,08:39 AM,14.94,10.44,74.0,SW,4.83,6.44,1027.09,0.0,0.0,0.0,90.7,IMELBO1849.csv
2023/02/13,08:44 AM,15.0,10.39,74.0,SW,5.95,7.4,1027.09,0.0,0.0,0.0,90.7,IMELBO1849.csv
2023/02/13,08:49 AM,15.17,10.44,74.0,SW,6.44,8.53,1027.09,0.0,0.0,0.0,90.2,IMELBO1849.csv
2023/02/13,08:54 AM,15.22,10.44,73.0,WSW,6.76,8.85,1027.09,0.0,0.0,0.0,59.8,IMELBO1849.csv
2023/02/13,08:59 AM,15.22,10.33,73.0,SW,7.4,9.81,1027.43,0.0,0.0,0.0,75.8,IMELBO1849.csv
2023/02/13,09:04 AM,15.28,10.22,72.0,SW,5.79,7.72,1027.43,0.0,0.0,1.0,100.6,IMELBO1849.csv
2023/02/13,09:09 AM,15.44,10.17,71.0,SSW,7.08,9.98,1027.43,0.0,0.0,1.0,132.2,IMELBO1849.csv
2023/02/13,09:14 AM,15.67,10.11,70.0,SW,6.6,8.85,1027.43,0.0,0.0,1.0,145.2,IMELBO1849.csv
2023/02/13,09:19 AM,16.0,9.72,66.0,SW,7.08,9.98,1027.43,0.0,0.0,1.0,156.6,IMELBO1849.csv
2023/02/13,09:24 AM,16.39,9.67,64.0,SSW,8.04,10.62,1027.43,0.0,0.0,1.0,156.9,IMELBO1849.csv
2023/02/13,09:29 AM,16.33,9.83,65.0,SW,10.14,13.84,1027.43,0.0,0.0,1.0,139.2,IMELBO1849.csv
2023/02/13,09:34 AM,16.17,9.83,66.0,SW,8.85,11.75,1027.77,0.0,0.0,1.0,111.0,IMELBO1849.csv
2023/02/13,09:39 AM,16.0,9.89,67.0,SW,7.24,9.98,1027.43,0.0,0.0,0.0,69.4,IMELBO1849.csv
2023/02/13,09:44 AM,15.94,9.83,67.0,SSW,9.65,13.03,1027.43,0.0,0.0,0.0,88.4,IMELBO1849.csv
2023/02/13,09:49 AM,15.89,9.72,67.0,SW,9.49,12.39,1027.43,0.0,0.0,1.0,114.0,IMELBO1849.csv
2023/02/13,09:54 AM,15.94,9.67,66.0,SW,9.01,12.23,1027.43,0.0,0.0,1.0,127.1,IMELBO1849.csv
2023/02/13,09:59 AM,16.17,9.72,66.0,SSW,5.63,7.56,1027.43,0.0,0.0,1.0,129.7,IMELBO1849.csv
2023/02/13,10:04 AM,16.39,9.33,63.0,SSW,6.6,9.33,1027.43,0.0,0.0,1.0,185.6,IMELBO1849.csv
2023/02/13,10:09 AM,16.56,8.78,60.0,SW,8.85,11.26,1027.43,0.0,0.0,2.0,275.9,IMELBO1849.csv
2023/02/13,10:14 AM,17.0,8.5,57.0,South,5.79,8.21,1027.43,0.0,0.0,6.0,681.4,IMELBO1849.csv
2023/02/13,10:19 AM,17.83,8.56,55.0,South,6.76,9.81,1027.09,0.0,0.0,4.0,449.0,IMELBO1849.csv
2023/02/13,10:24 AM,17.78,9.0,57.0,SSW,8.04,11.58,1027.09,0.0,0.0,1.0,196.5,IMELBO1849.csv
2023/02/13,10:29 AM,17.33,9.5,60.0,SW,6.6,9.49,1027.09,0.0,0.0,6.0,628.1,IMELBO1849.csv
2023/02/13,10:34 AM,17.44,9.17,59.0,SW,11.42,14.96,1027.43,0.0,0.0,2.0,249.8,IMELBO1849.csv
2023/02/13,10:39 AM,17.33,9.17,59.0,SW,9.33,13.19,1027.09,0.0,0.0,3.0,371.3,IMELBO1849.csv
2023/02/13,10:44 AM,17.33,9.72,61.0,SSW,10.14,13.84,1027.09,0.0,0.0,3.0,356.1,IMELBO1849.csv
2023/02/13,10:49 AM,17.39,9.33,59.0,SSW,11.75,15.93,1027.43,0.0,0.0,5.0,525.3,IMELBO1849.csv
2023/02/13,10:54 AM,17.83,9.44,58.0,SW,9.33,14.0,1027.09,0.0,0.0,7.0,796.4,IMELBO1849.csv
2023/02/13,10:59 AM,17.89,8.89,56.0,SW,11.42,15.61,1027.09,0.0,0.0,6.0,668.0,IMELBO1849.csv
2023/02/13,11:04 AM,17.72,8.56,55.0,SSW,9.98,13.68,1027.09,0.0,0.0,3.0,334.0,IMELBO1849.csv
2023/02/13,11:09 AM,17.83,8.61,55.0,SSW,8.37,11.75,1027.09,0.0,0.0,4.0,500.6,IMELBO1849.csv
2023/02/13,11:14 AM,17.89,8.94,56.0,SW,12.39,17.22,1027.09,0.0,0.0,3.0,357.0,IMELBO1849.csv
2023/02/13,11:19 AM,17.94,9.22,57.0,SSW,9.65,13.35,1027.09,0.0,0.0,8.0,900.2,IMELBO1849.csv
2023/02/13,11:24 AM,18.0,9.67,58.0,SW,12.23,15.93,1027.09,0.0,0.0,2.0,241.6,IMELBO1849.csv
2023/02/13,11:29 AM,17.61,9.67,60.0,SW,7.56,10.78,1027.09,0.0,0.0,2.0,265.8,IMELBO1849.csv
2023/02/13,11:34 AM,17.89,9.78,59.0,SSW,9.65,13.84,1027.09,0.0,0.0,3.0,362.1,IMELBO1849.csv
2023/02/13,11:39 AM,17.78,9.78,59.0,SSW,7.4,10.94,1027.09,0.0,0.0,2.0,209.1,IMELBO1849.csv
2023/02/13,11:44 AM,17.67,10.0,61.0,SW,9.81,13.19,1027.09,0.0,0.0,2.0,218.1,IMELBO1849.csv
2023/02/13,11:49 AM,17.5,9.89,61.0,SW,10.78,15.29,1027.09,0.0,0.0,2.0,275.9,IMELBO1849.csv
2023/02/13,11:54 AM,17.56,9.78,60.0,SW,9.17,12.23,1027.09,0.0,0.0,2.0,259.0,IMELBO1849.csv
2023/02/13,11:59 AM,17.67,9.72,60.0,SW,8.21,12.07,1027.09,0.0,0.0,2.0,252.4,IMELBO1849.csv
2023/02/13,12:04 PM,17.78,9.56,59.0,SSW,9.65,12.71,1027.09,0.0,0.0,3.0,313.5,IMELBO1849.csv
2023/02/13,12:09 PM,17.83,9.28,57.0,SSW,9.01,13.03,1027.09,0.0,0.0,3.0,344.4,IMELBO1849.csv
2023/02/13,12:14 PM,17.83,8.94,56.0,SSW,12.07,15.61,1027.09,0.0,0.0,2.0,274.1,IMELBO1849.csv
2023/02/13,12:19 PM,17.72,8.72,56.0,SW,9.65,13.03,1027.09,0.0,0.0,3.0,308.4,IMELBO1849.csv
2023/02/13,12:24 PM,18.11,8.67,54.0,SW,8.21,12.23,1027.09,0.0,0.0,3.0,353.5,IMELBO1849.csv
2023/02/13,12:29 PM,18.39,8.67,53.0,SSW,9.01,13.52,1027.09,0.0,0.0,4.0,500.1,IMELBO1849.csv
2023/02/13,12:34 PM,18.61,8.33,51.0,SSW,9.17,13.03,1027.09,0.0,0.0,4.0,470.1,IMELBO1849.csv
2023/02/13,12:39 PM,18.61,8.17,51.0,SSW,10.62,14.0,1027.09,0.0,0.0,4.0,416.8,IMELBO1849.csv
2023/02/13,12:44 PM,18.89,8.28,50.0,SSW,5.31,7.56,1026.75,0.0,0.0,5.0,563.0,IMELBO1849.csv
2023/02/13,12:49 PM,19.33,8.61,50.0,SSW,6.92,9.33,1026.75,0.0,0.0,6.0,715.8,IMELBO1849.csv
2023/02/13,12:54 PM,19.39,8.44,49.0,SSW,7.08,9.81,1026.75,0.0,0.0,10.0,1115.3,IMELBO1849.csv
2023/02/13,12:59 PM,19.67,8.61,49.0,SSW,9.01,13.68,1026.75,0.0,0.0,8.0,869.7,IMELBO1849.csv
2023/02/13,01:04 PM,19.44,8.72,50.0,SW,11.42,16.25,1027.09,0.0,0.0,10.0,1035.0,IMELBO1849.csv
2023/02/13,01:09 PM,19.28,8.83,51.0,SW,9.49,14.16,1027.09,0.0,0.0,9.0,1013.8,IMELBO1849.csv
2023/02/13,01:14 PM,19.67,9.22,51.0,SSW,8.04,11.75,1026.75,0.0,0.0,9.0,996.4,IMELBO1849.csv
2023/02/13,01:19 PM,20.22,9.22,49.0,SW,9.01,12.39,1026.75,0.0,0.0,9.0,1002.5,IMELBO1849.csv
2023/02/13,01:24 PM,19.72,9.17,51.0,South,7.4,9.49,1026.75,0.0,0.0,9.0,993.4,IMELBO1849.csv
2023/02/13,01:29 PM,20.33,9.17,49.0,South,6.76,10.46,1026.41,0.0,0.0,9.0,976.8,IMELBO1849.csv
2023/02/13,01:34 PM,20.22,9.39,50.0,SSE,7.4,11.42,1026.75,0.0,0.0,10.0,1043.3,IMELBO1849.csv
2023/02/13,01:39 PM,19.78,9.11,50.0,South,4.67,6.92,1026.75,0.0,0.0,8.0,924.4,IMELBO1849.csv
2023/02/13,01:44 PM,20.17,8.78,48.0,SSW,10.3,14.96,1026.41,0.0,0.0,9.0,1018.1,IMELBO1849.csv
2023/02/13,01:49 PM,19.72,8.39,48.0,SSE,8.04,11.91,1026.41,0.0,0.0,10.0,1030.2,IMELBO1849.csv
2023/02/13,01:54 PM,20.22,8.89,48.0,SSW,8.04,11.91,1026.75,0.0,0.0,9.0,990.3,IMELBO1849.csv
2023/02/13,01:59 PM,20.11,8.83,48.0,South,9.49,13.68,1026.75,0.0,0.0,8.0,891.0,IMELBO1849.csv
2023/02/13,02:04 PM,20.67,9.17,48.0,SSE,6.76,9.81,1026.41,0.0,0.0,9.0,991.7,IMELBO1849.csv
2023/02/13,02:09 PM,20.06,8.94,49.0,SSW,9.17,13.19,1026.41,0.0,0.0,9.0,976.8,IMELBO1849.csv
2023/02/13,02:14 PM,20.33,8.78,47.0,SSW,8.21,12.23,1026.41,0.0,0.0,9.0,1022.0,IMELBO1849.csv
2023/02/13,02:19 PM,20.5,9.28,49.0,WSW,12.23,17.54,1026.41,0.0,0.0,9.0,996.4,IMELBO1849.csv
2023/02/13,02:24 PM,19.67,9.0,50.0,SW,10.14,15.77,1026.41,0.0,0.0,6.0,703.5,IMELBO1849.csv
2023/02/13,02:29 PM,19.89,9.11,50.0,SSW,9.98,13.68,1026.41,0.0,0.0,8.0,858.4,IMELBO1849.csv
2023/02/13,02:34 PM,19.78,9.39,51.0,South,9.17,13.19,1026.41,0.0,0.0,5.0,572.5,IMELBO1849.csv
2023/02/13,02:39 PM,19.72,9.61,52.0,SSW,9.01,12.55,1026.41,0.0,0.0,5.0,589.0,IMELBO1849.csv
2023/02/13,02:44 PM,19.33,9.5,53.0,SSW,7.88,11.1,1026.41,0.0,0.0,2.0,301.9,IMELBO1849.csv
2023/02/13,02:49 PM,19.17,9.72,54.0,South,10.46,14.64,1026.75,0.0,0.0,3.0,345.2,IMELBO1849.csv
2023/02/13,02:54 PM,18.78,9.61,55.0,SSE,8.21,12.07,1026.41,0.0,0.0,2.0,218.6,IMELBO1849.csv
2023/02/13,02:59 PM,18.89,9.89,56.0,SSW,6.76,10.14,1026.41,0.0,0.0,3.0,328.4,IMELBO1849.csv
2023/02/13,03:04 PM,19.33,9.94,54.0,South,7.08,10.46,1026.41,0.0,0.0,3.0,372.1,IMELBO1849.csv
2023/02/13,03:09 PM,19.17,10.17,56.0,SSW,7.24,10.3,1026.41,0.0,0.0,3.0,371.3,IMELBO1849.csv
2023/02/13,03:14 PM,19.11,10.06,56.0,SW,8.21,11.58,1026.41,0.0,0.0,3.0,312.3,IMELBO1849.csv
2023/02/13,03:19 PM,18.94,9.94,56.0,SW,9.81,13.84,1026.75,0.0,0.0,2.0,263.3,IMELBO1849.csv
2023/02/13,03:24 PM,18.89,10.0,56.0,SSW,8.37,11.75,1026.75,0.0,0.0,2.0,279.3,IMELBO1849.csv
2023/02/13,03:29 PM,18.78,10.06,57.0,SSW,10.3,14.0,1026.75,0.0,0.0,3.0,325.8,IMELBO1849.csv
2023/02/13,03:34 PM,18.72,9.89,56.0,SW,10.94,14.48,1026.41,0.0,0.0,3.0,319.7,IMELBO1849.csv
2023/02/13,03:39 PM,18.72,9.83,56.0,SSW,7.24,10.78,1026.75,0.0,0.0,5.0,527.5,IMELBO1849.csv
2023/02/13,03:44 PM,19.17,9.89,55.0,South,7.72,11.58,1026.41,0.0,0.0,4.0,493.6,IMELBO1849.csv
2023/02/13,03:49 PM,19.5,10.11,55.0,South,7.56,10.14,1026.41,0.0,0.0,8.0,892.3,IMELBO1849.csv
2023/02/13,03:54 PM,19.11,10.17,56.0,SSW,9.81,13.52,1026.41,0.0,0.0,9.0,982.5,IMELBO1849.csv
2023/02/13,03:59 PM,19.61,10.39,55.0,SSW,5.63,8.53,1026.41,0.0,0.0,4.0,471.1,IMELBO1849.csv
2023/02/13,04:04 PM,19.22,10.39,56.0,SSW,9.49,13.19,1026.41,0.0,0.0,2.0,247.2,IMELBO1849.csv
2023/02/13,04:09 PM,18.83,9.94,56.0,SW,10.62,14.16,1026.41,0.0,0.0,2.0,204.7,IMELBO1849.csv
2023/02/13,04:14 PM,18.67,10.11,58.0,SSW,9.81,13.52,1026.41,0.0,0.0,2.0,216.4,IMELBO1849.csv
2023/02/13,04:19 PM,18.56,9.94,57.0,SW,8.85,11.75,1026.41,0.0,0.0,2.0,257.6,IMELBO1849.csv
2023/02/13,04:24 PM,18.83,9.67,55.0,SSW,9.01,12.55,1026.41,0.0,0.0,3.0,333.5,IMELBO1849.csv
2023/02/13,04:29 PM,18.83,9.56,55.0,South,7.56,11.26,1026.08,0.0,0.0,3.0,386.1,IMELBO1849.csv
2023/02/13,04:34 PM,19.06,9.72,55.0,SSW,11.1,14.48,1026.41,0.0,0.0,4.0,436.7,IMELBO1849.csv
2023/02/13,04:39 PM,18.83,9.67,55.0,SSW,7.72,10.62,1026.08,0.0,0.0,4.0,422.1,IMELBO1849.csv
2023/02/13,04:44 PM,19.0,9.61,54.0,SW,9.33,13.52,1026.08,0.0,0.0,3.0,399.9,IMELBO1849.csv
2023/02/13,04:49 PM,19.06,9.39,53.0,SSW,9.01,12.71,1026.08,0.0,0.0,7.0,800.3,IMELBO1849.csv
2023/02/13,04:54 PM,19.61,9.5,52.0,SSW,9.49,13.52,1026.08,0.0,0.0,8.0,854.5,IMELBO1849.csv
2023/02/13,04:59 PM,19.61,9.61,52.0,SSW,11.75,15.77,1026.08,0.0,0.0,6.0,636.8,IMELBO1849.csv
2023/02/13,05:04 PM,19.28,9.44,53.0,SSW,12.07,17.7,1026.08,0.0,0.0,5.0,612.5,IMELBO1849.csv
2023/02/13,05:09 PM,19.22,9.5,53.0,SSW,11.26,15.12,1026.08,0.0,0.0,5.0,599.9,IMELBO1849.csv
2023/02/13,05:14 PM,19.11,9.33,53.0,SSW,12.39,16.41,1026.08,0.0,0.0,7.0,792.5,IMELBO1849.csv
2023/02/13,05:19 PM,19.44,9.17,51.0,SSW,12.39,16.89,1026.08,0.0,0.0,7.0,749.5,IMELBO1849.csv
2023/02/13,05:24 PM,19.11,9.17,53.0,SW,11.75,16.09,1026.08,0.0,0.0,6.0,626.8,IMELBO1849.csv
2023/02/13,05:29 PM,18.78,9.0,53.0,SW,12.71,18.18,1026.08,0.0,0.0,4.0,504.9,IMELBO1849.csv
2023/02/13,05:34 PM,18.61,9.06,54.0,SSW,12.07,16.73,1026.08,0.0,0.0,5.0,555.3,IMELBO1849.csv
2023/02/13,05:39 PM,18.5,9.17,54.0,SW,14.16,18.66,1026.08,0.0,0.0,4.0,481.5,IMELBO1849.csv
2023/02/13,05:44 PM,18.56,9.28,55.0,SSW,10.3,14.0,1026.08,0.0,0.0,4.0,446.3,IMELBO1849.csv
2023/02/13,05:49 PM,19.06,9.5,54.0,SW,11.42,15.61,1026.08,0.0,0.0,4.0,414.7,IMELBO1849.csv
2023/02/13,05:54 PM,18.89,9.44,54.0,SSW,10.94,15.45,1026.41,0.0,0.0,3.0,383.9,IMELBO1849.csv
2023/02/13,05:59 PM,18.89,9.67,55.0,SSW,9.17,14.48,1026.41,0.0,0.0,3.0,375.2,IMELBO1849.csv
2023/02/13,06:04 PM,18.78,10.11,57.0,SW,12.71,17.7,1026.41,0.0,0.0,3.0,333.1,IMELBO1849.csv
2023/02/13,06:09 PM,18.44,10.06,58.0,SSW,11.1,14.64,1026.41,0.0,0.0,3.0,307.1,IMELBO1849.csv
2023/02/13,06:14 PM,18.44,10.28,59.0,SSW,12.87,17.22,1026.41,0.0,0.0,3.0,309.6,IMELBO1849.csv
2023/02/13,06:19 PM,18.28,10.39,60.0,SSW,10.78,14.64,1026.08,0.0,0.0,2.0,277.6,IMELBO1849.csv
2023/02/13,06:24 PM,18.56,10.39,59.0,SSW,9.49,13.68,1026.41,0.0,0.0,2.0,278.1,IMELBO1849.csv
2023/02/13,06:29 PM,18.56,10.17,58.0,SSW,9.17,13.68,1026.41,0.0,0.0,2.0,257.6,IMELBO1849.csv
2023/02/13,06:34 PM,18.5,10.22,58.0,South,8.69,12.23,1026.41,0.0,0.0,2.0,230.2,IMELBO1849.csv
2023/02/13,06:39 PM,18.5,10.11,58.0,SSW,7.56,11.1,1026.41,0.0,0.0,2.0,215.9,IMELBO1849.csv
2023/02/13,06:44 PM,18.33,10.28,59.0,SSW,10.78,15.29,1026.41,0.0,0.0,1.0,176.9,IMELBO1849.csv
2023/02/13,06:49 PM,18.06,10.06,60.0,SSW,10.3,14.16,1026.41,0.0,0.0,1.0,153.5,IMELBO1849.csv
2023/02/13,06:54 PM,18.11,10.06,59.0,SSW,8.21,12.07,1026.41,0.0,0.0,1.0,156.9,IMELBO1849.csv
2023/02/13,06:59 PM,18.17,10.22,60.0,SSW,7.56,12.71,1026.75,0.0,0.0,1.0,150.0,IMELBO1849.csv
2023/02/13,07:04 PM,18.0,9.89,59.0,SW,12.55,18.02,1026.75,0.0,0.0,1.0,132.7,IMELBO1849.csv
2023/02/13,07:09 PM,17.83,9.72,59.0,SSE,7.08,10.94,1026.75,0.0,0.0,1.0,115.4,IMELBO1849.csv
2023/02/13,07:14 PM,17.89,9.78,59.0,SW,11.1,14.96,1026.75,0.0,0.0,0.0,71.1,IMELBO1849.csv
2023/02/13,07:19 PM,17.67,9.56,59.0,SSW,10.78,15.45,1026.75,0.0,0.0,0.0,59.8,IMELBO1849.csv
2023/02/13,07:24 PM,17.44,9.72,61.0,SSW,11.75,15.61,1027.09,0.0,0.0,0.0,39.4,IMELBO1849.csv
2023/02/13,07:29 PM,17.22,9.44,60.0,SSW,10.46,15.12,1027.09,0.0,0.0,0.0,36.8,IMELBO1849.csv
2023/02/13,07:34 PM,17.28,9.72,61.0,SSW,7.4,11.91,1027.09,0.0,0.0,0.0,34.6,IMELBO1849.csv
2023/02/13,07:39 PM,17.22,9.61,61.0,South,8.85,12.55,1027.09,0.0,0.0,0.0,31.6,IMELBO1849.csv
2023/02/13,07:44 PM,17.06,9.72,62.0,SSW,8.53,12.07,1027.09,0.0,0.0,0.0,28.6,IMELBO1849.csv
2023/02/13,07:49 PM,16.94,9.67,62.0,SSW,9.65,12.39,1027.09,0.0,0.0,0.0,25.9,IMELBO1849.csv
2023/02/13,07:54 PM,16.89,9.61,62.0,SW,7.08,10.46,1027.09,0.0,0.0,0.0,22.5,IMELBO1849.csv
2023/02/13,07:59 PM,16.83,9.61,62.0,SSW,6.6,9.98,1027.09,0.0,0.0,0.0,19.9,IMELBO1849.csv
2023/02/13,08:04 PM,16.72,9.83,64.0,SSW,9.33,12.39,1027.09,0.0,0.0,0.0,16.0,IMELBO1849.csv
2023/02/13,08:09 PM,16.56,9.89,65.0,SW,8.21,11.26,1027.09,0.0,0.0,0.0,13.0,IMELBO1849.csv
2023/02/13,08:14 PM,16.5,9.94,65.0,SSW,7.08,9.65,1027.09,0.0,0.0,0.0,9.1,IMELBO1849.csv
2023/02/13,08:19 PM,16.44,10.11,66.0,SSW,6.92,10.62,1027.43,0.0,0.0,0.0,6.5,IMELBO1849.csv
2023/02/13,08:24 PM,16.33,10.17,67.0,SSW,5.95,8.53,1027.09,0.0,0.0,0.0,3.4,IMELBO1849.csv
2023/02/13,08:29 PM,16.28,10.33,68.0,SSW,7.08,10.3,1027.43,0.0,0.0,0.0,1.7,IMELBO1849.csv
2023/02/13,08:34 PM,16.28,10.56,69.0,SSW,6.92,9.65,1027.43,0.0,0.0,0.0,0.0,IMELBO1849.csv
2023/02/13,08:39 PM,16.28,10.61,69.0,SSW,6.92,9.65,1027.43,0.0,0.0,0.0,0.0,IMELBO1849.csv
2023/02/13,08:44 PM,16.28,10.67,69.0,SSW,11.58,14.8,1027.43,0.0,0.0,0.0,0.0,IMELBO1849.csv
2023/02/13,08:49 PM,16.22,10.78,70.0,SW,8.21,10.62,1027.43,0.0,0.0,0.0,0.0,IMELBO1849.csv
2023/02/13,08:54 PM,16.11,10.78,71.0,SW,9.49,12.71,1027.43,0.0,0.0,0.0,0.0,IMELBO1849.csv
2023/02/13,08:59 PM,16.11,10.78,71.0,SSW,6.6,9.17,1027.77,0.0,0.0,0.0,0.0,IMELBO1849.csv
2023/02/13,09:04 PM,16.11,10.78,71.0,SW,8.37,11.1,1027.77,0.0,0.0,0.0,0.0,IMELBO1849.csv
2023/02/13,09:09 PM,16.0,10.72,71.0,SW,9.33,12.39,1027.77,0.0,0.0,0.0,0.0,IMELBO1849.csv
2023/02/13,09:14 PM,16.11,10.83,71.0,SSW,7.88,10.78,1027.77,0.0,0.0,0.0,0.0,IMELBO1849.csv
2023/02/13,09:19 PM,16.11,10.94,72.0,SW,7.24,10.14,1027.77,0.0,0.0,0.0,0.0,IMELBO1849.csv
2023/02/13,09:24 PM,16.0,10.89,72.0,SSW,7.4,10.3,1027.77,0.0,0.0,0.0,0.0,IMELBO1849.csv
2023/02/13,09:29 PM,15.94,10.83,72.0,SW,6.76,9.01,1028.11,0.0,0.0,0.0,0.0,IMELBO1849.csv
2023/02/13,09:34 PM,15.89,10.78,72.0,SSW,5.95,7.56,1028.11,0.0,0.0,0.0,0.0,IMELBO1849.csv
2023/02/13,09:39 PM,15.94,11.17,73.0,SSW,7.56,10.78,1028.11,0.0,0.0,0.0,0.0,IMELBO1849.csv
2023/02/13,09:44 PM,15.89,11.11,73.0,SSW,5.47,7.56,1027.77,0.0,0.0,0.0,0.0,IMELBO1849.csv
2023/02/13,09:49 PM,15.83,11.06,73.0,SW,7.88,10.62,1027.77,0.0,0.0,0.0,0.0,IMELBO1849.csv
2023/02/13,09:54 PM,15.78,11.0,73.0,SW,8.21,10.14,1028.11,0.0,0.0,0.0,0.0,IMELBO1849.csv
2023/02/13,09:59 PM,15.78,11.17,74.0,SW,6.11,8.85,1028.11,0.0,0.0,0.0,0.0,IMELBO1849.csv
2023/02/13,10:04 PM,15.72,11.11,74.0,SW,6.11,7.88,1028.11,0.0,0.0,0.0,0.0,IMELBO1849.csv
2023/02/13,10:09 PM,15.72,11.11,74.0,SSW,7.56,9.81,1028.11,0.0,0.0,0.0,0.0,IMELBO1849.csv
2023/02/13,10:14 PM,15.61,11.17,75.0,SSW,5.15,6.92,1028.11,0.0,0.0,0.0,0.0,IMELBO1849.csv
2023/02/13,10:19 PM,15.56,11.17,75.0,SW,4.83,6.6,1028.11,0.0,0.0,0.0,0.0,IMELBO1849.csv
2023/02/13,10:24 PM,15.5,11.11,75.0,SW,4.83,6.44,1028.11,0.0,0.0,0.0,0.0,IMELBO1849.csv
2023/02/13,10:29 PM,15.5,11.11,75.0,SW,3.7,4.99,1028.11,0.0,0.0,0.0,0.0,IMELBO1849.csv
2023/02/13,10:34 PM,15.5,11.11,75.0,SW,3.86,4.83,1028.11,0.0,0.0,0.0,0.0,IMELBO1849.csv
2023/02/13,10:39 PM,15.5,11.11,75.0,SW,4.67,6.11,1028.11,0.0,0.0,0.0,0.0,IMELBO1849.csv
2023/02/13,10:44 PM,15.5,11.11,75.0,SW,4.18,5.63,1027.77,0.0,0.0,0.0,0.0,IMELBO1849.csv
2023/02/13,10:49 PM,15.5,11.11,75.0,SW,4.99,5.95,1028.11,0.0,0.0,0.0,0.0,IMELBO1849.csv
2023/02/13,10:54 PM,15.44,11.06,75.0,SW,3.38,4.51,1028.11,0.0,0.0,0.0,0.0,IMELBO1849.csv
2023/02/13,10:59 PM,15.39,11.0,75.0,SW,3.38,4.51,1028.11,0.0,0.0,0.0,0.0,IMELBO1849.csv
2023/02/13,11:04 PM,15.44,11.17,76.0,SSW,5.95,7.88,1028.11,0.0,0.0,0.0,0.0,IMELBO1849.csv
2023/02/13,11:09 PM,15.56,11.17,75.0,SSW,3.86,5.15,1027.77,0.0,0.0,0.0,0.0,IMELBO1849.csv
2023/02/13,11:14 PM,15.61,11.22,75.0,SW,5.63,7.4,1027.77,0.0,0.0,0.0,0.0,IMELBO1849.csv
2023/02/13,11:19 PM,15.61,11.11,75.0,SSW,4.67,6.76,1027.77,0.0,0.0,0.0,0.0,IMELBO1849.csv
2023/02/13,11:24 PM,15.5,10.78,73.0,South,5.47,7.56,1027.77,0.0,0.0,0.0,0.0,IMELBO1849.csv
2023/02/13,11:29 PM,15.56,10.61,72.0,SSE,4.02,5.63,1027.77,0.0,0.0,0.0,0.0,IMELBO1849.csv
2023/02/13,11:34 PM,15.5,10.5,72.0,South,4.02,5.79,1027.77,0.0,0.0,0.0,0.0,IMELBO1849.csv
2023/02/13,11:39 PM,15.5,10.5,72.0,South,4.51,5.95,1027.77,0.0,0.0,0.0,0.0,IMELBO1849.csv
2023/02/13,11:44 PM,15.44,10.44,72.0,South,4.18,5.95,1027.77,0.0,0.0,0.0,0.0,IMELBO1849.csv
2023/02/13,11:49 PM,15.39,10.39,72.0,South,2.9,4.02,1027.77,0.0,0.0,0.0,0.0,IMELBO1849.csv
2023/02/13,11:54 PM,15.28,10.28,72.0,South,4.18,5.63,1027.77,0.0,0.0,0.0,0.0,IMELBO1849.csv
2023/02/13,11:59 PM,15.28,10.28,72.0,SSW,3.54,4.83,1027.77,0.0,0.0,0.0,0.0,IMELBO1849.csv
2023/02/14,12:04 AM,15.28,10.39,73.0,SSW,3.06,4.34,1027.77,0.0,0.0,0.0,0.0,IMELBO1849.csv
2023/02/14,12:09 AM,15.28,10.5,73.0,SSW,3.86,5.63,1028.11,0.0,0.0,0.0,0.0,IMELBO1849.csv
2023/02/14,12:14 AM,15.28,10.5,73.0,SSW,4.02,5.47,1027.77,0.0,0.0,0.0,0.0,IMELBO1849.csv
2023/02/14,12:19 AM,15.22,10.44,73.0,SSW,3.38,4.67,1027.77,0.0,0.0,0.0,0.0,IMELBO1849.csv
2023/02/14,12:24 AM,15.22,10.5,74.0,SSW,3.38,4.67,1027.77,0.0,0.0,0.0,0.0,IMELBO1849.csv
2023/02/14,12:29 AM,15.22,10.56,74.0,SSW,3.7,5.15,1027.77,0.0,0.0,0.0,0.0,IMELBO1849.csv
2023/02/14,12:34 AM,15.28,10.67,74.0,SSW,3.38,5.15,1027.77,0.0,0.0,0.0,0.0,IMELBO1849.csv
2023/02/14,12:39 AM,15.28,10.67,74.0,SSW,3.86,5.79,1027.77,0.0,0.0,0.0,0.0,IMELBO1849.csv
2023/02/14,12:44 AM,15.28,10.72,74.0,SSW,4.67,6.6,1027.43,0.0,0.0,0.0,0.0,IMELBO1849.csv
2023/02/14,12:49 AM,15.33,10.67,74.0,SSW,3.86,5.47,1027.77,0.0,0.0,0.0,0.0,IMELBO1849.csv
2023/02/14,12:54 AM,15.33,10.72,74.0,South,3.22,4.51,1027.77,0.0,0.0,0.0,0.0,IMELBO1849.csv
2023/02/14,12:59 AM,15.28,10.67,74.0,South,2.41,3.54,1027.43,0.0,0.0,0.0,0.0,IMELBO1849.csv
2023/02/14,01:04 AM,15.17,10.56,74.0,SSW,2.74,3.38,1027.43,0.0,0.0,0.0,0.0,IMELBO1849.csv
2023/02/14,01:09 AM,15.11,10.67,75.0,SSW,3.06,4.18,1027.43,0.0,0.0,0.0,0.0,IMELBO1849.csv
2023/02/14,01:14 AM,15.11,10.72,75.0,SSW,3.22,4.34,1027.43,0.0,0.0,0.0,0.0,IMELBO1849.csv
2023/02/14,01:19 AM,15.06,10.67,75.0,SSW,2.09,3.22,1027.43,0.0,0.0,0.0,0.0,IMELBO1849.csv
2023/02/14,01:24 AM,15.06,10.61,75.0,SSW,3.54,5.15,1027.43,0.0,0.0,0.0,0.0,IMELBO1849.csv
2023/02/14,01:29 AM,15.11,10.5,74.0,SSW,2.25,2.9,1027.43,0.0,0.0,0.0,0.0,IMELBO1849.csv
2023/02/14,01:34 AM,15.17,10.56,74.0,SSW,4.67,6.11,1027.43,0.0,0.0,0.0,0.0,IMELBO1849.csv
2023/02/14,01:39 AM,15.17,10.56,74.0,SSW,0.97,1.61,1027.09,0.0,0.0,0.0,0.0,IMELBO1849.csv
2023/02/14,01:44 AM,15.0,10.5,75.0,South,2.57,3.86,1027.43,0.0,0.0,0.0,0.0,IMELBO1849.csv
2023/02/14,01:49 AM,15.0,10.61,75.0,SSW,1.61,2.57,1027.09,0.0,0.0,0.0,0.0,IMELBO1849.csv
2023/02/14,01:54 AM,15.0,10.61,75.0,SSW,2.25,3.38,1027.09,0.0,0.0,0.0,0.0,IMELBO1849.csv
2023/02/14,01:59 AM,14.83,10.44,75.0,SSW,0.64,1.13,1027.09,0.0,0.0,0.0,0.0,IMELBO1849.csv
2023/02/14,02:04 AM,14.44,10.33,77.0,SSW,0.16,0.64,1027.09,0.0,0.0,0.0,0.0,IMELBO1849.csv
2023/02/14,02:09 AM,14.11,10.28,78.0,SSW,0.16,0.32,1027.09,0.0,0.0,0.0,0.0,IMELBO1849.csv
2023/02/14,02:14 AM,13.83,10.28,79.0,SSW,0.16,0.16,1027.09,0.0,0.0,0.0,0.0,IMELBO1849.csv
2023/02/14,02:19 AM,13.61,10.28,80.0,SSW,0.16,0.48,1027.09,0.0,0.0,0.0,0.0,IMELBO1849.csv
2023/02/14,02:24 AM,13.44,10.28,81.0,SSW,0.32,0.97,1027.09,0.0,0.0,0.0,0.0,IMELBO1849.csv
2023/02/14,02:29 AM,13.39,10.39,82.0,SSW,0.32,0.64,1027.09,0.0,0.0,0.0,0.0,IMELBO1849.csv
2023/02/14,02:34 AM,13.28,10.28,82.0,SSW,0.16,0.8,1027.09,0.0,0.0,0.0,0.0,IMELBO1849.csv
2023/02/14,02:39 AM,13.28,10.5,83.0,SSW,0.16,0.32,1026.75,0.0,0.0,0.0,0.0,IMELBO1849.csv
2023/02/14,02:44 AM,13.28,10.5,83.0,SSW,0.8,1.29,1026.75,0.0,0.0,0.0,0.0,IMELBO1849.csv
2023/02/14,02:49 AM,13.28,10.5,83.0,SSW,0.16,0.48,1026.75,0.0,0.0,0.0,0.0,IMELBO1849.csv
2023/02/14,02:54 AM,13.28,10.5,83.0,SSW,0.16,0.32,1026.75,0.0,0.0,0.0,0.0,IMELBO1849.csv
2023/02/14,02:59 AM,13.22,10.39,83.0,SSW,0.16,0.32,1026.75,0.0,0.0,0.0,0.0,IMELBO1849.csv
2023/02/14,03:04 AM,13.22,10.39,83.0,SSW,0.0,0.0,1026.75,0.0,0.0,0.0,0.0,IMELBO1849.csv
2023/02/14,03:09 AM,13.22,10.5,84.0,SSW,0.16,0.32,1026.75,0.0,0.0,0.0,0.0,IMELBO1849.csv
2023/02/14,03:14 AM,13.33,10.67,84.0,SSW,0.0,0.16,1026.75,0.0,0.0,0.0,0.0,IMELBO1849.csv
2023/02/14,03:19 AM,13.44,10.78,84.0,SSW,0.64,1.29,1026.75,0.0,0.0,0.0,0.0,IMELBO1849.csv
2023/02/14,03:24 AM,13.61,10.89,84.0,SSW,0.16,0.48,1026.75,0.0,0.0,0.0,0.0,IMELBO1849.csv
2023/02/14,03:29 AM,13.67,10.94,84.0,SSW,0.16,0.32,1026.75,0.0,0.0,0.0,0.0,IMELBO1849.csv
2023/02/14,03:34 AM,13.72,11.0,84.0,SSW,0.0,0.0,1027.09,0.0,0.0,0.0,0.0,IMELBO1849.csv
2023/02/14,03:39 AM,13.78,11.11,84.0,SSW,0.32,0.64,1026.75,0.0,0.0,0.0,0.0,IMELBO1849.csv
2023/02/14,03:44 AM,13.83,11.17,84.0,SSW,0.48,0.8,1026.75,0.0,0.0,0.0,0.0,IMELBO1849.csv
2023/02/14,03:49 AM,13.89,11.17,84.0,SSW,0.0,0.0,1026.75,0.0,0.0,0.0,0.0,IMELBO1849.csv
2023/02/14,03:54 AM,13.89,11.11,83.0,SSW,0.16,0.32,1026.75,0.0,0.0,0.0,0.0,IMELBO1849.csv
2023/02/14,03:59 AM,14.0,11.22,83.0,SSW,0.32,0.48,1026.75,0.0,0.0,0.0,0.0,IMELBO1849.csv
2023/02/14,04:04 AM,14.06,11.28,83.0,SSW,0.16,0.8,1026.75,0.0,0.0,0.0,0.0,IMELBO1849.csv
2023/02/14,04:09 AM,14.11,11.28,83.0,SSW,0.32,0.8,1026.41,0.0,0.0,0.0,0.0,IMELBO1849.csv
2023/02/14,04:14 AM,14.11,11.28,83.0,SSW,0.64,1.13,1026.41,0.0,0.0,0.0,0.0,IMELBO1849.csv
2023/02/14,04:19 AM,14.22,11.22,82.0,SSW,0.97,1.45,1026.75,0.0,0.0,0.0,0.0,IMELBO1849.csv
2023/02/14,04:24 AM,14.39,11.28,81.0,SSW,0.97,1.61,1026.41,0.0,0.0,0.0,0.0,IMELBO1849.csv
2023/02/14,04:29 AM,14.5,11.28,81.0,SSW,0.97,1.45,1026.41,0.0,0.0,0.0,0.0,IMELBO1849.csv
2023/02/14,04:34 AM,14.56,11.33,81.0,SSW,0.8,1.61,1026.41,0.0,0.0,0.0,0.0,IMELBO1849.csv
2023/02/14,04:39 AM,14.5,11.28,81.0,SSW,0.48,0.97,1026.41,0.0,0.0,0.0,0.0,IMELBO1849.csv
2023/02/14,04:44 AM,14.39,11.22,81.0,SSW,0.48,0.97,1026.41,0.0,0.0,0.0,0.0,IMELBO1849.csv
2023/02/14,04:49 AM,14.22,11.0,81.0,SSW,0.64,1.45,1026.41,0.0,0.0,0.0,0.0,IMELBO1849.csv
2023/02/14,04:54 AM,14.06,11.06,82.0,SSW,0.32,0.64,1026.41,0.0,0.0,0.0,0.0,IMELBO1849.csv
2023/02/14,04:59 AM,13.89,10.89,82.0,ESE,0.97,1.29,1026.41,0.0,0.0,0.0,0.0,IMELBO1849.csv
2023/02/14,05:04 AM,13.72,10.78,82.0,ESE,0.16,0.48,1026.41,0.0,0.0,0.0,0.0,IMELBO1849.csv
2023/02/14,05:09 AM,13.61,10.78,83.0,ESE,0.8,1.61,1026.41,0.0,0.0,0.0,0.0,IMELBO1849.csv
2023/02/14,05:14 AM,13.5,10.72,83.0,ESE,0.16,0.64,1026.75,0.0,0.0,0.0,0.0,IMELBO1849.csv
2023/02/14,05:19 AM,13.33,10.67,84.0,ESE,0.32,0.64,1026.41,0.0,0.0,0.0,0.0,IMELBO1849.csv
2023/02/14,05:24 AM,13.22,10.5,84.0,ESE,0.48,0.8,1026.41,0.0,0.0,0.0,0.0,IMELBO1849.csv
2023/02/14,05:29 AM,13.17,10.44,84.0,ESE,0.16,0.48,1026.41,0.0,0.0,0.0,0.0,IMELBO1849.csv
2023/02/14,05:34 AM,13.11,10.61,85.0,ESE,0.0,0.16,1026.41,0.0,0.0,0.0,0.0,IMELBO1849.csv
2023/02/14,05:39 AM,13.06,10.56,85.0,ESE,0.0,0.16,1026.75,0.0,0.0,0.0,0.0,IMELBO1849.csv
2023/02/14,05:44 AM,13.0,10.5,85.0,ESE,0.16,0.8,1026.75,0.0,0.0,0.0,0.0,IMELBO1849.csv
2023/02/14,05:49 AM,12.83,10.33,85.0,ESE,0.16,0.16,1026.75,0.0,0.0,0.0,0.0,IMELBO1849.csv
2023/02/14,05:54 AM,12.78,10.28,85.0,ESE,0.0,0.0,1026.75,0.0,0.0,0.0,0.0,IMELBO1849.csv
2023/02/14,05:59 AM,12.72,10.33,86.0,ESE,0.0,0.0,1026.75,0.0,0.0,0.0,0.0,IMELBO1849.csv
2023/02/14,06:04 AM,12.67,10.33,86.0,ESE,0.0,0.0,1026.75,0.0,0.0,0.0,0.0,IMELBO1849.csv
2023/02/14,06:09 AM,12.5,10.22,86.0,SE,0.0,0.16,1026.75,0.0,0.0,0.0,0.0,IMELBO1849.csv
2023/02/14,06:14 AM,12.56,10.28,86.0,SSE,0.16,0.64,1027.09,0.0,0.0,0.0,0.0,IMELBO1849.csv
2023/02/14,06:19 AM,12.56,10.28,86.0,SSE,0.16,0.48,1027.09,0.0,0.0,0.0,0.0,IMELBO1849.csv
2023/02/14,06:24 AM,12.5,10.33,87.0,SSE,0.32,0.97,1027.09,0.0,0.0,0.0,0.0,IMELBO1849.csv
2023/02/14,06:29 AM,12.56,10.44,87.0,SSE,0.48,0.8,1026.75,0.0,0.0,0.0,0.0,IMELBO1849.csv
2023/02/14,06:34 AM,12.44,10.33,87.0,SSE,0.16,0.16,1026.75,0.0,0.0,0.0,0.0,IMELBO1849.csv
2023/02/14,06:39 AM,12.39,10.28,87.0,South,0.32,0.48,1027.09,0.0,0.0,0.0,0.0,IMELBO1849.csv
2023/02/14,06:44 AM,12.33,10.22,87.0,South,0.16,0.48,1027.09,0.0,0.0,0.0,0.9,IMELBO1849.csv
2023/02/14,06:49 AM,12.28,10.17,87.0,South,0.0,0.0,1027.09,0.0,0.0,0.0,2.9,IMELBO1849.csv
2023/02/14,06:54 AM,12.11,10.0,87.0,South,0.0,0.0,1027.09,0.0,0.0,0.0,5.6,IMELBO1849.csv
2023/02/14,06:59 AM,12.11,10.06,88.0,South,0.0,0.16,1027.09,0.0,0.0,0.0,8.6,IMELBO1849.csv
2023/02/14,07:04 AM,12.0,10.0,88.0,South,0.0,0.0,1027.09,0.0,0.0,0.0,11.6,IMELBO1849.csv
2023/02/14,07:09 AM,11.89,9.89,88.0,South,0.0,0.16,1027.09,0.0,0.0,0.0,14.7,IMELBO1849.csv
2023/02/14,07:14 AM,12.0,10.0,88.0,South,0.32,0.64,1027.43,0.0,0.0,0.0,18.6,IMELBO1849.csv
2023/02/14,07:19 AM,12.0,10.0,88.0,South,0.16,0.32,1027.09,0.0,0.0,0.0,21.7,IMELBO1849.csv
2023/02/14,07:24 AM,12.06,10.11,88.0,South,0.16,0.32,1027.43,0.0,0.0,0.0,34.3,IMELBO1849.csv
2023/02/14,07:29 AM,12.17,10.22,88.0,South,0.0,0.0,1027.43,0.0,0.0,0.0,38.2,IMELBO1849.csv
2023/02/14,07:34 AM,12.67,10.72,89.0,South,0.0,0.0,1027.43,0.0,0.0,0.0,41.6,IMELBO1849.csv
2023/02/14,07:39 AM,13.33,11.28,88.0,South,0.0,0.0,1027.43,0.0,0.0,0.0,43.3,IMELBO1849.csv
2023/02/14,07:44 AM,14.06,11.83,86.0,South,0.0,0.0,1027.77,0.0,0.0,0.0,47.2,IMELBO1849.csv
2023/02/14,07:49 AM,14.5,11.89,84.0,South,0.0,0.32,1027.43,0.0,0.0,0.0,52.0,IMELBO1849.csv
2023/02/14,07:54 AM,14.78,11.44,80.0,SE,0.97,1.45,1027.43,0.0,0.0,0.0,57.6,IMELBO1849.csv
2023/02/14,07:59 AM,15.28,11.56,79.0,SE,0.48,0.8,1027.77,0.0,0.0,0.0,75.0,IMELBO1849.csv
2023/02/14,08:04 AM,15.61,11.56,77.0,ESE,0.64,1.13,1027.77,0.0,0.0,0.0,98.8,IMELBO1849.csv
2023/02/14,08:09 AM,15.83,11.56,75.0,ESE,1.93,2.74,1027.43,0.0,0.0,1.0,115.4,IMELBO1849.csv
2023/02/14,08:14 AM,15.72,11.44,76.0,ESE,2.09,2.9,1027.77,0.0,0.0,1.0,125.8,IMELBO1849.csv
2023/02/14,08:19 AM,15.72,11.5,76.0,East,1.61,2.25,1027.77,0.0,0.0,1.0,136.6,IMELBO1849.csv
2023/02/14,08:24 AM,15.94,11.61,75.0,East,3.06,4.18,1027.77,0.0,0.0,1.0,141.4,IMELBO1849.csv
2023/02/14,08:29 AM,15.89,11.61,76.0,East,1.61,2.25,1027.77,0.0,0.0,1.0,161.4,IMELBO1849.csv
2023/02/14,08:34 AM,16.39,11.78,74.0,East,2.57,3.54,1027.77,0.0,0.0,1.0,175.7,IMELBO1849.csv
2023/02/14,08:39 AM,16.78,11.89,73.0,ESE,2.41,3.06,1027.77,0.0,0.0,2.0,205.1,IMELBO1849.csv
2023/02/14,08:44 AM,17.0,12.0,73.0,SE,2.25,3.54,1028.11,0.0,0.0,2.0,221.7,IMELBO1849.csv
2023/02/14,08:49 AM,17.28,12.17,72.0,SE,1.93,3.06,1028.11,0.0,0.0,2.0,248.1,IMELBO1849.csv
2023/02/14,08:54 AM,17.39,12.06,71.0,SSE,2.25,3.22,1028.11,0.0,0.0,2.0,259.4,IMELBO1849.csv
2023/02/14,08:59 AM,17.44,12.11,71.0,SE,2.41,3.38,1028.11,0.0,0.0,2.0,304.0,IMELBO1849.csv
2023/02/14,09:04 AM,17.44,12.11,71.0,SE,2.41,3.86,1028.11,0.0,0.0,3.0,353.9,IMELBO1849.csv
2023/02/14,09:09 AM,17.06,11.94,72.0,ESE,2.25,2.74,1028.11,0.0,0.0,2.0,216.4,IMELBO1849.csv
2023/02/14,09:14 AM,16.89,11.78,72.0,SSE,3.86,5.95,1028.11,0.0,0.0,1.0,120.1,IMELBO1849.csv
2023/02/14,09:19 AM,16.72,11.61,72.0,SSE,4.02,5.95,1028.11,0.0,0.0,4.0,420.7,IMELBO1849.csv
2023/02/14,09:24 AM,17.17,11.78,71.0,SE,3.54,4.67,1028.11,0.0,0.0,4.0,433.8,IMELBO1849.csv
2023/02/14,09:29 AM,18.06,12.0,68.0,ESE,4.34,6.28,1028.11,0.0,0.0,4.0,472.3,IMELBO1849.csv
2023/02/14,09:34 AM,17.72,11.83,68.0,South,5.31,7.72,1028.11,0.0,0.0,4.0,445.9,IMELBO1849.csv
2023/02/14,09:39 AM,17.61,11.83,69.0,South,4.34,5.95,1028.11,0.0,0.0,4.0,510.5,IMELBO1849.csv
2023/02/14,09:44 AM,18.39,11.94,66.0,South,5.31,7.56,1028.11,0.0,0.0,5.0,522.3,IMELBO1849.csv
2023/02/14,09:49 AM,18.0,11.5,66.0,SE,4.83,7.24,1028.11,0.0,0.0,5.0,527.9,IMELBO1849.csv
2023/02/14,09:54 AM,18.67,11.89,65.0,SSE,6.28,9.01,1028.11,0.0,0.0,5.0,540.5,IMELBO1849.csv
2023/02/14,09:59 AM,18.61,11.61,64.0,South,4.67,6.92,1028.11,0.0,0.0,5.0,547.5,IMELBO1849.csv
2023/02/14,10:04 AM,19.83,12.11,61.0,SE,4.34,6.76,1028.11,0.0,0.0,5.0,605.6,IMELBO1849.csv
2023/02/14,10:09 AM,19.67,11.89,61.0,SSE,5.63,8.85,1028.11,0.0,0.0,5.0,604.2,IMELBO1849.csv
2023/02/14,10:14 AM,19.78,11.83,60.0,SSE,6.11,9.33,1028.11,0.0,0.0,5.0,584.3,IMELBO1849.csv
2023/02/14,10:19 AM,19.5,11.72,61.0,SSE,6.44,8.85,1028.11,0.0,0.0,6.0,668.9,IMELBO1849.csv
2023/02/14,10:24 AM,18.67,11.28,62.0,SSE,6.11,8.85,1028.11,0.0,0.0,6.0,641.2,IMELBO1849.csv
2023/02/14,10:29 AM,19.11,11.61,62.0,South,6.11,8.85,1028.11,0.0,0.0,5.0,615.1,IMELBO1849.csv
2023/02/14,10:34 AM,18.83,11.39,62.0,South,6.11,8.04,1028.11,0.0,0.0,6.0,644.6,IMELBO1849.csv
2023/02/14,10:39 AM,19.06,11.67,62.0,South,6.6,10.14,1028.11,0.0,0.0,6.0,630.8,IMELBO1849.csv
2023/02/14,10:44 AM,18.83,11.5,62.0,SE,4.34,5.79,1028.11,0.0,0.0,6.0,718.7,IMELBO1849.csv
2023/02/14,10:49 AM,18.72,11.67,64.0,SSW,6.92,9.65,1028.11,0.0,0.0,5.0,547.0,IMELBO1849.csv
2023/02/14,10:54 AM,18.61,11.44,63.0,SSW,5.63,8.21,1028.11,0.0,0.0,5.0,593.5,IMELBO1849.csv
2023/02/14,10:59 AM,19.39,11.78,62.0,South,6.76,9.81,1028.11,0.0,0.0,5.0,590.8,IMELBO1849.csv
2023/02/14,11:04 AM,18.89,11.44,62.0,South,6.92,10.14,1028.11,0.0,0.0,2.0,228.1,IMELBO1849.csv
2023/02/14,11:09 AM,18.61,11.0,61.0,South,5.95,8.69,1028.11,0.0,0.0,7.0,733.5,IMELBO1849.csv
2023/02/14,11:14 AM,18.78,11.17,61.0,SSE,5.15,7.08,1028.11,0.0,0.0,6.0,656.7,IMELBO1849.csv
2023/02/14,11:19 AM,19.22,11.17,59.0,SE,5.47,8.69,1028.11,0.0,0.0,7.0,745.3,IMELBO1849.csv
2023/02/14,11:24 AM,20.06,11.28,57.0,ESE,4.83,6.44,1028.11,0.0,0.0,7.0,755.2,IMELBO1849.csv
2023/02/14,11:29 AM,20.78,11.33,55.0,ESE,4.51,6.76,1028.11,0.0,0.0,6.0,716.7,IMELBO1849.csv
2023/02/14,11:34 AM,20.94,11.61,55.0,ESE,5.95,8.53,1028.11,0.0,0.0,7.0,790.8,IMELBO1849.csv
2023/02/14,11:39 AM,20.78,11.61,56.0,SSE,5.47,8.21,1027.77,0.0,0.0,8.0,832.9,IMELBO1849.csv
2023/02/14,11:44 AM,20.72,11.33,55.0,SSE,4.51,5.95,1028.11,0.0,0.0,8.0,893.5,IMELBO1849.csv
2023/02/14,11:49 AM,21.22,12.06,56.0,South,7.88,10.94,1027.77,0.0,0.0,8.0,852.8,IMELBO1849.csv
2023/02/14,11:54 AM,20.39,11.89,58.0,SSW,10.14,14.16,1027.77,0.0,0.0,8.0,867.1,IMELBO1849.csv
2023/02/14,11:59 AM,21.28,11.83,55.0,ESE,3.54,4.83,1027.77,0.0,0.0,8.0,883.1,IMELBO1849.csv
2023/02/14,12:04 PM,21.89,12.28,54.0,SSW,6.6,9.01,1027.77,0.0,0.0,8.0,828.1,IMELBO1849.csv
2023/02/14,12:09 PM,20.83,11.94,57.0,SSW,11.42,15.45,1027.43,0.0,0.0,8.0,840.2,IMELBO1849.csv
2023/02/14,12:14 PM,20.44,11.61,57.0,South,5.63,8.04,1027.43,0.0,0.0,8.0,911.4,IMELBO1849.csv
2023/02/14,12:19 PM,20.89,11.61,55.0,SSE,5.15,8.04,1027.43,0.0,0.0,8.0,871.5,IMELBO1849.csv
2023/02/14,12:24 PM,20.89,11.94,57.0,SSE,8.04,11.1,1027.43,0.0,0.0,8.0,850.6,IMELBO1849.csv
2023/02/14,12:29 PM,21.06,11.94,56.0,South,8.21,11.75,1027.43,0.0,0.0,8.0,872.8,IMELBO1849.csv
2023/02/14,12:34 PM,21.22,11.94,55.0,SSW,8.37,11.75,1027.43,0.0,0.0,8.0,887.9,IMELBO1849.csv
2023/02/14,12:39 PM,21.22,12.06,56.0,SE,7.24,10.14,1027.43,0.0,0.0,8.0,831.5,IMELBO1849.csv
2023/02/14,12:44 PM,21.28,11.83,55.0,SE,6.44,9.65,1027.43,0.0,0.0,8.0,862.3,IMELBO1849.csv
2023/02/14,12:49 PM,21.39,12.0,55.0,SSE,6.92,9.81,1027.09,0.0,0.0,8.0,893.5,IMELBO1849.csv
2023/02/14,12:54 PM,21.5,12.0,55.0,SE,6.11,9.49,1027.09,0.0,0.0,8.0,860.1,IMELBO1849.csv
2023/02/14,12:59 PM,21.22,11.89,55.0,SSW,8.69,12.55,1027.09,0.0,0.0,8.0,824.7,IMELBO1849.csv
2023/02/14,01:04 PM,20.89,11.78,56.0,South,6.44,9.17,1027.09,0.0,0.0,7.0,816.8,IMELBO1849.csv
2023/02/14,01:09 PM,21.22,11.83,55.0,SSE,6.92,10.3,1027.09,0.0,0.0,8.0,864.5,IMELBO1849.csv
2023/02/14,01:14 PM,21.67,11.94,54.0,SSE,11.75,17.06,1027.09,0.0,0.0,8.0,859.8,IMELBO1849.csv
2023/02/14,01:19 PM,21.22,11.67,55.0,SSW,6.92,9.65,1027.09,0.0,0.0,7.0,791.3,IMELBO1849.csv
2023/02/14,01:24 PM,21.56,12.11,55.0,SW,8.21,10.78,1026.75,0.0,0.0,7.0,789.1,IMELBO1849.csv
2023/02/14,01:29 PM,21.94,12.39,54.0,SSE,7.08,10.46,1026.75,0.0,0.0,7.0,767.4,IMELBO1849.csv
2023/02/14,01:34 PM,21.61,12.11,55.0,SSW,8.21,12.23,1026.75,0.0,0.0,7.0,771.7,IMELBO1849.csv
2023/02/14,01:39 PM,21.61,12.11,55.0,South,6.28,8.53,1026.41,0.0,0.0,7.0,767.4,IMELBO1849.csv
2023/02/14,01:44 PM,22.17,12.22,53.0,SE,9.81,14.0,1026.41,0.0,0.0,7.0,767.8,IMELBO1849.csv
2023/02/14,01:49 PM,22.44,12.28,52.0,SE,9.49,14.0,1026.75,0.0,0.0,7.0,762.6,IMELBO1849.csv
2023/02/14,01:54 PM,22.5,12.44,53.0,SE,13.52,19.63,1026.75,0.0,0.0,7.0,743.9,IMELBO1849.csv
2023/02/14,01:59 PM,22.06,12.33,54.0,South,8.37,11.75,1026.75,0.0,0.0,6.0,709.7,IMELBO1849.csv
2023/02/14,02:04 PM,22.39,12.28,53.0,South,8.37,12.71,1026.75,0.0,0.0,7.0,725.3,IMELBO1849.csv
2023/02/14,02:09 PM,22.72,12.33,52.0,SSE,6.92,10.14,1026.41,0.0,0.0,7.0,737.8,IMELBO1849.csv
2023/02/14,02:14 PM,22.61,12.39,52.0,SSW,7.24,10.78,1026.75,0.0,0.0,7.0,771.7,IMELBO1849.csv
2023/02/14,02:19 PM,22.67,12.5,53.0,SE,7.72,11.58,1026.41,0.0,0.0,7.0,777.8,IMELBO1849.csv
2023/02/14,02:24 PM,22.33,12.5,54.0,SW,11.42,15.93,1026.41,0.0,0.0,7.0,791.3,IMELBO1849.csv
2023/02/14,02:29 PM,22.5,12.56,53.0,SSW,12.55,17.22,1026.41,0.0,0.0,7.0,760.0,IMELBO1849.csv
2023/02/14,02:34 PM,22.33,12.56,54.0,SSW,10.14,13.68,1026.41,0.0,0.0,7.0,766.4,IMELBO1849.csv
2023/02/14,02:39 PM,22.67,12.56,53.0,South,9.98,14.16,1026.41,0.0,0.0,7.0,761.3,IMELBO1849.csv
2023/02/14,02:44 PM,22.22,12.56,54.0,SSW,8.21,11.58,1026.41,0.0,0.0,7.0,763.9,IMELBO1849.csv
2023/02/14,02:49 PM,21.89,12.39,55.0,SSW,10.62,14.96,1026.41,0.0,0.0,7.0,753.5,IMELBO1849.csv
2023/02/14,02:54 PM,22.67,12.61,53.0,SE,9.17,13.84,1026.08,0.0,0.0,7.0,724.8,IMELBO1849.csv
2023/02/14,02:59 PM,22.39,12.61,54.0,SSW,9.98,13.35,1026.08,0.0,0.0,7.0,743.1,IMELBO1849.csv
2023/02/14,03:04 PM,21.67,12.39,55.0,SW,15.93,21.08,1026.08,0.0,0.0,7.0,763.5,IMELBO1849.csv
2023/02/14,03:09 PM,22.61,12.61,53.0,SSE,9.49,13.35,1026.08,0.0,0.0,7.0,764.7,IMELBO1849.csv
2023/02/14,03:14 PM,22.56,12.5,53.0,SSW,12.71,17.22,1026.08,0.0,0.0,6.0,714.8,IMELBO1849.csv
2023/02/14,03:19 PM,22.28,12.39,53.0,SSW,15.61,21.08,1026.08,0.0,0.0,5.0,589.5,IMELBO1849.csv
2023/02/14,03:24 PM,22.33,12.39,53.0,ESE,13.52,18.66,1026.08,0.0,0.0,5.0,580.8,IMELBO1849.csv
2023/02/14,03:29 PM,22.17,12.5,54.0,South,19.95,28.16,1026.08,0.0,0.0,6.0,686.2,IMELBO1849.csv
2023/02/14,03:34 PM,22.11,12.33,54.0,SSW,17.86,25.26,1025.74,0.0,0.0,6.0,699.3,IMELBO1849.csv
2023/02/14,03:39 PM,21.83,12.17,54.0,SW,14.32,20.76,1025.74,0.0,0.0,7.0,720.9,IMELBO1849.csv
2023/02/14,03:44 PM,22.11,12.17,53.0,SSW,8.53,12.71,1025.74,0.0,0.0,7.0,757.4,IMELBO1849.csv
2023/02/14,03:49 PM,22.5,12.44,53.0,SSW,13.52,18.83,1025.74,0.0,0.0,7.0,764.4,IMELBO1849.csv
2023/02/14,03:54 PM,23.0,12.33,51.0,ESE,10.3,14.16,1025.74,0.0,0.0,7.0,777.8,IMELBO1849.csv
2023/02/14,03:59 PM,22.89,12.33,51.0,SSE,9.33,13.35,1025.4,0.0,0.0,7.0,777.8,IMELBO1849.csv
2023/02/14,04:04 PM,22.44,12.0,52.0,SSW,11.1,16.41,1025.74,0.0,0.0,7.0,763.0,IMELBO1849.csv
2023/02/14,04:09 PM,22.67,12.22,52.0,South,19.63,26.87,1025.4,0.0,0.0,7.0,748.3,IMELBO1849.csv
2023/02/14,04:14 PM,22.33,11.94,52.0,SSW,15.45,20.43,1025.4,0.0,0.0,7.0,754.3,IMELBO1849.csv
2023/02/14,04:19 PM,22.67,12.17,51.0,SSE,14.16,18.66,1025.74,0.0,0.0,7.0,762.6,IMELBO1849.csv
2023/02/14,04:24 PM,22.44,11.89,51.0,SSW,16.25,21.08,1025.74,0.0,0.0,7.0,757.9,IMELBO1849.csv
2023/02/14,04:29 PM,22.0,11.89,53.0,SSW,20.6,28.0,1025.74,0.0,0.0,7.0,739.2,IMELBO1849.csv
2023/02/14,04:34 PM,22.22,12.0,52.0,SSW,15.61,21.08,1025.74,0.0,0.0,6.0,717.5,IMELBO1849.csv
2023/02/14,04:39 PM,22.28,12.33,53.0,SSW,14.16,19.63,1025.4,0.0,0.0,6.0,718.7,IMELBO1849.csv
2023/02/14,04:44 PM,22.0,12.39,54.0,SSW,12.55,17.06,1025.4,0.0,0.0,6.0,704.4,IMELBO1849.csv
2023/02/14,04:49 PM,22.17,12.39,54.0,SSW,18.5,24.46,1025.4,0.0,0.0,6.0,672.4,IMELBO1849.csv
2023/02/14,04:54 PM,21.94,12.56,55.0,SW,14.96,20.76,1025.74,0.0,0.0,6.0,677.6,IMELBO1849.csv
2023/02/14,04:59 PM,22.11,12.67,55.0,South,9.17,12.71,1025.74,0.0,0.0,6.0,672.4,IMELBO1849.csv
2023/02/14,05:04 PM,22.0,12.67,55.0,South,16.73,23.01,1025.74,0.0,0.0,6.0,643.7,IMELBO1849.csv
2023/02/14,05:09 PM,21.89,12.83,57.0,SSW,17.06,23.33,1025.74,0.0,0.0,6.0,638.5,IMELBO1849.csv
2023/02/14,05:14 PM,21.61,12.56,56.0,SSW,18.18,24.46,1025.74,0.0,0.0,5.0,615.1,IMELBO1849.csv
2023/02/14,05:19 PM,21.28,12.56,57.0,SSW,16.25,22.2,1025.74,0.0,0.0,5.0,578.7,IMELBO1849.csv
2023/02/14,05:24 PM,21.5,12.61,57.0,South,18.34,25.58,1025.74,0.0,0.0,5.0,558.2,IMELBO1849.csv
2023/02/14,05:29 PM,21.28,12.56,57.0,SSW,10.62,14.8,1025.74,0.0,0.0,4.0,510.5,IMELBO1849.csv
2023/02/14,05:34 PM,21.5,12.72,57.0,SW,11.58,15.61,1025.74,0.0,0.0,4.0,474.0,IMELBO1849.csv
2023/02/14,05:39 PM,21.33,12.67,58.0,SW,9.49,13.35,1025.74,0.0,0.0,4.0,449.3,IMELBO1849.csv
2023/02/14,05:44 PM,20.94,12.67,59.0,SSW,13.52,18.83,1025.74,0.0,0.0,4.0,421.2,IMELBO1849.csv
2023/02/14,05:49 PM,21.17,12.67,58.0,SW,13.52,18.99,1025.74,0.0,0.0,3.0,400.4,IMELBO1849.csv
2023/02/14,05:54 PM,21.11,12.61,59.0,SSW,10.78,16.25,1025.74,0.0,0.0,3.0,377.8,IMELBO1849.csv
2023/02/14,05:59 PM,21.17,12.83,59.0,SSW,11.1,16.73,1025.4,0.0,0.0,3.0,365.7,IMELBO1849.csv
2023/02/14,06:04 PM,20.67,12.67,60.0,SSW,9.33,12.71,1025.74,0.0,0.0,3.0,315.8,IMELBO1849.csv
2023/02/14,06:09 PM,21.0,12.39,58.0,SSW,8.53,12.55,1025.74,0.0,0.0,2.0,301.9,IMELBO1849.csv
2023/02/14,06:14 PM,21.11,12.56,58.0,SSW,11.42,15.93,1025.4,0.0,0.0,2.0,294.1,IMELBO1849.csv
2023/02/14,06:19 PM,20.67,12.44,59.0,SW,9.98,14.16,1025.74,0.0,0.0,2.0,281.5,IMELBO1849.csv
2023/02/14,06:24 PM,20.72,11.78,57.0,SSW,10.78,14.32,1025.4,0.0,0.0,2.0,265.8,IMELBO1849.csv
2023/02/14,06:29 PM,20.78,11.67,56.0,SE,6.44,9.98,1025.74,0.0,0.0,2.0,246.4,IMELBO1849.csv
2023/02/14,06:34 PM,20.89,11.78,56.0,South,7.4,10.94,1025.74,0.0,0.0,2.0,215.1,IMELBO1849.csv
2023/02/14,06:39 PM,20.72,11.67,56.0,South,8.21,11.42,1025.74,0.0,0.0,2.0,204.7,IMELBO1849.csv
2023/02/14,06:44 PM,20.5,11.39,56.0,South,9.33,12.39,1025.4,0.0,0.0,1.0,169.1,IMELBO1849.csv
2023/02/14,06:49 PM,20.39,11.5,57.0,South,7.24,9.98,1025.74,0.0,0.0,1.0,149.1,IMELBO1849.csv
2023/02/14,06:54 PM,20.33,11.56,57.0,South,7.56,11.1,1025.4,0.0,0.0,1.0,154.8,IMELBO1849.csv
2023/02/14,06:59 PM,20.11,11.5,58.0,SW,8.53,11.42,1025.74,0.0,0.0,1.0,142.6,IMELBO1849.csv
2023/02/14,07:04 PM,20.22,11.61,58.0,South,6.11,9.49,1025.74,0.0,0.0,1.0,124.1,IMELBO1849.csv
2023/02/14,07:09 PM,20.28,11.67,58.0,South,4.83,7.08,1025.74,0.0,0.0,1.0,112.3,IMELBO1849.csv
2023/02/14,07:14 PM,20.22,11.89,59.0,South,6.76,9.49,1025.74,0.0,0.0,0.0,66.3,IMELBO1849.csv
2023/02/14,07:19 PM,19.72,11.94,61.0,South,6.28,9.49,1025.74,0.0,0.0,0.0,58.5,IMELBO1849.csv
2023/02/14,07:24 PM,19.61,12.06,62.0,South,5.15,7.88,1025.74,0.0,0.0,0.0,38.5,IMELBO1849.csv
2023/02/14,07:29 PM,19.39,11.89,62.0,SW,9.01,12.23,1026.08,0.0,0.0,0.0,36.8,IMELBO1849.csv
2023/02/14,07:34 PM,19.17,11.83,63.0,SW,8.53,11.75,1026.08,0.0,0.0,0.0,33.8,IMELBO1849.csv
2023/02/14,07:39 PM,19.11,11.89,63.0,South,5.31,7.88,1026.08,0.0,0.0,0.0,31.6,IMELBO1849.csv
2023/02/14,07:44 PM,19.17,11.89,63.0,South,4.02,6.6,1026.08,0.0,0.0,0.0,28.1,IMELBO1849.csv
2023/02/14,07:49 PM,19.0,11.94,63.0,SSW,4.67,6.92,1026.08,0.0,0.0,0.0,25.6,IMELBO1849.csv
2023/02/14,07:54 PM,18.83,11.94,64.0,SSW,5.47,8.04,1026.08,0.0,0.0,0.0,22.5,IMELBO1849.csv
2023/02/14,07:59 PM,18.72,11.78,64.0,South,4.02,5.31,1026.08,0.0,0.0,0.0,19.5,IMELBO1849.csv
2023/02/14,08:04 PM,18.5,11.78,65.0,SSW,5.79,8.69,1026.41,0.0,0.0,0.0,15.5,IMELBO1849.csv
2023/02/14,08:09 PM,18.33,11.89,66.0,SW,6.28,8.85,1026.08,0.0,0.0,0.0,11.6,IMELBO1849.csv
2023/02/14,08:14 PM,18.06,11.83,67.0,SSW,7.4,9.98,1026.41,0.0,0.0,0.0,9.1,IMELBO1849.csv
2023/02/14,08:19 PM,17.89,11.72,67.0,SSW,5.63,7.56,1026.08,0.0,0.0,0.0,5.1,IMELBO1849.csv
2023/02/14,08:24 PM,17.83,11.72,67.0,SSW,5.47,6.76,1026.41,0.0,0.0,0.0,2.6,IMELBO1849.csv
2023/02/14,08:29 PM,17.78,11.78,68.0,SW,5.95,7.88,1026.41,0.0,0.0,0.0,0.9,IMELBO1849.csv
2023/02/14,08:34 PM,17.67,11.67,68.0,SSW,5.31,8.04,1026.41,0.0,0.0,0.0,0.0,IMELBO1849.csv
2023/02/14,08:39 PM,17.61,11.61,68.0,South,4.51,6.44,1026.41,0.0,0.0,0.0,0.0,IMELBO1849.csv
2023/02/14,08:44 PM,17.5,11.5,68.0,SSW,7.08,9.49,1026.41,0.0,0.0,0.0,0.0,IMELBO1849.csv
2023/02/14,08:49 PM,17.5,11.78,69.0,SSW,4.51,6.11,1026.41,0.0,0.0,0.0,0.0,IMELBO1849.csv
2023/02/14,08:54 PM,17.39,11.72,69.0,SW,6.44,8.53,1026.41,0.0,0.0,0.0,0.0,IMELBO1849.csv
2023/02/14,08:59 PM,17.33,11.83,70.0,SSW,5.63,8.04,1026.41,0.0,0.0,0.0,0.0,IMELBO1849.csv
2023/02/14,09:04 PM,17.28,11.83,70.0,SSW,4.02,5.63,1026.41,0.0,0.0,0.0,0.0,IMELBO1849.csv
2023/02/14,09:09 PM,17.28,12.0,71.0,SW,4.99,6.6,1026.75,0.0,0.0,0.0,0.0,IMELBO1849.csv
2023/02/14,09:14 PM,17.22,11.94,71.0,SW,5.63,6.92,1026.75,0.0,0.0,0.0,0.0,IMELBO1849.csv
2023/02/14,09:19 PM,17.22,12.11,72.0,SW,6.11,7.88,1027.09,0.0,0.0,0.0,0.0,IMELBO1849.csv
2023/02/14,09:24 PM,17.22,12.11,72.0,SSW,4.99,7.08,1027.09,0.0,0.0,0.0,0.0,IMELBO1849.csv
2023/02/14,09:29 PM,17.22,12.22,72.0,SW,5.31,6.76,1027.09,0.0,0.0,0.0,0.0,IMELBO1849.csv
2023/02/14,09:34 PM,17.22,12.28,73.0,SW,5.15,6.6,1027.09,0.0,0.0,0.0,0.0,IMELBO1849.csv
2023/02/14,09:39 PM,17.11,12.33,74.0,SSW,3.38,4.51,1027.09,0.0,0.0,0.0,0.0,IMELBO1849.csv
2023/02/14,09:44 PM,17.0,12.39,74.0,SSW,3.38,3.86,1027.09,0.0,0.0,0.0,0.0,IMELBO1849.csv
2023/02/14,09:49 PM,16.89,12.28,74.0,SSW,2.74,3.22,1027.09,0.0,0.0,0.0,0.0,IMELBO1849.csv
2023/02/14,09:54 PM,16.78,12.28,74.0,SSW,1.93,2.74,1027.09,0.0,0.0,0.0,0.0,IMELBO1849.csv
2023/02/14,09:59 PM,16.72,12.33,75.0,SSW,2.57,3.22,1027.09,0.0,0.0,0.0,0.0,IMELBO1849.csv
2023/02/14,10:04 PM,16.72,12.28,75.0,SSW,2.41,3.22,1027.43,0.0,0.0,0.0,0.0,IMELBO1849.csv
2023/02/14,10:09 PM,16.56,12.22,76.0,SSW,2.25,3.22,1027.43,0.0,0.0,0.0,0.0,IMELBO1849.csv
2023/02/14,10:14 PM,16.5,12.22,76.0,SW,3.06,4.18,1027.43,0.0,0.0,0.0,0.0,IMELBO1849.csv
2023/02/14,10:19 PM,16.5,12.22,76.0,SSW,2.57,3.54,1027.43,0.0,0.0,0.0,0.0,IMELBO1849.csv
2023/02/14,10:24 PM,16.44,12.22,76.0,SSW,1.77,2.57,1027.43,0.0,0.0,0.0,0.0,IMELBO1849.csv
2023/02/14,10:29 PM,16.39,12.22,76.0,SSW,1.45,2.09,1027.09,0.0,0.0,0.0,0.0,IMELBO1849.csv
2023/02/14,10:34 PM,16.28,12.11,76.0,South,2.09,3.06,1027.09,0.0,0.0,0.0,0.0,IMELBO1849.csv
2023/02/14,10:39 PM,16.28,12.17,77.0,South,0.97,1.61,1027.09,0.0,0.0,0.0,0.0,IMELBO1849.csv
2023/02/14,10:44 PM,16.28,12.22,77.0,South,1.93,2.57,1027.09,0.0,0.0,0.0,0.0,IMELBO1849.csv
2023/02/14,10:49 PM,16.22,12.22,77.0,SSW,1.29,2.25,1027.09,0.0,0.0,0.0,0.0,IMELBO1849.csv
2023/02/14,10:54 PM,16.17,12.17,77.0,SSW,0.97,1.61,1027.09,0.0,0.0,0.0,0.0,IMELBO1849.csv
2023/02/14,10:59 PM,16.0,12.22,78.0,SSW,0.8,1.45,1027.09,0.0,0.0,0.0,0.0,IMELBO1849.csv
2023/02/14,11:04 PM,15.78,12.0,78.0,SSW,0.0,0.32,1027.09,0.0,0.0,0.0,0.0,IMELBO1849.csv
2023/02/14,11:09 PM,15.67,11.94,79.0,SSW,0.16,0.32,1027.09,0.0,0.0,0.0,0.0,IMELBO1849.csv
2023/02/14,11:14 PM,15.44,11.83,79.0,SSW,0.8,1.61,1027.09,0.0,0.0,0.0,0.0,IMELBO1849.csv
2023/02/14,11:19 PM,15.28,11.83,80.0,SSW,0.8,1.45,1027.09,0.0,0.0,0.0,0.0,IMELBO1849.csv
2023/02/14,11:24 PM,15.22,11.78,80.0,SSW,0.8,1.93,1027.09,0.0,0.0,0.0,0.0,IMELBO1849.csv
2023/02/14,11:29 PM,15.06,11.67,80.0,SW,0.8,1.29,1027.09,0.0,0.0,0.0,0.0,IMELBO1849.csv
2023/02/14,11:34 PM,14.94,11.56,80.0,SW,1.45,1.77,1027.09,0.0,0.0,0.0,0.0,IMELBO1849.csv
2023/02/14,11:39 PM,14.83,11.44,80.0,SW,1.45,2.09,1027.09,0.0,0.0,0.0,0.0,IMELBO1849.csv
2023/02/14,11:44 PM,14.78,11.33,80.0,SW,1.45,2.25,1027.09,0.0,0.0,0.0,0.0,IMELBO1849.csv
2023/02/14,11:49 PM,14.61,11.22,80.0,WSW,1.93,2.57,1026.75,0.0,0.0,0.0,0.0,IMELBO1849.csv
2023/02/14,11:54 PM,14.5,11.11,80.0,WSW,2.09,2.74,1026.75,0.0,0.0,0.0,0.0,IMELBO1849.csv
2023/02/14,11:59 PM,14.39,11.0,80.0,WSW,2.25,3.22,1026.75,0.0,0.0,0.0,0.0,IMELBO1849.csv
2023/02/15,12:04 AM,14.28,11.0,80.0,WNW,2.9,4.18,1026.75,0.0,0.0,0.0,0.0,IMELBO1849.csv
2023/02/15,12:09 AM,14.22,11.0,81.0,WNW,2.9,4.18,1026.41,0.0,0.0,0.0,0.0,IMELBO1849.csv
2023/02/15,12:14 AM,14.17,10.94,81.0,WNW,1.93,2.9,1026.41,0.0,0.0,0.0,0.0,IMELBO1849.csv
2023/02/15,12:19 AM,14.06,10.83,81.0,WNW,2.74,3.7,1026.41,0.0,0.0,0.0,0.0,IMELBO1849.csv
2023/02/15,12:24 AM,14.0,11.0,82.0,WNW,3.7,4.99,1026.41,0.0,0.0,0.0,0.0,IMELBO1849.csv
2023/02/15,12:29 AM,13.89,10.89,82.0,WNW,3.54,4.51,1026.41,0.0,0.0,0.0,0.0,IMELBO1849.csv
2023/02/15,12:34 AM,13.83,10.83,82.0,WNW,3.22,4.51,1026.41,0.0,0.0,0.0,0.0,IMELBO1849.csv
2023/02/15,12:39 AM,13.78,10.78,82.0,WNW,4.18,5.15,1026.41,0.0,0.0,0.0,0.0,IMELBO1849.csv
2023/02/15,12:44 AM,13.72,10.72,82.0,WNW,3.86,5.15,1026.41,0.0,0.0,0.0,0.0,IMELBO1849.csv
2023/02/15,12:49 AM,13.72,10.78,82.0,WNW,3.38,4.67,1026.41,0.0,0.0,0.0,0.0,IMELBO1849.csv
2023/02/15,12:54 AM,13.72,10.89,83.0,WNW,3.54,4.83,1026.41,0.0,0.0,0.0,0.0,IMELBO1849.csv
2023/02/15,12:59 AM,13.72,10.89,83.0,WNW,3.54,4.83,1026.41,0.0,0.0,0.0,0.0,IMELBO1849.csv
2023/02/15,01:04 AM,13.67,10.83,83.0,WNW,3.86,4.67,1026.08,0.0,0.0,0.0,0.0,IMELBO1849.csv
2023/02/15,01:09 AM,13.61,10.78,83.0,WNW,2.9,4.02,1026.08,0.0,0.0,0.0,0.0,IMELBO1849.csv
2023/02/15,01:14 AM,13.61,10.78,83.0,WNW,3.54,4.83,1026.08,0.0,0.0,0.0,0.0,IMELBO1849.csv
2023/02/15,01:19 AM,13.5,10.72,83.0,WNW,4.18,5.63,1026.08,0.0,0.0,0.0,0.0,IMELBO1849.csv
2023/02/15,01:24 AM,13.5,10.72,83.0,WNW,4.51,6.11,1026.08,0.0,0.0,0.0,0.0,IMELBO1849.csv
2023/02/15,01:29 AM,13.44,10.67,83.0,WNW,4.34,5.63,1026.08,0.0,0.0,0.0,0.0,IMELBO1849.csv
2023/02/15,01:34 AM,13.39,10.61,83.0,WNW,3.54,5.31,1026.08,0.0,0.0,0.0,0.0,IMELBO1849.csv
2023/02/15,01:39 AM,13.28,10.5,83.0,WNW,3.7,5.15,1026.08,0.0,0.0,0.0,0.0,IMELBO1849.csv
2023/02/15,01:44 AM,13.28,10.5,83.0,WNW,3.06,4.34,1026.08,0.0,0.0,0.0,0.0,IMELBO1849.csv
2023/02/15,01:49 AM,13.28,10.5,83.0,WNW,2.57,3.38,1025.74,0.0,0.0,0.0,0.0,IMELBO1849.csv
2023/02/15,01:54 AM,13.28,10.5,83.0,WNW,2.25,3.38,1025.74,0.0,0.0,0.0,0.0,IMELBO1849.csv
2023/02/15,01:59 AM,13.22,10.44,84.0,WNW,3.22,4.34,1025.74,0.0,0.0,0.0,0.0,IMELBO1849.csv
2023/02/15,02:04 AM,13.22,10.5,84.0,WNW,3.22,4.34,1025.74,0.0,0.0,0.0,0.0,IMELBO1849.csv
2023/02/15,02:09 AM,13.22,10.5,84.0,WNW,3.54,4.51,1025.4,0.0,0.0,0.0,0.0,IMELBO1849.csv
2023/02/15,02:14 AM,13.22,10.5,84.0,WNW,4.02,4.83,1025.4,0.0,0.0,0.0,0.0,IMELBO1849.csv
2023/02/15,02:19 AM,13.11,10.39,84.0,WNW,2.57,3.86,1025.4,0.0,0.0,0.0,0.0,IMELBO1849.csv
2023/02/15,02:24 AM,13.11,10.39,84.0,WNW,2.57,3.38,1025.4,0.0,0.0,0.0,0.0,IMELBO1849.csv
2023/02/15,02:29 AM,13.11,10.39,84.0,WNW,2.25,3.22,1025.4,0.0,0.0,0.0,0.0,IMELBO1849.csv
2023/02/15,02:34 AM,13.11,10.39,84.0,WNW,1.77,2.74,1025.4,0.0,0.0,0.0,0.0,IMELBO1849.csv
2023/02/15,02:39 AM,13.11,10.39,84.0,WNW,2.41,3.38,1025.06,0.0,0.0,0.0,0.0,IMELBO1849.csv
2023/02/15,02:44 AM,13.11,10.39,84.0,NW,1.77,2.74,1025.4,0.0,0.0,0.0,0.0,IMELBO1849.csv
2023/02/15,02:49 AM,13.11,10.44,84.0,NW,0.97,1.61,1025.06,0.0,0.0,0.0,0.0,IMELBO1849.csv
2023/02/15,02:54 AM,13.11,10.56,85.0,NW,1.13,2.25,1025.06,0.0,0.0,0.0,0.0,IMELBO1849.csv
2023/02/15,02:59 AM,12.94,10.44,85.0,NW,0.0,0.16,1025.06,0.0,0.0,0.0,0.0,IMELBO1849.csv
2023/02/15,03:04 AM,12.72,10.22,85.0,NW,0.0,0.16,1025.06,0.0,0.0,0.0,0.0,IMELBO1849.csv
2023/02/15,03:09 AM,12.61,10.17,85.0,NW,0.0,0.16,1025.06,0.0,0.0,0.0,0.0,IMELBO1849.csv
2023/02/15,03:14 AM,12.56,10.28,86.0,NW,0.0,0.0,1025.06,0.0,0.0,0.0,0.0,IMELBO1849.csv
2023/02/15,03:19 AM,12.44,10.17,86.0,NW,0.0,0.0,1024.72,0.0,0.0,0.0,0.0,IMELBO1849.csv
2023/02/15,03:24 AM,12.28,10.17,87.0,NW,0.0,0.0,1024.72,0.0,0.0,0.0,0.0,IMELBO1849.csv
2023/02/15,03:29 AM,12.17,10.06,87.0,NW,0.0,0.0,1025.06,0.0,0.0,0.0,0.0,IMELBO1849.csv
2023/02/15,03:34 AM,12.06,9.94,87.0,NW,0.0,0.0,1025.06,0.0,0.0,0.0,0.0,IMELBO1849.csv
2023/02/15,03:39 AM,11.89,9.89,88.0,NW,0.16,0.32,1025.06,0.0,0.0,0.0,0.0,IMELBO1849.csv
2023/02/15,03:44 AM,11.94,9.94,88.0,NW,0.0,0.0,1024.72,0.0,0.0,0.0,0.0,IMELBO1849.csv
2023/02/15,03:49 AM,11.89,9.89,88.0,NW,0.0,0.0,1025.06,0.0,0.0,0.0,0.0,IMELBO1849.csv
2023/02/15,03:54 AM,11.78,9.78,88.0,NW,0.0,0.32,1024.72,0.0,0.0,0.0,0.0,IMELBO1849.csv
2023/02/15,03:59 AM,11.78,9.78,88.0,NW,0.0,0.0,1024.72,0.0,0.0,0.0,0.0,IMELBO1849.csv
2023/02/15,04:04 AM,11.78,9.78,88.0,NW,0.0,0.0,1024.72,0.0,0.0,0.0,0.0,IMELBO1849.csv
2023/02/15,04:09 AM,11.72,9.89,89.0,NNW,0.64,0.8,1024.72,0.0,0.0,0.0,0.0,IMELBO1849.csv
2023/02/15,04:14 AM,11.78,10.0,89.0,NNW,1.45,1.77,1024.38,0.0,0.0,0.0,0.0,IMELBO1849.csv
2023/02/15,04:19 AM,11.78,10.0,89.0,NNE,2.57,3.22,1024.38,0.0,0.0,0.0,0.0,IMELBO1849.csv
2023/02/15,04:24 AM,11.72,9.94,89.0,NNE,1.77,2.41,1024.38,0.0,0.0,0.0,0.0,IMELBO1849.csv
2023/02/15,04:29 AM,11.61,9.78,89.0,NNE,1.13,1.61,1024.72,0.0,0.0,0.0,0.0,IMELBO1849.csv
2023/02/15,04:34 AM,11.5,9.72,89.0,NNE,1.45,2.09,1024.72,0.0,0.0,0.0,0.0,IMELBO1849.csv
2023/02/15,04:39 AM,11.39,9.61,89.0,NNE,1.29,2.09,1024.72,0.0,0.0,0.0,0.0,IMELBO1849.csv
2023/02/15,04:44 AM,11.39,9.61,89.0,NNE,1.13,1.61,1024.72,0.0,0.0,0.0,0.0,IMELBO1849.csv
2023/02/15,04:49 AM,11.28,9.5,89.0,NNE,0.0,0.0,1024.38,0.0,0.0,0.0,0.0,IMELBO1849.csv
2023/02/15,04:54 AM,11.17,9.39,89.0,NNE,0.16,0.48,1024.72,0.0,0.0,0.0,0.0,IMELBO1849.csv
2023/02/15,04:59 AM,11.11,9.5,90.0,NNE,0.16,0.32,1024.72,0.0,0.0,0.0,0.0,IMELBO1849.csv
2023/02/15,05:04 AM,11.06,9.44,90.0,NNE,0.16,0.48,1024.72,0.0,0.0,0.0,0.0,IMELBO1849.csv
2023/02/15,05:09 AM,11.0,9.39,90.0,North,0.48,0.97,1024.72,0.0,0.0,0.0,0.0,IMELBO1849.csv
2023/02/15,05:14 AM,11.0,9.39,90.0,NNE,0.8,1.45,1024.72,0.0,0.0,0.0,0.0,IMELBO1849.csv
2023/02/15,05:19 AM,10.89,9.28,90.0,NNE,0.32,0.8,1024.72,0.0,0.0,0.0,0.0,IMELBO1849.csv
2023/02/15,05:24 AM,10.78,9.22,90.0,NNE,0.64,1.13,1024.72,0.0,0.0,0.0,0.0,IMELBO1849.csv
2023/02/15,05:29 AM,10.83,9.28,90.0,NNE,1.29,1.77,1024.72,0.0,0.0,0.0,0.0,IMELBO1849.csv
2023/02/15,05:34 AM,10.89,9.28,90.0,North,1.45,2.09,1024.72,0.0,0.0,0.0,0.0,IMELBO1849.csv
2023/02/15,05:39 AM,10.78,9.22,90.0,NNE,1.13,1.61,1024.72,0.0,0.0,0.0,0.0,IMELBO1849.csv
2023/02/15,05:44 AM,10.78,9.22,90.0,North,1.93,2.74,1025.06,0.0,0.0,0.0,0.0,IMELBO1849.csv
2023/02/15,05:49 AM,10.78,9.22,90.0,NNE,1.29,2.09,1024.72,0.0,0.0,0.0,0.0,IMELBO1849.csv
2023/02/15,05:54 AM,10.78,9.22,90.0,NE,3.38,4.51,1024.72,0.0,0.0,0.0,0.0,IMELBO1849.csv
2023/02/15,05:59 AM,10.83,9.28,90.0,NE,3.22,4.67,1024.72,0.0,0.0,0.0,0.0,IMELBO1849.csv
2023/02/15,06:04 AM,10.89,9.28,90.0,NNE,2.57,3.86,1024.72,0.0,0.0,0.0,0.0,IMELBO1849.csv
2023/02/15,06:09 AM,10.89,9.28,90.0,NNE,2.09,3.06,1025.06,0.0,0.0,0.0,0.0,IMELBO1849.csv
2023/02/15,06:14 AM,10.78,9.22,90.0,North,2.25,3.22,1025.06,0.0,0.0,0.0,0.0,IMELBO1849.csv
2023/02/15,06:19 AM,10.78,9.22,90.0,NNE,4.02,4.99,1025.06,0.0,0.0,0.0,0.0,IMELBO1849.csv
2023/02/15,06:24 AM,10.78,9.22,90.0,NE,4.02,5.47,1025.06,0.0,0.0,0.0,0.0,IMELBO1849.csv
2023/02/15,06:29 AM,10.78,9.22,90.0,NE,3.7,5.15,1025.06,0.0,0.0,0.0,0.0,IMELBO1849.csv
2023/02/15,06:34 AM,10.83,9.28,90.0,NE,3.54,5.15,1025.06,0.0,0.0,0.0,0.0,IMELBO1849.csv
2023/02/15,06:39 AM,11.0,9.28,90.0,NE,2.9,3.86,1025.06,0.0,0.0,0.0,0.0,IMELBO1849.csv
2023/02/15,06:44 AM,11.06,9.22,89.0,NE,4.18,5.79,1025.06,0.0,0.0,0.0,1.2,IMELBO1849.csv
2023/02/15,06:49 AM,11.11,9.28,89.0,NNE,5.95,7.72,1025.06,0.0,0.0,0.0,2.6,IMELBO1849.csv
2023/02/15,06:54 AM,11.22,9.39,89.0,NNE,4.83,6.44,1025.06,0.0,0.0,0.0,5.1,IMELBO1849.csv
2023/02/15,06:59 AM,11.33,9.56,89.0,NE,4.51,6.28,1025.06,0.0,0.0,0.0,8.2,IMELBO1849.csv
2023/02/15,07:04 AM,11.39,9.5,89.0,NNE,3.22,4.67,1025.06,0.0,0.0,0.0,12.5,IMELBO1849.csv
2023/02/15,07:09 AM,11.5,9.5,88.0,NE,5.15,7.88,1025.06,0.0,0.0,0.0,16.0,IMELBO1849.csv
2023/02/15,07:14 AM,11.78,9.78,88.0,NE,5.63,8.21,1025.06,0.0,0.0,0.0,18.6,IMELBO1849.csv
2023/02/15,07:19 AM,11.94,9.83,87.0,NNE,5.15,6.76,1025.4,0.0,0.0,0.0,22.0,IMELBO1849.csv
2023/02/15,07:24 AM,12.06,9.83,86.0,NNE,4.67,6.76,1025.4,0.0,0.0,0.0,25.9,IMELBO1849.csv
2023/02/15,07:29 AM,12.28,9.94,86.0,NNE,4.83,6.6,1025.4,0.0,0.0,0.0,30.3,IMELBO1849.csv
2023/02/15,07:34 AM,12.61,10.11,85.0,NNE,4.67,6.76,1025.4,0.0,0.0,0.0,36.8,IMELBO1849.csv
2023/02/15,07:39 AM,13.11,10.28,83.0,NNE,6.44,8.21,1025.4,0.0,0.0,0.0,42.0,IMELBO1849.csv
2023/02/15,07:44 AM,13.67,10.39,81.0,NNE,4.99,6.76,1025.4,0.0,0.0,0.0,45.9,IMELBO1849.csv
2023/02/15,07:49 AM,14.06,10.5,79.0,NNE,5.63,7.56,1025.4,0.0,0.0,0.0,50.3,IMELBO1849.csv
2023/02/15,07:54 AM,14.28,10.67,79.0,NE,5.63,8.04,1025.4,0.0,0.0,0.0,58.1,IMELBO1849.csv
2023/02/15,07:59 AM,14.67,10.78,78.0,NE,5.15,6.6,1025.4,0.0,0.0,0.0,71.6,IMELBO1849.csv
2023/02/15,08:04 AM,15.06,11.0,77.0,NE,4.67,6.28,1025.4,0.0,0.0,0.0,87.1,IMELBO1849.csv
2023/02/15,08:09 AM,15.67,11.17,75.0,NE,5.63,7.56,1025.4,0.0,0.0,1.0,112.7,IMELBO1849.csv
2023/02/15,08:14 AM,16.44,11.33,72.0,NNE,8.37,11.1,1025.74,0.0,0.0,1.0,125.3,IMELBO1849.csv
2023/02/15,08:19 AM,17.17,11.61,70.0,NNE,7.08,9.98,1025.74,0.0,0.0,1.0,146.2,IMELBO1849.csv
2023/02/15,08:24 AM,18.0,11.89,68.0,NE,11.75,15.61,1025.74,0.0,0.0,1.0,154.4,IMELBO1849.csv
2023/02/15,08:29 AM,18.67,12.28,66.0,NNE,17.86,24.13,1025.74,0.0,0.0,1.0,172.1,IMELBO1849.csv
2023/02/15,08:34 AM,19.17,12.67,66.0,North,20.76,28.64,1025.74,0.0,0.0,1.0,174.8,IMELBO1849.csv
2023/02/15,08:39 AM,19.61,12.94,65.0,NNE,19.63,25.58,1026.08,0.0,0.0,1.0,192.1,IMELBO1849.csv
2023/02/15,08:44 AM,19.89,13.06,65.0,North,15.77,21.88,1025.74,0.0,0.0,2.0,216.4,IMELBO1849.csv
2023/02/15,08:49 AM,20.39,13.5,65.0,NNE,18.5,26.39,1025.74,0.0,0.0,2.0,219.5,IMELBO1849.csv
2023/02/15,08:54 AM,20.89,13.78,64.0,NNE,16.57,21.88,1025.74,0.0,0.0,2.0,238.9,IMELBO1849.csv
2023/02/15,08:59 AM,21.28,13.94,63.0,NNE,19.47,25.42,1025.74,0.0,0.0,2.0,247.2,IMELBO1849.csv
2023/02/15,09:04 AM,21.5,14.06,63.0,NNE,13.84,18.83,1025.74,0.0,0.0,2.0,273.3,IMELBO1849.csv
2023/02/15,09:09 AM,21.89,14.17,61.0,NNE,13.68,18.02,1026.08,0.0,0.0,2.0,291.9,IMELBO1849.csv
2023/02/15,09:14 AM,22.06,14.22,61.0,NNE,16.89,23.17,1026.08,0.0,0.0,2.0,299.7,IMELBO1849.csv
2023/02/15,09:19 AM,22.33,14.33,61.0,NNE,12.23,17.06,1026.08,0.0,0.0,3.0,315.4,IMELBO1849.csv
2023/02/15,09:24 AM,22.5,14.39,60.0,NNE,14.64,18.83,1026.08,0.0,0.0,3.0,355.6,IMELBO1849.csv
2023/02/15,09:29 AM,22.83,14.56,59.0,NNE,10.3,13.68,1026.08,0.0,0.0,3.0,369.9,IMELBO1849.csv
2023/02/15,09:34 AM,23.22,14.78,59.0,NNE,11.42,14.96,1026.08,0.0,0.0,3.0,361.7,IMELBO1849.csv
2023/02/15,09:39 AM,23.33,14.72,58.0,NNE,12.23,15.61,1026.08,0.0,0.0,3.0,408.1,IMELBO1849.csv
2023/02/15,09:44 AM,23.44,14.72,58.0,NNE,14.64,18.83,1026.08,0.0,0.0,4.0,426.3,IMELBO1849.csv
2023/02/15,09:49 AM,23.67,14.89,58.0,NNE,13.03,17.22,1026.08,0.0,0.0,4.0,442.5,IMELBO1849.csv
2023/02/15,09:54 AM,24.17,15.06,57.0,NNE,10.3,13.84,1026.08,0.0,0.0,4.0,444.6,IMELBO1849.csv
2023/02/15,09:59 AM,24.44,15.17,56.0,North,11.1,15.12,1026.08,0.0,0.0,4.0,455.0,IMELBO1849.csv
2023/02/15,10:04 AM,24.61,15.22,56.0,NNE,9.33,12.71,1026.08,0.0,0.0,4.0,474.0,IMELBO1849.csv
2023/02/15,10:09 AM,24.72,15.22,55.0,NNE,11.1,15.77,1026.08,0.0,0.0,4.0,456.8,IMELBO1849.csv
2023/02/15,10:14 AM,24.78,15.22,55.0,NNE,9.81,13.35,1026.08,0.0,0.0,4.0,473.2,IMELBO1849.csv
2023/02/15,10:19 AM,25.17,15.28,54.0,NNE,9.33,12.07,1026.41,0.0,0.0,4.0,484.1,IMELBO1849.csv
2023/02/15,10:24 AM,25.28,15.22,54.0,North,10.14,13.84,1026.08,0.0,0.0,5.0,514.4,IMELBO1849.csv
2023/02/15,10:29 AM,25.67,15.33,53.0,NNE,8.85,11.91,1026.41,0.0,0.0,5.0,532.7,IMELBO1849.csv
2023/02/15,10:34 AM,25.72,15.44,53.0,NNE,9.01,12.55,1026.08,0.0,0.0,5.0,548.7,IMELBO1849.csv
2023/02/15,10:39 AM,26.06,15.56,52.0,NNE,8.53,12.23,1026.08,0.0,0.0,5.0,567.8,IMELBO1849.csv
2023/02/15,10:44 AM,26.17,15.56,52.0,NNE,9.33,12.71,1026.08,0.0,0.0,5.0,582.9,IMELBO1849.csv
2023/02/15,10:49 AM,26.28,15.67,52.0,North,11.26,14.8,1026.08,0.0,0.0,5.0,548.3,IMELBO1849.csv
2023/02/15,10:54 AM,26.33,15.56,52.0,NNE,8.21,10.94,1026.41,0.0,0.0,5.0,521.4,IMELBO1849.csv
2023/02/15,10:59 AM,26.78,15.83,51.0,NE,8.04,11.1,1026.41,0.0,0.0,4.0,484.5,IMELBO1849.csv
2023/02/15,11:04 AM,26.83,15.89,51.0,NNE,8.53,11.58,1026.08,0.0,0.0,5.0,559.1,IMELBO1849.csv
2023/02/15,11:09 AM,26.94,15.83,51.0,NE,8.37,11.58,1026.08,0.0,0.0,6.0,624.2,IMELBO1849.csv
2023/02/15,11:14 AM,27.39,15.89,50.0,NNE,6.6,9.17,1026.08,0.0,0.0,6.0,654.1,IMELBO1849.csv
2023/02/15,11:19 AM,27.61,16.0,49.0,North,6.92,9.65,1026.08,0.0,0.0,6.0,666.7,IMELBO1849.csv
2023/02/15,11:24 AM,27.67,16.06,49.0,NE,10.14,13.68,1026.08,0.0,0.0,6.0,661.1,IMELBO1849.csv
2023/02/15,11:29 AM,27.61,16.0,49.0,NNE,9.17,12.71,1026.08,0.0,0.0,6.0,685.3,IMELBO1849.csv
2023/02/15,11:34 AM,28.11,16.06,48.0,NNE,5.79,8.37,1025.74,0.0,0.0,6.0,706.2,IMELBO1849.csv
2023/02/15,11:39 AM,28.78,16.33,47.0,,7.4,10.78,1025.74,0.0,0.0,6.0,672.4,IMELBO1849.csv
2023/02/15,11:44 AM,28.83,16.44,47.0,NNE,5.95,8.37,1025.74,0.0,0.0,6.0,654.6,IMELBO1849.csv
2023/02/15,11:49 AM,29.11,16.28,46.0,NNW,4.99,7.4,1025.74,0.0,0.0,6.0,666.7,IMELBO1849.csv
2023/02/15,11:54 AM,29.17,16.22,46.0,NNW,5.47,7.56,1025.74,0.0,0.0,6.0,669.8,IMELBO1849.csv
2023/02/15,11:59 AM,29.22,16.28,46.0,NNE,7.08,9.49,1025.74,0.0,0.0,6.0,654.6,IMELBO1849.csv
2023/02/15,12:04 PM,29.78,16.39,44.0,NNE,4.18,6.28,1025.74,0.0,0.0,5.0,606.4,IMELBO1849.csv
2023/02/15,12:09 PM,29.78,16.44,45.0,North,6.92,9.81,1025.74,0.0,0.0,5.0,532.7,IMELBO1849.csv
2023/02/15,12:14 PM,29.5,16.33,45.0,NNW,4.34,6.28,1025.4,0.0,0.0,6.0,631.1,IMELBO1849.csv
2023/02/15,12:19 PM,29.94,16.44,44.0,NNE,5.47,7.88,1025.4,0.0,0.0,6.0,626.8,IMELBO1849.csv
2023/02/15,12:24 PM,30.17,16.56,44.0,North,6.6,9.01,1025.4,0.0,0.0,6.0,660.2,IMELBO1849.csv
2023/02/15,12:29 PM,29.89,16.39,44.0,NW,5.47,8.37,1025.4,0.0,0.0,7.0,723.1,IMELBO1849.csv
2023/02/15,12:34 PM,30.11,15.94,42.0,NNW,6.28,9.01,1025.06,0.0,0.0,7.0,751.3,IMELBO1849.csv
2023/02/15,12:39 PM,30.39,15.61,41.0,NW,6.44,10.3,1025.06,0.0,0.0,7.0,789.4,IMELBO1849.csv
2023/02/15,12:44 PM,30.72,15.39,39.0,NW,8.04,12.39,1025.06,0.0,0.0,7.0,795.5,IMELBO1849.csv
2023/02/15,12:49 PM,30.39,14.89,39.0,NW,9.98,14.16,1025.06,0.0,0.0,7.0,799.0,IMELBO1849.csv
2023/02/15,12:54 PM,30.78,14.89,38.0,North,7.56,10.78,1025.06,0.0,0.0,7.0,820.3,IMELBO1849.csv
2023/02/15,12:59 PM,31.17,15.11,38.0,,8.04,11.75,1025.06,0.0,0.0,7.0,813.8,IMELBO1849.csv
2023/02/15,01:04 PM,31.28,15.0,37.0,NNW,6.44,9.49,1025.06,0.0,0.0,8.0,842.9,IMELBO1849.csv
2023/02/15,01:09 PM,31.39,15.28,38.0,North,6.6,10.3,1024.72,0.0,0.0,8.0,824.7,IMELBO1849.csv
2023/02/15,01:14 PM,31.06,15.17,38.0,North,7.24,9.81,1024.72,0.0,0.0,5.0,547.0,IMELBO1849.csv
2023/02/15,01:19 PM,30.61,14.94,39.0,North,8.37,12.07,1024.72,0.0,0.0,6.0,715.8,IMELBO1849.csv
2023/02/15,01:24 PM,30.67,15.06,39.0,NNW,7.08,10.62,1024.72,0.0,0.0,6.0,647.2,IMELBO1849.csv
2023/02/15,01:29 PM,30.72,15.11,39.0,NNE,6.76,9.33,1024.72,0.0,0.0,6.0,700.1,IMELBO1849.csv
2023/02/15,01:34 PM,30.94,15.61,39.0,NW,8.21,12.23,1024.72,0.0,0.0,5.0,571.3,IMELBO1849.csv
2023/02/15,01:39 PM,30.44,15.33,40.0,NW,3.38,4.99,1024.72,0.0,0.0,6.0,681.9,IMELBO1849.csv
2023/02/15,01:44 PM,30.67,14.89,38.0,NW,9.65,13.68,1024.72,0.0,0.0,8.0,845.8,IMELBO1849.csv
2023/02/15,01:49 PM,31.11,14.39,36.0,NNW,8.21,12.07,1024.72,0.0,0.0,8.0,832.0,IMELBO1849.csv
2023/02/15,01:54 PM,32.11,15.06,36.0,NNW,5.47,8.53,1024.72,0.0,0.0,8.0,906.6,IMELBO1849.csv
2023/02/15,01:59 PM,32.44,15.44,36.0,NNW,6.11,9.98,1024.38,0.0,0.0,8.0,851.1,IMELBO1849.csv
2023/02/15,02:04 PM,32.11,15.33,36.0,NNW,6.44,9.81,1024.38,0.0,0.0,8.0,887.1,IMELBO1849.csv
2023/02/15,02:09 PM,31.89,15.17,36.0,NW,7.08,9.98,1024.38,0.0,0.0,9.0,938.7,IMELBO1849.csv
2023/02/15,02:14 PM,32.0,15.11,36.0,WNW,7.56,11.26,1024.38,0.0,0.0,5.0,560.9,IMELBO1849.csv
2023/02/15,02:19 PM,31.22,14.56,36.0,NW,4.34,6.44,1024.38,0.0,0.0,7.0,783.0,IMELBO1849.csv
2023/02/15,02:24 PM,31.89,14.56,35.0,WNW,5.95,9.33,1024.38,0.0,0.0,8.0,893.5,IMELBO1849.csv
2023/02/15,02:29 PM,32.5,14.72,34.0,WNW,6.92,10.14,1024.38,0.0,0.0,8.0,894.5,IMELBO1849.csv
2023/02/15,02:34 PM,31.94,14.61,35.0,NW,4.51,6.76,1024.38,0.0,0.0,8.0,862.0,IMELBO1849.csv
2023/02/15,02:39 PM,32.61,15.0,35.0,NW,4.67,7.4,1024.38,0.0,0.0,8.0,854.5,IMELBO1849.csv
2023/02/15,02:44 PM,32.44,15.22,35.0,NNE,6.28,7.88,1024.04,0.0,0.0,8.0,842.9,IMELBO1849.csv
2023/02/15,02:49 PM,31.83,15.17,37.0,NNE,6.44,8.85,1024.38,0.0,0.0,7.0,800.3,IMELBO1849.csv
2023/02/15,02:54 PM,31.83,15.17,37.0,NNE,5.79,8.37,1024.04,0.0,0.0,7.0,755.7,IMELBO1849.csv
2023/02/15,02:59 PM,32.0,14.89,36.0,NE,2.74,4.02,1023.71,0.0,0.0,7.0,820.3,IMELBO1849.csv
2023/02/15,03:04 PM,32.72,14.28,33.0,West,3.06,4.67,1024.04,0.0,0.0,7.0,813.8,IMELBO1849.csv
2023/02/15,03:09 PM,32.5,14.56,34.0,NW,4.18,5.63,1023.71,0.0,0.0,7.0,798.1,IMELBO1849.csv
2023/02/15,03:14 PM,32.78,14.89,34.0,NNE,4.34,6.92,1023.71,0.0,0.0,7.0,739.2,IMELBO1849.csv
2023/02/15,03:19 PM,33.11,14.61,33.0,NW,4.67,6.6,1023.71,0.0,0.0,7.0,734.9,IMELBO1849.csv
2023/02/15,03:24 PM,32.67,14.56,33.0,WSW,4.67,7.4,1023.71,0.0,0.0,6.0,634.5,IMELBO1849.csv
2023/02/15,03:29 PM,32.44,13.89,33.0,WNW,3.7,5.63,1023.71,0.0,0.0,6.0,661.1,IMELBO1849.csv
2023/02/15,03:34 PM,33.11,14.17,32.0,NW,2.25,3.54,1023.37,0.0,0.0,7.0,791.6,IMELBO1849.csv
2023/02/15,03:39 PM,33.39,14.33,32.0,NW,4.83,6.76,1023.71,0.0,0.0,8.0,865.4,IMELBO1849.csv
2023/02/15,03:44 PM,33.06,14.5,33.0,,4.18,5.95,1023.37,0.0,0.0,7.0,789.4,IMELBO1849.csv
2023/02/15,03:49 PM,32.89,14.44,33.0,WNW,3.7,5.47,1023.37,0.0,0.0,5.0,548.7,IMELBO1849.csv
2023/02/15,03:54 PM,32.61,14.28,33.0,West,2.9,4.51,1023.37,0.0,0.0,7.0,738.8,IMELBO1849.csv
2023/02/15,03:59 PM,32.33,14.44,34.0,SW,5.31,6.76,1023.37,0.0,0.0,7.0,737.8,IMELBO1849.csv
2023/02/15,04:04 PM,32.06,14.17,34.0,SW,3.86,5.47,1023.37,0.0,0.0,4.0,464.5,IMELBO1849.csv
2023/02/15,04:09 PM,32.56,14.28,33.0,WNW,3.54,5.63,1023.03,0.0,0.0,6.0,645.1,IMELBO1849.csv
2023/02/15,04:14 PM,32.56,14.33,33.0,West,2.9,4.34,1023.03,0.0,0.0,6.0,632.0,IMELBO1849.csv
2023/02/15,04:19 PM,32.61,14.33,33.0,NNE,2.74,3.86,1023.03,0.0,0.0,3.0,359.5,IMELBO1849.csv
2023/02/15,04:24 PM,32.56,14.17,33.0,NW,2.9,4.18,1023.37,0.0,0.0,7.0,800.0,IMELBO1849.csv
2023/02/15,04:29 PM,32.94,14.22,32.0,West,3.54,5.15,1023.03,0.0,0.0,7.0,814.6,IMELBO1849.csv
2023/02/15,04:34 PM,33.06,14.0,32.0,West,3.54,4.99,1023.03,0.0,0.0,6.0,623.8,IMELBO1849.csv
2023/02/15,04:39 PM,33.06,13.83,31.0,WNW,7.24,10.3,1023.03,0.0,0.0,6.0,619.0,IMELBO1849.csv
2023/02/15,04:44 PM,33.06,13.83,31.0,NW,5.15,7.24,1023.03,0.0,0.0,4.0,481.5,IMELBO1849.csv
2023/02/15,04:49 PM,32.89,13.72,31.0,WNW,5.15,7.88,1023.03,0.0,0.0,3.0,322.2,IMELBO1849.csv
2023/02/15,04:54 PM,32.67,13.67,32.0,WNW,3.22,4.67,1023.03,0.0,0.0,5.0,583.9,IMELBO1849.csv
2023/02/15,04:59 PM,32.83,13.83,32.0,NW,3.22,4.67,1023.03,0.0,0.0,4.0,439.4,IMELBO1849.csv
2023/02/15,05:04 PM,32.61,13.78,32.0,NNW,3.54,4.51,1023.03,0.0,0.0,3.0,338.8,IMELBO1849.csv
2023/02/15,05:09 PM,32.28,13.67,32.0,NW,2.57,3.86,1023.03,0.0,0.0,3.0,379.5,IMELBO1849.csv
2023/02/15,05:14 PM,32.61,13.72,32.0,ENE,2.09,2.74,1023.03,0.0,0.0,3.0,366.0,IMELBO1849.csv
2023/02/15,05:19 PM,32.33,14.94,35.0,SW,5.47,7.4,1023.03,0.0,0.0,3.0,319.7,IMELBO1849.csv
2023/02/15,05:24 PM,31.56,15.17,37.0,SSW,5.79,8.37,1023.03,0.0,0.0,4.0,424.3,IMELBO1849.csv
2023/02/15,05:29 PM,31.61,15.33,37.0,South,4.51,6.28,1023.03,0.0,0.0,3.0,351.4,IMELBO1849.csv
2023/02/15,05:34 PM,31.44,15.28,38.0,SSW,5.79,8.04,1023.03,0.0,0.0,2.0,218.1,IMELBO1849.csv
2023/02/15,05:39 PM,31.33,14.94,37.0,South,2.09,3.22,1023.37,0.0,0.0,3.0,341.8,IMELBO1849.csv
2023/02/15,05:44 PM,31.78,15.67,38.0,South,3.86,5.79,1023.03,0.0,0.0,3.0,368.2,IMELBO1849.csv
2023/02/15,05:49 PM,31.94,15.94,38.0,SSE,4.02,5.47,1023.03,0.0,0.0,4.0,440.7,IMELBO1849.csv
2023/02/15,05:54 PM,31.44,15.83,39.0,SSW,4.99,6.28,1023.03,0.0,0.0,2.0,265.5,IMELBO1849.csv
2023/02/15,05:59 PM,31.28,15.67,39.0,SE,4.34,6.28,1023.03,0.0,0.0,3.0,319.2,IMELBO1849.csv
2023/02/15,06:04 PM,31.28,15.78,39.0,SSW,3.54,5.47,1023.03,0.0,0.0,1.0,185.6,IMELBO1849.csv
2023/02/15,06:09 PM,30.89,15.72,40.0,SSW,5.95,8.53,1023.03,0.0,0.0,2.0,242.0,IMELBO1849.csv
2023/02/15,06:14 PM,30.89,15.72,40.0,SSE,4.18,5.79,1023.03,0.0,0.0,3.0,329.7,IMELBO1849.csv
2023/02/15,06:19 PM,30.78,15.33,39.0,SSE,4.67,6.6,1023.03,0.0,0.0,1.0,133.1,IMELBO1849.csv
2023/02/15,06:24 PM,30.61,15.17,39.0,South,3.22,4.67,1023.03,0.0,0.0,2.0,281.9,IMELBO1849.csv
2023/02/15,06:29 PM,30.67,15.17,39.0,SE,3.22,4.18,1023.03,0.0,0.0,1.0,168.7,IMELBO1849.csv
2023/02/15,06:34 PM,30.44,14.94,39.0,SE,3.22,4.51,1023.03,0.0,0.0,0.0,93.6,IMELBO1849.csv
2023/02/15,06:39 PM,30.39,14.89,39.0,SE,3.38,4.99,1023.03,0.0,0.0,1.0,122.7,IMELBO1849.csv
2023/02/15,06:44 PM,30.33,14.89,39.0,SSW,3.22,4.67,1023.03,0.0,0.0,0.0,92.4,IMELBO1849.csv
2023/02/15,06:49 PM,30.28,14.94,39.0,South,2.41,3.38,1023.37,0.0,0.0,0.0,90.7,IMELBO1849.csv
2023/02/15,06:54 PM,30.22,14.83,39.0,SSW,5.15,6.76,1023.37,0.0,0.0,0.0,100.2,IMELBO1849.csv
2023/02/15,06:59 PM,30.17,14.94,40.0,South,6.76,9.49,1023.37,0.0,0.0,1.0,119.6,IMELBO1849.csv
2023/02/15,07:04 PM,29.11,14.5,41.0,SSW,6.6,9.17,1023.37,0.0,0.0,0.0,82.3,IMELBO1849.csv
2023/02/15,07:09 PM,28.72,14.72,42.0,SSW,7.88,10.78,1023.37,0.0,0.0,0.0,81.5,IMELBO1849.csv
2023/02/15,07:14 PM,28.06,14.83,45.0,SW,10.3,14.64,1023.71,0.0,0.0,0.0,80.3,IMELBO1849.csv
2023/02/15,07:19 PM,27.44,14.33,45.0,SW,7.56,10.46,1023.71,0.0,0.0,0.0,65.9,IMELBO1849.csv
2023/02/15,07:24 PM,27.22,14.28,45.0,SW,9.01,11.58,1023.71,0.0,0.0,0.0,52.5,IMELBO1849.csv
2023/02/15,07:29 PM,27.17,14.22,45.0,SSW,6.28,8.69,1023.71,0.0,0.0,0.0,45.5,IMELBO1849.csv
2023/02/15,07:34 PM,26.94,14.11,45.0,SSW,6.28,8.53,1023.71,0.0,0.0,0.0,41.6,IMELBO1849.csv
2023/02/15,07:39 PM,26.89,14.28,46.0,SSW,5.79,8.04,1023.71,0.0,0.0,0.0,28.1,IMELBO1849.csv
2023/02/15,07:44 PM,26.78,14.56,47.0,SSW,5.63,7.4,1024.04,0.0,0.0,0.0,21.7,IMELBO1849.csv
2023/02/15,07:49 PM,26.72,14.67,48.0,SSW,7.56,10.14,1024.04,0.0,0.0,0.0,19.5,IMELBO1849.csv
2023/02/15,07:54 PM,26.5,14.72,48.0,SW,8.37,10.62,1024.04,0.0,0.0,0.0,18.6,IMELBO1849.csv
2023/02/15,07:59 PM,26.28,14.78,49.0,SSW,7.72,10.3,1024.04,0.0,0.0,0.0,16.0,IMELBO1849.csv
2023/02/15,08:04 PM,26.11,15.11,51.0,SW,6.44,8.21,1024.04,0.0,0.0,0.0,12.1,IMELBO1849.csv
2023/02/15,08:09 PM,25.72,15.33,53.0,SW,7.4,9.49,1024.38,0.0,0.0,0.0,8.6,IMELBO1849.csv
2023/02/15,08:14 PM,25.44,15.17,53.0,SW,7.24,9.33,1024.38,0.0,0.0,0.0,4.8,IMELBO1849.csv
2023/02/15,08:19 PM,25.33,14.78,52.0,SW,7.08,9.98,1024.38,0.0,0.0,0.0,2.1,IMELBO1849.csv
2023/02/15,08:24 PM,25.06,14.11,51.0,SW,8.37,10.94,1024.38,0.0,0.0,0.0,0.9,IMELBO1849.csv
2023/02/15,08:29 PM,24.94,13.83,50.0,SSW,7.72,10.78,1024.38,0.0,0.0,0.0,0.0,IMELBO1849.csv
2023/02/15,08:34 PM,24.89,13.67,50.0,SSW,8.21,11.26,1024.38,0.0,0.0,0.0,0.0,IMELBO1849.csv
2023/02/15,08:39 PM,24.78,13.56,50.0,SW,6.11,8.04,1024.38,0.0,0.0,0.0,0.0,IMELBO1849.csv
2023/02/15,08:44 PM,24.67,13.28,49.0,SSW,5.95,8.04,1024.38,0.0,0.0,0.0,0.0,IMELBO1849.csv
2023/02/15,08:49 PM,24.56,13.17,49.0,SSW,3.86,5.47,1024.38,0.0,0.0,0.0,0.0,IMELBO1849.csv
2023/02/15,08:54 PM,24.5,13.11,49.0,South,4.18,5.79,1024.38,0.0,0.0,0.0,0.0,IMELBO1849.csv
2023/02/15,08:59 PM,24.39,13.11,49.0,SSW,2.74,4.18,1024.38,0.0,0.0,0.0,0.0,IMELBO1849.csv
2023/02/15,09:04 PM,24.28,13.39,51.0,SW,4.67,6.28,1024.38,0.0,0.0,0.0,0.0,IMELBO1849.csv
2023/02/15,09:09 PM,24.17,13.67,52.0,SW,5.79,7.56,1024.38,0.0,0.0,0.0,0.0,IMELBO1849.csv
2023/02/15,09:14 PM,23.89,13.78,53.0,SW,5.15,7.24,1024.72,0.0,0.0,0.0,0.0,IMELBO1849.csv
2023/02/15,09:19 PM,23.83,13.72,53.0,SW,4.83,6.28,1024.72,0.0,0.0,0.0,0.0,IMELBO1849.csv
2023/02/15,09:24 PM,23.83,13.72,53.0,SW,4.34,5.47,1024.72,0.0,0.0,0.0,0.0,IMELBO1849.csv
2023/02/15,09:29 PM,23.72,13.61,53.0,SW,3.54,4.67,1025.06,0.0,0.0,0.0,0.0,IMELBO1849.csv
2023/02/15,09:34 PM,23.72,13.5,53.0,SW,4.83,6.28,1025.06,0.0,0.0,0.0,0.0,IMELBO1849.csv
2023/02/15,09:39 PM,23.67,13.28,52.0,SW,3.38,4.51,1025.06,0.0,0.0,0.0,0.0,IMELBO1849.csv
2023/02/15,09:44 PM,23.61,13.22,52.0,SW,2.9,3.7,1025.06,0.0,0.0,0.0,0.0,IMELBO1849.csv
2023/02/15,09:49 PM,23.5,12.89,51.0,SW,2.25,3.06,1025.06,0.0,0.0,0.0,0.0,IMELBO1849.csv
2023/02/15,09:54 PM,23.39,12.61,51.0,WSW,2.41,3.22,1025.06,0.0,0.0,0.0,0.0,IMELBO1849.csv
2023/02/15,09:59 PM,23.33,12.33,50.0,SW,3.06,4.02,1025.06,0.0,0.0,0.0,0.0,IMELBO1849.csv
2023/02/15,10:04 PM,23.28,12.11,50.0,SW,2.25,3.22,1025.4,0.0,0.0,0.0,0.0,IMELBO1849.csv
2023/02/15,10:09 PM,23.17,12.17,50.0,SW,1.93,2.41,1025.4,0.0,0.0,0.0,0.0,IMELBO1849.csv
2023/02/15,10:14 PM,23.06,12.06,50.0,WSW,1.61,2.25,1025.4,0.0,0.0,0.0,0.0,IMELBO1849.csv
2023/02/15,10:19 PM,22.83,12.0,50.0,WSW,0.97,1.77,1025.4,0.0,0.0,0.0,0.0,IMELBO1849.csv
2023/02/15,10:24 PM,22.72,12.11,51.0,WSW,0.32,0.48,1025.4,0.0,0.0,0.0,0.0,IMELBO1849.csv
2023/02/15,10:29 PM,22.56,12.17,52.0,WSW,0.32,0.32,1025.4,0.0,0.0,0.0,0.0,IMELBO1849.csv
2023/02/15,10:34 PM,22.33,12.22,53.0,West,0.64,1.13,1025.4,0.0,0.0,0.0,0.0,IMELBO1849.csv
2023/02/15,10:39 PM,22.28,12.39,53.0,West,1.61,2.57,1025.4,0.0,0.0,0.0,0.0,IMELBO1849.csv
2023/02/15,10:44 PM,22.17,12.56,55.0,West,0.64,1.13,1025.4,0.0,0.0,0.0,0.0,IMELBO1849.csv
2023/02/15,10:49 PM,21.94,12.67,55.0,West,1.61,2.41,1025.4,0.0,0.0,0.0,0.0,IMELBO1849.csv
2023/02/15,10:54 PM,21.78,12.5,55.0,WNW,2.9,4.02,1025.4,0.0,0.0,0.0,0.0,IMELBO1849.csv
2023/02/15,10:59 PM,21.72,12.28,55.0,WNW,3.06,4.02,1025.06,0.0,0.0,0.0,0.0,IMELBO1849.csv
2023/02/15,11:04 PM,21.67,12.22,55.0,WNW,2.9,4.18,1025.06,0.0,0.0,0.0,0.0,IMELBO1849.csv
2023/02/15,11:09 PM,21.61,12.17,55.0,WNW,3.38,4.67,1025.4,0.0,0.0,0.0,0.0,IMELBO1849.csv
2023/02/15,11:14 PM,21.61,12.0,54.0,WNW,3.22,4.67,1025.4,0.0,0.0,0.0,0.0,IMELBO1849.csv
2023/02/15,11:19 PM,21.5,11.94,54.0,WNW,3.7,4.83,1025.4,0.0,0.0,0.0,0.0,IMELBO1849.csv
2023/02/15,11:24 PM,21.5,11.78,54.0,WNW,4.18,5.63,1025.4,0.0,0.0,0.0,0.0,IMELBO1849.csv
2023/02/15,11:29 PM,21.5,11.78,54.0,WNW,3.7,5.15,1025.4,0.0,0.0,0.0,0.0,IMELBO1849.csv
2023/02/15,11:34 PM,21.39,11.72,54.0,WNW,4.02,4.99,1025.4,0.0,0.0,0.0,0.0,IMELBO1849.csv
2023/02/15,11:39 PM,21.33,11.67,54.0,WNW,2.09,3.22,1025.4,0.0,0.0,0.0,0.0,IMELBO1849.csv
2023/02/15,11:44 PM,21.22,11.5,54.0,WNW,2.41,3.38,1025.4,0.0,0.0,0.0,0.0,IMELBO1849.csv
2023/02/15,11:49 PM,21.17,11.44,54.0,WNW,3.38,4.51,1025.4,0.0,0.0,0.0,0.0,IMELBO1849.csv
2023/02/15,11:54 PM,21.11,11.28,54.0,WNW,3.38,4.99,1025.4,0.0,0.0,0.0,0.0,IMELBO1849.csv
2023/02/15,11:59 PM,21.0,11.11,53.0,WNW,3.54,4.83,1025.4,0.0,0.0,0.0,0.0,IMELBO1849.csv
2023/02/16,12:04 AM,20.89,11.0,53.0,WNW,3.7,5.15,1025.4,0.0,0.0,0.0,0.0,IMELBO1849.csv
2023/02/16,12:09 AM,20.83,10.94,53.0,WNW,2.74,3.86,1025.4,0.0,0.0,0.0,0.0,IMELBO1849.csv
2023/02/16,12:14 AM,20.72,10.83,53.0,WNW,3.06,4.18,1025.4,0.0,0.0,0.0,0.0,IMELBO1849.csv
2023/02/16,12:19 AM,20.67,10.94,54.0,WNW,2.74,3.54,1025.4,0.0,0.0,0.0,0.0,IMELBO1849.csv
2023/02/16,12:24 AM,20.61,10.89,54.0,WNW,4.18,5.31,1025.4,0.0,0.0,0.0,0.0,IMELBO1849.csv
2023/02/16,12:29 AM,20.5,10.89,54.0,WNW,3.06,4.18,1025.4,0.0,0.0,0.0,0.0,IMELBO1849.csv
2023/02/16,12:34 AM,20.44,10.83,54.0,WNW,2.57,3.7,1025.4,0.0,0.0,0.0,0.0,IMELBO1849.csv
2023/02/16,12:39 AM,20.39,10.78,54.0,WNW,3.54,4.99,1025.4,0.0,0.0,0.0,0.0,IMELBO1849.csv
2023/02/16,12:44 AM,20.28,10.72,54.0,WNW,2.57,3.54,1025.4,0.0,0.0,0.0,0.0,IMELBO1849.csv
2023/02/16,12:49 AM,20.28,10.72,54.0,WNW,2.74,3.86,1025.4,0.0,0.0,0.0,0.0,IMELBO1849.csv
2023/02/16,12:54 AM,20.22,10.67,54.0,WNW,2.74,3.7,1025.4,0.0,0.0,0.0,0.0,IMELBO1849.csv
2023/02/16,12:59 AM,20.22,10.61,54.0,WNW,0.64,1.29,1025.06,0.0,0.0,0.0,0.0,IMELBO1849.csv
2023/02/16,01:04 AM,20.11,10.5,54.0,WNW,0.8,1.29,1025.4,0.0,0.0,0.0,0.0,IMELBO1849.csv
2023/02/16,01:09 AM,19.94,10.61,55.0,WNW,0.64,1.29,1025.06,0.0,0.0,0.0,0.0,IMELBO1849.csv
2023/02/16,01:14 AM,19.83,10.56,55.0,NW,0.64,0.8,1025.06,0.0,0.0,0.0,0.0,IMELBO1849.csv
2023/02/16,01:19 AM,19.61,10.61,56.0,NNW,0.97,1.61,1025.06,0.0,0.0,0.0,0.0,IMELBO1849.csv
2023/02/16,01:24 AM,19.5,10.5,56.0,NNW,0.32,0.64,1025.06,0.0,0.0,0.0,0.0,IMELBO1849.csv
2023/02/16,01:29 AM,19.5,10.5,56.0,NNW,0.16,0.48,1025.06,0.0,0.0,0.0,0.0,IMELBO1849.csv
2023/02/16,01:34 AM,19.44,10.39,56.0,,1.77,2.57,1025.06,0.0,0.0,0.0,0.0,IMELBO1849.csv
2023/02/16,01:39 AM,19.61,10.5,56.0,NNE,1.61,2.41,1025.06,0.0,0.0,0.0,0.0,IMELBO1849.csv
2023/02/16,01:44 AM,19.39,10.44,56.0,NNE,1.29,2.09,1025.06,0.0,0.0,0.0,0.0,IMELBO1849.csv
2023/02/16,01:49 AM,19.22,10.56,57.0,NNE,0.32,0.8,1025.06,0.0,0.0,0.0,0.0,IMELBO1849.csv
2023/02/16,01:54 AM,18.94,10.67,59.0,NNE,1.29,1.93,1025.06,0.0,0.0,0.0,0.0,IMELBO1849.csv
2023/02/16,01:59 AM,18.78,10.61,59.0,NE,1.45,1.93,1025.06,0.0,0.0,0.0,0.0,IMELBO1849.csv
2023/02/16,02:04 AM,18.78,10.61,59.0,NNE,1.93,2.41,1025.06,0.0,0.0,0.0,0.0,IMELBO1849.csv
2023/02/16,02:09 AM,18.78,10.83,60.0,North,1.45,2.41,1025.06,0.0,0.0,0.0,0.0,IMELBO1849.csv
2023/02/16,02:14 AM,18.61,10.83,61.0,NNE,1.45,1.93,1025.06,0.0,0.0,0.0,0.0,IMELBO1849.csv
2023/02/16,02:19 AM,18.44,10.78,61.0,NNE,2.25,3.06,1025.06,0.0,0.0,0.0,0.0,IMELBO1849.csv
2023/02/16,02:24 AM,18.33,10.89,62.0,NNE,2.74,3.7,1025.06,0.0,0.0,0.0,0.0,IMELBO1849.csv
2023/02/16,02:29 AM,18.39,11.0,62.0,North,3.22,4.51,1024.72,0.0,0.0,0.0,0.0,IMELBO1849.csv
2023/02/16,02:34 AM,18.39,11.0,62.0,North,2.9,3.7,1024.72,0.0,0.0,0.0,0.0,IMELBO1849.csv
2023/02/16,02:39 AM,18.33,11.22,63.0,NNE,2.9,3.7,1024.72,0.0,0.0,0.0,0.0,IMELBO1849.csv
2023/02/16,02:44 AM,18.28,11.22,63.0,NNE,2.9,4.18,1024.72,0.0,0.0,0.0,0.0,IMELBO1849.csv
2023/02/16,02:49 AM,18.28,11.22,63.0,NNE,3.06,4.02,1024.72,0.0,0.0,0.0,0.0,IMELBO1849.csv
2023/02/16,02:54 AM,18.28,11.22,63.0,NNE,2.9,4.02,1024.72,0.0,0.0,0.0,0.0,IMELBO1849.csv
2023/02/16,02:59 AM,18.28,11.22,63.0,NE,2.57,3.38,1024.38,0.0,0.0,0.0,0.0,IMELBO1849.csv
2023/02/16,03:04 AM,18.33,11.33,63.0,NE,3.06,3.7,1024.38,0.0,0.0,0.0,0.0,IMELBO1849.csv
2023/02/16,03:09 AM,18.39,11.5,64.0,NE,3.22,4.34,1024.72,0.0,0.0,0.0,0.0,IMELBO1849.csv
2023/02/16,03:14 AM,18.5,11.61,64.0,NNE,3.38,4.51,1024.38,0.0,0.0,0.0,0.0,IMELBO1849.csv
2023/02/16,03:19 AM,18.61,11.72,64.0,NNE,3.7,4.51,1024.38,0.0,0.0,0.0,0.0,IMELBO1849.csv
2023/02/16,03:24 AM,18.72,11.78,64.0,NNE,3.54,4.83,1024.38,0.0,0.0,0.0,0.0,IMELBO1849.csv
2023/02/16,03:29 AM,18.83,11.94,64.0,NE,4.02,5.47,1024.38,0.0,0.0,0.0,0.0,IMELBO1849.csv
2023/02/16,03:34 AM,18.94,12.06,64.0,NNE,4.34,5.79,1024.38,0.0,0.0,0.0,0.0,IMELBO1849.csv
2023/02/16,03:39 AM,18.94,12.06,64.0,NNE,2.9,3.86,1024.04,0.0,0.0,0.0,0.0,IMELBO1849.csv
2023/02/16,03:44 AM,18.89,12.22,65.0,NNE,3.22,4.51,1024.04,0.0,0.0,0.0,0.0,IMELBO1849.csv
2023/02/16,03:49 AM,18.89,12.22,65.0,NE,3.06,4.18,1024.04,0.0,0.0,0.0,0.0,IMELBO1849.csv
2023/02/16,03:54 AM,18.94,12.22,65.0,NE,3.06,4.18,1024.04,0.0,0.0,0.0,0.0,IMELBO1849.csv
2023/02/16,03:59 AM,19.33,12.44,64.0,NNE,4.02,4.99,1024.04,0.0,0.0,0.0,0.0,IMELBO1849.csv
2023/02/16,04:04 AM,20.06,12.67,62.0,NNE,5.63,7.4,1024.04,0.0,0.0,0.0,0.0,IMELBO1849.csv
2023/02/16,04:09 AM,20.67,12.83,61.0,NNE,6.44,9.01,1024.04,0.0,0.0,0.0,0.0,IMELBO1849.csv
2023/02/16,04:14 AM,21.17,13.17,60.0,NNE,6.76,8.85,1024.04,0.0,0.0,0.0,0.0,IMELBO1849.csv
2023/02/16,04:19 AM,21.39,13.17,59.0,NNE,8.04,11.26,1024.04,0.0,0.0,0.0,0.0,IMELBO1849.csv
2023/02/16,04:24 AM,21.72,13.22,58.0,NNE,8.04,10.78,1024.04,0.0,0.0,0.0,0.0,IMELBO1849.csv
2023/02/16,04:29 AM,21.94,13.33,58.0,NE,8.37,11.1,1024.04,0.0,0.0,0.0,0.0,IMELBO1849.csv
2023/02/16,04:34 AM,22.11,13.33,58.0,NNE,9.49,12.71,1024.04,0.0,0.0,0.0,0.0,IMELBO1849.csv
2023/02/16,04:39 AM,22.33,13.44,57.0,NE,7.4,9.81,1024.04,0.0,0.0,0.0,0.0,IMELBO1849.csv
2023/02/16,04:44 AM,22.28,13.39,57.0,NNE,7.24,9.17,1024.04,0.0,0.0,0.0,0.0,IMELBO1849.csv
2023/02/16,04:49 AM,22.33,13.44,57.0,NNE,8.53,11.58,1024.04,0.0,0.0,0.0,0.0,IMELBO1849.csv
2023/02/16,04:54 AM,22.5,13.61,57.0,NNE,7.72,10.78,1024.04,0.0,0.0,0.0,0.0,IMELBO1849.csv
2023/02/16,04:59 AM,22.39,13.5,57.0,NNE,6.92,9.65,1024.38,0.0,0.0,0.0,0.0,IMELBO1849.csv
2023/02/16,05:04 AM,22.28,13.39,57.0,NE,7.4,10.14,1024.04,0.0,0.0,0.0,0.0,IMELBO1849.csv
2023/02/16,05:09 AM,22.39,13.5,57.0,NNE,7.4,10.62,1024.04,0.0,0.0,0.0,0.0,IMELBO1849.csv
2023/02/16,05:14 AM,22.5,13.61,57.0,NNE,7.88,10.62,1024.04,0.0,0.0,0.0,0.0,IMELBO1849.csv
2023/02/16,05:19 AM,22.56,13.5,57.0,NNE,8.69,11.58,1024.04,0.0,0.0,0.0,0.0,IMELBO1849.csv
2023/02/16,05:24 AM,22.72,13.56,56.0,NNE,8.85,11.75,1024.04,0.0,0.0,0.0,0.0,IMELBO1849.csv
2023/02/16,05:29 AM,22.89,13.56,56.0,NE,8.69,11.91,1024.04,0.0,0.0,0.0,0.0,IMELBO1849.csv
2023/02/16,05:34 AM,23.06,13.56,55.0,North,9.01,12.71,1024.04,0.0,0.0,0.0,0.0,IMELBO1849.csv
2023/02/16,05:39 AM,23.17,13.67,55.0,NNE,9.01,12.07,1024.38,0.0,0.0,0.0,0.0,IMELBO1849.csv
2023/02/16,05:44 AM,23.22,13.72,55.0,NNE,8.37,11.26,1024.38,0.0,0.0,0.0,0.0,IMELBO1849.csv
2023/02/16,05:49 AM,23.22,13.67,55.0,NNE,7.56,9.81,1024.38,0.0,0.0,0.0,0.0,IMELBO1849.csv
2023/02/16,05:54 AM,23.28,13.56,54.0,NNE,8.69,11.75,1024.38,0.0,0.0,0.0,0.0,IMELBO1849.csv
2023/02/16,05:59 AM,23.44,13.67,54.0,NNE,8.69,11.58,1024.38,0.0,0.0,0.0,0.0,IMELBO1849.csv
2023/02/16,06:04 AM,23.5,13.72,54.0,NNE,9.49,13.52,1024.38,0.0,0.0,0.0,0.0,IMELBO1849.csv
2023/02/16,06:09 AM,23.61,13.78,54.0,NNE,8.04,10.94,1024.38,0.0,0.0,0.0,0.0,IMELBO1849.csv
2023/02/16,06:14 AM,23.61,13.78,54.0,NNE,8.04,10.78,1024.38,0.0,0.0,0.0,0.0,IMELBO1849.csv
2023/02/16,06:19 AM,23.67,13.78,54.0,NNE,8.53,11.75,1024.72,0.0,0.0,0.0,0.0,IMELBO1849.csv
2023/02/16,06:24 AM,23.72,13.72,54.0,NNE,9.17,12.55,1024.72,0.0,0.0,0.0,0.0,IMELBO1849.csv
2023/02/16,06:29 AM,23.67,13.72,54.0,NNE,7.88,11.1,1025.06,0.0,0.0,0.0,0.0,IMELBO1849.csv
2023/02/16,06:34 AM,23.56,13.78,54.0,North,8.69,11.1,1025.06,0.0,0.0,0.0,0.0,IMELBO1849.csv
2023/02/16,06:39 AM,23.5,13.72,54.0,NNE,8.37,11.26,1025.06,0.0,0.0,0.0,0.0,IMELBO1849.csv
2023/02/16,06:44 AM,23.39,13.61,54.0,North,8.53,11.91,1025.06,0.0,0.0,0.0,0.9,IMELBO1849.csv
2023/02/16,06:49 AM,23.39,13.61,54.0,NNE,8.37,11.42,1025.06,0.0,0.0,0.0,4.3,IMELBO1849.csv
2023/02/16,06:54 AM,23.39,13.61,54.0,North,7.56,10.94,1025.06,0.0,0.0,0.0,6.0,IMELBO1849.csv
2023/02/16,06:59 AM,23.33,13.56,54.0,NNE,8.37,11.26,1025.06,0.0,0.0,0.0,8.6,IMELBO1849.csv
2023/02/16,07:04 AM,23.39,13.67,54.0,NNE,6.6,8.53,1025.06,0.0,0.0,0.0,12.1,IMELBO1849.csv
2023/02/16,07:09 AM,23.28,13.78,55.0,NNE,6.6,9.01,1025.06,0.0,0.0,0.0,14.7,IMELBO1849.csv
2023/02/16,07:14 AM,23.28,13.78,55.0,NE,7.4,10.3,1025.06,0.0,0.0,0.0,19.5,IMELBO1849.csv
2023/02/16,07:19 AM,23.28,13.78,55.0,NNE,7.72,9.98,1025.06,0.0,0.0,0.0,28.1,IMELBO1849.csv
2023/02/16,07:24 AM,23.39,13.67,54.0,NNE,7.72,10.78,1025.06,0.0,0.0,0.0,33.4,IMELBO1849.csv
2023/02/16,07:29 AM,23.5,13.72,54.0,NNE,7.24,10.46,1025.4,0.0,0.0,0.0,34.6,IMELBO1849.csv
2023/02/16,07:34 AM,23.67,13.83,54.0,NE,8.37,11.58,1025.06,0.0,0.0,0.0,41.6,IMELBO1849.csv
2023/02/16,07:39 AM,23.67,13.83,54.0,NNE,9.01,11.91,1025.4,0.0,0.0,0.0,54.2,IMELBO1849.csv
2023/02/16,07:44 AM,23.72,13.94,54.0,NNE,8.85,11.58,1025.4,0.0,0.0,0.0,59.3,IMELBO1849.csv
2023/02/16,07:49 AM,23.78,13.94,54.0,North,9.17,12.39,1025.4,0.0,0.0,0.0,59.3,IMELBO1849.csv
2023/02/16,07:54 AM,23.89,13.83,53.0,NNE,11.42,14.64,1025.4,0.0,0.0,0.0,73.7,IMELBO1849.csv
2023/02/16,07:59 AM,24.06,13.89,53.0,NNE,9.01,11.91,1025.4,0.0,0.0,0.0,76.7,IMELBO1849.csv
2023/02/16,08:04 AM,24.06,13.89,53.0,NNE,9.17,12.07,1025.74,0.0,0.0,0.0,85.0,IMELBO1849.csv
2023/02/16,08:09 AM,24.06,13.89,53.0,,10.14,13.68,1025.4,0.0,0.0,0.0,97.1,IMELBO1849.csv
2023/02/16,08:14 AM,24.11,13.89,53.0,NNE,8.53,11.91,1025.4,0.0,0.0,1.0,105.3,IMELBO1849.csv
2023/02/16,08:19 AM,24.28,14.0,53.0,NNE,8.69,12.39,1025.74,0.0,0.0,1.0,112.7,IMELBO1849.csv
2023/02/16,08:24 AM,24.33,13.83,52.0,NNE,9.49,13.19,1025.74,0.0,0.0,1.0,117.9,IMELBO1849.csv
2023/02/16,08:29 AM,24.56,14.06,52.0,NNE,9.01,12.07,1025.74,0.0,0.0,1.0,117.9,IMELBO1849.csv
2023/02/16,08:34 AM,24.67,14.11,52.0,NNE,9.33,12.07,1025.74,0.0,0.0,1.0,130.0,IMELBO1849.csv
2023/02/16,08:39 AM,24.78,14.06,51.0,NNE,9.49,13.35,1025.74,0.0,0.0,1.0,141.4,IMELBO1849.csv
2023/02/16,08:44 AM,25.0,14.17,51.0,NNE,9.01,12.71,1025.74,0.0,0.0,1.0,173.8,IMELBO1849.csv
2023/02/16,08:49 AM,25.22,14.17,50.0,NNE,8.69,12.39,1025.74,0.0,0.0,1.0,188.6,IMELBO1849.csv
2023/02/16,08:54 AM,25.56,14.11,49.0,NNE,11.26,15.61,1025.74,0.0,0.0,2.0,222.0,IMELBO1849.csv
2023/02/16,08:59 AM,25.83,14.22,49.0,NNE,11.26,16.09,1025.74,0.0,0.0,2.0,225.9,IMELBO1849.csv
2023/02/16,09:04 AM,26.17,14.28,48.0,NNE,11.58,15.77,1025.74,0.0,0.0,2.0,216.9,IMELBO1849.csv
2023/02/16,09:09 AM,26.33,14.17,47.0,North,10.46,14.16,1025.74,0.0,0.0,2.0,292.8,IMELBO1849.csv
2023/02/16,09:14 AM,26.78,14.28,46.0,NNE,11.26,15.61,1025.74,0.0,0.0,3.0,353.5,IMELBO1849.csv
2023/02/16,09:19 AM,27.22,14.44,45.0,NNE,11.58,15.61,1025.74,0.0,0.0,3.0,353.5,IMELBO1849.csv
2023/02/16,09:24 AM,27.44,14.44,45.0,NNE,12.87,17.54,1025.74,0.0,0.0,3.0,362.6,IMELBO1849.csv
2023/02/16,09:29 AM,27.72,14.44,44.0,NNE,14.8,19.95,1025.74,0.0,0.0,3.0,360.4,IMELBO1849.csv
2023/02/16,09:34 AM,27.94,14.5,44.0,NE,13.03,17.7,1025.4,0.0,0.0,3.0,338.8,IMELBO1849.csv
2023/02/16,09:39 AM,28.39,14.5,43.0,NNE,10.46,15.29,1025.4,0.0,0.0,3.0,336.2,IMELBO1849.csv
2023/02/16,09:44 AM,28.61,14.44,42.0,North,12.07,17.22,1025.74,0.0,0.0,3.0,340.5,IMELBO1849.csv
2023/02/16,09:49 AM,28.94,14.44,41.0,NNE,9.49,13.52,1025.74,0.0,0.0,3.0,409.5,IMELBO1849.csv
2023/02/16,09:54 AM,29.33,14.44,40.0,,11.1,14.96,1025.4,0.0,0.0,4.0,424.6,IMELBO1849.csv
2023/02/16,09:59 AM,29.61,14.61,40.0,,9.33,13.03,1025.74,0.0,0.0,4.0,453.3,IMELBO1849.csv
2023/02/16,10:04 AM,29.89,14.5,39.0,,10.78,14.8,1025.74,0.0,0.0,4.0,464.5,IMELBO1849.csv
2023/02/16,10:09 AM,30.28,14.5,38.0,NNE,10.46,14.8,1025.4,0.0,0.0,4.0,471.1,IMELBO1849.csv
2023/02/16,10:14 AM,30.39,14.33,38.0,NE,12.87,17.54,1025.4,0.0,0.0,4.0,436.4,IMELBO1849.csv
2023/02/16,10:19 AM,30.33,14.11,37.0,NNE,13.68,19.31,1025.4,0.0,0.0,4.0,473.7,IMELBO1849.csv
2023/02/16,10:24 AM,30.33,14.17,37.0,NE,9.17,13.35,1025.4,0.0,0.0,4.0,462.4,IMELBO1849.csv
2023/02/16,10:29 AM,30.83,14.33,37.0,North,9.01,13.19,1025.4,0.0,0.0,4.0,505.7,IMELBO1849.csv
2023/02/16,10:34 AM,30.89,14.22,36.0,,10.94,15.93,1025.74,0.0,0.0,5.0,552.6,IMELBO1849.csv
2023/02/16,10:39 AM,30.83,14.06,36.0,NNE,13.68,18.83,1025.74,0.0,0.0,5.0,534.0,IMELBO1849.csv
2023/02/16,10:44 AM,30.56,14.11,37.0,NNE,14.64,20.11,1025.74,0.0,0.0,4.0,438.9,IMELBO1849.csv
2023/02/16,10:49 AM,30.39,14.11,37.0,NE,13.35,17.86,1025.74,0.0,0.0,3.0,406.4,IMELBO1849.csv
2023/02/16,10:54 AM,30.5,14.22,37.0,NNE,9.98,14.48,1025.74,0.0,0.0,4.0,442.9,IMELBO1849.csv
2023/02/16,10:59 AM,30.78,14.44,37.0,NNE,11.1,15.61,1025.74,0.0,0.0,4.0,441.5,IMELBO1849.csv
2023/02/16,11:04 AM,30.94,14.61,37.0,NNE,11.75,15.93,1025.74,0.0,0.0,5.0,538.8,IMELBO1849.csv
2023/02/16,11:09 AM,31.17,14.67,37.0,NNE,9.33,13.52,1025.74,0.0,0.0,5.0,521.8,IMELBO1849.csv
2023/02/16,11:14 AM,31.44,14.72,36.0,North,10.78,15.12,1026.08,0.0,0.0,5.0,525.3,IMELBO1849.csv
2023/02/16,11:19 AM,31.39,14.61,36.0,NE,9.81,13.84,1025.74,0.0,0.0,5.0,540.0,IMELBO1849.csv
2023/02/16,11:24 AM,31.67,14.67,36.0,NNE,9.49,13.52,1025.74,0.0,0.0,5.0,564.8,IMELBO1849.csv
2023/02/16,11:29 AM,31.72,14.67,36.0,NE,9.98,13.84,1025.74,0.0,0.0,5.0,545.6,IMELBO1849.csv
2023/02/16,11:34 AM,32.0,14.72,35.0,NNE,8.21,11.26,1025.4,0.0,0.0,7.0,777.0,IMELBO1849.csv
2023/02/16,11:39 AM,32.44,14.78,34.0,NE,8.21,11.75,1025.4,0.0,0.0,7.0,788.6,IMELBO1849.csv
2023/02/16,11:44 AM,32.83,14.89,34.0,NNE,5.63,7.4,1025.4,0.0,0.0,8.0,824.2,IMELBO1849.csv
2023/02/16,11:49 AM,33.33,15.11,33.0,NNE,5.47,7.72,1025.4,0.0,0.0,5.0,520.9,IMELBO1849.csv
2023/02/16,11:54 AM,33.44,15.0,33.0,NNE,6.6,9.01,1025.4,0.0,0.0,5.0,515.3,IMELBO1849.csv
2023/02/16,11:59 AM,33.33,14.5,32.0,North,6.92,9.98,1025.4,0.0,0.0,4.0,495.0,IMELBO1849.csv
2023/02/16,12:04 PM,33.33,14.67,32.0,NNE,5.95,8.37,1025.4,0.0,0.0,4.0,488.9,IMELBO1849.csv
2023/02/16,12:09 PM,33.67,14.67,32.0,,5.95,8.69,1025.06,0.0,0.0,6.0,616.5,IMELBO1849.csv
2023/02/16,12:14 PM,34.0,14.67,31.0,NNE,6.44,8.85,1025.06,0.0,0.0,6.0,655.0,IMELBO1849.csv
2023/02/16,12:19 PM,34.22,14.44,30.0,NNE,7.72,11.42,1025.06,0.0,0.0,5.0,586.0,IMELBO1849.csv
2023/02/16,12:24 PM,34.22,14.56,31.0,NW,8.37,12.07,1025.06,0.0,0.0,5.0,593.5,IMELBO1849.csv
2023/02/16,12:29 PM,34.0,14.17,30.0,NW,10.14,14.16,1025.06,0.0,0.0,5.0,611.7,IMELBO1849.csv
2023/02/16,12:34 PM,34.17,14.17,30.0,NNW,9.17,13.03,1024.72,0.0,0.0,6.0,633.3,IMELBO1849.csv
2023/02/16,12:39 PM,34.39,14.39,30.0,NW,10.3,14.32,1024.72,0.0,0.0,7.0,722.3,IMELBO1849.csv
2023/02/16,12:44 PM,34.67,14.5,30.0,NW,9.98,15.93,1024.72,0.0,0.0,7.0,774.8,IMELBO1849.csv
2023/02/16,12:49 PM,34.83,14.39,29.0,NNW,9.17,14.0,1024.72,0.0,0.0,6.0,716.7,IMELBO1849.csv
2023/02/16,12:54 PM,34.94,14.44,29.0,NNW,9.33,13.03,1024.72,0.0,0.0,6.0,719.2,IMELBO1849.csv
2023/02/16,12:59 PM,34.78,14.33,29.0,NNW,9.98,14.64,1024.38,0.0,0.0,6.0,665.9,IMELBO1849.csv
2023/02/16,01:04 PM,34.78,14.44,30.0,NNW,9.81,13.19,1024.38,0.0,0.0,7.0,735.7,IMELBO1849.csv
2023/02/16,01:09 PM,35.22,14.56,29.0,North,10.46,15.29,1024.38,0.0,0.0,7.0,758.2,IMELBO1849.csv
2023/02/16,01:14 PM,35.22,14.56,29.0,North,9.65,13.68,1024.38,0.0,0.0,7.0,759.6,IMELBO1849.csv
2023/02/16,01:19 PM,35.39,14.44,28.0,NNW,10.46,15.77,1024.38,0.0,0.0,7.0,758.7,IMELBO1849.csv
2023/02/16,01:24 PM,35.39,14.22,28.0,North,9.33,13.19,1024.38,0.0,0.0,7.0,744.8,IMELBO1849.csv
2023/02/16,01:29 PM,35.67,14.33,28.0,NNE,9.49,12.55,1024.38,0.0,0.0,7.0,802.0,IMELBO1849.csv
2023/02/16,01:34 PM,35.78,14.28,28.0,,9.98,15.29,1024.04,0.0,0.0,8.0,828.6,IMELBO1849.csv
2023/02/16,01:39 PM,36.28,14.06,27.0,NNW,9.17,13.68,1024.38,0.0,0.0,7.0,814.6,IMELBO1849.csv
2023/02/16,01:44 PM,36.5,13.22,25.0,NNW,7.56,10.78,1024.38,0.0,0.0,7.0,795.5,IMELBO1849.csv
2023/02/16,01:49 PM,36.5,13.0,24.0,NW,8.53,11.91,1024.04,0.0,0.0,7.0,792.1,IMELBO1849.csv
2023/02/16,01:54 PM,36.67,12.78,24.0,NW,6.76,9.81,1024.04,0.0,0.0,7.0,766.9,IMELBO1849.csv
2023/02/16,01:59 PM,36.83,12.5,23.0,NNW,6.6,9.65,1024.04,0.0,0.0,7.0,741.4,IMELBO1849.csv
2023/02/16,02:04 PM,36.72,13.0,24.0,,7.08,10.46,1024.04,0.0,0.0,7.0,763.5,IMELBO1849.csv
2023/02/16,02:09 PM,36.83,12.17,23.0,NW,8.04,11.91,1024.04,0.0,0.0,7.0,783.4,IMELBO1849.csv
2023/02/16,02:14 PM,36.56,10.83,21.0,NW,9.33,14.0,1024.04,0.0,0.0,7.0,796.0,IMELBO1849.csv
2023/02/16,02:19 PM,36.61,12.44,24.0,WNW,7.56,10.62,1023.71,0.0,0.0,7.0,789.1,IMELBO1849.csv
2023/02/16,02:24 PM,36.78,12.78,24.0,NW,8.53,12.23,1024.04,0.0,0.0,7.0,798.6,IMELBO1849.csv
2023/02/16,02:29 PM,36.61,11.72,22.0,North,5.63,8.04,1024.04,0.0,0.0,7.0,819.9,IMELBO1849.csv
2023/02/16,02:34 PM,37.33,12.44,23.0,NNE,7.72,11.26,1023.71,0.0,0.0,8.0,876.7,IMELBO1849.csv
2023/02/16,02:39 PM,37.39,12.33,22.0,,6.6,9.81,1024.04,0.0,0.0,8.0,884.5,IMELBO1849.csv
2023/02/16,02:44 PM,37.11,13.0,24.0,NNE,5.79,8.69,1023.71,0.0,0.0,8.0,870.2,IMELBO1849.csv
2023/02/16,02:49 PM,37.17,13.22,24.0,NNE,8.04,11.91,1023.71,0.0,0.0,8.0,851.5,IMELBO1849.csv
2023/02/16,02:54 PM,36.78,12.06,23.0,NW,7.72,10.46,1023.71,0.0,0.0,8.0,849.8,IMELBO1849.csv
2023/02/16,02:59 PM,36.06,10.0,21.0,West,2.25,3.38,1023.37,0.0,0.0,7.0,816.3,IMELBO1849.csv
2023/02/16,03:04 PM,36.61,11.44,22.0,SSW,4.67,6.11,1023.37,0.0,0.0,7.0,817.2,IMELBO1849.csv
2023/02/16,03:09 PM,36.83,11.11,21.0,NW,8.69,13.19,1023.37,0.0,0.0,7.0,814.6,IMELBO1849.csv
2023/02/16,03:14 PM,37.78,12.67,22.0,NNW,6.6,10.3,1023.37,0.0,0.0,7.0,773.4,IMELBO1849.csv
2023/02/16,03:19 PM,37.0,13.61,25.0,North,6.11,8.53,1023.37,0.0,0.0,6.0,628.9,IMELBO1849.csv
2023/02/16,03:24 PM,37.11,13.06,24.0,North,3.7,5.63,1023.37,0.0,0.0,5.0,603.8,IMELBO1849.csv
2023/02/16,03:29 PM,36.94,13.11,24.0,NNW,3.86,5.95,1023.03,0.0,0.0,7.0,740.0,IMELBO1849.csv
2023/02/16,03:34 PM,36.44,13.0,25.0,West,5.47,7.4,1023.03,0.0,0.0,3.0,339.2,IMELBO1849.csv
2023/02/16,03:39 PM,36.06,12.56,24.0,WNW,2.57,3.54,1022.69,0.0,0.0,7.0,802.9,IMELBO1849.csv
2023/02/16,03:44 PM,37.39,12.83,23.0,NW,4.67,6.44,1022.69,0.0,0.0,8.0,839.8,IMELBO1849.csv
2023/02/16,03:49 PM,37.39,13.44,24.0,NW,6.11,9.17,1023.03,0.0,0.0,7.0,813.8,IMELBO1849.csv
2023/02/16,03:54 PM,37.17,13.5,24.0,WNW,7.56,10.3,1022.69,0.0,0.0,8.0,854.5,IMELBO1849.csv
2023/02/16,03:59 PM,36.78,13.17,24.0,WNW,4.34,6.28,1022.69,0.0,0.0,8.0,894.5,IMELBO1849.csv
2023/02/16,04:04 PM,37.33,13.44,24.0,WNW,4.34,6.11,1022.69,0.0,0.0,8.0,857.6,IMELBO1849.csv
2023/02/16,04:09 PM,37.5,13.83,24.0,WNW,4.18,6.28,1022.69,0.0,0.0,5.0,581.2,IMELBO1849.csv
2023/02/16,04:14 PM,36.67,13.44,25.0,WNW,4.02,5.15,1022.69,0.0,0.0,4.0,477.1,IMELBO1849.csv
2023/02/16,04:19 PM,36.56,13.44,25.0,WNW,3.22,4.99,1022.69,0.0,0.0,8.0,835.4,IMELBO1849.csv
2023/02/16,04:24 PM,36.83,13.44,25.0,West,3.38,4.99,1022.69,0.0,0.0,9.0,950.4,IMELBO1849.csv
2023/02/16,04:29 PM,37.0,13.5,25.0,SW,6.6,9.01,1022.69,0.0,0.0,8.0,911.8,IMELBO1849.csv
2023/02/16,04:34 PM,37.33,13.56,24.0,West,4.51,6.44,1022.69,0.0,0.0,8.0,868.5,IMELBO1849.csv
2023/02/16,04:39 PM,37.72,13.72,24.0,NW,4.99,7.56,1022.69,0.0,0.0,8.0,831.5,IMELBO1849.csv
2023/02/16,04:44 PM,37.28,14.11,25.0,WNW,6.28,8.69,1022.69,0.0,0.0,7.0,814.3,IMELBO1849.csv
2023/02/16,04:49 PM,37.56,13.83,24.0,WNW,5.15,7.56,1022.69,0.0,0.0,7.0,815.1,IMELBO1849.csv
2023/02/16,04:54 PM,37.83,13.89,24.0,WNW,3.06,4.02,1022.69,0.0,0.0,7.0,813.8,IMELBO1849.csv
2023/02/16,04:59 PM,37.89,13.83,24.0,NNW,2.74,3.7,1022.69,0.0,0.0,7.0,796.4,IMELBO1849.csv
2023/02/16,05:04 PM,38.0,14.17,24.0,NW,4.34,6.44,1022.69,0.0,0.0,2.0,229.0,IMELBO1849.csv
2023/02/16,05:09 PM,36.72,13.5,25.0,,5.79,8.37,1022.69,0.0,0.0,1.0,182.5,IMELBO1849.csv
2023/02/16,05:14 PM,36.33,13.67,26.0,,4.34,6.44,1022.69,0.0,0.0,5.0,541.8,IMELBO1849.csv
2023/02/16,05:19 PM,36.56,14.0,26.0,NNW,4.02,6.28,1022.69,0.0,0.0,6.0,639.0,IMELBO1849.csv
2023/02/16,05:24 PM,36.33,13.78,26.0,NNW,3.86,5.63,1022.69,0.0,0.0,1.0,187.3,IMELBO1849.csv
2023/02/16,05:29 PM,36.06,13.78,26.0,NNW,1.61,2.41,1022.35,0.0,0.0,2.0,220.7,IMELBO1849.csv
2023/02/16,05:34 PM,35.94,14.0,27.0,NNE,2.74,3.54,1022.69,0.0,0.0,2.0,236.8,IMELBO1849.csv
2023/02/16,05:39 PM,35.89,13.67,26.0,NNW,1.93,2.57,1022.69,0.0,0.0,5.0,541.3,IMELBO1849.csv
2023/02/16,05:44 PM,36.67,13.89,26.0,North,1.13,1.93,1022.35,0.0,0.0,5.0,558.7,IMELBO1849.csv
2023/02/16,05:49 PM,37.17,14.17,25.0,SSW,2.09,2.9,1022.35,0.0,0.0,4.0,451.0,IMELBO1849.csv
2023/02/16,05:54 PM,37.67,13.44,24.0,NW,3.86,6.11,1022.35,0.0,0.0,4.0,445.1,IMELBO1849.csv
2023/02/16,05:59 PM,37.33,12.89,23.0,WNW,5.15,7.4,1022.35,0.0,0.0,3.0,392.6,IMELBO1849.csv
2023/02/16,06:04 PM,37.11,12.78,23.0,WSW,2.41,3.86,1022.35,0.0,0.0,3.0,357.3,IMELBO1849.csv
2023/02/16,06:09 PM,37.28,12.78,23.0,WNW,1.77,2.74,1022.35,0.0,0.0,3.0,331.8,IMELBO1849.csv
2023/02/16,06:14 PM,37.11,13.0,24.0,WSW,4.18,5.79,1022.35,0.0,0.0,3.0,318.0,IMELBO1849.csv
2023/02/16,06:19 PM,36.78,12.94,24.0,West,4.18,5.47,1022.35,0.0,0.0,2.0,303.6,IMELBO1849.csv
2023/02/16,06:24 PM,36.67,12.83,24.0,WSW,5.47,7.4,1022.01,0.0,0.0,2.0,276.2,IMELBO1849.csv
2023/02/16,06:29 PM,36.5,12.72,24.0,SW,3.7,4.99,1022.35,0.0,0.0,1.0,184.7,IMELBO1849.csv
2023/02/16,06:34 PM,36.22,12.5,24.0,WNW,2.9,4.34,1022.01,0.0,0.0,2.0,227.3,IMELBO1849.csv
2023/02/16,06:39 PM,36.33,12.44,24.0,SW,2.41,3.7,1022.01,0.0,0.0,1.0,185.6,IMELBO1849.csv
2023/02/16,06:44 PM,35.61,13.78,27.0,SW,8.85,12.87,1022.01,0.0,0.0,1.0,161.4,IMELBO1849.csv
2023/02/16,06:49 PM,33.28,15.28,34.0,SSW,12.39,17.54,1022.35,0.0,0.0,1.0,151.3,IMELBO1849.csv
2023/02/16,06:54 PM,31.94,16.39,39.0,SSW,12.71,18.18,1022.69,0.0,0.0,1.0,155.2,IMELBO1849.csv
2023/02/16,06:59 PM,31.22,16.5,41.0,SSW,9.17,12.87,1022.69,0.0,0.0,0.0,94.6,IMELBO1849.csv
2023/02/16,07:04 PM,30.67,16.17,42.0,SSW,10.78,14.64,1022.69,0.0,0.0,1.0,113.2,IMELBO1849.csv
2023/02/16,07:09 PM,30.39,16.06,42.0,SSW,9.17,12.55,1022.69,0.0,0.0,0.0,96.7,IMELBO1849.csv
2023/02/16,07:14 PM,30.44,16.28,42.0,SSE,7.56,10.46,1023.03,0.0,0.0,0.0,89.8,IMELBO1849.csv
2023/02/16,07:19 PM,29.94,16.44,44.0,South,7.56,11.26,1023.03,0.0,0.0,0.0,87.1,IMELBO1849.csv
2023/02/16,07:24 PM,29.67,16.5,45.0,South,7.24,10.78,1023.03,0.0,0.0,0.0,66.3,IMELBO1849.csv
2023/02/16,07:29 PM,29.44,16.39,45.0,SSW,7.56,10.62,1023.03,0.0,0.0,0.0,56.8,IMELBO1849.csv
2023/02/16,07:34 PM,29.39,16.28,45.0,South,5.63,8.37,1023.03,0.0,0.0,0.0,52.0,IMELBO1849.csv
2023/02/16,07:39 PM,29.22,16.33,46.0,SW,8.37,11.75,1023.03,0.0,0.0,0.0,42.5,IMELBO1849.csv
2023/02/16,07:44 PM,29.0,16.22,46.0,SSW,8.21,10.94,1023.37,0.0,0.0,0.0,35.1,IMELBO1849.csv
2023/02/16,07:49 PM,28.94,16.22,46.0,SSW,4.02,5.79,1023.37,0.0,0.0,0.0,28.1,IMELBO1849.csv
2023/02/16,07:54 PM,28.78,16.28,47.0,SSW,5.31,7.4,1023.37,0.0,0.0,0.0,22.0,IMELBO1849.csv
2023/02/16,07:59 PM,28.72,16.33,47.0,SSW,3.54,5.15,1023.37,0.0,0.0,0.0,16.9,IMELBO1849.csv
2023/02/16,08:04 PM,28.56,16.22,47.0,South,4.67,6.76,1023.71,0.0,0.0,0.0,13.0,IMELBO1849.csv
2023/02/16,08:09 PM,28.39,16.39,48.0,South,4.99,6.92,1023.37,0.0,0.0,0.0,9.5,IMELBO1849.csv
2023/02/16,08:14 PM,28.33,16.33,48.0,SSW,4.99,6.92,1023.71,0.0,0.0,0.0,5.6,IMELBO1849.csv
2023/02/16,08:19 PM,28.22,16.44,49.0,SW,6.92,8.53,1023.71,0.0,0.0,0.0,3.4,IMELBO1849.csv
2023/02/16,08:24 PM,28.0,16.28,49.0,SW,6.28,7.88,1023.71,0.0,0.0,0.0,1.7,IMELBO1849.csv
2023/02/16,08:29 PM,27.89,16.22,49.0,SW,5.95,7.56,1024.04,0.0,0.0,0.0,0.0,IMELBO1849.csv
2023/02/16,08:34 PM,27.67,16.06,49.0,SW,5.63,7.56,1023.71,0.0,0.0,0.0,0.0,IMELBO1849.csv
2023/02/16,08:39 PM,27.39,15.78,49.0,SW,5.63,7.4,1024.04,0.0,0.0,0.0,0.0,IMELBO1849.csv
2023/02/16,08:44 PM,27.28,15.72,49.0,SW,8.21,10.78,1024.04,0.0,0.0,0.0,0.0,IMELBO1849.csv
2023/02/16,08:49 PM,27.28,15.67,49.0,SSW,6.6,9.65,1024.04,0.0,0.0,0.0,0.0,IMELBO1849.csv
2023/02/16,08:54 PM,27.11,15.78,50.0,SW,5.63,7.4,1024.04,0.0,0.0,0.0,0.0,IMELBO1849.csv
2023/02/16,08:59 PM,26.89,15.83,51.0,SW,5.15,6.76,1024.04,0.0,0.0,0.0,0.0,IMELBO1849.csv
2023/02/16,09:04 PM,26.78,15.89,51.0,SW,4.99,6.44,1024.04,0.0,0.0,0.0,0.0,IMELBO1849.csv
2023/02/16,09:09 PM,26.67,16.06,52.0,WSW,3.86,5.15,1024.04,0.0,0.0,0.0,0.0,IMELBO1849.csv
2023/02/16,09:14 PM,26.39,16.06,53.0,SW,4.18,5.15,1024.38,0.0,0.0,0.0,0.0,IMELBO1849.csv
2023/02/16,09:19 PM,26.28,16.0,53.0,SW,4.67,6.11,1024.38,0.0,0.0,0.0,0.0,IMELBO1849.csv
2023/02/16,09:24 PM,26.17,15.83,53.0,WSW,4.99,6.28,1024.72,0.0,0.0,0.0,0.0,IMELBO1849.csv
2023/02/16,09:29 PM,25.94,15.89,54.0,WSW,4.18,5.31,1024.72,0.0,0.0,0.0,0.0,IMELBO1849.csv
2023/02/16,09:34 PM,25.83,15.94,54.0,WSW,4.99,6.28,1024.38,0.0,0.0,0.0,0.0,IMELBO1849.csv
2023/02/16,09:39 PM,25.72,16.11,55.0,WSW,3.86,5.47,1024.72,0.0,0.0,0.0,0.0,IMELBO1849.csv
2023/02/16,09:44 PM,25.61,16.33,56.0,WSW,3.54,4.83,1024.72,0.0,0.0,0.0,0.0,IMELBO1849.csv
2023/02/16,09:49 PM,25.22,16.39,58.0,SW,4.18,5.47,1024.72,0.0,0.0,0.0,0.0,IMELBO1849.csv
2023/02/16,09:54 PM,25.0,16.28,58.0,SW,3.54,5.47,1025.06,0.0,0.0,0.0,0.0,IMELBO1849.csv
2023/02/16,09:59 PM,24.78,16.28,59.0,WSW,3.38,4.99,1025.06,0.0,0.0,0.0,0.0,IMELBO1849.csv
2023/02/16,10:04 PM,24.61,16.22,59.0,WSW,3.54,4.83,1025.06,0.0,0.0,0.0,0.0,IMELBO1849.csv
2023/02/16,10:09 PM,24.33,16.17,60.0,WSW,2.57,3.54,1025.06,0.0,0.0,0.0,0.0,IMELBO1849.csv
2023/02/16,10:14 PM,24.22,16.22,61.0,SW,4.51,5.63,1025.06,0.0,0.0,0.0,0.0,IMELBO1849.csv
2023/02/16,10:19 PM,24.17,16.17,61.0,SW,2.9,4.34,1025.06,0.0,0.0,0.0,0.0,IMELBO1849.csv
2023/02/16,10:24 PM,24.0,16.0,61.0,SW,4.18,5.63,1024.72,0.0,0.0,0.0,0.0,IMELBO1849.csv
2023/02/16,10:29 PM,24.0,16.0,61.0,SW,2.57,3.86,1024.72,0.0,0.0,0.0,0.0,IMELBO1849.csv
2023/02/16,10:34 PM,23.94,15.94,61.0,West,1.45,2.41,1024.72,0.0,0.0,0.0,0.0,IMELBO1849.csv
2023/02/16,10:39 PM,23.89,15.89,61.0,SW,1.13,1.77,1024.38,0.0,0.0,0.0,0.0,IMELBO1849.csv
2023/02/16,10:44 PM,23.83,15.83,61.0,SSW,0.48,0.97,1024.38,0.0,0.0,0.0,0.0,IMELBO1849.csv
2023/02/16,10:49 PM,23.83,15.83,61.0,SSW,0.0,0.16,1024.72,0.0,0.0,0.0,0.0,IMELBO1849.csv
2023/02/16,10:54 PM,23.78,15.78,61.0,SSW,0.0,0.16,1024.38,0.0,0.0,0.0,0.0,IMELBO1849.csv
2023/02/16,10:59 PM,23.56,15.83,62.0,SSW,0.0,0.0,1024.72,0.0,0.0,0.0,0.0,IMELBO1849.csv
2023/02/16,11:04 PM,23.39,15.89,63.0,SSW,0.16,0.32,1024.38,0.0,0.0,0.0,0.0,IMELBO1849.csv
2023/02/16,11:09 PM,23.39,15.94,63.0,ESE,0.32,0.8,1024.38,0.0,0.0,0.0,0.0,IMELBO1849.csv
2023/02/16,11:14 PM,23.44,15.78,62.0,NE,0.0,0.16,1024.38,0.0,0.0,0.0,0.0,IMELBO1849.csv
2023/02/16,11:19 PM,23.61,15.83,62.0,NNE,1.45,2.25,1024.38,0.0,0.0,0.0,0.0,IMELBO1849.csv
2023/02/16,11:24 PM,23.83,15.83,61.0,NNE,2.9,3.86,1024.38,0.0,0.0,0.0,0.0,IMELBO1849.csv
2023/02/16,11:29 PM,23.67,15.78,61.0,NNE,2.9,3.7,1024.38,0.0,0.0,0.0,0.0,IMELBO1849.csv
2023/02/16,11:34 PM,23.44,15.67,61.0,NNE,2.74,3.38,1024.38,0.0,0.0,0.0,0.0,IMELBO1849.csv
2023/02/16,11:39 PM,23.33,15.67,62.0,NNE,2.9,4.02,1024.38,0.0,0.0,0.0,0.0,IMELBO1849.csv
2023/02/16,11:44 PM,23.33,15.67,62.0,North,1.13,1.61,1024.04,0.0,0.0,0.0,0.0,IMELBO1849.csv
2023/02/16,11:49 PM,23.28,15.61,62.0,North,1.13,1.77,1024.04,0.0,0.0,0.0,0.0,IMELBO1849.csv
2023/02/16,11:54 PM,23.28,15.44,61.0,North,1.45,2.25,1024.04,0.0,0.0,0.0,0.0,IMELBO1849.csv
2023/02/16,11:59 PM,23.28,15.39,61.0,North,1.93,2.57,1024.04,0.0,0.0,0.0,0.0,IMELBO1849.csv
2023/02/17,12:04 AM,23.33,15.5,61.0,North,1.13,1.77,1023.71,0.0,0.0,0.0,0.0,IMELBO1849.csv
2023/02/17,12:09 AM,23.39,15.56,61.0,NNE,2.74,3.54,1023.71,0.0,0.0,0.0,0.0,IMELBO1849.csv
2023/02/17,12:14 AM,23.67,15.61,61.0,NE,3.7,4.51,1023.71,0.0,0.0,0.0,0.0,IMELBO1849.csv
2023/02/17,12:19 AM,23.72,15.56,60.0,NE,2.09,2.9,1023.71,0.0,0.0,0.0,0.0,IMELBO1849.csv
2023/02/17,12:24 AM,23.67,15.72,61.0,NE,2.57,3.22,1023.71,0.0,0.0,0.0,0.0,IMELBO1849.csv
2023/02/17,12:29 AM,23.56,15.67,61.0,NNE,1.61,2.09,1023.71,0.0,0.0,0.0,0.0,IMELBO1849.csv
2023/02/17,12:34 AM,23.5,15.61,61.0,NNE,1.77,2.57,1023.71,0.0,0.0,0.0,0.0,IMELBO1849.csv
2023/02/17,12:39 AM,23.5,15.61,61.0,NNE,2.57,3.38,1023.71,0.0,0.0,0.0,0.0,IMELBO1849.csv
2023/02/17,12:44 AM,23.39,15.5,61.0,NNE,2.9,4.18,1023.71,0.0,0.0,0.0,0.0,IMELBO1849.csv
2023/02/17,12:49 AM,23.39,15.5,61.0,NNE,4.51,5.95,1024.04,0.0,0.0,0.0,0.0,IMELBO1849.csv
2023/02/17,12:54 AM,23.28,15.39,61.0,NNE,5.63,7.56,1024.04,0.0,0.0,0.0,0.0,IMELBO1849.csv
2023/02/17,12:59 AM,23.33,15.22,60.0,NNE,2.9,4.02,1024.38,0.0,0.0,0.0,0.0,IMELBO1849.csv
2023/02/17,01:04 AM,23.39,15.22,60.0,NNW,1.93,2.9,1024.72,0.0,0.0,0.0,0.0,IMELBO1849.csv
2023/02/17,01:09 AM,23.5,15.28,60.0,NNW,1.93,2.9,1024.72,0.0,0.0,0.0,0.0,IMELBO1849.csv
2023/02/17,01:14 AM,23.5,15.39,60.0,NNW,1.45,2.09,1024.38,0.0,0.0,0.0,0.0,IMELBO1849.csv
2023/02/17,01:19 AM,23.33,15.44,61.0,NNW,0.48,0.97,1024.38,0.0,0.0,0.0,0.0,IMELBO1849.csv
2023/02/17,01:24 AM,23.28,15.39,61.0,NNW,1.45,1.77,1024.38,0.0,0.0,0.0,0.0,IMELBO1849.csv
2023/02/17,01:29 AM,23.22,15.33,61.0,NNW,0.64,1.13,1024.04,0.0,0.0,0.0,0.0,IMELBO1849.csv
2023/02/17,01:34 AM,23.22,15.28,61.0,NE,2.09,2.9,1023.71,0.0,0.0,0.0,0.0,IMELBO1849.csv
2023/02/17,01:39 AM,23.28,15.17,60.0,ENE,2.9,3.54,1023.71,0.0,0.0,0.0,0.0,IMELBO1849.csv
2023/02/17,01:44 AM,23.22,15.33,61.0,NE,2.41,3.38,1023.71,0.0,0.0,0.0,0.0,IMELBO1849.csv
2023/02/17,01:49 AM,22.94,15.22,62.0,ENE,1.77,2.41,1023.37,0.0,0.0,0.0,0.0,IMELBO1849.csv
2023/02/17,01:54 AM,22.78,15.11,62.0,ENE,2.74,4.02,1023.37,0.0,0.0,0.0,0.0,IMELBO1849.csv
2023/02/17,01:59 AM,22.78,15.06,62.0,NE,3.22,4.34,1023.03,0.0,0.0,0.0,0.0,IMELBO1849.csv
2023/02/17,02:04 AM,22.67,15.0,62.0,East,3.7,4.99,1023.03,0.0,0.0,0.0,0.0,IMELBO1849.csv
2023/02/17,02:09 AM,22.61,15.0,62.0,ENE,3.38,4.67,1023.03,0.0,0.0,0.0,0.0,IMELBO1849.csv
2023/02/17,02:14 AM,22.61,15.0,62.0,ENE,4.02,5.47,1022.69,0.0,0.0,0.0,0.0,IMELBO1849.csv
2023/02/17,02:19 AM,22.67,14.72,61.0,ENE,5.31,7.08,1022.69,0.0,0.0,0.0,0.0,IMELBO1849.csv
2023/02/17,02:24 AM,22.72,14.83,61.0,NE,4.02,6.28,1023.03,0.0,0.0,0.0,0.0,IMELBO1849.csv
2023/02/17,02:29 AM,22.78,14.72,60.0,NE,4.67,6.76,1022.69,0.0,0.0,0.0,0.0,IMELBO1849.csv
2023/02/17,02:34 AM,22.72,14.72,60.0,NE,3.7,5.15,1022.69,0.0,0.0,0.0,0.0,IMELBO1849.csv
2023/02/17,02:39 AM,22.72,14.78,61.0,ENE,3.22,4.18,1022.69,0.0,0.0,0.0,0.0,IMELBO1849.csv
2023/02/17,02:44 AM,22.61,14.72,61.0,ENE,2.41,3.7,1022.69,0.0,0.0,0.0,0.0,IMELBO1849.csv
2023/02/17,02:49 AM,22.61,14.72,61.0,East,3.06,4.02,1022.35,0.0,0.0,0.0,0.0,IMELBO1849.csv
2023/02/17,02:54 AM,22.5,14.61,61.0,ENE,2.57,3.86,1022.01,0.0,0.0,0.0,0.0,IMELBO1849.csv
2023/02/17,02:59 AM,22.39,14.67,62.0,ENE,2.74,3.7,1022.01,0.0,0.0,0.0,0.0,IMELBO1849.csv
2023/02/17,03:04 AM,22.5,14.61,61.0,ENE,2.57,3.86,1022.01,0.0,0.0,0.0,0.0,IMELBO1849.csv
2023/02/17,03:09 AM,22.61,14.72,61.0,NE,2.9,4.02,1022.01,0.0,0.0,0.0,0.0,IMELBO1849.csv
2023/02/17,03:14 AM,22.78,14.67,60.0,NE,3.38,4.99,1022.01,0.0,0.0,0.0,0.0,IMELBO1849.csv
2023/02/17,03:19 AM,22.94,14.72,60.0,NE,3.38,4.67,1022.01,0.0,0.0,0.0,0.0,IMELBO1849.csv
2023/02/17,03:24 AM,23.0,14.61,59.0,NE,3.22,4.83,1022.01,0.0,0.0,0.0,0.0,IMELBO1849.csv
2023/02/17,03:29 AM,23.22,14.78,59.0,NE,3.54,4.99,1021.67,0.0,0.0,0.0,0.0,IMELBO1849.csv
2023/02/17,03:34 AM,23.22,14.61,58.0,NE,3.38,5.15,1022.01,0.0,0.0,0.0,0.0,IMELBO1849.csv
2023/02/17,03:39 AM,23.44,14.61,58.0,NE,3.38,4.99,1021.67,0.0,0.0,0.0,0.0,IMELBO1849.csv
2023/02/17,03:44 AM,23.61,14.61,57.0,ENE,3.86,5.47,1022.01,0.0,0.0,0.0,0.0,IMELBO1849.csv
2023/02/17,03:49 AM,23.61,14.61,57.0,ENE,4.02,5.31,1021.67,0.0,0.0,0.0,0.0,IMELBO1849.csv
2023/02/17,03:54 AM,23.72,14.72,57.0,NE,4.51,6.11,1021.67,0.0,0.0,0.0,0.0,IMELBO1849.csv
2023/02/17,03:59 AM,23.78,14.78,57.0,ENE,4.34,5.79,1021.33,0.0,0.0,0.0,0.0,IMELBO1849.csv
2023/02/17,04:04 AM,23.72,14.72,57.0,ENE,4.67,6.28,1021.33,0.0,0.0,0.0,0.0,IMELBO1849.csv
2023/02/17,04:09 AM,23.72,14.72,57.0,ENE,4.02,5.95,1021.33,0.0,0.0,0.0,0.0,IMELBO1849.csv
2023/02/17,04:14 AM,23.78,14.72,57.0,ENE,3.54,5.15,1021.67,0.0,0.0,0.0,0.0,IMELBO1849.csv
2023/02/17,04:19 AM,24.22,14.33,54.0,NNE,5.47,7.24,1021.67,0.0,0.0,0.0,0.0,IMELBO1849.csv
2023/02/17,04:24 AM,25.61,14.56,50.0,NNE,7.4,10.78,1021.67,0.0,0.0,0.0,0.0,IMELBO1849.csv
2023/02/17,04:29 AM,26.11,14.67,49.0,NE,7.56,10.3,1021.67,0.0,0.0,0.0,0.0,IMELBO1849.csv
2023/02/17,04:34 AM,26.33,14.61,48.0,NNE,8.04,10.62,1021.67,0.0,0.0,0.0,0.0,IMELBO1849.csv
2023/02/17,04:39 AM,26.67,14.67,48.0,NE,7.08,9.17,1022.01,0.0,0.0,0.0,0.0,IMELBO1849.csv
2023/02/17,04:44 AM,27.06,14.61,47.0,NE,8.53,11.58,1021.67,0.0,0.0,0.0,0.0,IMELBO1849.csv
2023/02/17,04:49 AM,27.39,14.56,45.0,NNE,7.72,10.94,1021.67,0.0,0.0,0.0,0.0,IMELBO1849.csv
2023/02/17,04:54 AM,27.56,14.56,45.0,NNE,7.24,9.98,1022.01,0.0,0.0,0.0,0.0,IMELBO1849.csv
2023/02/17,04:59 AM,27.78,14.5,44.0,NNE,8.69,12.23,1021.67,0.0,0.0,0.0,0.0,IMELBO1849.csv
2023/02/17,05:04 AM,27.89,14.56,44.0,NNE,8.53,11.58,1022.01,0.0,0.0,0.0,0.0,IMELBO1849.csv
2023/02/17,05:09 AM,28.17,14.44,43.0,NNE,9.49,12.55,1021.67,0.0,0.0,0.0,0.0,IMELBO1849.csv
2023/02/17,05:14 AM,28.28,14.56,43.0,NNE,12.23,16.73,1021.67,0.0,0.0,0.0,0.0,IMELBO1849.csv
2023/02/17,05:19 AM,28.28,14.61,43.0,NNE,10.14,14.64,1021.67,0.0,0.0,0.0,0.0,IMELBO1849.csv
2023/02/17,05:24 AM,28.28,14.56,43.0,NNE,9.81,13.35,1022.01,0.0,0.0,0.0,0.0,IMELBO1849.csv
2023/02/17,05:29 AM,28.22,14.5,43.0,NNE,11.58,16.41,1022.01,0.0,0.0,0.0,0.0,IMELBO1849.csv
2023/02/17,05:34 AM,28.22,14.56,43.0,NNE,11.91,16.25,1022.01,0.0,0.0,0.0,0.0,IMELBO1849.csv
2023/02/17,05:39 AM,28.22,14.5,43.0,NNE,12.87,18.02,1021.67,0.0,0.0,0.0,0.0,IMELBO1849.csv
2023/02/17,05:44 AM,28.17,14.44,43.0,NE,10.3,15.29,1021.67,0.0,0.0,0.0,0.0,IMELBO1849.csv
2023/02/17,05:49 AM,28.11,14.39,43.0,NNE,12.71,17.38,1021.67,0.0,0.0,0.0,0.0,IMELBO1849.csv
2023/02/17,05:54 AM,28.11,14.39,43.0,NNE,12.39,17.06,1021.67,0.0,0.0,0.0,0.0,IMELBO1849.csv
2023/02/17,05:59 AM,28.11,14.39,43.0,NNE,12.55,17.38,1022.01,0.0,0.0,0.0,0.0,IMELBO1849.csv
2023/02/17,06:04 AM,27.94,14.5,44.0,NNE,9.65,13.52,1022.01,0.0,0.0,0.0,0.0,IMELBO1849.csv
2023/02/17,06:09 AM,27.78,14.5,44.0,NE,9.65,13.35,1022.01,0.0,0.0,0.0,0.0,IMELBO1849.csv
2023/02/17,06:14 AM,27.72,14.39,44.0,NNE,11.58,16.25,1022.01,0.0,0.0,0.0,0.0,IMELBO1849.csv
2023/02/17,06:19 AM,27.72,14.39,44.0,ENE,10.78,14.96,1022.01,0.0,0.0,0.0,0.0,IMELBO1849.csv
2023/02/17,06:24 AM,27.5,14.22,44.0,NNE,9.81,14.16,1022.01,0.0,0.0,0.0,0.0,IMELBO1849.csv
2023/02/17,06:29 AM,27.44,14.33,45.0,NNE,9.81,12.55,1022.01,0.0,0.0,0.0,0.0,IMELBO1849.csv
2023/02/17,06:34 AM,27.39,14.17,44.0,NNE,11.91,16.89,1022.01,0.0,0.0,0.0,0.0,IMELBO1849.csv
2023/02/17,06:39 AM,27.39,14.22,44.0,NNE,12.87,17.22,1022.01,0.0,0.0,0.0,0.0,IMELBO1849.csv
2023/02/17,06:44 AM,27.33,14.44,45.0,NNE,10.94,15.12,1022.35,0.0,0.0,0.0,0.0,IMELBO1849.csv
2023/02/17,06:49 AM,27.28,14.33,45.0,NE,10.62,13.84,1022.01,0.0,0.0,0.0,0.9,IMELBO1849.csv
2023/02/17,06:54 AM,27.22,14.28,45.0,NNE,11.91,17.06,1022.01,0.0,0.0,0.0,2.9,IMELBO1849.csv
2023/02/17,06:59 AM,27.28,14.39,45.0,NNE,12.07,16.89,1022.35,0.0,0.0,0.0,5.1,IMELBO1849.csv
2023/02/17,07:04 AM,27.22,14.28,45.0,NNE,11.26,15.93,1022.35,0.0,0.0,0.0,6.9,IMELBO1849.csv
2023/02/17,07:09 AM,27.17,14.28,45.0,NNE,12.87,18.66,1022.35,0.0,0.0,0.0,13.3,IMELBO1849.csv
2023/02/17,07:14 AM,27.22,14.33,45.0,NNE,12.23,16.73,1022.35,0.0,0.0,0.0,20.8,IMELBO1849.csv
2023/02/17,07:19 AM,27.28,14.39,45.0,NNE,13.03,18.02,1022.69,0.0,0.0,0.0,25.1,IMELBO1849.csv
2023/02/17,07:24 AM,27.28,14.39,45.0,NE,10.78,14.8,1022.35,0.0,0.0,0.0,31.6,IMELBO1849.csv
2023/02/17,07:29 AM,27.39,14.33,45.0,NE,11.75,16.89,1022.35,0.0,0.0,0.0,39.9,IMELBO1849.csv
2023/02/17,07:34 AM,27.56,14.28,44.0,NNE,10.78,14.64,1022.35,0.0,0.0,0.0,56.8,IMELBO1849.csv
2023/02/17,07:39 AM,27.72,14.44,44.0,NNE,9.81,13.52,1022.35,0.0,0.0,0.0,71.6,IMELBO1849.csv
2023/02/17,07:44 AM,27.89,14.61,44.0,NNE,10.14,13.84,1022.35,0.0,0.0,0.0,71.6,IMELBO1849.csv
2023/02/17,07:49 AM,27.89,14.61,44.0,NE,13.84,19.95,1022.35,0.0,0.0,0.0,62.9,IMELBO1849.csv
2023/02/17,07:54 AM,28.0,14.44,43.0,ESE,11.1,15.93,1022.69,0.0,0.0,0.0,68.9,IMELBO1849.csv
2023/02/17,07:59 AM,28.28,14.56,43.0,NE,13.35,18.02,1022.69,0.0,0.0,0.0,66.8,IMELBO1849.csv
2023/02/17,08:04 AM,28.06,14.44,43.0,NNE,11.58,15.61,1022.69,0.0,0.0,0.0,56.3,IMELBO1849.csv
2023/02/17,08:09 AM,27.94,14.44,43.0,NNE,12.07,16.89,1022.69,0.0,0.0,0.0,64.1,IMELBO1849.csv
2023/02/17,08:14 AM,27.89,14.5,44.0,NNE,10.62,14.8,1022.69,0.0,0.0,0.0,69.7,IMELBO1849.csv
2023/02/17,08:19 AM,27.89,14.39,43.0,NNE,10.78,13.84,1022.69,0.0,0.0,0.0,76.7,IMELBO1849.csv
2023/02/17,08:24 AM,27.94,14.28,43.0,NNE,10.78,14.16,1022.69,0.0,0.0,1.0,154.4,IMELBO1849.csv
2023/02/17,08:29 AM,27.94,14.33,43.0,NNE,9.49,13.03,1022.69,0.0,0.0,1.0,126.6,IMELBO1849.csv
2023/02/17,08:34 AM,28.06,14.33,43.0,NE,9.49,12.71,1022.69,0.0,0.0,1.0,197.8,IMELBO1849.csv
2023/02/17,08:39 AM,28.61,14.5,42.0,NNE,7.72,10.3,1022.69,0.0,0.0,2.0,209.1,IMELBO1849.csv
2023/02/17,08:44 AM,28.5,14.67,43.0,NNE,8.85,11.75,1022.69,0.0,0.0,2.0,214.7,IMELBO1849.csv
2023/02/17,08:49 AM,28.39,14.61,43.0,NE,6.44,9.17,1022.69,0.0,0.0,2.0,226.4,IMELBO1849.csv
2023/02/17,08:54 AM,28.61,14.61,42.0,NE,6.92,9.81,1022.69,0.0,0.0,2.0,278.1,IMELBO1849.csv
2023/02/17,08:59 AM,29.06,14.61,41.0,NE,10.94,16.09,1022.69,0.0,0.0,2.0,283.2,IMELBO1849.csv
2023/02/17,09:04 AM,28.94,14.67,42.0,NNE,13.03,17.7,1022.35,0.0,0.0,2.0,225.1,IMELBO1849.csv
2023/02/17,09:09 AM,28.83,14.5,41.0,NE,12.07,17.22,1022.69,0.0,0.0,3.0,377.4,IMELBO1849.csv
2023/02/17,09:14 AM,29.17,14.72,41.0,NNE,11.91,16.25,1022.69,0.0,0.0,2.0,245.9,IMELBO1849.csv
2023/02/17,09:19 AM,28.78,14.67,42.0,NE,12.23,17.06,1022.69,0.0,0.0,2.0,246.4,IMELBO1849.csv
2023/02/17,09:24 AM,28.78,14.61,42.0,NNE,10.78,14.96,1022.35,0.0,0.0,2.0,226.4,IMELBO1849.csv
2023/02/17,09:29 AM,28.89,14.5,41.0,NNE,11.42,16.25,1022.35,0.0,0.0,4.0,436.4,IMELBO1849.csv
2023/02/17,09:34 AM,29.22,14.67,41.0,NE,13.19,17.06,1022.01,0.0,0.0,2.0,239.8,IMELBO1849.csv
2023/02/17,09:39 AM,29.39,14.39,40.0,NE,13.19,18.34,1022.01,0.0,0.0,3.0,389.0,IMELBO1849.csv
2023/02/17,09:44 AM,29.89,14.56,39.0,NNE,16.09,22.04,1022.01,0.0,0.0,4.0,500.6,IMELBO1849.csv
2023/02/17,09:49 AM,30.33,14.83,39.0,NE,10.14,14.48,1022.01,0.0,0.0,3.0,383.4,IMELBO1849.csv
2023/02/17,09:54 AM,30.22,14.78,39.0,NNE,10.3,15.29,1022.01,0.0,0.0,5.0,543.0,IMELBO1849.csv
2023/02/17,09:59 AM,29.94,14.67,39.0,NNE,11.1,15.45,1022.01,0.0,0.0,2.0,235.5,IMELBO1849.csv
2023/02/17,10:04 AM,29.78,14.67,40.0,NE,10.94,15.29,1022.01,0.0,0.0,2.0,240.3,IMELBO1849.csv
2023/02/17,10:09 AM,29.94,14.56,39.0,NE,11.26,15.77,1022.01,0.0,0.0,4.0,415.1,IMELBO1849.csv
2023/02/17,10:14 AM,30.22,14.72,39.0,NNE,12.87,17.54,1022.01,0.0,0.0,2.0,254.6,IMELBO1849.csv
2023/02/17,10:19 AM,30.22,14.72,39.0,NNE,10.3,14.96,1022.01,0.0,0.0,1.0,177.8,IMELBO1849.csv
2023/02/17,10:24 AM,30.22,14.44,38.0,NNE,15.12,19.95,1022.01,0.0,0.0,6.0,624.2,IMELBO1849.csv
2023/02/17,10:29 AM,30.5,14.56,38.0,NNE,14.8,19.95,1022.01,0.0,0.0,5.0,606.4,IMELBO1849.csv
2023/02/17,10:34 AM,30.5,14.28,37.0,North,14.16,19.47,1022.01,0.0,0.0,5.0,559.6,IMELBO1849.csv
2023/02/17,10:39 AM,31.0,14.33,36.0,NNE,12.71,18.18,1022.01,0.0,0.0,5.0,610.7,IMELBO1849.csv
2023/02/17,10:44 AM,31.56,14.39,35.0,NE,13.84,18.83,1022.01,0.0,0.0,5.0,592.5,IMELBO1849.csv
2023/02/17,10:49 AM,31.78,14.5,35.0,NNE,10.3,13.84,1022.35,0.0,0.0,5.0,529.6,IMELBO1849.csv
2023/02/17,10:54 AM,32.5,14.78,34.0,NE,10.14,14.16,1022.01,0.0,0.0,5.0,545.3,IMELBO1849.csv
2023/02/17,10:59 AM,33.0,14.89,34.0,NNE,11.26,16.25,1022.01,0.0,0.0,5.0,540.0,IMELBO1849.csv
2023/02/17,11:04 AM,33.22,14.83,33.0,NE,10.78,14.96,1022.01,0.0,0.0,6.0,644.1,IMELBO1849.csv
2023/02/17,11:09 AM,33.67,15.17,33.0,NE,11.26,15.29,1022.01,0.0,0.0,6.0,708.0,IMELBO1849.csv
2023/02/17,11:14 AM,33.33,14.89,33.0,NE,11.58,15.61,1022.01,0.0,0.0,7.0,743.1,IMELBO1849.csv
2023/02/17,11:19 AM,33.17,14.89,33.0,NNE,9.49,13.19,1022.01,0.0,0.0,7.0,777.8,IMELBO1849.csv
2023/02/17,11:24 AM,33.89,15.0,32.0,NNE,8.21,12.39,1021.67,0.0,0.0,7.0,771.2,IMELBO1849.csv
2023/02/17,11:29 AM,34.94,15.39,31.0,NE,7.72,10.62,1021.67,0.0,0.0,6.0,697.6,IMELBO1849.csv
2023/02/17,11:34 AM,35.61,15.11,29.0,,12.07,15.93,1021.67,0.0,0.0,6.0,682.4,IMELBO1849.csv
2023/02/17,11:39 AM,35.72,15.06,29.0,NNE,11.42,16.25,1021.33,0.0,0.0,6.0,689.7,IMELBO1849.csv
2023/02/17,11:44 AM,36.06,15.28,29.0,NNE,10.94,15.29,1021.33,0.0,0.0,6.0,699.3,IMELBO1849.csv
2023/02/17,11:49 AM,36.39,15.44,29.0,NE,10.3,14.8,1021.33,0.0,0.0,6.0,700.1,IMELBO1849.csv
2023/02/17,11:54 AM,36.44,15.28,28.0,NE,12.23,17.06,1021.0,0.0,0.0,6.0,692.3,IMELBO1849.csv
2023/02/17,11:59 AM,36.89,15.61,28.0,NNE,8.53,12.23,1020.66,0.0,0.0,6.0,675.4,IMELBO1849.csv
2023/02/17,12:04 PM,37.33,15.83,28.0,NE,10.94,15.12,1020.66,0.0,0.0,6.0,652.8,IMELBO1849.csv
2023/02/17,12:09 PM,37.33,15.06,27.0,North,12.07,17.54,1020.66,0.0,0.0,6.0,678.0,IMELBO1849.csv
2023/02/17,12:14 PM,37.72,14.44,25.0,NNW,10.94,14.96,1020.66,0.0,0.0,6.0,699.6,IMELBO1849.csv
2023/02/17,12:19 PM,37.89,15.06,26.0,NNE,11.75,15.45,1020.66,0.0,0.0,6.0,708.3,IMELBO1849.csv
2023/02/17,12:24 PM,38.22,14.61,25.0,,12.39,17.38,1020.32,0.0,0.0,7.0,746.5,IMELBO1849.csv
2023/02/17,12:29 PM,38.22,14.33,24.0,NW,14.16,19.31,1020.32,0.0,0.0,7.0,770.0,IMELBO1849.csv
2023/02/17,12:34 PM,38.39,14.67,25.0,North,9.01,12.87,1020.32,0.0,0.0,7.0,761.7,IMELBO1849.csv
2023/02/17,12:39 PM,38.83,14.72,24.0,North,9.49,13.52,1020.32,0.0,0.0,7.0,744.8,IMELBO1849.csv
2023/02/17,12:44 PM,39.11,14.83,24.0,,9.98,15.61,1020.32,0.0,0.0,7.0,774.3,IMELBO1849.csv
2023/02/17,12:49 PM,39.11,14.72,24.0,NNW,9.01,13.68,1020.32,0.0,0.0,7.0,784.3,IMELBO1849.csv
2023/02/17,12:54 PM,39.17,14.83,24.0,,11.91,18.02,1020.32,0.0,0.0,7.0,790.8,IMELBO1849.csv
2023/02/17,12:59 PM,38.89,14.67,24.0,NW,12.39,19.15,1019.98,0.0,0.0,7.0,803.8,IMELBO1849.csv
2023/02/17,01:04 PM,38.78,14.78,24.0,NW,11.26,16.41,1019.98,0.0,0.0,8.0,832.9,IMELBO1849.csv
2023/02/17,01:09 PM,38.83,14.72,24.0,NNE,12.07,17.38,1020.32,0.0,0.0,7.0,786.5,IMELBO1849.csv
2023/02/17,01:14 PM,39.0,14.83,24.0,NW,10.94,18.18,1019.98,0.0,0.0,7.0,812.1,IMELBO1849.csv
2023/02/17,01:19 PM,38.89,15.17,25.0,NNW,12.71,20.43,1019.98,0.0,0.0,8.0,849.4,IMELBO1849.csv
2023/02/17,01:24 PM,38.78,15.06,25.0,NNW,10.14,16.25,1019.98,0.0,0.0,7.0,814.6,IMELBO1849.csv
2023/02/17,01:29 PM,39.22,15.0,24.0,NNW,10.78,14.8,1019.98,0.0,0.0,7.0,790.3,IMELBO1849.csv
2023/02/17,01:34 PM,39.39,15.17,24.0,NNW,8.85,13.52,1019.64,0.0,0.0,7.0,786.5,IMELBO1849.csv
2023/02/17,01:39 PM,39.67,15.28,24.0,NNW,9.49,14.48,1019.64,0.0,0.0,7.0,783.4,IMELBO1849.csv
2023/02/17,01:44 PM,39.78,15.22,24.0,NNW,8.69,12.71,1019.64,0.0,0.0,7.0,774.8,IMELBO1849.csv
2023/02/17,01:49 PM,39.39,14.5,23.0,NNW,12.55,19.47,1019.64,0.0,0.0,7.0,767.4,IMELBO1849.csv
2023/02/17,01:54 PM,39.5,14.61,23.0,,11.75,17.06,1019.64,0.0,0.0,7.0,739.6,IMELBO1849.csv
2023/02/17,01:59 PM,39.67,14.72,23.0,,8.37,12.55,1019.64,0.0,0.0,7.0,732.2,IMELBO1849.csv
2023/02/17,02:04 PM,40.22,14.94,23.0,North,9.01,13.03,1019.64,0.0,0.0,7.0,757.4,IMELBO1849.csv
2023/02/17,02:09 PM,40.0,15.11,23.0,NW,8.21,12.71,1019.3,0.0,0.0,7.0,776.5,IMELBO1849.csv
2023/02/17,02:14 PM,39.94,14.39,22.0,North,11.91,18.83,1019.64,0.0,0.0,7.0,782.6,IMELBO1849.csv
2023/02/17,02:19 PM,39.94,14.06,22.0,WNW,12.71,18.99,1019.64,0.0,0.0,7.0,767.4,IMELBO1849.csv
2023/02/17,02:24 PM,39.72,13.67,21.0,WNW,14.96,22.04,1019.64,0.0,0.0,7.0,773.4,IMELBO1849.csv
2023/02/17,02:29 PM,39.78,14.17,22.0,NNW,8.85,13.03,1019.64,0.0,0.0,7.0,780.4,IMELBO1849.csv
2023/02/17,02:34 PM,39.83,14.78,23.0,,13.35,19.15,1019.64,0.0,0.0,7.0,793.0,IMELBO1849.csv
2023/02/17,02:39 PM,39.78,14.5,23.0,,10.78,15.29,1019.3,0.0,0.0,7.0,792.5,IMELBO1849.csv
2023/02/17,02:44 PM,39.83,14.83,23.0,NW,11.75,16.41,1019.3,0.0,0.0,7.0,810.7,IMELBO1849.csv
2023/02/17,02:49 PM,39.94,14.94,23.0,NNW,10.78,16.73,1019.3,0.0,0.0,8.0,854.2,IMELBO1849.csv
2023/02/17,02:54 PM,40.22,15.06,23.0,NNE,8.85,13.35,1019.3,0.0,0.0,7.0,820.8,IMELBO1849.csv
2023/02/17,02:59 PM,40.72,15.22,22.0,NW,9.17,13.68,1018.96,0.0,0.0,7.0,780.4,IMELBO1849.csv
2023/02/17,03:04 PM,40.67,14.89,22.0,,7.72,10.62,1018.96,0.0,0.0,7.0,785.2,IMELBO1849.csv
2023/02/17,03:09 PM,40.67,14.83,22.0,North,8.37,11.75,1018.63,0.0,0.0,7.0,784.3,IMELBO1849.csv
2023/02/17,03:14 PM,41.22,12.83,19.0,NW,12.23,18.34,1018.63,0.0,0.0,7.0,742.2,IMELBO1849.csv
2023/02/17,03:19 PM,41.17,12.39,18.0,NW,10.62,15.93,1018.63,0.0,0.0,6.0,624.2,IMELBO1849.csv
2023/02/17,03:24 PM,41.28,12.5,18.0,WNW,11.75,18.02,1018.63,0.0,0.0,5.0,570.5,IMELBO1849.csv
2023/02/17,03:29 PM,41.22,12.94,19.0,NW,8.85,13.35,1018.29,0.0,0.0,6.0,714.4,IMELBO1849.csv
2023/02/17,03:34 PM,41.28,12.83,19.0,NNW,11.26,17.06,1018.29,0.0,0.0,7.0,772.2,IMELBO1849.csv
2023/02/17,03:39 PM,41.39,12.94,19.0,WNW,12.55,18.18,1018.29,0.0,0.0,8.0,827.2,IMELBO1849.csv
2023/02/17,03:44 PM,41.33,12.5,18.0,WNW,11.42,17.22,1018.29,0.0,0.0,8.0,847.2,IMELBO1849.csv
2023/02/17,03:49 PM,41.33,12.67,18.0,NNW,11.42,17.86,1018.29,0.0,0.0,8.0,851.5,IMELBO1849.csv
2023/02/17,03:54 PM,41.06,12.72,19.0,NW,10.94,15.93,1017.95,0.0,0.0,7.0,805.6,IMELBO1849.csv
2023/02/17,03:59 PM,40.06,12.28,19.0,NNW,9.98,14.64,1017.95,0.0,0.0,1.0,172.6,IMELBO1849.csv
2023/02/17,04:04 PM,40.06,11.83,19.0,WNW,10.14,16.41,1017.95,0.0,0.0,8.0,866.8,IMELBO1849.csv
2023/02/17,04:09 PM,40.0,12.0,19.0,WNW,13.84,20.43,1017.95,0.0,0.0,7.0,745.6,IMELBO1849.csv
2023/02/17,04:14 PM,39.72,14.83,24.0,WSW,15.29,22.85,1017.95,0.0,0.0,8.0,884.0,IMELBO1849.csv
2023/02/17,04:19 PM,33.39,17.67,39.0,SSW,14.96,20.6,1018.29,0.0,0.0,3.0,351.7,IMELBO1849.csv
2023/02/17,04:24 PM,30.5,16.67,43.0,SW,18.34,25.1,1018.63,0.0,0.0,7.0,795.2,IMELBO1849.csv
2023/02/17,04:29 PM,29.83,16.33,44.0,SW,16.41,22.37,1018.96,0.0,0.0,1.0,158.3,IMELBO1849.csv
2023/02/17,04:34 PM,29.22,16.28,46.0,SSW,14.8,20.11,1019.3,0.0,0.0,1.0,148.8,IMELBO1849.csv
2023/02/17,04:39 PM,29.44,16.22,45.0,SSW,11.58,15.93,1019.3,0.0,0.0,7.0,789.9,IMELBO1849.csv
2023/02/17,04:44 PM,30.17,16.56,44.0,SSW,9.98,13.84,1019.3,0.0,0.0,7.0,771.7,IMELBO1849.csv
2023/02/17,04:49 PM,29.89,16.67,45.0,SSW,11.42,15.45,1019.3,0.0,0.0,6.0,704.0,IMELBO1849.csv
2023/02/17,04:54 PM,29.11,16.56,47.0,SSW,10.78,14.32,1019.3,0.0,0.0,2.0,212.1,IMELBO1849.csv
2023/02/17,04:59 PM,29.0,16.78,48.0,South,6.92,9.98,1019.64,0.0,0.0,6.0,681.0,IMELBO1849.csv
2023/02/17,05:04 PM,29.11,16.94,48.0,SSW,9.33,12.87,1019.3,0.0,0.0,6.0,694.0,IMELBO1849.csv
2023/02/17,05:09 PM,28.94,16.94,48.0,SSW,10.46,14.96,1019.64,0.0,0.0,5.0,587.7,IMELBO1849.csv
2023/02/17,05:14 PM,29.11,17.17,49.0,SSW,9.17,12.87,1019.64,0.0,0.0,5.0,537.1,IMELBO1849.csv
2023/02/17,05:19 PM,29.11,17.22,49.0,South,8.37,13.35,1019.64,0.0,0.0,5.0,536.1,IMELBO1849.csv
2023/02/17,05:24 PM,29.06,17.39,49.0,South,9.65,13.52,1019.98,0.0,0.0,4.0,485.4,IMELBO1849.csv
2023/02/17,05:29 PM,28.83,17.67,51.0,South,7.72,11.1,1019.98,0.0,0.0,4.0,474.5,IMELBO1849.csv
2023/02/17,05:34 PM,28.33,17.67,53.0,SSE,11.1,15.61,1019.98,0.0,0.0,4.0,469.3,IMELBO1849.csv
2023/02/17,05:39 PM,27.5,17.78,55.0,South,7.72,11.91,1019.98,0.0,0.0,3.0,393.8,IMELBO1849.csv
2023/02/17,05:44 PM,27.06,18.0,57.0,South,8.21,11.91,1020.32,0.0,0.0,3.0,379.1,IMELBO1849.csv
2023/02/17,05:49 PM,26.61,17.83,59.0,South,9.49,13.52,1020.32,0.0,0.0,3.0,354.8,IMELBO1849.csv
2023/02/17,05:54 PM,26.22,17.83,60.0,SSE,8.85,13.84,1020.66,0.0,0.0,3.0,361.3,IMELBO1849.csv
2023/02/17,05:59 PM,25.78,17.78,61.0,South,8.85,13.03,1021.0,0.0,0.0,3.0,337.0,IMELBO1849.csv
2023/02/17,06:04 PM,25.44,17.83,63.0,SE,8.21,11.91,1021.0,0.0,0.0,3.0,310.6,IMELBO1849.csv
2023/02/17,06:09 PM,24.89,17.78,65.0,South,10.62,15.29,1021.0,0.0,0.0,2.0,285.4,IMELBO1849.csv
2023/02/17,06:14 PM,24.33,17.61,66.0,South,7.72,11.42,1021.0,0.0,0.0,2.0,284.1,IMELBO1849.csv
2023/02/17,06:19 PM,24.44,17.61,66.0,SSE,8.37,11.58,1021.33,0.0,0.0,2.0,265.0,IMELBO1849.csv
2023/02/17,06:24 PM,24.06,17.56,67.0,SSE,6.11,9.49,1021.67,0.0,0.0,2.0,238.9,IMELBO1849.csv
2023/02/17,06:29 PM,23.94,17.44,67.0,South,5.95,9.33,1021.67,0.0,0.0,2.0,207.4,IMELBO1849.csv
2023/02/17,06:34 PM,23.67,17.39,68.0,SSE,7.4,10.94,1022.01,0.0,0.0,1.0,201.2,IMELBO1849.csv
2023/02/17,06:39 PM,23.28,17.28,69.0,SSE,8.21,12.07,1022.01,0.0,0.0,1.0,174.3,IMELBO1849.csv
2023/02/17,06:44 PM,22.89,17.17,70.0,SSW,7.88,11.58,1022.01,0.0,0.0,1.0,130.5,IMELBO1849.csv
2023/02/17,06:49 PM,22.78,17.11,70.0,SSE,6.6,9.81,1022.01,0.0,0.0,1.0,138.4,IMELBO1849.csv
2023/02/17,06:54 PM,22.56,17.0,71.0,South,7.56,11.58,1022.01,0.0,0.0,1.0,135.7,IMELBO1849.csv
2023/02/17,06:59 PM,22.22,16.89,72.0,North,5.95,9.17,1022.35,0.0,0.0,1.0,124.9,IMELBO1849.csv
2023/02/17,07:04 PM,22.22,17.06,73.0,SW,4.99,7.08,1022.69,0.0,0.0,1.0,104.5,IMELBO1849.csv
2023/02/17,07:09 PM,22.17,17.0,73.0,South,6.6,9.65,1022.69,0.0,0.0,0.0,78.4,IMELBO1849.csv
2023/02/17,07:14 PM,21.67,16.78,74.0,SE,7.4,10.62,1023.03,0.0,0.0,0.0,65.0,IMELBO1849.csv
2023/02/17,07:19 PM,21.17,16.56,75.0,SE,7.24,10.62,1023.37,0.0,0.0,0.0,68.5,IMELBO1849.csv
2023/02/17,07:24 PM,20.89,16.61,76.0,East,6.6,10.14,1023.37,0.0,0.0,0.0,71.1,IMELBO1849.csv
2023/02/17,07:29 PM,20.61,16.39,77.0,South,9.01,13.19,1023.71,0.0,0.0,0.0,54.6,IMELBO1849.csv
2023/02/17,07:34 PM,20.39,16.22,77.0,SSE,5.95,9.49,1023.71,0.0,0.0,0.0,47.2,IMELBO1849.csv
2023/02/17,07:39 PM,20.22,16.28,78.0,SSE,6.76,9.98,1024.04,0.0,0.0,0.0,46.4,IMELBO1849.csv
2023/02/17,07:44 PM,20.0,16.11,78.0,South,6.76,9.49,1024.04,0.0,0.0,0.0,30.7,IMELBO1849.csv
2023/02/17,07:49 PM,20.0,16.11,78.0,SSE,5.31,7.24,1024.04,0.0,0.0,0.0,26.4,IMELBO1849.csv
2023/02/17,07:54 PM,19.89,16.0,78.0,South,6.92,10.78,1024.38,0.0,0.0,0.0,23.4,IMELBO1849.csv
2023/02/17,07:59 PM,19.83,16.0,78.0,South,5.79,8.04,1024.04,0.0,0.0,0.0,15.5,IMELBO1849.csv
2023/02/17,08:04 PM,19.72,16.0,79.0,SE,6.76,10.14,1024.38,0.0,0.0,0.0,9.1,IMELBO1849.csv
2023/02/17,08:09 PM,19.5,15.89,80.0,South,7.08,9.98,1024.38,0.0,0.0,0.0,6.5,IMELBO1849.csv
2023/02/17,08:14 PM,19.39,15.94,80.0,South,7.88,11.26,1024.38,0.0,0.0,0.0,3.4,IMELBO1849.csv
2023/02/17,08:19 PM,19.33,15.89,81.0,SSE,6.92,9.65,1024.72,0.0,0.0,0.0,1.7,IMELBO1849.csv
2023/02/17,08:24 PM,19.22,15.89,81.0,South,6.92,9.65,1024.72,0.0,0.0,0.0,0.0,IMELBO1849.csv
2023/02/17,08:29 PM,19.17,15.83,81.0,SW,9.17,11.91,1024.72,0.0,0.0,0.0,0.0,IMELBO1849.csv
2023/02/17,08:34 PM,19.0,15.67,81.0,SW,8.37,11.91,1024.72,0.0,0.0,0.0,0.0,IMELBO1849.csv
2023/02/17,08:39 PM,18.78,15.5,81.0,SSW,8.53,11.58,1024.72,0.0,0.0,0.0,0.0,IMELBO1849.csv
2023/02/17,08:44 PM,18.78,15.67,82.0,SSW,8.37,11.42,1025.06,0.0,0.0,0.0,0.0,IMELBO1849.csv
2023/02/17,08:49 PM,18.72,15.61,82.0,SSW,10.46,14.16,1025.06,0.0,0.0,0.0,0.0,IMELBO1849.csv
2023/02/17,08:54 PM,18.72,15.61,82.0,SSW,5.47,8.04,1025.4,0.0,0.0,0.0,0.0,IMELBO1849.csv
2023/02/17,08:59 PM,18.72,15.61,82.0,South,5.47,8.53,1025.4,0.0,0.0,0.0,0.0,IMELBO1849.csv
2023/02/17,09:04 PM,18.72,15.61,82.0,SSW,7.88,10.78,1025.06,0.0,0.0,0.0,0.0,IMELBO1849.csv
2023/02/17,09:09 PM,18.67,15.56,82.0,SSW,6.6,9.49,1025.4,0.0,0.0,0.0,0.0,IMELBO1849.csv
2023/02/17,09:14 PM,18.61,15.5,82.0,SSW,5.15,7.4,1025.4,0.0,0.0,0.0,0.0,IMELBO1849.csv
2023/02/17,09:19 PM,18.56,15.44,82.0,SSW,10.46,14.48,1025.4,0.0,0.0,0.0,0.0,IMELBO1849.csv
2023/02/17,09:24 PM,18.44,15.33,82.0,SSW,6.28,9.17,1025.4,0.0,0.0,0.0,0.0,IMELBO1849.csv
2023/02/17,09:29 PM,18.5,15.39,82.0,SSW,6.92,9.33,1025.4,0.0,0.0,0.0,0.0,IMELBO1849.csv
2023/02/17,09:34 PM,18.5,15.39,82.0,SSW,6.6,10.14,1025.74,0.0,0.0,0.0,0.0,IMELBO1849.csv
2023/02/17,09:39 PM,18.33,15.22,82.0,SSW,9.49,12.23,1025.4,0.0,0.0,0.0,0.0,IMELBO1849.csv
2023/02/17,09:44 PM,18.28,15.22,82.0,SSW,8.04,11.26,1025.74,0.0,0.0,0.0,0.0,IMELBO1849.csv
2023/02/17,09:49 PM,18.17,14.83,81.0,SSW,11.58,15.93,1025.74,0.0,0.0,0.0,0.0,IMELBO1849.csv
2023/02/17,09:54 PM,18.0,14.72,81.0,SW,8.21,11.1,1025.74,0.0,0.0,0.0,0.0,IMELBO1849.csv
2023/02/17,09:59 PM,18.0,14.72,81.0,SSW,7.56,10.3,1025.74,0.0,0.0,0.0,0.0,IMELBO1849.csv
2023/02/17,10:04 PM,18.06,14.78,81.0,SSW,7.72,10.78,1026.08,0.0,0.0,0.0,0.0,IMELBO1849.csv
2023/02/17,10:09 PM,18.0,14.72,81.0,SSW,7.88,11.1,1026.08,0.0,0.0,0.0,0.0,IMELBO1849.csv
2023/02/17,10:14 PM,18.11,14.78,81.0,SSW,5.31,7.88,1026.08,0.0,0.0,0.0,0.0,IMELBO1849.csv
2023/02/17,10:19 PM,18.11,14.78,81.0,SSW,8.37,11.91,1026.08,0.0,0.0,0.0,0.0,IMELBO1849.csv
2023/02/17,10:24 PM,18.11,14.67,80.0,SSE,4.99,7.24,1026.08,0.0,0.0,0.0,0.0,IMELBO1849.csv
2023/02/17,10:29 PM,18.22,14.72,80.0,South,5.95,8.37,1026.08,0.0,0.0,0.0,0.0,IMELBO1849.csv
2023/02/17,10:34 PM,18.22,14.72,80.0,SSW,7.56,10.3,1025.74,0.0,0.0,0.0,0.0,IMELBO1849.csv
2023/02/17,10:39 PM,18.22,14.89,81.0,SSW,5.63,7.88,1025.74,0.0,0.0,0.0,0.0,IMELBO1849.csv
2023/02/17,10:44 PM,18.22,14.89,81.0,SSW,6.6,8.85,1026.08,0.0,0.0,0.0,0.0,IMELBO1849.csv
2023/02/17,10:49 PM,18.11,14.78,81.0,SSW,6.28,8.85,1025.74,0.0,0.0,0.0,0.0,IMELBO1849.csv
2023/02/17,10:54 PM,18.06,14.67,81.0,SW,7.24,9.65,1026.08,0.0,0.0,0.0,0.0,IMELBO1849.csv
2023/02/17,10:59 PM,18.0,14.72,81.0,SSW,6.92,9.81,1026.08,0.0,0.0,0.0,0.0,IMELBO1849.csv
2023/02/17,11:04 PM,18.0,14.72,81.0,South,4.99,7.56,1026.08,0.0,0.0,0.0,0.0,IMELBO1849.csv
2023/02/17,11:09 PM,18.0,14.72,81.0,South,5.95,7.88,1025.74,0.0,0.0,0.0,0.0,IMELBO1849.csv
2023/02/17,11:14 PM,18.06,14.78,81.0,SSW,5.63,8.04,1025.74,0.0,0.0,0.0,0.0,IMELBO1849.csv
2023/02/17,11:19 PM,18.06,14.72,81.0,SSW,6.44,9.01,1025.74,0.0,0.0,0.0,0.0,IMELBO1849.csv
2023/02/17,11:24 PM,18.0,14.72,81.0,SSW,5.15,7.4,1025.74,0.0,0.0,0.0,0.0,IMELBO1849.csv
2023/02/17,11:29 PM,18.0,14.72,81.0,SSW,4.34,6.44,1025.74,0.0,0.0,0.0,0.0,IMELBO1849.csv
2023/02/17,11:34 PM,17.89,14.61,81.0,South,5.15,7.24,1025.74,0.0,0.0,0.0,0.0,IMELBO1849.csv
2023/02/17,11:39 PM,17.89,14.61,81.0,South,4.02,5.95,1025.74,0.0,0.0,0.0,0.0,IMELBO1849.csv
2023/02/17,11:44 PM,17.89,14.44,80.0,SSW,6.11,8.37,1025.4,0.0,0.0,0.0,0.0,IMELBO1849.csv
2023/02/17,11:49 PM,17.89,14.39,80.0,SW,6.11,8.85,1025.74,0.0,0.0,0.0,0.0,IMELBO1849.csv
2023/02/17,11:54 PM,17.78,14.39,80.0,SW,5.95,8.21,1025.4,0.0,0.0,0.0,0.0,IMELBO1849.csv
2023/02/17,11:59 PM,17.83,14.44,81.0,SSW,2.25,3.54,1025.4,0.0,0.0,0.0,0.0,IMELBO1849.csv
2023/02/18,12:04 AM,17.83,14.39,80.0,SSW,2.57,3.86,1025.4,0.0,0.0,0.0,0.0,IMELBO1849.csv
2023/02/18,12:09 AM,17.89,14.39,80.0,South,3.54,5.15,1025.4,0.0,0.0,0.0,0.0,IMELBO1849.csv
2023/02/18,12:14 AM,17.78,14.28,80.0,South,3.86,5.31,1025.4,0.0,0.0,0.0,0.0,IMELBO1849.csv
2023/02/18,12:19 AM,17.78,14.28,80.0,SSE,2.9,4.18,1025.4,0.0,0.0,0.0,0.0,IMELBO1849.csv
2023/02/18,12:24 AM,17.72,14.28,80.0,SSW,3.38,4.67,1025.4,0.0,0.0,0.0,0.0,IMELBO1849.csv
2023/02/18,12:29 AM,17.67,14.33,81.0,South,4.18,5.79,1025.4,0.0,0.0,0.0,0.0,IMELBO1849.csv
2023/02/18,12:34 AM,17.61,14.28,81.0,South,1.93,3.06,1025.06,0.0,0.0,0.0,0.0,IMELBO1849.csv
2023/02/18,12:39 AM,17.61,14.28,81.0,SSE,2.41,3.22,1025.4,0.0,0.0,0.0,0.0,IMELBO1849.csv
2023/02/18,12:44 AM,17.72,14.39,81.0,SSE,2.09,3.54,1025.4,0.0,0.0,0.0,0.0,IMELBO1849.csv
2023/02/18,12:49 AM,17.72,14.39,81.0,South,1.93,3.22,1025.4,0.0,0.0,0.0,0.0,IMELBO1849.csv
2023/02/18,12:54 AM,17.72,14.39,81.0,South,3.22,4.67,1025.4,0.0,0.0,0.0,0.0,IMELBO1849.csv
2023/02/18,12:59 AM,17.72,14.39,81.0,SW,4.99,6.6,1025.4,0.0,0.0,0.0,0.0,IMELBO1849.csv
2023/02/18,01:04 AM,17.67,14.33,81.0,SSW,3.06,4.34,1025.06,0.0,0.0,0.0,0.0,IMELBO1849.csv
2023/02/18,01:09 AM,17.72,14.39,81.0,SSW,3.54,5.15,1025.06,0.0,0.0,0.0,0.0,IMELBO1849.csv
2023/02/18,01:14 AM,17.72,14.39,81.0,SSW,3.86,5.63,1025.06,0.0,0.0,0.0,0.0,IMELBO1849.csv
2023/02/18,01:19 AM,17.72,14.5,82.0,SSW,4.18,5.63,1025.06,0.0,0.0,0.0,0.0,IMELBO1849.csv
2023/02/18,01:24 AM,17.72,14.61,82.0,South,2.9,4.51,1025.06,0.0,0.0,0.0,0.0,IMELBO1849.csv
2023/02/18,01:29 AM,17.72,14.61,82.0,SSW,3.54,4.83,1025.06,0.0,0.0,0.0,0.0,IMELBO1849.csv
2023/02/18,01:34 AM,17.67,14.56,82.0,SW,5.31,7.08,1025.06,0.0,0.0,0.0,0.0,IMELBO1849.csv
2023/02/18,01:39 AM,17.56,14.44,82.0,SSW,6.6,8.53,1025.06,0.0,0.0,0.0,0.0,IMELBO1849.csv
2023/02/18,01:44 AM,17.44,14.28,82.0,SW,7.56,9.98,1025.06,0.0,0.0,0.0,0.0,IMELBO1849.csv
2023/02/18,01:49 AM,17.5,14.22,81.0,SW,5.31,6.6,1024.72,0.0,0.0,0.0,0.0,IMELBO1849.csv
2023/02/18,01:54 AM,17.56,14.22,81.0,SW,5.31,6.92,1024.72,0.0,0.0,0.0,0.0,IMELBO1849.csv
2023/02/18,01:59 AM,17.56,14.22,81.0,SW,6.11,8.37,1024.72,0.0,0.0,0.0,0.0,IMELBO1849.csv
2023/02/18,02:04 AM,17.39,14.28,82.0,SSW,6.6,8.85,1025.06,0.0,0.0,0.0,0.0,IMELBO1849.csv
2023/02/18,02:09 AM,17.28,14.22,82.0,SW,7.88,10.14,1024.72,0.0,0.0,0.0,0.0,IMELBO1849.csv
2023/02/18,02:14 AM,17.22,14.11,82.0,SSW,6.44,8.21,1025.06,0.0,0.0,0.0,0.0,IMELBO1849.csv
2023/02/18,02:19 AM,17.22,14.11,82.0,SSW,6.76,8.37,1025.06,0.0,0.0,0.0,0.0,IMELBO1849.csv
2023/02/18,02:24 AM,17.22,14.11,82.0,SW,4.99,6.28,1024.72,0.0,0.0,0.0,0.0,IMELBO1849.csv
2023/02/18,02:29 AM,17.22,14.11,82.0,SW,3.54,5.15,1024.72,0.0,0.0,0.0,0.0,IMELBO1849.csv
2023/02/18,02:34 AM,17.22,14.11,82.0,SSW,4.02,5.15,1024.72,0.0,0.0,0.0,0.0,IMELBO1849.csv
2023/02/18,02:39 AM,17.22,14.11,82.0,SW,3.38,4.51,1024.72,0.0,0.0,0.0,0.0,IMELBO1849.csv
2023/02/18,02:44 AM,17.22,14.11,82.0,SW,3.06,3.7,1024.72,0.0,0.0,0.0,0.0,IMELBO1849.csv
2023/02/18,02:49 AM,17.17,14.06,82.0,SSW,4.18,5.31,1024.38,0.0,0.0,0.0,0.0,IMELBO1849.csv
2023/02/18,02:54 AM,17.06,13.94,82.0,SSW,3.06,4.18,1024.38,0.0,0.0,0.0,0.0,IMELBO1849.csv
2023/02/18,02:59 AM,17.0,13.89,82.0,SW,2.9,4.18,1024.38,0.0,0.0,0.0,0.0,IMELBO1849.csv
2023/02/18,03:04 AM,17.0,13.89,82.0,SSW,4.02,5.15,1024.72,0.0,0.0,0.0,0.0,IMELBO1849.csv
2023/02/18,03:09 AM,16.94,13.83,82.0,SSW,3.38,4.34,1024.38,0.0,0.0,0.0,0.0,IMELBO1849.csv
2023/02/18,03:14 AM,16.94,13.83,82.0,South,2.09,3.54,1024.38,0.0,0.0,0.0,0.0,IMELBO1849.csv
2023/02/18,03:19 AM,16.89,13.78,82.0,SSW,3.06,3.86,1024.38,0.0,0.0,0.0,0.0,IMELBO1849.csv
2023/02/18,03:24 AM,16.89,13.67,81.0,SW,2.41,3.38,1024.38,0.0,0.0,0.0,0.0,IMELBO1849.csv
2023/02/18,03:29 AM,16.89,13.67,81.0,SSW,2.25,3.22,1024.38,0.0,0.0,0.0,0.0,IMELBO1849.csv
2023/02/18,03:34 AM,16.89,13.72,82.0,South,1.61,2.57,1024.38,0.0,0.0,0.0,0.0,IMELBO1849.csv
2023/02/18,03:39 AM,16.89,13.72,82.0,South,0.97,1.45,1024.38,0.0,0.0,0.0,0.0,IMELBO1849.csv
2023/02/18,03:44 AM,16.89,13.67,81.0,South,2.09,2.9,1024.38,0.0,0.0,0.0,0.0,IMELBO1849.csv
2023/02/18,03:49 AM,16.89,13.61,81.0,South,1.29,2.25,1024.38,0.0,0.0,0.0,0.0,IMELBO1849.csv
2023/02/18,03:54 AM,16.89,13.56,81.0,SSE,1.93,3.06,1024.38,0.0,0.0,0.0,0.0,IMELBO1849.csv
2023/02/18,03:59 AM,16.89,13.39,80.0,SSW,2.74,3.54,1024.38,0.0,0.0,0.0,0.0,IMELBO1849.csv
2023/02/18,04:04 AM,17.0,13.5,80.0,SSW,2.09,3.06,1024.38,0.0,0.0,0.0,0.0,IMELBO1849.csv
2023/02/18,04:09 AM,17.0,13.39,79.0,South,2.41,3.7,1024.38,0.0,0.0,0.0,0.0,IMELBO1849.csv
2023/02/18,04:14 AM,17.0,13.33,79.0,SW,3.54,4.83,1024.38,0.0,0.0,0.0,0.0,IMELBO1849.csv
2023/02/18,04:19 AM,16.89,13.11,78.0,SW,4.18,5.63,1024.38,0.0,0.0,0.0,0.0,IMELBO1849.csv
2023/02/18,04:24 AM,16.89,13.11,78.0,SSW,3.7,4.67,1024.38,0.0,0.0,0.0,0.0,IMELBO1849.csv
2023/02/18,04:29 AM,16.89,13.11,78.0,SSW,3.86,4.83,1024.38,0.0,0.0,0.0,0.0,IMELBO1849.csv
2023/02/18,04:34 AM,16.89,13.11,78.0,SSW,2.41,3.38,1024.38,0.0,0.0,0.0,0.0,IMELBO1849.csv
2023/02/18,04:39 AM,16.89,13.11,78.0,SSW,4.51,6.6,1024.38,0.0,0.0,0.0,0.0,IMELBO1849.csv
2023/02/18,04:44 AM,16.78,12.94,78.0,SSE,3.7,5.31,1024.38,0.0,0.0,0.0,0.0,IMELBO1849.csv
2023/02/18,04:49 AM,16.78,13.0,78.0,SW,4.67,5.95,1024.38,0.0,0.0,0.0,0.0,IMELBO1849.csv
2023/02/18,04:54 AM,16.83,13.06,78.0,SSW,4.02,5.31,1024.72,0.0,0.0,0.0,0.0,IMELBO1849.csv
2023/02/18,04:59 AM,16.78,12.72,77.0,SSW,5.15,6.44,1024.72,0.0,0.0,0.0,0.0,IMELBO1849.csv
2023/02/18,05:04 AM,16.72,12.83,78.0,SSW,4.02,6.28,1024.72,0.0,0.0,0.0,0.0,IMELBO1849.csv
2023/02/18,05:09 AM,16.72,12.89,78.0,SSW,4.34,6.11,1024.72,0.0,0.0,0.0,0.0,IMELBO1849.csv
2023/02/18,05:14 AM,16.72,12.83,78.0,SW,4.02,5.79,1024.72,0.0,0.0,0.0,0.0,IMELBO1849.csv
2023/02/18,05:19 AM,16.61,12.67,78.0,SW,4.18,5.95,1025.06,0.0,0.0,0.0,0.0,IMELBO1849.csv
2023/02/18,05:24 AM,16.56,12.61,78.0,SW,3.22,4.67,1025.06,0.0,0.0,0.0,0.0,IMELBO1849.csv
2023/02/18,05:29 AM,16.61,12.5,77.0,SW,3.22,4.02,1025.06,0.0,0.0,0.0,0.0,IMELBO1849.csv
2023/02/18,05:34 AM,16.61,12.44,77.0,SW,4.99,6.76,1025.4,0.0,0.0,0.0,0.0,IMELBO1849.csv
2023/02/18,05:39 AM,16.5,12.22,76.0,SW,6.11,8.53,1025.4,0.0,0.0,0.0,0.0,IMELBO1849.csv
2023/02/18,05:44 AM,16.5,12.22,76.0,SSW,3.86,5.15,1025.4,0.0,0.0,0.0,0.0,IMELBO1849.csv
2023/02/18,05:49 AM,16.5,12.17,76.0,SW,6.44,7.88,1025.4,0.0,0.0,0.0,0.0,IMELBO1849.csv
2023/02/18,05:54 AM,16.56,12.22,76.0,SW,3.86,4.83,1025.74,0.0,0.0,0.0,0.0,IMELBO1849.csv
2023/02/18,05:59 AM,16.56,12.17,75.0,SSW,5.79,7.88,1025.74,0.0,0.0,0.0,0.0,IMELBO1849.csv
2023/02/18,06:04 AM,16.5,12.11,75.0,SSW,3.22,4.51,1025.4,0.0,0.0,0.0,0.0,IMELBO1849.csv
2023/02/18,06:09 AM,16.5,12.11,75.0,SW,3.54,4.83,1025.4,0.0,0.0,0.0,0.0,IMELBO1849.csv
2023/02/18,06:14 AM,16.44,12.06,75.0,SW,3.22,4.02,1025.4,0.0,0.0,0.0,0.0,IMELBO1849.csv
2023/02/18,06:19 AM,16.5,12.11,75.0,SW,4.18,5.31,1025.4,0.0,0.0,0.0,0.0,IMELBO1849.csv
2023/02/18,06:24 AM,16.39,12.0,75.0,SW,3.06,4.18,1025.4,0.0,0.0,0.0,0.0,IMELBO1849.csv
2023/02/18,06:29 AM,16.39,12.11,76.0,SW,4.18,5.47,1025.4,0.0,0.0,0.0,0.0,IMELBO1849.csv
2023/02/18,06:34 AM,16.28,12.11,76.0,SW,3.7,4.99,1025.4,0.0,0.0,0.0,0.0,IMELBO1849.csv
2023/02/18,06:39 AM,16.33,12.17,76.0,SW,3.54,4.99,1025.4,0.0,0.0,0.0,0.0,IMELBO1849.csv
2023/02/18,06:44 AM,16.28,12.11,76.0,SSW,4.34,5.63,1025.4,0.0,0.0,0.0,0.0,IMELBO1849.csv
2023/02/18,06:49 AM,16.28,12.11,76.0,SW,4.34,5.79,1025.74,0.0,0.0,0.0,0.0,IMELBO1849.csv
2023/02/18,06:54 AM,16.28,12.11,76.0,SW,4.67,5.95,1025.4,0.0,0.0,0.0,0.0,IMELBO1849.csv
2023/02/18,06:59 AM,16.28,12.11,76.0,SSW,4.18,4.99,1025.4,0.0,0.0,0.0,1.7,IMELBO1849.csv
2023/02/18,07:04 AM,16.28,12.11,76.0,SW,3.54,4.51,1025.4,0.0,0.0,0.0,3.4,IMELBO1849.csv
2023/02/18,07:09 AM,16.28,12.11,76.0,SW,5.47,7.4,1025.4,0.0,0.0,0.0,4.8,IMELBO1849.csv
2023/02/18,07:14 AM,16.28,12.06,76.0,SSW,5.79,6.92,1025.4,0.0,0.0,0.0,6.5,IMELBO1849.csv
2023/02/18,07:19 AM,16.28,12.11,76.0,SSW,4.18,5.79,1025.4,0.0,0.0,0.0,7.7,IMELBO1849.csv
2023/02/18,07:24 AM,16.28,12.11,76.0,SW,4.51,5.95,1025.74,0.0,0.0,0.0,9.1,IMELBO1849.csv
2023/02/18,07:29 AM,16.28,12.11,76.0,SW,5.31,6.76,1025.74,0.0,0.0,0.0,9.1,IMELBO1849.csv
2023/02/18,07:34 AM,16.28,12.17,76.0,SW,3.38,4.67,1025.74,0.0,0.0,0.0,13.3,IMELBO1849.csv
2023/02/18,07:39 AM,16.39,12.22,76.0,SSW,3.7,4.67,1025.74,0.0,0.0,0.0,19.5,IMELBO1849.csv
2023/02/18,07:44 AM,16.39,12.0,75.0,SW,5.15,7.24,1025.74,0.0,0.0,0.0,22.9,IMELBO1849.csv
2023/02/18,07:49 AM,16.5,12.11,75.0,SW,4.83,6.76,1025.4,0.0,0.0,0.0,27.7,IMELBO1849.csv
2023/02/18,07:54 AM,16.56,12.17,75.0,SSW,3.06,4.18,1025.74,0.0,0.0,0.0,29.0,IMELBO1849.csv
2023/02/18,07:59 AM,16.61,12.22,75.0,SW,4.02,5.47,1025.74,0.0,0.0,0.0,30.7,IMELBO1849.csv
2023/02/18,08:04 AM,16.72,12.28,75.0,SW,4.99,6.92,1026.08,0.0,0.0,0.0,32.4,IMELBO1849.csv
2023/02/18,08:09 AM,16.72,12.28,75.0,South,3.86,5.15,1026.08,0.0,0.0,0.0,31.6,IMELBO1849.csv
2023/02/18,08:14 AM,16.78,12.33,75.0,SSW,3.54,4.67,1026.08,0.0,0.0,0.0,34.6,IMELBO1849.csv
2023/02/18,08:19 AM,16.67,12.28,76.0,SSW,4.67,5.63,1026.08,0.0,0.0,0.0,38.2,IMELBO1849.csv
2023/02/18,08:24 AM,16.67,12.33,76.0,SW,3.38,4.51,1026.08,0.0,0.0,0.0,39.0,IMELBO1849.csv
2023/02/18,08:29 AM,16.72,12.33,76.0,SW,3.86,5.15,1026.08,0.0,0.0,0.0,39.0,IMELBO1849.csv
2023/02/18,08:34 AM,16.72,12.28,75.0,SW,4.67,6.28,1026.41,0.0,0.0,0.0,39.0,IMELBO1849.csv
2023/02/18,08:39 AM,16.72,12.33,76.0,SW,4.02,4.99,1026.41,0.0,0.0,0.0,39.0,IMELBO1849.csv
2023/02/18,08:44 AM,16.72,12.28,75.0,SW,5.31,7.24,1026.75,0.0,0.0,0.0,36.0,IMELBO1849.csv
2023/02/18,08:49 AM,16.72,12.28,75.0,SW,6.6,8.69,1026.75,0.0,0.0,0.0,37.7,IMELBO1849.csv
2023/02/18,08:54 AM,16.72,12.28,75.0,SW,2.74,3.54,1026.75,0.0,0.0,0.0,43.3,IMELBO1849.csv
2023/02/18,08:59 AM,16.78,12.39,75.0,SW,3.54,4.99,1026.75,0.0,0.0,0.0,48.9,IMELBO1849.csv
2023/02/18,09:04 AM,16.83,12.33,74.0,SSW,5.95,8.21,1026.75,0.0,0.0,0.0,49.8,IMELBO1849.csv
2023/02/18,09:09 AM,16.72,12.28,75.0,SW,6.6,9.01,1026.75,0.0,0.0,0.0,53.7,IMELBO1849.csv
2023/02/18,09:14 AM,16.61,12.22,75.0,SW,5.31,7.08,1027.09,0.0,0.0,0.0,62.4,IMELBO1849.csv
2023/02/18,09:19 AM,16.61,12.22,75.0,SW,5.79,7.72,1027.09,0.0,0.0,0.0,75.0,IMELBO1849.csv
2023/02/18,09:24 AM,16.67,12.22,75.0,SW,5.47,7.88,1027.09,0.0,0.0,0.0,95.4,IMELBO1849.csv
2023/02/18,09:29 AM,16.72,12.17,74.0,SW,4.67,6.28,1027.09,0.0,0.0,1.0,106.7,IMELBO1849.csv
2023/02/18,09:34 AM,16.78,12.22,74.0,SW,4.83,6.76,1027.09,0.0,0.0,1.0,134.4,IMELBO1849.csv
2023/02/18,09:39 AM,17.0,12.17,73.0,SW,2.9,4.18,1027.09,0.0,0.0,1.0,172.6,IMELBO1849.csv
2023/02/18,09:44 AM,17.28,12.22,72.0,WSW,2.57,3.7,1027.09,0.0,0.0,1.0,168.7,IMELBO1849.csv
2023/02/18,09:49 AM,17.56,12.17,71.0,WSW,3.06,4.18,1027.09,0.0,0.0,1.0,190.0,IMELBO1849.csv
2023/02/18,09:54 AM,17.61,12.11,70.0,SW,3.22,4.34,1027.09,0.0,0.0,2.0,202.9,IMELBO1849.csv
2023/02/18,09:59 AM,17.78,12.11,70.0,WSW,2.09,2.9,1027.09,0.0,0.0,2.0,224.2,IMELBO1849.csv
2023/02/18,10:04 AM,18.0,12.22,69.0,SW,3.06,3.86,1027.09,0.0,0.0,2.0,252.0,IMELBO1849.csv
2023/02/18,10:09 AM,18.17,12.28,69.0,SW,2.74,3.54,1027.43,0.0,0.0,2.0,297.1,IMELBO1849.csv
2023/02/18,10:14 AM,18.39,12.22,67.0,SW,3.7,5.31,1027.43,0.0,0.0,2.0,242.0,IMELBO1849.csv
2023/02/18,10:19 AM,18.11,12.17,68.0,WSW,2.41,3.54,1027.09,0.0,0.0,2.0,272.8,IMELBO1849.csv
2023/02/18,10:24 AM,18.39,12.22,67.0,WSW,2.57,3.54,1027.09,0.0,0.0,5.0,519.2,IMELBO1849.csv
2023/02/18,10:29 AM,18.83,12.33,66.0,West,1.93,3.22,1027.43,0.0,0.0,4.0,478.8,IMELBO1849.csv
2023/02/18,10:34 AM,19.17,12.44,65.0,West,3.54,5.31,1027.43,0.0,0.0,5.0,562.6,IMELBO1849.csv
2023/02/18,10:39 AM,19.11,12.39,65.0,SSW,2.09,2.74,1027.43,0.0,0.0,2.0,255.9,IMELBO1849.csv
2023/02/18,10:44 AM,19.11,12.39,65.0,SW,2.25,3.38,1027.43,0.0,0.0,3.0,344.0,IMELBO1849.csv
2023/02/18,10:49 AM,19.17,12.33,65.0,WSW,2.74,3.86,1027.77,0.0,0.0,5.0,593.5,IMELBO1849.csv
2023/02/18,10:54 AM,19.67,12.56,63.0,SSW,4.18,5.79,1027.77,0.0,0.0,6.0,682.4,IMELBO1849.csv
2023/02/18,10:59 AM,19.67,12.5,63.0,SW,5.95,8.04,1027.77,0.0,0.0,4.0,446.8,IMELBO1849.csv
2023/02/18,11:04 AM,19.61,12.44,63.0,SSW,4.18,5.95,1028.11,0.0,0.0,4.0,484.1,IMELBO1849.csv
2023/02/18,11:09 AM,20.06,12.56,62.0,South,2.74,4.18,1027.77,0.0,0.0,4.0,509.6,IMELBO1849.csv
2023/02/18,11:14 AM,19.89,12.56,63.0,SW,5.31,7.08,1028.11,0.0,0.0,4.0,441.1,IMELBO1849.csv
2023/02/18,11:19 AM,19.78,12.44,63.0,SW,6.76,8.85,1027.77,0.0,0.0,2.0,304.5,IMELBO1849.csv
2023/02/18,11:24 AM,19.39,12.28,64.0,SSW,5.15,6.92,1028.11,0.0,0.0,8.0,870.2,IMELBO1849.csv
2023/02/18,11:29 AM,20.11,12.44,61.0,WSW,2.41,3.06,1028.11,0.0,0.0,8.0,864.9,IMELBO1849.csv
2023/02/18,11:34 AM,20.5,12.67,61.0,SW,4.83,6.44,1028.11,0.0,0.0,3.0,336.2,IMELBO1849.csv
2023/02/18,11:39 AM,20.06,12.44,62.0,SSW,5.31,7.72,1028.11,0.0,0.0,8.0,873.2,IMELBO1849.csv
2023/02/18,11:44 AM,20.06,12.39,61.0,SW,7.4,9.65,1028.11,0.0,0.0,7.0,785.2,IMELBO1849.csv
2023/02/18,11:49 AM,20.61,12.56,60.0,SSW,5.47,7.56,1028.11,0.0,0.0,7.0,745.3,IMELBO1849.csv
2023/02/18,11:54 AM,20.94,12.33,58.0,SSW,5.79,7.88,1028.11,0.0,0.0,7.0,788.2,IMELBO1849.csv
2023/02/18,11:59 AM,21.22,12.56,58.0,South,5.63,7.56,1027.77,0.0,0.0,7.0,756.0,IMELBO1849.csv
2023/02/18,12:04 PM,21.17,12.56,58.0,SSW,7.08,10.3,1027.77,0.0,0.0,8.0,861.5,IMELBO1849.csv
2023/02/18,12:09 PM,21.61,12.67,57.0,SSE,4.67,7.24,1027.77,0.0,0.0,7.0,816.8,IMELBO1849.csv
2023/02/18,12:14 PM,21.72,12.89,57.0,South,5.95,8.53,1027.77,0.0,0.0,8.0,861.1,IMELBO1849.csv
2023/02/18,12:19 PM,21.11,12.83,59.0,SW,6.6,9.49,1028.11,0.0,0.0,8.0,864.1,IMELBO1849.csv
2023/02/18,12:24 PM,21.56,12.67,57.0,SSW,4.99,6.92,1028.11,0.0,0.0,7.0,768.6,IMELBO1849.csv
2023/02/18,12:29 PM,21.94,12.67,56.0,SW,4.67,6.6,1028.11,0.0,0.0,8.0,875.0,IMELBO1849.csv
2023/02/18,12:34 PM,21.56,12.56,56.0,SW,6.92,9.65,1028.11,0.0,0.0,8.0,835.4,IMELBO1849.csv
2023/02/18,12:39 PM,21.72,12.5,56.0,SSE,4.99,7.4,1027.77,0.0,0.0,7.0,817.7,IMELBO1849.csv
2023/02/18,12:44 PM,22.22,12.39,54.0,South,6.6,9.98,1027.77,0.0,0.0,7.0,777.3,IMELBO1849.csv
2023/02/18,12:49 PM,22.22,12.17,53.0,SW,4.99,6.76,1027.77,0.0,0.0,7.0,760.0,IMELBO1849.csv
2023/02/18,12:54 PM,22.5,12.39,53.0,SSE,4.02,6.28,1027.77,0.0,0.0,7.0,758.7,IMELBO1849.csv
2023/02/18,12:59 PM,22.67,12.5,53.0,SW,7.4,9.65,1027.43,0.0,0.0,7.0,756.0,IMELBO1849.csv
2023/02/18,01:04 PM,22.33,12.33,53.0,SSW,5.63,7.4,1027.43,0.0,0.0,7.0,742.6,IMELBO1849.csv
2023/02/18,01:09 PM,22.72,12.67,53.0,SW,6.92,9.17,1027.43,0.0,0.0,7.0,725.3,IMELBO1849.csv
2023/02/18,01:14 PM,22.61,12.67,53.0,SW,3.86,5.31,1027.43,0.0,0.0,7.0,741.4,IMELBO1849.csv
2023/02/18,01:19 PM,22.83,13.0,54.0,South,5.95,8.53,1027.77,0.0,0.0,7.0,790.8,IMELBO1849.csv
2023/02/18,01:24 PM,23.06,12.94,53.0,SSE,5.63,8.21,1027.77,0.0,0.0,7.0,782.6,IMELBO1849.csv
2023/02/18,01:29 PM,22.89,12.94,53.0,SW,6.28,8.53,1027.77,0.0,0.0,7.0,799.5,IMELBO1849.csv
2023/02/18,01:34 PM,22.89,13.11,54.0,SSW,7.4,10.14,1027.77,0.0,0.0,8.0,871.9,IMELBO1849.csv
2023/02/18,01:39 PM,23.11,13.5,55.0,SW,5.31,7.88,1027.77,0.0,0.0,8.0,849.4,IMELBO1849.csv
2023/02/18,01:44 PM,23.11,13.11,53.0,SSW,6.44,8.53,1027.77,0.0,0.0,7.0,821.1,IMELBO1849.csv
2023/02/18,01:49 PM,23.39,13.78,55.0,South,4.02,5.47,1027.77,0.0,0.0,7.0,792.1,IMELBO1849.csv
2023/02/18,01:54 PM,23.61,13.56,53.0,South,4.67,6.76,1027.77,0.0,0.0,7.0,744.8,IMELBO1849.csv
2023/02/18,01:59 PM,24.22,14.0,53.0,SSE,6.6,9.01,1027.43,0.0,0.0,7.0,742.6,IMELBO1849.csv
2023/02/18,02:04 PM,23.22,13.83,56.0,SSW,9.81,13.03,1027.43,0.0,0.0,7.0,769.5,IMELBO1849.csv
2023/02/18,02:09 PM,22.83,13.61,56.0,SSW,6.92,9.17,1027.77,0.0,0.0,7.0,772.2,IMELBO1849.csv
2023/02/18,02:14 PM,22.78,13.5,56.0,SSW,5.95,7.72,1027.77,0.0,0.0,7.0,752.6,IMELBO1849.csv
2023/02/18,02:19 PM,23.33,13.67,55.0,SE,3.06,5.15,1027.77,0.0,0.0,7.0,747.3,IMELBO1849.csv
2023/02/18,02:24 PM,23.89,14.0,54.0,SE,4.18,5.79,1027.43,0.0,0.0,7.0,797.8,IMELBO1849.csv
2023/02/18,02:29 PM,24.28,14.33,54.0,SSE,5.79,8.53,1027.43,0.0,0.0,7.0,801.2,IMELBO1849.csv
2023/02/18,02:34 PM,23.78,14.33,55.0,SSE,5.63,7.4,1027.43,0.0,0.0,7.0,766.4,IMELBO1849.csv
2023/02/18,02:39 PM,23.33,13.94,56.0,SW,6.6,8.69,1027.77,0.0,0.0,7.0,749.2,IMELBO1849.csv
2023/02/18,02:44 PM,23.33,14.0,56.0,South,5.95,8.69,1027.43,0.0,0.0,7.0,738.3,IMELBO1849.csv
2023/02/18,02:49 PM,23.33,14.11,56.0,ESE,6.6,9.17,1027.43,0.0,0.0,7.0,750.0,IMELBO1849.csv
2023/02/18,02:54 PM,23.78,13.94,54.0,SSE,4.99,6.92,1027.43,0.0,0.0,7.0,761.3,IMELBO1849.csv
2023/02/18,02:59 PM,24.11,13.89,53.0,South,5.63,7.88,1027.09,0.0,0.0,7.0,746.5,IMELBO1849.csv
2023/02/18,03:04 PM,23.78,13.67,53.0,South,5.47,7.72,1027.09,0.0,0.0,7.0,750.4,IMELBO1849.csv
2023/02/18,03:09 PM,24.06,13.56,52.0,SSE,4.34,6.11,1027.09,0.0,0.0,7.0,749.5,IMELBO1849.csv
2023/02/18,03:14 PM,24.39,13.61,51.0,SSE,4.51,6.44,1027.09,0.0,0.0,6.0,713.1,IMELBO1849.csv
2023/02/18,03:19 PM,24.33,13.83,52.0,SSE,6.92,9.65,1027.09,0.0,0.0,5.0,580.8,IMELBO1849.csv
2023/02/18,03:24 PM,23.94,13.56,52.0,SSE,4.34,5.79,1027.09,0.0,0.0,5.0,560.4,IMELBO1849.csv
2023/02/18,03:29 PM,23.94,13.56,52.0,SSE,7.24,10.3,1027.09,0.0,0.0,6.0,635.0,IMELBO1849.csv
2023/02/18,03:34 PM,24.11,13.67,52.0,SSE,4.34,6.11,1027.09,0.0,0.0,6.0,708.3,IMELBO1849.csv
2023/02/18,03:39 PM,24.28,13.72,52.0,SSW,7.4,10.78,1027.09,0.0,0.0,7.0,761.3,IMELBO1849.csv
2023/02/18,03:44 PM,23.78,13.5,52.0,South,7.56,11.1,1027.09,0.0,0.0,7.0,776.5,IMELBO1849.csv
2023/02/18,03:49 PM,23.78,13.44,52.0,SSE,5.63,7.56,1027.09,0.0,0.0,7.0,783.8,IMELBO1849.csv
2023/02/18,03:54 PM,24.0,13.5,52.0,South,4.18,5.63,1027.09,0.0,0.0,7.0,786.5,IMELBO1849.csv
2023/02/18,03:59 PM,24.0,13.5,52.0,SSW,5.47,7.88,1027.09,0.0,0.0,7.0,781.7,IMELBO1849.csv
2023/02/18,04:04 PM,23.89,13.61,53.0,SSW,7.24,9.81,1027.09,0.0,0.0,7.0,754.8,IMELBO1849.csv
2023/02/18,04:09 PM,23.61,13.33,53.0,SW,7.72,9.98,1027.09,0.0,0.0,7.0,752.1,IMELBO1849.csv
2023/02/18,04:14 PM,24.06,13.44,51.0,South,6.44,9.33,1027.09,0.0,0.0,7.0,766.1,IMELBO1849.csv
2023/02/18,04:19 PM,24.11,13.61,52.0,South,5.31,7.4,1027.09,0.0,0.0,7.0,768.3,IMELBO1849.csv
2023/02/18,04:24 PM,24.44,13.56,51.0,SSE,4.99,6.76,1027.09,0.0,0.0,7.0,767.8,IMELBO1849.csv
2023/02/18,04:29 PM,24.39,13.5,51.0,South,6.44,9.17,1027.09,0.0,0.0,7.0,737.0,IMELBO1849.csv
2023/02/18,04:34 PM,24.06,13.44,51.0,SSW,7.4,10.46,1027.09,0.0,0.0,6.0,713.6,IMELBO1849.csv
2023/02/18,04:39 PM,23.61,13.33,52.0,SSE,6.92,10.3,1027.09,0.0,0.0,6.0,708.8,IMELBO1849.csv
2023/02/18,04:44 PM,23.78,13.44,52.0,SSW,8.53,12.39,1026.75,0.0,0.0,6.0,686.2,IMELBO1849.csv
2023/02/18,04:49 PM,23.94,13.44,52.0,SSW,5.47,7.72,1027.09,0.0,0.0,6.0,679.7,IMELBO1849.csv
2023/02/18,04:54 PM,23.56,13.39,53.0,South,5.79,8.21,1027.09,0.0,0.0,6.0,679.7,IMELBO1849.csv
2023/02/18,04:59 PM,23.72,13.44,52.0,SSW,9.65,13.68,1027.09,0.0,0.0,6.0,672.4,IMELBO1849.csv
2023/02/18,05:04 PM,23.11,12.83,52.0,South,8.21,11.75,1027.09,0.0,0.0,6.0,627.2,IMELBO1849.csv
2023/02/18,05:09 PM,23.39,12.89,52.0,SSW,6.11,8.53,1027.09,0.0,0.0,5.0,612.9,IMELBO1849.csv
2023/02/18,05:14 PM,23.78,13.0,51.0,South,4.99,7.72,1027.09,0.0,0.0,5.0,590.4,IMELBO1849.csv
2023/02/18,05:19 PM,23.44,13.0,52.0,SSW,9.33,13.19,1027.09,0.0,0.0,5.0,562.6,IMELBO1849.csv
2023/02/18,05:24 PM,23.22,12.94,52.0,South,6.6,9.81,1027.09,0.0,0.0,5.0,518.8,IMELBO1849.csv
2023/02/18,05:29 PM,23.17,13.44,54.0,SSW,8.21,12.07,1027.09,0.0,0.0,4.0,468.1,IMELBO1849.csv
2023/02/18,05:34 PM,22.83,13.78,56.0,SSW,7.4,10.94,1027.09,0.0,0.0,4.0,452.9,IMELBO1849.csv
2023/02/18,05:39 PM,22.78,14.11,58.0,South,8.21,11.58,1027.43,0.0,0.0,4.0,416.4,IMELBO1849.csv
2023/02/18,05:44 PM,22.44,14.0,59.0,SSW,8.85,12.39,1027.43,0.0,0.0,3.0,378.3,IMELBO1849.csv
2023/02/18,05:49 PM,22.28,14.28,61.0,South,8.04,12.07,1027.43,0.0,0.0,3.0,367.9,IMELBO1849.csv
2023/02/18,05:54 PM,22.06,14.28,61.0,SSW,10.78,15.45,1027.43,0.0,0.0,3.0,367.4,IMELBO1849.csv
2023/02/18,05:59 PM,21.78,14.39,63.0,SSW,9.81,14.32,1027.77,0.0,0.0,3.0,340.1,IMELBO1849.csv
2023/02/18,06:04 PM,21.44,14.5,64.0,SSW,13.19,18.02,1027.77,0.0,0.0,3.0,326.6,IMELBO1849.csv
2023/02/18,06:09 PM,20.94,14.28,66.0,SW,11.1,15.12,1027.77,0.0,0.0,3.0,321.9,IMELBO1849.csv
2023/02/18,06:14 PM,21.11,14.39,66.0,SSE,7.08,10.62,1027.77,0.0,0.0,2.0,298.9,IMELBO1849.csv
2023/02/18,06:19 PM,21.33,14.56,65.0,South,10.14,14.96,1028.11,0.0,0.0,2.0,273.7,IMELBO1849.csv
2023/02/18,06:24 PM,21.0,14.28,65.0,SSW,9.33,13.19,1028.11,0.0,0.0,2.0,241.6,IMELBO1849.csv
2023/02/18,06:29 PM,21.0,14.28,66.0,South,8.04,11.26,1028.11,0.0,0.0,1.0,187.8,IMELBO1849.csv
2023/02/18,06:34 PM,20.78,14.11,66.0,SSW,9.33,12.71,1028.11,0.0,0.0,1.0,183.0,IMELBO1849.csv
2023/02/18,06:39 PM,20.83,14.06,65.0,SSW,8.69,12.23,1028.11,0.0,0.0,1.0,163.1,IMELBO1849.csv
2023/02/18,06:44 PM,20.67,14.0,66.0,South,8.21,12.23,1028.11,0.0,0.0,1.0,137.0,IMELBO1849.csv
2023/02/18,06:49 PM,20.61,13.78,65.0,South,8.85,12.71,1028.11,0.0,0.0,1.0,146.2,IMELBO1849.csv
2023/02/18,06:54 PM,20.44,13.61,65.0,SW,10.3,14.64,1028.45,0.0,0.0,1.0,137.0,IMELBO1849.csv
2023/02/18,06:59 PM,20.33,13.72,66.0,SSW,9.98,13.68,1028.45,0.0,0.0,1.0,128.8,IMELBO1849.csv
2023/02/18,07:04 PM,20.22,13.72,66.0,SSW,10.62,14.96,1028.45,0.0,0.0,1.0,100.6,IMELBO1849.csv
2023/02/18,07:09 PM,20.0,13.56,66.0,South,8.85,13.68,1028.45,0.0,0.0,0.0,65.4,IMELBO1849.csv
2023/02/18,07:14 PM,19.89,13.78,68.0,SSW,10.14,13.35,1028.45,0.0,0.0,0.0,58.1,IMELBO1849.csv
2023/02/18,07:19 PM,19.61,13.72,69.0,SW,13.19,18.18,1028.45,0.0,0.0,0.0,45.0,IMELBO1849.csv
2023/02/18,07:24 PM,19.33,13.61,70.0,SW,11.42,15.45,1028.78,0.0,0.0,0.0,33.4,IMELBO1849.csv
2023/02/18,07:29 PM,19.28,13.39,69.0,SSW,8.21,11.42,1028.78,0.0,0.0,0.0,31.2,IMELBO1849.csv
2023/02/18,07:34 PM,19.33,13.28,68.0,South,6.6,9.01,1028.78,0.0,0.0,0.0,29.9,IMELBO1849.csv
2023/02/18,07:39 PM,19.22,13.39,69.0,SW,7.4,9.98,1028.78,0.0,0.0,0.0,29.0,IMELBO1849.csv
2023/02/18,07:44 PM,19.33,13.56,69.0,SW,6.11,8.53,1028.78,0.0,0.0,0.0,27.3,IMELBO1849.csv
2023/02/18,07:49 PM,19.17,13.67,71.0,SSW,6.92,9.01,1028.78,0.0,0.0,0.0,24.2,IMELBO1849.csv
2023/02/18,07:54 PM,19.0,13.61,71.0,SSW,7.56,10.46,1028.78,0.0,0.0,0.0,21.2,IMELBO1849.csv
2023/02/18,07:59 PM,18.89,13.67,72.0,SW,7.4,9.81,1028.78,0.0,0.0,0.0,18.6,IMELBO1849.csv
2023/02/18,08:04 PM,18.72,13.72,73.0,SW,6.6,8.37,1028.78,0.0,0.0,0.0,14.3,IMELBO1849.csv
2023/02/18,08:09 PM,18.72,13.78,73.0,SSW,8.21,11.1,1029.12,0.0,0.0,0.0,9.9,IMELBO1849.csv
2023/02/18,08:14 PM,18.56,13.78,73.0,SW,8.21,11.42,1029.12,0.0,0.0,0.0,6.9,IMELBO1849.csv
2023/02/18,08:19 PM,18.56,13.83,74.0,SW,5.95,7.88,1029.12,0.0,0.0,0.0,3.4,IMELBO1849.csv
2023/02/18,08:24 PM,18.5,13.83,74.0,South,5.63,8.04,1029.12,0.0,0.0,0.0,0.9,IMELBO1849.csv
2023/02/18,08:29 PM,18.39,13.89,75.0,SSW,5.15,7.4,1029.46,0.0,0.0,0.0,0.0,IMELBO1849.csv
2023/02/18,08:34 PM,18.28,14.0,76.0,SSW,6.92,9.33,1029.46,0.0,0.0,0.0,0.0,IMELBO1849.csv
2023/02/18,08:39 PM,18.22,14.0,77.0,SSW,5.79,8.04,1029.46,0.0,0.0,0.0,0.0,IMELBO1849.csv
2023/02/18,08:44 PM,18.11,14.06,77.0,SSW,4.99,6.6,1029.8,0.0,0.0,0.0,0.0,IMELBO1849.csv
2023/02/18,08:49 PM,18.11,14.22,78.0,SSW,4.83,6.44,1029.8,0.0,0.0,0.0,0.0,IMELBO1849.csv
2023/02/18,08:54 PM,18.06,14.17,78.0,SSW,4.99,6.92,1029.8,0.0,0.0,0.0,0.0,IMELBO1849.csv
2023/02/18,08:59 PM,17.94,14.22,79.0,South,5.47,7.72,1029.8,0.0,0.0,0.0,0.0,IMELBO1849.csv
2023/02/18,09:04 PM,17.89,14.22,79.0,SSW,5.79,8.37,1029.8,0.0,0.0,0.0,0.0,IMELBO1849.csv
2023/02/18,09:09 PM,17.83,14.17,79.0,SSW,5.95,8.69,1029.8,0.0,0.0,0.0,0.0,IMELBO1849.csv
2023/02/18,09:14 PM,17.78,14.28,80.0,SW,5.63,7.88,1029.8,0.0,0.0,0.0,0.0,IMELBO1849.csv
2023/02/18,09:19 PM,17.78,14.28,80.0,SSW,5.79,7.4,1030.14,0.0,0.0,0.0,0.0,IMELBO1849.csv
2023/02/18,09:24 PM,17.89,14.39,80.0,SSW,5.31,7.08,1030.14,0.0,0.0,0.0,0.0,IMELBO1849.csv
2023/02/18,09:29 PM,17.78,14.28,80.0,SSW,4.83,6.11,1030.14,0.0,0.0,0.0,0.0,IMELBO1849.csv
2023/02/18,09:34 PM,17.78,14.28,80.0,SSW,4.02,5.47,1030.14,0.0,0.0,0.0,0.0,IMELBO1849.csv
2023/02/18,09:39 PM,17.78,14.28,80.0,SSW,5.95,7.24,1030.48,0.0,0.0,0.0,0.0,IMELBO1849.csv
2023/02/18,09:44 PM,17.78,14.28,80.0,SSW,3.54,4.99,1030.48,0.0,0.0,0.0,0.0,IMELBO1849.csv
2023/02/18,09:49 PM,17.72,14.22,80.0,SSW,2.57,3.7,1030.48,0.0,0.0,0.0,0.0,IMELBO1849.csv
2023/02/18,09:54 PM,17.61,14.11,80.0,SW,2.57,3.54,1030.48,0.0,0.0,0.0,0.0,IMELBO1849.csv
2023/02/18,09:59 PM,17.5,14.22,81.0,SW,3.7,4.99,1030.48,0.0,0.0,0.0,0.0,IMELBO1849.csv
2023/02/18,10:04 PM,17.5,14.22,81.0,SW,3.86,4.99,1030.48,0.0,0.0,0.0,0.0,IMELBO1849.csv
2023/02/18,10:09 PM,17.5,14.22,81.0,SSW,2.25,2.9,1030.48,0.0,0.0,0.0,0.0,IMELBO1849.csv
2023/02/18,10:14 PM,17.44,14.17,81.0,SSW,3.38,4.51,1030.48,0.0,0.0,0.0,0.0,IMELBO1849.csv
2023/02/18,10:19 PM,17.39,14.28,82.0,SSW,3.38,4.67,1030.14,0.0,0.0,0.0,0.0,IMELBO1849.csv
2023/02/18,10:24 PM,17.39,14.28,82.0,SW,2.41,3.06,1030.48,0.0,0.0,0.0,0.0,IMELBO1849.csv
2023/02/18,10:29 PM,17.39,14.28,82.0,SW,4.51,5.79,1030.14,0.0,0.0,0.0,0.0,IMELBO1849.csv
2023/02/18,10:34 PM,17.28,14.33,83.0,SW,3.7,4.99,1030.14,0.0,0.0,0.0,0.0,IMELBO1849.csv
2023/02/18,10:39 PM,17.28,14.39,83.0,SW,3.54,4.67,1030.48,0.0,0.0,0.0,0.0,IMELBO1849.csv
2023/02/18,10:44 PM,17.28,14.39,83.0,SW,4.18,5.31,1030.48,0.0,0.0,0.0,0.0,IMELBO1849.csv
2023/02/18,10:49 PM,17.28,14.39,83.0,SW,2.9,4.02,1030.48,0.0,0.0,0.0,0.0,IMELBO1849.csv
2023/02/18,10:54 PM,17.22,14.39,84.0,SW,3.06,3.86,1030.48,0.0,0.0,0.0,0.0,IMELBO1849.csv
2023/02/18,10:59 PM,17.22,14.5,84.0,SSW,3.22,4.02,1030.48,0.0,0.0,0.0,0.0,IMELBO1849.csv
2023/02/18,11:04 PM,17.22,14.5,84.0,SW,4.34,5.63,1030.48,0.0,0.0,0.0,0.0,IMELBO1849.csv
2023/02/18,11:09 PM,17.22,14.5,84.0,SSW,5.15,6.28,1030.48,0.0,0.0,0.0,0.0,IMELBO1849.csv
2023/02/18,11:14 PM,17.22,14.5,84.0,SSW,3.7,4.67,1030.48,0.0,0.0,0.0,0.0,IMELBO1849.csv
2023/02/18,11:19 PM,17.28,14.61,84.0,SSW,2.74,3.86,1030.48,0.0,0.0,0.0,0.0,IMELBO1849.csv
2023/02/18,11:24 PM,17.28,14.61,84.0,SW,3.22,4.51,1030.48,0.0,0.0,0.0,0.0,IMELBO1849.csv
2023/02/18,11:29 PM,17.28,14.61,84.0,SW,3.7,4.34,1030.48,0.0,0.0,0.0,0.0,IMELBO1849.csv
2023/02/18,11:34 PM,17.28,14.61,84.0,SW,3.54,4.51,1030.48,0.0,0.0,0.0,0.0,IMELBO1849.csv
2023/02/18,11:39 PM,17.22,14.56,84.0,SSW,3.06,4.18,1030.48,0.0,0.0,0.0,0.0,IMELBO1849.csv
2023/02/18,11:44 PM,17.17,14.44,84.0,SW,3.86,5.15,1030.82,0.0,0.0,0.0,0.0,IMELBO1849.csv
2023/02/18,11:49 PM,17.11,14.39,84.0,SSW,2.9,3.7,1030.48,0.0,0.0,0.0,0.0,IMELBO1849.csv
2023/02/18,11:54 PM,17.11,14.39,84.0,SSW,2.41,3.54,1030.48,0.0,0.0,0.0,0.0,IMELBO1849.csv
2023/02/18,11:59 PM,17.11,14.39,84.0,South,2.57,3.7,1030.48,0.0,0.0,0.0,0.0,IMELBO1849.csv
2023/02/19,12:04 AM,17.22,14.5,84.0,SSW,1.93,3.22,1030.48,0.0,0.0,0.0,0.0,IMELBO1849.csv
2023/02/19,12:09 AM,17.22,14.56,84.0,SSW,2.09,2.74,1030.48,0.0,0.0,0.0,0.0,IMELBO1849.csv
2023/02/19,12:14 AM,17.28,14.5,84.0,South,1.61,2.25,1030.48,0.0,0.0,0.0,0.0,IMELBO1849.csv
2023/02/19,12:19 AM,17.28,14.39,83.0,SSW,2.74,3.7,1030.48,0.0,0.0,0.0,0.0,IMELBO1849.csv
2023/02/19,12:24 AM,17.28,14.44,83.0,SSW,2.25,3.06,1030.48,0.0,0.0,0.0,0.0,IMELBO1849.csv
2023/02/19,12:29 AM,17.22,14.5,84.0,SSW,2.41,3.38,1030.14,0.0,0.0,0.0,0.0,IMELBO1849.csv
2023/02/19,12:34 AM,17.17,14.44,84.0,SSW,1.29,1.93,1030.48,0.0,0.0,0.0,0.0,IMELBO1849.csv
2023/02/19,12:39 AM,17.06,14.33,84.0,South,0.97,1.61,1030.14,0.0,0.0,0.0,0.0,IMELBO1849.csv
2023/02/19,12:44 AM,16.94,14.22,84.0,South,1.45,2.41,1030.14,0.0,0.0,0.0,0.0,IMELBO1849.csv
2023/02/19,12:49 AM,16.89,14.22,84.0,South,1.93,2.57,1030.14,0.0,0.0,0.0,0.0,IMELBO1849.csv
2023/02/19,12:54 AM,16.89,14.22,84.0,South,0.48,1.13,1030.14,0.0,0.0,0.0,0.0,IMELBO1849.csv
2023/02/19,12:59 AM,16.78,14.11,84.0,South,0.8,1.13,1030.14,0.0,0.0,0.0,0.0,IMELBO1849.csv
2023/02/19,01:04 AM,16.78,14.28,85.0,South,1.29,1.93,1030.14,0.0,0.0,0.0,0.0,IMELBO1849.csv
2023/02/19,01:09 AM,16.78,14.28,85.0,SSW,1.13,1.77,1030.14,0.0,0.0,0.0,0.0,IMELBO1849.csv
2023/02/19,01:14 AM,16.72,14.22,85.0,SSW,0.48,1.29,1030.14,0.0,0.0,0.0,0.0,IMELBO1849.csv
2023/02/19,01:19 AM,16.67,14.17,85.0,SSW,0.16,0.64,1030.14,0.0,0.0,0.0,0.0,IMELBO1849.csv
2023/02/19,01:24 AM,16.61,14.11,85.0,SSW,0.97,1.45,1030.14,0.0,0.0,0.0,0.0,IMELBO1849.csv
2023/02/19,01:29 AM,16.56,14.06,85.0,SSW,0.97,1.61,1030.14,0.0,0.0,0.0,0.0,IMELBO1849.csv
2023/02/19,01:34 AM,16.5,14.0,85.0,SSW,0.64,1.45,1030.14,0.0,0.0,0.0,0.0,IMELBO1849.csv
2023/02/19,01:39 AM,16.5,14.17,86.0,SSW,0.64,1.13,1030.14,0.0,0.0,0.0,0.0,IMELBO1849.csv
2023/02/19,01:44 AM,16.5,14.22,86.0,SSW,0.0,0.16,1030.14,0.0,0.0,0.0,0.0,IMELBO1849.csv
2023/02/19,01:49 AM,16.56,14.22,86.0,SSW,0.48,0.8,1030.14,0.0,0.0,0.0,0.0,IMELBO1849.csv
2023/02/19,01:54 AM,16.56,14.22,86.0,SSW,0.32,0.8,1030.14,0.0,0.0,0.0,0.0,IMELBO1849.csv
2023/02/19,01:59 AM,16.61,14.17,85.0,SSW,0.16,0.16,1030.14,0.0,0.0,0.0,0.0,IMELBO1849.csv
2023/02/19,02:04 AM,16.61,14.22,86.0,SSW,0.8,1.29,1029.8,0.0,0.0,0.0,0.0,IMELBO1849.csv
2023/02/19,02:09 AM,16.61,14.11,85.0,SSE,1.77,2.25,1029.8,0.0,0.0,0.0,0.0,IMELBO1849.csv
2023/02/19,02:14 AM,16.61,13.94,84.0,ESE,2.41,2.9,1029.8,0.0,0.0,0.0,0.0,IMELBO1849.csv
2023/02/19,02:19 AM,16.61,13.89,84.0,ESE,1.77,2.57,1029.8,0.0,0.0,0.0,0.0,IMELBO1849.csv
2023/02/19,02:24 AM,16.61,13.89,84.0,ESE,0.97,1.45,1029.8,0.0,0.0,0.0,0.0,IMELBO1849.csv
2023/02/19,02:29 AM,16.61,13.89,84.0,ESE,1.93,2.41,1029.8,0.0,0.0,0.0,0.0,IMELBO1849.csv
2023/02/19,02:34 AM,16.61,13.89,84.0,ESE,0.0,0.16,1029.8,0.0,0.0,0.0,0.0,IMELBO1849.csv
2023/02/19,02:39 AM,16.61,13.89,84.0,ESE,0.32,0.48,1029.8,0.0,0.0,0.0,0.0,IMELBO1849.csv
2023/02/19,02:44 AM,16.61,13.89,84.0,ESE,0.48,0.8,1029.8,0.0,0.0,0.0,0.0,IMELBO1849.csv
2023/02/19,02:49 AM,16.61,13.89,84.0,ESE,0.48,0.8,1029.8,0.0,0.0,0.0,0.0,IMELBO1849.csv
2023/02/19,02:54 AM,16.67,13.94,84.0,ESE,1.29,1.93,1029.8,0.0,0.0,0.0,0.0,IMELBO1849.csv
2023/02/19,02:59 AM,16.72,14.0,84.0,ESE,0.16,0.32,1029.8,0.0,0.0,0.0,0.0,IMELBO1849.csv
2023/02/19,03:04 AM,16.72,14.0,84.0,ESE,0.8,1.45,1029.8,0.0,0.0,0.0,0.0,IMELBO1849.csv
2023/02/19,03:09 AM,16.67,13.94,84.0,ESE,1.45,1.93,1029.8,0.0,0.0,0.0,0.0,IMELBO1849.csv
2023/02/19,03:14 AM,16.61,13.89,84.0,ESE,1.77,2.25,1029.8,0.0,0.0,0.0,0.0,IMELBO1849.csv
2023/02/19,03:19 AM,16.56,13.83,84.0,ESE,0.48,0.97,1029.8,0.0,0.0,0.0,0.0,IMELBO1849.csv
2023/02/19,03:24 AM,16.5,13.78,84.0,ESE,1.77,2.25,1029.8,0.0,0.0,0.0,0.0,IMELBO1849.csv
2023/02/19,03:29 AM,16.44,13.72,84.0,ESE,0.64,0.8,1029.8,0.0,0.0,0.0,0.0,IMELBO1849.csv
2023/02/19,03:34 AM,16.39,13.72,84.0,ESE,0.32,0.48,1029.8,0.0,0.0,0.0,0.0,IMELBO1849.csv
2023/02/19,03:39 AM,16.28,13.61,84.0,ESE,0.0,0.0,1029.8,0.0,0.0,0.0,0.0,IMELBO1849.csv
2023/02/19,03:44 AM,16.22,13.67,85.0,ESE,0.0,0.0,1029.8,0.0,0.0,0.0,0.0,IMELBO1849.csv
2023/02/19,03:49 AM,16.28,13.78,85.0,ESE,0.0,0.0,1029.8,0.0,0.0,0.0,0.0,IMELBO1849.csv
2023/02/19,03:54 AM,16.22,13.72,85.0,ESE,0.0,0.0,1029.8,0.0,0.0,0.0,0.0,IMELBO1849.csv
2023/02/19,03:59 AM,16.28,13.78,85.0,ESE,0.0,0.0,1029.8,0.0,0.0,0.0,0.0,IMELBO1849.csv
2023/02/19,04:04 AM,16.28,13.78,85.0,ESE,0.0,0.32,1029.8,0.0,0.0,0.0,0.0,IMELBO1849.csv
2023/02/19,04:09 AM,16.33,13.83,85.0,ESE,0.64,0.8,1029.8,0.0,0.0,0.0,0.0,IMELBO1849.csv
2023/02/19,04:14 AM,16.44,13.89,85.0,ESE,1.29,2.09,1029.8,0.0,0.0,0.0,0.0,IMELBO1849.csv
2023/02/19,04:19 AM,16.56,13.83,84.0,ESE,0.97,1.77,1029.8,0.0,0.0,0.0,0.0,IMELBO1849.csv
2023/02/19,04:24 AM,16.61,13.89,84.0,ESE,0.32,0.8,1029.8,0.0,0.0,0.0,0.0,IMELBO1849.csv
2023/02/19,04:27 AM,16.61,13.89,84.0,ESE,0.97,1.29,1029.8,0.0,0.0,0.0,0.0,IMELBO1849.csv
2023/02/19,04:34 AM,16.5,13.78,84.0,ESE,0.0,0.0,1029.8,0.0,0.0,0.0,0.0,IMELBO1849.csv
2023/02/19,04:39 AM,16.33,13.67,84.0,ESE,0.0,0.0,1029.8,0.0,0.0,0.0,0.0,IMELBO1849.csv
2023/02/19,04:44 AM,16.28,13.67,84.0,ESE,0.0,0.16,1029.8,0.0,0.0,0.0,0.0,IMELBO1849.csv
2023/02/19,04:49 AM,16.11,13.61,85.0,ESE,0.32,0.64,1030.14,0.0,0.0,0.0,0.0,IMELBO1849.csv
2023/02/19,04:54 AM,16.06,13.56,85.0,ESE,1.13,1.29,1029.8,0.0,0.0,0.0,0.0,IMELBO1849.csv
2023/02/19,04:59 AM,15.94,13.61,86.0,ESE,0.8,1.13,1029.8,0.0,0.0,0.0,0.0,IMELBO1849.csv
2023/02/19,05:04 AM,15.78,13.5,86.0,ESE,0.64,1.29,1029.8,0.0,0.0,0.0,0.0,IMELBO1849.csv
2023/02/19,05:09 AM,15.67,13.39,86.0,ESE,0.16,0.32,1029.8,0.0,0.0,0.0,0.0,IMELBO1849.csv
2023/02/19,05:14 AM,15.33,13.17,86.0,ESE,0.0,0.0,1029.8,0.0,0.0,0.0,0.0,IMELBO1849.csv
2023/02/19,05:19 AM,15.39,13.28,87.0,ESE,0.0,0.0,1029.8,0.0,0.0,0.0,0.0,IMELBO1849.csv
2023/02/19,05:24 AM,15.28,13.17,87.0,ESE,0.0,0.0,1030.14,0.0,0.0,0.0,0.0,IMELBO1849.csv
2023/02/19,05:29 AM,15.06,13.0,88.0,ESE,0.0,0.0,1029.8,0.0,0.0,0.0,0.0,IMELBO1849.csv
2023/02/19,05:34 AM,14.83,12.83,88.0,ESE,0.0,0.0,1030.14,0.0,0.0,0.0,0.0,IMELBO1849.csv
2023/02/19,05:39 AM,14.78,12.78,88.0,ESE,0.16,0.64,1030.14,0.0,0.0,0.0,0.0,IMELBO1849.csv
2023/02/19,05:44 AM,14.83,13.0,89.0,ESE,0.0,0.0,1030.14,0.0,0.0,0.0,0.0,IMELBO1849.csv
2023/02/19,05:49 AM,14.72,12.94,89.0,ESE,0.0,0.0,1030.14,0.0,0.0,0.0,0.0,IMELBO1849.csv
2023/02/19,05:54 AM,14.39,12.61,89.0,ESE,0.0,0.0,1030.14,0.0,0.0,0.0,0.0,IMELBO1849.csv
2023/02/19,05:59 AM,14.28,12.5,89.0,ESE,0.0,0.0,1030.14,0.0,0.0,0.0,0.0,IMELBO1849.csv
2023/02/19,06:04 AM,14.44,12.78,90.0,ESE,0.16,0.16,1030.14,0.0,0.0,0.0,0.0,IMELBO1849.csv
2023/02/19,06:09 AM,14.33,12.78,90.0,ESE,0.0,0.0,1030.14,0.0,0.0,0.0,0.0,IMELBO1849.csv
2023/02/19,06:14 AM,14.28,12.72,90.0,ESE,0.16,0.32,1030.14,0.0,0.0,0.0,0.0,IMELBO1849.csv
2023/02/19,06:19 AM,14.28,12.72,90.0,ESE,0.0,0.0,1030.14,0.0,0.0,0.0,0.0,IMELBO1849.csv
2023/02/19,06:24 AM,14.17,12.56,90.0,ESE,0.16,0.16,1030.14,0.0,0.0,0.0,0.0,IMELBO1849.csv
2023/02/19,06:29 AM,14.06,12.44,90.0,ESE,0.0,0.0,1030.14,0.0,0.0,0.0,0.0,IMELBO1849.csv
2023/02/19,06:34 AM,13.78,12.22,90.0,ESE,0.0,0.16,1030.14,0.0,0.0,0.0,0.0,IMELBO1849.csv
2023/02/19,06:39 AM,14.0,12.61,91.0,ESE,1.29,1.77,1030.48,0.0,0.0,0.0,0.0,IMELBO1849.csv
2023/02/19,06:44 AM,14.11,12.72,91.0,ESE,2.25,2.74,1030.82,0.0,0.0,0.0,0.0,IMELBO1849.csv
2023/02/19,06:49 AM,14.22,12.78,91.0,ESE,1.77,2.41,1030.82,0.0,0.0,0.0,0.4,IMELBO1849.csv
2023/02/19,06:54 AM,14.22,12.78,91.0,ESE,0.32,0.8,1030.48,0.0,0.0,0.0,2.1,IMELBO1849.csv
2023/02/19,06:59 AM,14.22,12.78,91.0,ESE,0.32,0.64,1030.48,0.0,0.0,0.0,3.8,IMELBO1849.csv
2023/02/19,07:04 AM,14.28,12.89,91.0,ESE,0.64,1.13,1030.48,0.0,0.0,0.0,6.5,IMELBO1849.csv
2023/02/19,07:09 AM,14.28,12.83,91.0,ESE,0.64,1.29,1030.48,0.0,0.0,0.0,9.1,IMELBO1849.csv
2023/02/19,07:14 AM,14.28,12.89,91.0,ESE,0.97,1.45,1030.48,0.0,0.0,0.0,12.1,IMELBO1849.csv
2023/02/19,07:19 AM,14.28,12.89,91.0,ESE,0.48,1.13,1030.48,0.0,0.0,0.0,19.9,IMELBO1849.csv
2023/02/19,07:24 AM,14.39,12.89,91.0,ESE,0.16,0.64,1030.48,0.0,0.0,0.0,25.1,IMELBO1849.csv
2023/02/19,07:29 AM,14.56,12.94,90.0,ESE,0.0,0.16,1030.48,0.0,0.0,0.0,30.3,IMELBO1849.csv
2023/02/19,07:34 AM,14.83,13.22,90.0,ESE,0.0,0.16,1030.82,0.0,0.0,0.0,36.8,IMELBO1849.csv
2023/02/19,07:39 AM,15.17,13.56,90.0,ESE,0.0,0.0,1030.82,0.0,0.0,0.0,42.5,IMELBO1849.csv
2023/02/19,07:44 AM,15.39,13.56,89.0,ESE,0.16,0.48,1030.82,0.0,0.0,0.0,45.5,IMELBO1849.csv
2023/02/19,07:49 AM,15.5,13.44,88.0,SSE,1.61,2.25,1030.82,0.0,0.0,0.0,47.7,IMELBO1849.csv
2023/02/19,07:54 AM,15.67,13.5,87.0,SSW,1.29,2.09,1030.82,0.0,0.0,0.0,49.4,IMELBO1849.csv
2023/02/19,07:59 AM,15.94,13.61,86.0,SSW,0.64,1.45,1031.16,0.0,0.0,0.0,54.6,IMELBO1849.csv
2023/02/19,08:04 AM,16.22,13.56,84.0,WSW,2.41,3.54,1031.49,0.0,0.0,0.0,70.7,IMELBO1849.csv
2023/02/19,08:09 AM,16.22,13.44,83.0,WNW,2.41,3.86,1031.16,0.0,0.0,1.0,100.6,IMELBO1849.csv
2023/02/19,08:14 AM,16.39,13.44,83.0,WNW,3.86,5.31,1031.16,0.0,0.0,1.0,116.6,IMELBO1849.csv
2023/02/19,08:19 AM,16.56,13.44,82.0,WNW,4.34,5.95,1031.16,0.0,0.0,1.0,121.0,IMELBO1849.csv
2023/02/19,08:24 AM,16.72,13.56,82.0,West,2.09,3.06,1031.49,0.0,0.0,1.0,138.4,IMELBO1849.csv
2023/02/19,08:29 AM,17.06,13.67,80.0,WNW,2.74,4.02,1031.49,0.0,0.0,1.0,149.6,IMELBO1849.csv
2023/02/19,08:34 AM,17.28,13.67,79.0,WNW,3.38,5.15,1031.49,0.0,0.0,1.0,169.1,IMELBO1849.csv
2023/02/19,08:39 AM,17.56,13.78,79.0,WNW,2.74,4.34,1031.16,0.0,0.0,1.0,186.1,IMELBO1849.csv
2023/02/19,08:44 AM,17.94,13.94,78.0,WNW,1.93,2.9,1031.16,0.0,0.0,2.0,212.5,IMELBO1849.csv
2023/02/19,08:49 AM,18.22,14.0,76.0,WSW,1.61,2.25,1031.16,0.0,0.0,2.0,232.1,IMELBO1849.csv
2023/02/19,08:54 AM,18.28,14.0,76.0,WSW,2.25,3.7,1031.49,0.0,0.0,2.0,249.8,IMELBO1849.csv
2023/02/19,08:59 AM,18.67,14.11,75.0,SW,1.93,2.74,1031.49,0.0,0.0,2.0,264.6,IMELBO1849.csv
2023/02/19,09:04 AM,18.89,14.22,74.0,WNW,1.61,2.57,1031.49,0.0,0.0,2.0,281.5,IMELBO1849.csv
2023/02/19,09:09 AM,19.22,14.17,72.0,WSW,1.29,2.25,1031.49,0.0,0.0,2.0,297.1,IMELBO1849.csv
2023/02/19,09:14 AM,19.22,14.0,72.0,SSW,1.29,1.93,1031.49,0.0,0.0,3.0,306.7,IMELBO1849.csv
2023/02/19,09:19 AM,19.39,14.22,72.0,WSW,3.06,4.18,1031.49,0.0,0.0,3.0,322.2,IMELBO1849.csv
2023/02/19,09:24 AM,19.61,14.28,71.0,South,1.29,1.93,1031.49,0.0,0.0,3.0,350.0,IMELBO1849.csv
2023/02/19,09:29 AM,19.83,14.28,70.0,SW,3.06,4.18,1031.49,0.0,0.0,3.0,373.0,IMELBO1849.csv
2023/02/19,09:34 AM,19.78,14.28,71.0,WSW,1.45,2.41,1031.49,0.0,0.0,3.0,371.3,IMELBO1849.csv
2023/02/19,09:39 AM,20.06,14.56,70.0,SSW,4.99,6.76,1031.49,0.0,0.0,3.0,405.5,IMELBO1849.csv
2023/02/19,09:44 AM,19.94,14.5,71.0,South,2.74,4.18,1031.49,0.0,0.0,3.0,403.3,IMELBO1849.csv
2023/02/19,09:49 AM,20.33,14.67,70.0,SW,3.7,5.15,1031.49,0.0,0.0,4.0,426.3,IMELBO1849.csv
2023/02/19,09:54 AM,20.44,14.72,70.0,SW,3.7,5.31,1031.49,0.0,0.0,4.0,451.5,IMELBO1849.csv
2023/02/19,09:59 AM,20.78,14.67,68.0,South,3.22,4.83,1031.83,0.0,0.0,4.0,464.5,IMELBO1849.csv
2023/02/19,10:04 AM,21.5,14.94,66.0,SSE,2.9,4.02,1031.83,0.0,0.0,4.0,491.9,IMELBO1849.csv
2023/02/19,10:09 AM,21.28,14.67,66.0,South,2.41,3.38,1031.83,0.0,0.0,4.0,494.1,IMELBO1849.csv
2023/02/19,10:14 AM,21.56,14.83,65.0,SW,4.34,5.31,1031.83,0.0,0.0,4.0,503.6,IMELBO1849.csv
2023/02/19,10:19 AM,21.17,14.61,66.0,SW,3.06,4.51,1031.83,0.0,0.0,5.0,515.8,IMELBO1849.csv
2023/02/19,10:24 AM,21.22,14.44,65.0,SW,4.34,5.95,1031.83,0.0,0.0,5.0,531.3,IMELBO1849.csv
2023/02/19,10:29 AM,21.33,14.56,65.0,SSW,4.02,4.99,1031.83,0.0,0.0,5.0,547.8,IMELBO1849.csv
2023/02/19,10:34 AM,21.56,14.72,65.0,WSW,4.83,6.44,1031.83,0.0,0.0,5.0,549.2,IMELBO1849.csv
2023/02/19,10:39 AM,21.94,14.78,64.0,SSW,4.34,6.11,1031.83,0.0,0.0,5.0,549.5,IMELBO1849.csv
2023/02/19,10:44 AM,21.72,14.5,64.0,SW,4.18,5.63,1031.83,0.0,0.0,4.0,509.3,IMELBO1849.csv
2023/02/19,10:49 AM,21.83,14.67,64.0,SW,5.95,8.04,1031.83,0.0,0.0,5.0,520.0,IMELBO1849.csv
2023/02/19,10:54 AM,22.11,14.61,62.0,SW,3.7,4.83,1032.17,0.0,0.0,5.0,545.3,IMELBO1849.csv
2023/02/19,10:59 AM,22.61,14.72,61.0,SSW,4.34,6.28,1032.17,0.0,0.0,5.0,531.3,IMELBO1849.csv
2023/02/19,11:04 AM,22.67,14.56,60.0,SSE,3.06,4.83,1031.83,0.0,0.0,5.0,525.7,IMELBO1849.csv
2023/02/19,11:09 AM,23.06,14.72,59.0,SW,4.67,6.11,1032.17,0.0,0.0,5.0,576.1,IMELBO1849.csv
2023/02/19,11:14 AM,22.94,14.61,59.0,SW,4.83,6.6,1032.17,0.0,0.0,6.0,654.1,IMELBO1849.csv
2023/02/19,11:19 AM,22.61,14.44,60.0,SSW,6.28,8.53,1032.17,0.0,0.0,6.0,651.6,IMELBO1849.csv
2023/02/19,11:24 AM,22.89,14.44,59.0,South,4.83,6.6,1032.17,0.0,0.0,6.0,660.2,IMELBO1849.csv
2023/02/19,11:29 AM,23.17,14.67,59.0,SSE,4.83,6.44,1032.51,0.0,0.0,6.0,696.2,IMELBO1849.csv
2023/02/19,11:34 AM,23.67,14.94,58.0,SSW,5.47,7.4,1032.17,0.0,0.0,6.0,711.9,IMELBO1849.csv
2023/02/19,11:39 AM,23.17,14.89,60.0,South,6.28,9.01,1032.17,0.0,0.0,6.0,712.2,IMELBO1849.csv
2023/02/19,11:44 AM,23.5,15.11,59.0,SW,5.47,7.56,1032.17,0.0,0.0,6.0,704.9,IMELBO1849.csv
2023/02/19,11:49 AM,23.89,15.0,58.0,South,4.02,5.95,1032.17,0.0,0.0,6.0,690.6,IMELBO1849.csv
2023/02/19,11:54 AM,23.78,15.06,58.0,SSW,5.31,7.24,1032.17,0.0,0.0,6.0,678.0,IMELBO1849.csv
2023/02/19,11:59 AM,23.67,14.94,58.0,South,4.34,5.95,1032.17,0.0,0.0,6.0,655.0,IMELBO1849.csv
2023/02/19,12:04 PM,23.89,15.06,58.0,South,5.15,7.72,1031.83,0.0,0.0,6.0,667.6,IMELBO1849.csv
2023/02/19,12:09 PM,23.83,15.0,58.0,South,4.51,5.79,1031.83,0.0,0.0,6.0,678.0,IMELBO1849.csv
2023/02/19,12:14 PM,24.39,15.11,56.0,South,4.02,5.79,1031.83,0.0,0.0,6.0,710.0,IMELBO1849.csv
2023/02/19,12:19 PM,24.28,15.17,57.0,SSW,7.08,9.49,1031.83,0.0,0.0,6.0,712.2,IMELBO1849.csv
2023/02/19,12:24 PM,23.56,14.78,58.0,South,4.02,6.28,1031.83,0.0,0.0,7.0,734.0,IMELBO1849.csv
2023/02/19,12:29 PM,24.0,14.94,57.0,ESE,6.6,9.17,1031.49,0.0,0.0,7.0,744.4,IMELBO1849.csv
2023/02/19,12:34 PM,23.83,14.72,57.0,SW,5.63,7.72,1031.83,0.0,0.0,7.0,746.5,IMELBO1849.csv
2023/02/19,12:39 PM,23.94,14.72,56.0,SSW,4.51,6.28,1031.49,0.0,0.0,7.0,748.7,IMELBO1849.csv
2023/02/19,12:44 PM,24.17,14.72,56.0,SW,2.41,3.22,1031.49,0.0,0.0,7.0,755.2,IMELBO1849.csv
2023/02/19,12:49 PM,24.44,14.83,55.0,WNW,2.74,4.02,1031.49,0.0,0.0,7.0,760.8,IMELBO1849.csv
2023/02/19,12:54 PM,24.67,14.94,55.0,SSE,2.57,4.02,1031.16,0.0,0.0,7.0,761.3,IMELBO1849.csv
2023/02/19,12:59 PM,25.5,15.28,53.0,SE,2.74,4.34,1031.16,0.0,0.0,7.0,754.0,IMELBO1849.csv
2023/02/19,01:04 PM,24.83,15.22,55.0,SSE,4.02,5.31,1031.16,0.0,0.0,7.0,742.2,IMELBO1849.csv
2023/02/19,01:09 PM,25.0,15.28,55.0,SE,3.06,4.18,1031.16,0.0,0.0,7.0,726.5,IMELBO1849.csv
2023/02/19,01:14 PM,25.11,15.44,55.0,South,4.02,5.95,1030.82,0.0,0.0,7.0,739.2,IMELBO1849.csv
2023/02/19,01:19 PM,24.89,15.56,56.0,SE,4.83,6.28,1030.82,0.0,0.0,7.0,775.1,IMELBO1849.csv
2023/02/19,01:24 PM,24.61,15.39,56.0,East,3.86,5.15,1030.82,0.0,0.0,7.0,786.0,IMELBO1849.csv
2023/02/19,01:29 PM,24.72,15.28,56.0,SW,4.51,5.47,1030.48,0.0,0.0,7.0,778.2,IMELBO1849.csv
2023/02/19,01:34 PM,25.17,15.39,55.0,SSW,3.06,4.18,1030.48,0.0,0.0,7.0,762.2,IMELBO1849.csv
2023/02/19,01:39 PM,25.94,15.61,53.0,SSE,2.9,3.86,1030.48,0.0,0.0,7.0,764.7,IMELBO1849.csv
2023/02/19,01:44 PM,26.11,15.5,52.0,East,2.09,3.38,1030.48,0.0,0.0,7.0,753.5,IMELBO1849.csv
2023/02/19,01:49 PM,25.83,15.17,52.0,SW,3.22,4.83,1030.48,0.0,0.0,7.0,737.0,IMELBO1849.csv
2023/02/19,01:54 PM,26.28,15.61,52.0,NE,3.06,4.51,1030.48,0.0,0.0,6.0,699.6,IMELBO1849.csv
2023/02/19,01:59 PM,26.06,15.28,52.0,NE,5.95,8.04,1030.48,0.0,0.0,6.0,706.6,IMELBO1849.csv
2023/02/19,02:04 PM,26.0,15.11,51.0,NNW,4.02,5.31,1030.48,0.0,0.0,7.0,754.0,IMELBO1849.csv
2023/02/19,02:09 PM,26.28,15.28,51.0,NE,3.7,5.95,1030.14,0.0,0.0,7.0,760.4,IMELBO1849.csv
2023/02/19,02:14 PM,26.5,15.33,50.0,SSW,3.7,5.31,1030.14,0.0,0.0,7.0,750.9,IMELBO1849.csv
2023/02/19,02:19 PM,27.06,15.33,49.0,South,3.22,4.67,1030.14,0.0,0.0,7.0,745.3,IMELBO1849.csv
2023/02/19,02:24 PM,26.61,15.28,50.0,ESE,5.47,7.08,1030.14,0.0,0.0,7.0,754.3,IMELBO1849.csv
2023/02/19,02:29 PM,26.44,15.17,50.0,East,3.54,5.15,1029.8,0.0,0.0,7.0,750.9,IMELBO1849.csv
2023/02/19,02:34 PM,26.89,15.11,48.0,East,2.74,3.38,1030.14,0.0,0.0,7.0,748.3,IMELBO1849.csv
2023/02/19,02:39 PM,27.33,15.22,48.0,SSW,3.86,4.99,1030.14,0.0,0.0,7.0,748.3,IMELBO1849.csv
2023/02/19,02:44 PM,27.39,15.11,47.0,WSW,2.74,3.86,1029.8,0.0,0.0,7.0,750.9,IMELBO1849.csv
2023/02/19,02:49 PM,27.56,15.44,48.0,SSW,5.47,8.37,1029.8,0.0,0.0,7.0,765.6,IMELBO1849.csv
2023/02/19,02:54 PM,27.5,15.33,48.0,SE,3.86,5.31,1029.8,0.0,0.0,7.0,767.8,IMELBO1849.csv
2023/02/19,02:59 PM,27.39,15.33,48.0,East,4.67,6.44,1029.46,0.0,0.0,7.0,754.8,IMELBO1849.csv
2023/02/19,03:04 PM,27.06,15.06,48.0,ESE,7.24,9.17,1029.46,0.0,0.0,7.0,754.0,IMELBO1849.csv
2023/02/19,03:09 PM,27.44,15.11,47.0,SE,6.28,8.04,1029.46,0.0,0.0,7.0,756.5,IMELBO1849.csv
2023/02/19,03:14 PM,27.33,15.0,47.0,East,4.67,6.44,1029.46,0.0,0.0,6.0,713.6,IMELBO1849.csv
2023/02/19,03:19 PM,27.72,15.11,46.0,ESE,5.79,7.72,1029.12,0.0,0.0,5.0,606.8,IMELBO1849.csv
2023/02/19,03:24 PM,27.39,14.89,46.0,East,4.51,6.11,1029.12,0.0,0.0,5.0,546.1,IMELBO1849.csv
2023/02/19,03:29 PM,27.78,14.78,45.0,South,5.15,7.08,1029.12,0.0,0.0,5.0,518.0,IMELBO1849.csv
2023/02/19,03:34 PM,27.94,14.89,45.0,South,4.18,5.79,1029.12,0.0,0.0,6.0,693.2,IMELBO1849.csv
2023/02/19,03:39 PM,28.28,14.83,44.0,SSW,5.79,8.04,1029.12,0.0,0.0,7.0,787.4,IMELBO1849.csv
2023/02/19,03:44 PM,28.72,14.67,42.0,SE,5.79,8.37,1029.12,0.0,0.0,7.0,789.1,IMELBO1849.csv
2023/02/19,03:49 PM,28.22,14.44,43.0,ESE,5.31,7.56,1028.78,0.0,0.0,7.0,783.4,IMELBO1849.csv
2023/02/19,03:54 PM,28.06,14.06,42.0,SSE,4.51,6.28,1028.78,0.0,0.0,7.0,783.4,IMELBO1849.csv
2023/02/19,03:59 PM,28.17,13.78,41.0,SE,4.83,6.92,1028.78,0.0,0.0,7.0,775.1,IMELBO1849.csv
2023/02/19,04:04 PM,28.22,13.72,41.0,SSE,5.79,8.21,1028.78,0.0,0.0,7.0,763.5,IMELBO1849.csv
2023/02/19,04:09 PM,27.89,13.56,41.0,ESE,5.95,8.21,1028.78,0.0,0.0,7.0,746.5,IMELBO1849.csv
2023/02/19,04:14 PM,27.94,13.5,41.0,SE,4.02,6.28,1028.78,0.0,0.0,7.0,770.8,IMELBO1849.csv
2023/02/19,04:19 PM,28.17,13.39,40.0,SSE,4.99,7.56,1028.78,0.0,0.0,7.0,772.2,IMELBO1849.csv
2023/02/19,04:24 PM,27.94,13.22,40.0,South,3.86,5.95,1028.45,0.0,0.0,7.0,768.3,IMELBO1849.csv
2023/02/19,04:29 PM,28.22,13.22,40.0,SSE,4.83,6.92,1028.78,0.0,0.0,7.0,741.4,IMELBO1849.csv
2023/02/19,04:34 PM,28.0,13.22,40.0,SE,4.02,5.95,1028.78,0.0,0.0,7.0,722.3,IMELBO1849.csv
2023/02/19,04:39 PM,28.11,13.17,40.0,SE,5.15,7.4,1028.45,0.0,0.0,7.0,718.7,IMELBO1849.csv
2023/02/19,04:44 PM,27.94,13.0,40.0,South,4.18,6.11,1028.45,0.0,0.0,6.0,698.8,IMELBO1849.csv
2023/02/19,04:49 PM,28.06,12.89,39.0,SSE,4.02,5.79,1028.45,0.0,0.0,6.0,692.3,IMELBO1849.csv
2023/02/19,04:54 PM,28.22,13.06,39.0,SE,3.06,4.34,1028.45,0.0,0.0,6.0,695.4,IMELBO1849.csv
2023/02/19,04:59 PM,28.56,12.94,38.0,ESE,3.86,5.63,1028.45,0.0,0.0,6.0,665.4,IMELBO1849.csv
2023/02/19,05:04 PM,28.61,12.89,38.0,SE,3.06,4.83,1028.45,0.0,0.0,6.0,631.1,IMELBO1849.csv
2023/02/19,05:09 PM,28.44,13.06,39.0,ESE,4.02,5.95,1028.45,0.0,0.0,6.0,619.0,IMELBO1849.csv
2023/02/19,05:14 PM,28.33,13.06,39.0,East,4.83,7.08,1028.45,0.0,0.0,5.0,586.8,IMELBO1849.csv
2023/02/19,05:19 PM,28.22,12.83,39.0,SSE,4.51,6.44,1028.45,0.0,0.0,5.0,560.4,IMELBO1849.csv
2023/02/19,05:24 PM,27.94,12.78,39.0,SE,4.83,6.11,1028.11,0.0,0.0,5.0,512.7,IMELBO1849.csv
2023/02/19,05:29 PM,28.17,12.89,39.0,SE,5.95,8.37,1028.11,0.0,0.0,4.0,472.8,IMELBO1849.csv
2023/02/19,05:34 PM,27.72,12.44,39.0,SE,5.95,8.53,1028.45,0.0,0.0,4.0,457.2,IMELBO1849.csv
2023/02/19,05:39 PM,27.89,12.44,39.0,SSE,3.86,5.63,1028.45,0.0,0.0,3.0,406.0,IMELBO1849.csv
2023/02/19,05:44 PM,28.17,12.5,38.0,SSE,5.95,8.85,1028.45,0.0,0.0,3.0,362.1,IMELBO1849.csv
2023/02/19,05:49 PM,28.17,12.56,38.0,South,5.79,8.04,1028.45,0.0,0.0,3.0,365.7,IMELBO1849.csv
2023/02/19,05:54 PM,27.89,12.5,39.0,SSE,3.86,5.31,1028.45,0.0,0.0,3.0,367.0,IMELBO1849.csv
2023/02/19,05:59 PM,27.33,14.0,44.0,SSW,10.78,14.64,1028.11,0.0,0.0,3.0,345.7,IMELBO1849.csv
2023/02/19,06:04 PM,26.94,14.06,45.0,SSW,9.81,14.48,1028.11,0.0,0.0,3.0,337.4,IMELBO1849.csv
2023/02/19,06:09 PM,26.56,13.94,46.0,SSW,8.69,12.07,1028.45,0.0,0.0,3.0,320.5,IMELBO1849.csv
2023/02/19,06:14 PM,26.56,13.89,46.0,SSW,8.85,13.19,1028.45,0.0,0.0,2.0,300.6,IMELBO1849.csv
2023/02/19,06:19 PM,26.44,13.94,46.0,SSW,9.81,13.35,1028.45,0.0,0.0,2.0,270.6,IMELBO1849.csv
2023/02/19,06:24 PM,26.39,14.0,46.0,South,6.92,10.46,1028.45,0.0,0.0,2.0,235.0,IMELBO1849.csv
2023/02/19,06:29 PM,26.11,14.11,48.0,South,9.01,12.87,1028.78,0.0,0.0,2.0,218.6,IMELBO1849.csv
2023/02/19,06:34 PM,25.44,14.56,51.0,SSW,11.1,15.45,1028.78,0.0,0.0,2.0,209.1,IMELBO1849.csv
2023/02/19,06:39 PM,25.11,15.11,54.0,SSW,6.6,9.33,1028.78,0.0,0.0,1.0,175.7,IMELBO1849.csv
2023/02/19,06:44 PM,24.89,15.39,56.0,SSW,7.08,9.81,1028.78,0.0,0.0,1.0,128.0,IMELBO1849.csv
2023/02/19,06:49 PM,24.56,15.06,55.0,SSW,7.88,11.91,1028.78,0.0,0.0,1.0,142.6,IMELBO1849.csv
2023/02/19,06:54 PM,24.06,14.94,57.0,SW,8.85,12.07,1029.12,0.0,0.0,1.0,125.3,IMELBO1849.csv
2023/02/19,06:59 PM,24.17,15.0,57.0,SW,10.14,13.68,1029.12,0.0,0.0,1.0,121.0,IMELBO1849.csv
2023/02/19,07:04 PM,23.78,14.78,57.0,SSW,8.21,11.75,1029.12,0.0,0.0,0.0,92.4,IMELBO1849.csv
2023/02/19,07:09 PM,23.83,14.72,57.0,South,5.79,8.21,1029.46,0.0,0.0,0.0,62.4,IMELBO1849.csv
2023/02/19,07:14 PM,23.72,15.22,59.0,SSW,7.56,10.62,1029.12,0.0,0.0,0.0,56.8,IMELBO1849.csv
2023/02/19,07:19 PM,23.17,15.11,61.0,SSW,7.56,10.62,1029.46,0.0,0.0,0.0,51.5,IMELBO1849.csv
2023/02/19,07:24 PM,22.83,15.22,62.0,SSW,9.33,12.55,1029.46,0.0,0.0,0.0,35.1,IMELBO1849.csv
2023/02/19,07:29 PM,22.5,15.28,64.0,SSW,6.76,8.85,1029.46,0.0,0.0,0.0,32.4,IMELBO1849.csv
2023/02/19,07:34 PM,22.39,15.56,65.0,SSW,7.56,10.46,1029.46,0.0,0.0,0.0,30.3,IMELBO1849.csv
2023/02/19,07:39 PM,22.0,15.5,67.0,SSW,8.69,11.75,1029.8,0.0,0.0,0.0,27.7,IMELBO1849.csv
2023/02/19,07:44 PM,21.67,15.61,69.0,SW,9.17,11.42,1029.8,0.0,0.0,0.0,25.1,IMELBO1849.csv
2023/02/19,07:49 PM,21.33,15.67,70.0,SSW,9.01,12.07,1029.8,0.0,0.0,0.0,21.2,IMELBO1849.csv
2023/02/19,07:54 PM,20.94,15.72,72.0,SSW,8.85,12.55,1029.8,0.0,0.0,0.0,18.6,IMELBO1849.csv
2023/02/19,07:59 PM,20.67,15.5,72.0,SW,9.33,12.87,1030.14,0.0,0.0,0.0,14.7,IMELBO1849.csv
2023/02/19,08:04 PM,20.39,15.39,73.0,SW,9.17,12.87,1030.14,0.0,0.0,0.0,11.3,IMELBO1849.csv
2023/02/19,08:09 PM,20.17,15.39,74.0,SW,9.01,12.07,1030.14,0.0,0.0,0.0,8.2,IMELBO1849.csv
2023/02/19,08:14 PM,20.0,15.44,75.0,SW,9.98,13.19,1030.14,0.0,0.0,0.0,5.1,IMELBO1849.csv
2023/02/19,08:19 PM,19.83,15.44,76.0,SW,8.04,10.94,1030.48,0.0,0.0,0.0,2.1,IMELBO1849.csv
2023/02/19,08:24 PM,19.5,15.33,77.0,SW,9.81,13.52,1030.48,0.0,0.0,0.0,0.4,IMELBO1849.csv
2023/02/19,08:29 PM,19.28,15.28,78.0,SW,9.49,13.03,1030.48,0.0,0.0,0.0,0.0,IMELBO1849.csv
2023/02/19,08:34 PM,19.17,15.11,77.0,SW,9.81,13.68,1030.48,0.0,0.0,0.0,0.0,IMELBO1849.csv
2023/02/19,08:39 PM,19.06,15.17,78.0,SW,8.21,12.07,1030.82,0.0,0.0,0.0,0.0,IMELBO1849.csv
2023/02/19,08:44 PM,18.94,14.94,77.0,SSW,7.4,10.46,1030.82,0.0,0.0,0.0,0.0,IMELBO1849.csv
2023/02/19,08:49 PM,18.89,14.78,77.0,SW,5.79,7.4,1030.82,0.0,0.0,0.0,0.0,IMELBO1849.csv
2023/02/19,08:54 PM,18.94,14.67,76.0,SW,7.24,9.98,1030.82,0.0,0.0,0.0,0.0,IMELBO1849.csv
2023/02/19,08:59 PM,18.89,14.61,76.0,SSW,8.21,11.42,1030.82,0.0,0.0,0.0,0.0,IMELBO1849.csv
2023/02/19,09:04 PM,18.94,14.67,76.0,SW,7.56,10.14,1031.16,0.0,0.0,0.0,0.0,IMELBO1849.csv
2023/02/19,09:09 PM,18.89,14.67,76.0,SSW,7.08,9.49,1031.16,0.0,0.0,0.0,0.0,IMELBO1849.csv
2023/02/19,09:14 PM,18.78,14.72,77.0,SSW,6.76,9.49,1031.16,0.0,0.0,0.0,0.0,IMELBO1849.csv
2023/02/19,09:19 PM,18.83,14.56,76.0,SSW,8.37,12.07,1031.16,0.0,0.0,0.0,0.0,IMELBO1849.csv
2023/02/19,09:24 PM,18.83,14.56,76.0,SW,6.76,9.33,1031.49,0.0,0.0,0.0,0.0,IMELBO1849.csv
2023/02/19,09:29 PM,18.78,14.5,76.0,SW,9.49,12.87,1031.49,0.0,0.0,0.0,0.0,IMELBO1849.csv
2023/02/19,09:34 PM,18.78,14.5,76.0,SSW,7.56,9.81,1031.49,0.0,0.0,0.0,0.0,IMELBO1849.csv
2023/02/19,09:39 PM,18.78,14.5,76.0,SSW,6.76,8.69,1031.49,0.0,0.0,0.0,0.0,IMELBO1849.csv
2023/02/19,09:44 PM,18.78,14.5,76.0,SW,7.24,10.14,1031.83,0.0,0.0,0.0,0.0,IMELBO1849.csv
2023/02/19,09:49 PM,18.72,14.44,76.0,SW,3.86,5.15,1031.83,0.0,0.0,0.0,0.0,IMELBO1849.csv
2023/02/19,09:54 PM,18.61,14.5,77.0,SW,5.47,7.72,1031.83,0.0,0.0,0.0,0.0,IMELBO1849.csv
2023/02/19,09:59 PM,18.56,14.44,77.0,SSW,5.63,7.88,1031.83,0.0,0.0,0.0,0.0,IMELBO1849.csv
2023/02/19,10:04 PM,18.5,14.61,78.0,SW,5.95,7.72,1031.49,0.0,0.0,0.0,0.0,IMELBO1849.csv
2023/02/19,10:09 PM,18.5,14.61,78.0,SW,4.83,5.95,1031.83,0.0,0.0,0.0,0.0,IMELBO1849.csv
2023/02/19,10:14 PM,18.39,14.5,78.0,SSW,4.18,5.79,1031.83,0.0,0.0,0.0,0.0,IMELBO1849.csv
2023/02/19,10:19 PM,18.39,14.5,78.0,SW,5.47,7.08,1031.83,0.0,0.0,0.0,0.0,IMELBO1849.csv
2023/02/19,10:24 PM,18.39,14.5,78.0,SW,5.63,7.88,1031.83,0.0,0.0,0.0,0.0,IMELBO1849.csv
2023/02/19,10:29 PM,18.33,14.44,78.0,SSW,5.15,6.92,1031.83,0.0,0.0,0.0,0.0,IMELBO1849.csv
2023/02/19,10:34 PM,18.39,14.5,78.0,SW,6.92,8.85,1031.83,0.0,0.0,0.0,0.0,IMELBO1849.csv
2023/02/19,10:39 PM,18.28,14.5,79.0,SW,4.34,5.79,1031.83,0.0,0.0,0.0,0.0,IMELBO1849.csv
2023/02/19,10:44 PM,18.28,14.56,79.0,SW,3.22,4.34,1031.83,0.0,0.0,0.0,0.0,IMELBO1849.csv
2023/02/19,10:49 PM,18.22,14.5,79.0,SW,3.7,4.67,1031.83,0.0,0.0,0.0,0.0,IMELBO1849.csv
2023/02/19,10:54 PM,18.11,14.39,79.0,SW,3.54,4.51,1032.17,0.0,0.0,0.0,0.0,IMELBO1849.csv
2023/02/19,10:59 PM,18.11,14.39,79.0,SW,2.9,3.7,1032.17,0.0,0.0,0.0,0.0,IMELBO1849.csv
2023/02/19,11:04 PM,18.11,14.39,79.0,SW,3.06,3.7,1031.83,0.0,0.0,0.0,0.0,IMELBO1849.csv
2023/02/19,11:09 PM,18.0,14.28,79.0,SW,1.93,2.9,1031.83,0.0,0.0,0.0,0.0,IMELBO1849.csv
2023/02/19,11:14 PM,17.94,14.28,79.0,SW,2.25,3.06,1031.83,0.0,0.0,0.0,0.0,IMELBO1849.csv
2023/02/19,11:19 PM,17.89,14.22,79.0,SW,2.41,3.06,1031.83,0.0,0.0,0.0,0.0,IMELBO1849.csv
2023/02/19,11:24 PM,17.89,14.22,79.0,SSW,1.13,1.77,1031.83,0.0,0.0,0.0,0.0,IMELBO1849.csv
2023/02/19,11:29 PM,17.78,14.11,79.0,SSW,1.13,1.77,1031.83,0.0,0.0,0.0,0.0,IMELBO1849.csv
2023/02/19,11:34 PM,17.78,14.22,80.0,SSW,0.16,0.64,1031.83,0.0,0.0,0.0,0.0,IMELBO1849.csv
2023/02/19,11:39 PM,17.72,14.22,80.0,SSW,1.13,1.61,1031.83,0.0,0.0,0.0,0.0,IMELBO1849.csv
2023/02/19,11:44 PM,17.67,14.17,80.0,SSW,0.64,1.29,1031.83,0.0,0.0,0.0,0.0,IMELBO1849.csv
2023/02/19,11:49 PM,17.56,14.06,80.0,SSW,0.16,0.32,1031.83,0.0,0.0,0.0,0.0,IMELBO1849.csv
2023/02/19,11:54 PM,17.39,13.89,80.0,SSW,0.0,0.0,1031.83,0.0,0.0,0.0,0.0,IMELBO1849.csv
2023/02/19,11:59 PM,17.28,14.0,81.0,SSW,0.0,0.0,1031.83,0.0,0.0,0.0,0.0,IMELBO1849.csv
2023/02/20,12:04 AM,17.22,13.94,81.0,WSW,0.48,0.97,1031.83,0.0,0.0,0.0,0.0,IMELBO1849.csv
2023/02/20,12:09 AM,17.17,14.06,82.0,West,3.06,4.18,1031.83,0.0,0.0,0.0,0.0,IMELBO1849.csv
2023/02/20,12:14 AM,17.06,13.94,82.0,WNW,2.57,3.54,1031.83,0.0,0.0,0.0,0.0,IMELBO1849.csv
2023/02/20,12:19 AM,16.89,13.83,82.0,WNW,2.74,3.7,1031.83,0.0,0.0,0.0,0.0,IMELBO1849.csv
2023/02/20,12:24 AM,16.78,13.83,83.0,WNW,2.25,3.06,1031.83,0.0,0.0,0.0,0.0,IMELBO1849.csv
2023/02/20,12:29 AM,16.72,13.78,83.0,WNW,2.25,3.38,1031.83,0.0,0.0,0.0,0.0,IMELBO1849.csv
2023/02/20,12:34 AM,16.61,13.72,83.0,WNW,2.57,3.7,1031.83,0.0,0.0,0.0,0.0,IMELBO1849.csv
2023/02/20,12:39 AM,16.61,13.89,84.0,WNW,2.41,3.06,1031.49,0.0,0.0,0.0,0.0,IMELBO1849.csv
2023/02/20,12:44 AM,16.56,13.89,84.0,NW,0.97,1.77,1031.49,0.0,0.0,0.0,0.0,IMELBO1849.csv
2023/02/20,12:49 AM,16.5,13.78,84.0,WNW,1.45,2.25,1031.83,0.0,0.0,0.0,0.0,IMELBO1849.csv
2023/02/20,12:54 AM,16.44,13.72,84.0,WNW,2.09,2.74,1031.49,0.0,0.0,0.0,0.0,IMELBO1849.csv
2023/02/20,12:59 AM,16.39,13.72,84.0,WNW,0.97,1.61,1031.49,0.0,0.0,0.0,0.0,IMELBO1849.csv
2023/02/20,01:04 AM,16.28,13.61,84.0,West,0.32,0.64,1031.49,0.0,0.0,0.0,0.0,IMELBO1849.csv
2023/02/20,01:09 AM,16.28,13.61,84.0,WNW,0.8,1.77,1031.49,0.0,0.0,0.0,0.0,IMELBO1849.csv
2023/02/20,01:14 AM,16.22,13.5,84.0,WNW,1.29,1.77,1031.49,0.0,0.0,0.0,0.0,IMELBO1849.csv
2023/02/20,01:19 AM,16.17,13.56,85.0,WNW,1.29,2.57,1031.49,0.0,0.0,0.0,0.0,IMELBO1849.csv
2023/02/20,01:24 AM,16.11,13.61,85.0,WNW,2.41,3.38,1031.49,0.0,0.0,0.0,0.0,IMELBO1849.csv
2023/02/20,01:29 AM,16.06,13.56,85.0,WNW,1.93,2.74,1031.49,0.0,0.0,0.0,0.0,IMELBO1849.csv
2023/02/20,01:34 AM,16.0,13.5,85.0,WNW,2.09,2.9,1031.49,0.0,0.0,0.0,0.0,IMELBO1849.csv
2023/02/20,01:39 AM,15.94,13.44,85.0,WNW,2.25,3.06,1031.16,0.0,0.0,0.0,0.0,IMELBO1849.csv
2023/02/20,01:44 AM,15.89,13.39,85.0,WNW,2.09,3.06,1031.16,0.0,0.0,0.0,0.0,IMELBO1849.csv
2023/02/20,01:49 AM,15.89,13.39,85.0,WNW,2.41,3.22,1031.16,0.0,0.0,0.0,0.0,IMELBO1849.csv
2023/02/20,01:54 AM,15.89,13.5,85.0,WNW,2.25,3.06,1031.16,0.0,0.0,0.0,0.0,IMELBO1849.csv
2023/02/20,01:59 AM,15.78,13.5,86.0,WNW,2.25,2.9,1030.82,0.0,0.0,0.0,0.0,IMELBO1849.csv
2023/02/20,02:04 AM,15.78,13.5,86.0,WNW,1.77,2.74,1030.82,0.0,0.0,0.0,0.0,IMELBO1849.csv
2023/02/20,02:09 AM,15.78,13.5,86.0,WNW,1.93,2.74,1030.82,0.0,0.0,0.0,0.0,IMELBO1849.csv
2023/02/20,02:14 AM,15.72,13.39,86.0,WNW,0.16,0.48,1031.16,0.0,0.0,0.0,0.0,IMELBO1849.csv
2023/02/20,02:19 AM,15.72,13.39,86.0,West,0.64,1.29,1031.16,0.0,0.0,0.0,0.0,IMELBO1849.csv
2023/02/20,02:24 AM,15.72,13.39,86.0,WNW,0.16,0.48,1031.16,0.0,0.0,0.0,0.0,IMELBO1849.csv
2023/02/20,02:29 AM,15.61,13.28,86.0,WNW,0.32,0.64,1031.16,0.0,0.0,0.0,0.0,IMELBO1849.csv
2023/02/20,02:34 AM,15.61,13.44,87.0,West,0.32,0.8,1031.16,0.0,0.0,0.0,0.0,IMELBO1849.csv
2023/02/20,02:39 AM,15.5,13.39,87.0,West,0.16,0.32,1030.82,0.0,0.0,0.0,0.0,IMELBO1849.csv
2023/02/20,02:44 AM,15.5,13.39,87.0,West,0.48,1.13,1030.82,0.0,0.0,0.0,0.0,IMELBO1849.csv
2023/02/20,02:49 AM,15.39,13.28,87.0,West,0.16,0.64,1030.82,0.0,0.0,0.0,0.0,IMELBO1849.csv
2023/02/20,02:54 AM,15.39,13.28,87.0,West,0.32,0.97,1030.82,0.0,0.0,0.0,0.0,IMELBO1849.csv
2023/02/20,02:59 AM,15.28,13.22,87.0,WNW,1.13,1.93,1030.82,0.0,0.0,0.0,0.0,IMELBO1849.csv
2023/02/20,03:04 AM,15.28,13.22,87.0,WNW,0.16,0.48,1030.82,0.0,0.0,0.0,0.0,IMELBO1849.csv
2023/02/20,03:09 AM,15.28,13.22,87.0,WNW,0.8,1.45,1030.82,0.0,0.0,0.0,0.0,IMELBO1849.csv
2023/02/20,03:14 AM,15.28,13.28,88.0,WNW,2.09,2.9,1030.82,0.0,0.0,0.0,0.0,IMELBO1849.csv
2023/02/20,03:19 AM,15.22,13.22,88.0,WNW,1.77,2.57,1030.82,0.0,0.0,0.0,0.0,IMELBO1849.csv
2023/02/20,03:24 AM,15.22,13.22,88.0,WNW,1.45,2.25,1030.82,0.0,0.0,0.0,0.0,IMELBO1849.csv
2023/02/20,03:29 AM,15.11,13.11,88.0,WNW,2.41,2.74,1030.82,0.0,0.0,0.0,0.0,IMELBO1849.csv
2023/02/20,03:34 AM,15.11,13.11,88.0,WNW,1.45,2.09,1030.82,0.0,0.0,0.0,0.0,IMELBO1849.csv
2023/02/20,03:39 AM,15.0,13.0,88.0,West,0.48,1.45,1030.48,0.0,0.0,0.0,0.0,IMELBO1849.csv
2023/02/20,03:44 AM,14.94,12.94,88.0,West,0.8,1.77,1030.82,0.0,0.0,0.0,0.0,IMELBO1849.csv
2023/02/20,03:49 AM,14.89,12.89,88.0,WSW,0.8,1.45,1030.82,0.0,0.0,0.0,0.0,IMELBO1849.csv
2023/02/20,03:54 AM,14.83,12.83,88.0,WSW,0.16,0.64,1030.82,0.0,0.0,0.0,0.0,IMELBO1849.csv
2023/02/20,03:59 AM,14.78,12.89,89.0,West,0.97,1.77,1030.82,0.0,0.0,0.0,0.0,IMELBO1849.csv
2023/02/20,04:04 AM,14.78,12.94,89.0,West,0.32,0.97,1030.82,0.0,0.0,0.0,0.0,IMELBO1849.csv
2023/02/20,04:09 AM,14.72,12.89,89.0,West,0.0,0.16,1030.82,0.0,0.0,0.0,0.0,IMELBO1849.csv
2023/02/20,04:14 AM,14.61,12.78,89.0,WNW,0.48,0.97,1030.82,0.0,0.0,0.0,0.0,IMELBO1849.csv
2023/02/20,04:19 AM,14.61,12.78,89.0,WNW,2.09,2.9,1030.48,0.0,0.0,0.0,0.0,IMELBO1849.csv
2023/02/20,04:24 AM,14.5,12.72,89.0,WNW,1.61,2.25,1030.48,0.0,0.0,0.0,0.0,IMELBO1849.csv
2023/02/20,04:29 AM,14.44,12.67,89.0,WNW,1.93,2.57,1030.48,0.0,0.0,0.0,0.0,IMELBO1849.csv
2023/02/20,04:34 AM,14.39,12.61,89.0,WNW,0.48,0.97,1030.48,0.0,0.0,0.0,0.0,IMELBO1849.csv
2023/02/20,04:39 AM,14.28,12.5,89.0,WNW,0.48,0.64,1030.48,0.0,0.0,0.0,0.0,IMELBO1849.csv
2023/02/20,04:44 AM,14.28,12.5,89.0,WNW,0.8,1.13,1030.48,0.0,0.0,0.0,0.0,IMELBO1849.csv
2023/02/20,04:49 AM,14.22,12.44,89.0,WNW,0.0,0.0,1030.48,0.0,0.0,0.0,0.0,IMELBO1849.csv
2023/02/20,04:54 AM,14.22,12.39,89.0,WNW,0.0,0.16,1030.48,0.0,0.0,0.0,0.0,IMELBO1849.csv
2023/02/20,04:59 AM,14.22,12.56,90.0,WNW,0.48,0.8,1030.48,0.0,0.0,0.0,0.0,IMELBO1849.csv
2023/02/20,05:04 AM,14.11,12.5,90.0,WNW,0.0,0.16,1030.48,0.0,0.0,0.0,0.0,IMELBO1849.csv
2023/02/20,05:09 AM,13.94,12.33,90.0,WNW,0.0,0.32,1030.48,0.0,0.0,0.0,0.0,IMELBO1849.csv
2023/02/20,05:14 AM,13.78,12.22,90.0,WNW,0.16,0.16,1030.48,0.0,0.0,0.0,0.0,IMELBO1849.csv
2023/02/20,05:19 AM,13.72,12.17,90.0,WNW,0.0,0.0,1030.48,0.0,0.0,0.0,0.0,IMELBO1849.csv
2023/02/20,05:24 AM,13.56,11.94,90.0,WNW,0.0,0.0,1030.82,0.0,0.0,0.0,0.0,IMELBO1849.csv
2023/02/20,05:29 AM,13.61,12.0,90.0,WNW,0.0,0.0,1030.48,0.0,0.0,0.0,0.0,IMELBO1849.csv
2023/02/20,05:34 AM,13.39,11.83,90.0,WNW,0.0,0.0,1030.48,0.0,0.0,0.0,0.0,IMELBO1849.csv
2023/02/20,05:39 AM,13.39,12.0,91.0,WNW,0.0,0.0,1030.48,0.0,0.0,0.0,0.0,IMELBO1849.csv
2023/02/20,05:44 AM,13.33,11.89,91.0,WNW,0.0,0.0,1030.48,0.0,0.0,0.0,0.0,IMELBO1849.csv
2023/02/20,05:49 AM,13.22,11.83,91.0,WNW,0.0,0.0,1030.48,0.0,0.0,0.0,0.0,IMELBO1849.csv
2023/02/20,05:54 AM,13.22,11.83,91.0,WNW,0.0,0.0,1030.48,0.0,0.0,0.0,0.0,IMELBO1849.csv
2023/02/20,05:59 AM,13.28,11.89,91.0,WNW,0.0,0.0,1030.48,0.0,0.0,0.0,0.0,IMELBO1849.csv
2023/02/20,06:04 AM,13.28,11.83,91.0,WNW,0.0,0.0,1030.48,0.0,0.0,0.0,0.0,IMELBO1849.csv
2023/02/20,06:09 AM,13.28,11.83,91.0,WNW,0.0,0.0,1030.82,0.0,0.0,0.0,0.0,IMELBO1849.csv
2023/02/20,06:14 AM,13.17,11.72,91.0,WNW,0.0,0.0,1030.48,0.0,0.0,0.0,0.0,IMELBO1849.csv
2023/02/20,06:19 AM,12.89,11.5,91.0,WNW,0.0,0.0,1030.82,0.0,0.0,0.0,0.0,IMELBO1849.csv
2023/02/20,06:24 AM,12.72,11.44,92.0,WNW,0.0,0.0,1030.82,0.0,0.0,0.0,0.0,IMELBO1849.csv
2023/02/20,06:29 AM,12.78,11.56,92.0,WNW,0.0,0.0,1030.82,0.0,0.0,0.0,0.0,IMELBO1849.csv
2023/02/20,06:34 AM,12.78,11.56,92.0,WNW,0.0,0.0,1030.82,0.0,0.0,0.0,0.0,IMELBO1849.csv
2023/02/20,06:39 AM,12.78,11.56,92.0,WNW,0.0,0.0,1030.82,0.0,0.0,0.0,0.0,IMELBO1849.csv
2023/02/20,06:44 AM,12.72,11.5,92.0,WNW,0.0,0.0,1031.16,0.0,0.0,0.0,0.0,IMELBO1849.csv
2023/02/20,06:49 AM,12.78,11.61,92.0,WNW,0.0,0.16,1031.16,0.0,0.0,0.0,0.0,IMELBO1849.csv
2023/02/20,06:54 AM,12.78,11.61,92.0,WNW,0.0,0.0,1031.16,0.0,0.0,0.0,1.7,IMELBO1849.csv
2023/02/20,06:59 AM,12.72,11.5,92.0,WNW,0.0,0.0,1031.16,0.0,0.0,0.0,3.4,IMELBO1849.csv
2023/02/20,07:04 AM,12.94,11.72,92.0,WNW,0.0,0.16,1031.16,0.0,0.0,0.0,6.0,IMELBO1849.csv
2023/02/20,07:09 AM,13.11,11.94,92.0,WNW,0.64,1.29,1031.49,0.0,0.0,0.0,8.2,IMELBO1849.csv
2023/02/20,07:14 AM,13.22,12.0,92.0,WNW,0.16,0.48,1031.49,0.0,0.0,0.0,12.1,IMELBO1849.csv
2023/02/20,07:19 AM,13.33,12.17,92.0,WNW,0.16,0.64,1031.83,0.0,0.0,0.0,16.4,IMELBO1849.csv
2023/02/20,07:24 AM,13.56,12.33,92.0,WNW,0.48,0.8,1031.83,0.0,0.0,0.0,17.7,IMELBO1849.csv
2023/02/20,07:29 AM,13.72,12.5,92.0,WNW,0.48,0.8,1031.83,0.0,0.0,0.0,26.4,IMELBO1849.csv
2023/02/20,07:34 AM,13.72,12.5,92.0,WSW,0.8,1.45,1031.83,0.0,0.0,0.0,27.3,IMELBO1849.csv
2023/02/20,07:39 AM,13.72,12.5,92.0,West,0.64,1.45,1031.83,0.0,0.0,0.0,24.7,IMELBO1849.csv
2023/02/20,07:44 AM,13.72,12.28,91.0,West,0.97,1.77,1031.83,0.0,0.0,0.0,40.7,IMELBO1849.csv
2023/02/20,07:49 AM,13.78,12.39,91.0,West,0.32,0.8,1031.83,0.0,0.0,0.0,32.4,IMELBO1849.csv
2023/02/20,07:54 AM,13.94,12.44,91.0,WNW,0.97,1.45,1031.83,0.0,0.0,0.0,57.3,IMELBO1849.csv
2023/02/20,07:59 AM,14.22,12.61,90.0,WNW,1.77,2.57,1032.17,0.0,0.0,0.0,72.4,IMELBO1849.csv
2023/02/20,08:04 AM,14.61,12.83,89.0,WNW,2.25,3.06,1031.83,0.0,0.0,0.0,66.8,IMELBO1849.csv
2023/02/20,08:09 AM,14.72,12.78,88.0,WNW,3.06,3.54,1031.83,0.0,0.0,0.0,75.5,IMELBO1849.csv
2023/02/20,08:14 AM,14.89,12.83,88.0,WNW,1.93,3.06,1032.17,0.0,0.0,0.0,75.8,IMELBO1849.csv
2023/02/20,08:19 AM,15.22,13.11,87.0,WNW,2.25,2.9,1032.17,0.0,0.0,1.0,112.7,IMELBO1849.csv
2023/02/20,08:24 AM,15.67,13.44,86.0,WNW,1.61,2.74,1032.51,0.0,0.0,1.0,150.0,IMELBO1849.csv
2023/02/20,08:29 AM,16.11,13.67,85.0,West,1.13,1.77,1032.51,0.0,0.0,1.0,108.4,IMELBO1849.csv
2023/02/20,08:34 AM,16.39,13.89,85.0,WSW,1.45,2.25,1032.51,0.0,0.0,1.0,191.7,IMELBO1849.csv
2023/02/20,08:39 AM,16.67,14.0,84.0,WSW,2.09,2.9,1032.51,0.0,0.0,2.0,218.1,IMELBO1849.csv
2023/02/20,08:44 AM,16.83,14.17,84.0,WSW,2.41,3.86,1032.51,0.0,0.0,2.0,204.3,IMELBO1849.csv
2023/02/20,08:49 AM,17.22,14.28,83.0,WSW,1.93,2.74,1032.51,0.0,0.0,2.0,236.4,IMELBO1849.csv
2023/02/20,08:54 AM,17.39,14.33,82.0,WNW,3.06,4.34,1032.85,0.0,0.0,2.0,258.0,IMELBO1849.csv
2023/02/20,08:59 AM,17.5,14.33,82.0,WNW,2.57,4.02,1032.85,0.0,0.0,2.0,269.4,IMELBO1849.csv
2023/02/20,09:04 AM,17.78,14.44,81.0,West,1.93,3.22,1032.51,0.0,0.0,2.0,269.8,IMELBO1849.csv
2023/02/20,09:09 AM,18.17,14.61,80.0,WSW,2.41,3.22,1032.51,0.0,0.0,2.0,294.1,IMELBO1849.csv
2023/02/20,09:14 AM,18.39,14.78,79.0,SW,2.57,3.86,1032.85,0.0,0.0,2.0,291.4,IMELBO1849.csv
2023/02/20,09:19 AM,18.5,14.83,79.0,WSW,2.57,3.7,1032.85,0.0,0.0,3.0,317.1,IMELBO1849.csv
2023/02/20,09:24 AM,18.83,15.17,79.0,WSW,1.77,2.57,1032.51,0.0,0.0,3.0,343.5,IMELBO1849.csv
2023/02/20,09:29 AM,19.17,15.22,78.0,WSW,1.61,2.57,1032.85,0.0,0.0,3.0,384.7,IMELBO1849.csv
2023/02/20,09:34 AM,19.28,15.28,78.0,WSW,1.77,2.9,1032.51,0.0,0.0,4.0,430.3,IMELBO1849.csv
2023/02/20,09:39 AM,19.44,15.28,77.0,SW,2.57,3.86,1032.85,0.0,0.0,4.0,479.7,IMELBO1849.csv
2023/02/20,09:44 AM,19.22,15.33,78.0,SSW,2.41,3.38,1033.19,0.0,0.0,3.0,380.3,IMELBO1849.csv
2023/02/20,09:49 AM,19.22,15.5,79.0,SW,3.54,4.99,1032.85,0.0,0.0,1.0,171.8,IMELBO1849.csv
2023/02/20,09:54 AM,19.11,15.39,79.0,SW,4.02,5.15,1032.85,0.0,0.0,2.0,261.1,IMELBO1849.csv
2023/02/20,09:59 AM,19.0,15.28,79.0,SSW,2.09,2.57,1032.85,0.0,0.0,5.0,533.5,IMELBO1849.csv
2023/02/20,10:04 AM,19.72,15.61,77.0,South,2.25,3.38,1032.85,0.0,0.0,6.0,619.0,IMELBO1849.csv
2023/02/20,10:09 AM,20.06,15.61,75.0,SW,5.95,7.72,1033.19,0.0,0.0,6.0,651.9,IMELBO1849.csv
2023/02/20,10:14 AM,20.0,15.5,75.0,SW,2.09,3.06,1032.85,0.0,0.0,2.0,237.7,IMELBO1849.csv
2023/02/20,10:19 AM,19.94,15.5,76.0,SW,3.86,5.15,1033.19,0.0,0.0,5.0,594.7,IMELBO1849.csv
2023/02/20,10:24 AM,20.22,15.44,74.0,SW,4.67,6.11,1033.19,0.0,0.0,5.0,596.9,IMELBO1849.csv
2023/02/20,10:29 AM,20.78,15.5,72.0,SE,3.86,5.31,1033.19,0.0,0.0,6.0,647.7,IMELBO1849.csv
2023/02/20,10:34 AM,21.28,15.67,70.0,SSW,2.41,3.38,1033.19,0.0,0.0,6.0,622.1,IMELBO1849.csv
2023/02/20,10:39 AM,21.89,15.67,68.0,SSW,2.41,3.38,1033.19,0.0,0.0,5.0,614.6,IMELBO1849.csv
2023/02/20,10:44 AM,22.06,15.78,68.0,South,4.18,6.28,1033.19,0.0,0.0,5.0,537.1,IMELBO1849.csv
2023/02/20,10:49 AM,22.33,15.89,67.0,SSE,3.54,4.83,1033.19,0.0,0.0,4.0,511.0,IMELBO1849.csv
2023/02/20,10:54 AM,22.06,15.72,67.0,SW,2.25,3.22,1033.19,0.0,0.0,5.0,552.2,IMELBO1849.csv
2023/02/20,10:59 AM,22.33,15.89,67.0,SW,4.02,5.63,1033.19,0.0,0.0,5.0,544.8,IMELBO1849.csv
2023/02/20,11:04 AM,22.28,16.0,68.0,SSW,4.67,6.11,1033.19,0.0,0.0,5.0,517.0,IMELBO1849.csv
2023/02/20,11:09 AM,22.33,16.06,67.0,SW,6.44,9.01,1033.19,0.0,0.0,5.0,595.5,IMELBO1849.csv
2023/02/20,11:14 AM,21.83,15.94,69.0,SW,6.6,8.53,1033.19,0.0,0.0,6.0,682.8,IMELBO1849.csv
2023/02/20,11:19 AM,21.72,15.94,70.0,SW,6.6,9.01,1033.19,0.0,0.0,6.0,711.4,IMELBO1849.csv
2023/02/20,11:24 AM,21.83,16.17,70.0,SW,4.67,6.11,1033.19,0.0,0.0,6.0,718.7,IMELBO1849.csv
2023/02/20,11:29 AM,22.28,16.28,69.0,SSW,5.15,6.92,1033.19,0.0,0.0,7.0,746.5,IMELBO1849.csv
2023/02/20,11:34 AM,22.5,16.33,68.0,South,4.34,5.95,1033.53,0.0,0.0,7.0,757.4,IMELBO1849.csv
2023/02/20,11:39 AM,22.56,16.33,68.0,South,4.83,6.76,1033.53,0.0,0.0,6.0,679.7,IMELBO1849.csv
2023/02/20,11:44 AM,22.44,16.28,68.0,SW,4.18,6.11,1033.53,0.0,0.0,6.0,682.4,IMELBO1849.csv
2023/02/20,11:49 AM,22.72,16.22,67.0,SSW,5.79,7.56,1033.53,0.0,0.0,6.0,677.6,IMELBO1849.csv
2023/02/20,11:54 AM,22.33,16.11,68.0,SW,6.28,8.21,1033.53,0.0,0.0,6.0,664.2,IMELBO1849.csv
2023/02/20,11:59 AM,22.5,16.17,67.0,WSW,4.02,5.15,1033.53,0.0,0.0,6.0,706.2,IMELBO1849.csv
2023/02/20,12:04 PM,22.56,16.17,67.0,SW,4.67,6.92,1033.53,0.0,0.0,6.0,701.5,IMELBO1849.csv
2023/02/20,12:09 PM,22.94,16.33,66.0,SSE,3.86,5.15,1033.86,0.0,0.0,6.0,695.4,IMELBO1849.csv
2023/02/20,12:14 PM,23.06,16.33,66.0,SSW,7.4,9.98,1033.86,0.0,0.0,6.0,707.5,IMELBO1849.csv
2023/02/20,12:19 PM,22.89,16.17,66.0,SSW,6.28,8.85,1033.53,0.0,0.0,6.0,699.3,IMELBO1849.csv
2023/02/20,12:24 PM,22.78,16.06,66.0,SSW,4.51,6.28,1033.86,0.0,0.0,7.0,727.4,IMELBO1849.csv
2023/02/20,12:29 PM,23.5,16.28,64.0,SSW,4.83,6.44,1033.53,0.0,0.0,7.0,740.0,IMELBO1849.csv
2023/02/20,12:34 PM,23.94,16.33,63.0,South,5.79,8.69,1033.53,0.0,0.0,7.0,729.6,IMELBO1849.csv
2023/02/20,12:39 PM,23.94,16.22,62.0,SW,4.67,5.95,1033.53,0.0,0.0,6.0,715.8,IMELBO1849.csv
2023/02/20,12:44 PM,23.67,16.06,62.0,SSW,4.83,6.6,1033.53,0.0,0.0,7.0,729.1,IMELBO1849.csv
2023/02/20,12:49 PM,23.67,16.0,62.0,SSW,6.6,8.69,1033.19,0.0,0.0,7.0,743.1,IMELBO1849.csv
2023/02/20,12:54 PM,23.61,15.83,62.0,SW,3.7,5.31,1033.19,0.0,0.0,7.0,745.6,IMELBO1849.csv
2023/02/20,12:59 PM,24.17,15.94,60.0,SSE,5.31,6.92,1033.19,0.0,0.0,7.0,743.9,IMELBO1849.csv
2023/02/20,01:04 PM,24.22,15.72,59.0,South,3.86,5.47,1033.19,0.0,0.0,6.0,718.7,IMELBO1849.csv
2023/02/20,01:09 PM,24.22,15.67,59.0,SSW,6.76,9.81,1033.53,0.0,0.0,6.0,713.1,IMELBO1849.csv
2023/02/20,01:14 PM,23.83,15.28,59.0,SSW,5.47,7.72,1033.19,0.0,0.0,7.0,729.6,IMELBO1849.csv
2023/02/20,01:19 PM,24.06,15.06,57.0,SSW,5.47,7.88,1033.19,0.0,0.0,7.0,763.9,IMELBO1849.csv
2023/02/20,01:24 PM,24.5,15.17,56.0,SSE,5.47,7.72,1033.19,0.0,0.0,7.0,778.2,IMELBO1849.csv
2023/02/20,01:29 PM,24.67,14.94,55.0,SSW,5.63,7.56,1033.19,0.0,0.0,7.0,773.4,IMELBO1849.csv
2023/02/20,01:34 PM,23.94,14.39,55.0,SW,4.99,6.76,1033.19,0.0,0.0,7.0,761.3,IMELBO1849.csv
2023/02/20,01:39 PM,24.83,14.5,53.0,SW,3.7,5.95,1033.19,0.0,0.0,7.0,755.2,IMELBO1849.csv
2023/02/20,01:44 PM,25.17,14.44,51.0,SW,5.63,7.4,1033.19,0.0,0.0,7.0,738.8,IMELBO1849.csv
2023/02/20,01:49 PM,24.89,13.94,50.0,South,6.28,8.21,1033.19,0.0,0.0,7.0,722.3,IMELBO1849.csv
2023/02/20,01:54 PM,24.94,13.83,50.0,SE,4.02,5.63,1032.85,0.0,0.0,6.0,704.9,IMELBO1849.csv
2023/02/20,01:59 PM,25.39,13.72,48.0,SE,3.86,6.11,1032.85,0.0,0.0,6.0,688.0,IMELBO1849.csv
2023/02/20,02:04 PM,25.83,13.67,47.0,SSE,3.86,5.31,1032.85,0.0,0.0,7.0,737.8,IMELBO1849.csv
2023/02/20,02:09 PM,26.11,13.72,46.0,SSE,3.7,5.47,1032.85,0.0,0.0,7.0,743.6,IMELBO1849.csv
2023/02/20,02:14 PM,25.94,13.5,46.0,South,3.86,5.31,1032.85,0.0,0.0,7.0,742.2,IMELBO1849.csv
2023/02/20,02:19 PM,25.94,13.33,46.0,SSW,4.02,5.47,1032.85,0.0,0.0,7.0,750.9,IMELBO1849.csv
2023/02/20,02:24 PM,25.72,13.11,46.0,SW,7.72,9.65,1032.85,0.0,0.0,7.0,753.1,IMELBO1849.csv
2023/02/20,02:29 PM,25.78,12.89,45.0,SW,4.99,6.6,1032.85,0.0,0.0,7.0,745.3,IMELBO1849.csv
2023/02/20,02:34 PM,26.06,13.06,45.0,SSW,3.54,4.99,1032.85,0.0,0.0,7.0,740.5,IMELBO1849.csv
2023/02/20,02:39 PM,26.78,13.39,44.0,ESE,3.38,4.51,1032.85,0.0,0.0,7.0,740.5,IMELBO1849.csv
2023/02/20,02:44 PM,26.67,13.78,45.0,SSE,5.95,8.85,1032.85,0.0,0.0,7.0,740.0,IMELBO1849.csv
2023/02/20,02:49 PM,26.44,13.56,45.0,South,2.25,3.38,1032.85,0.0,0.0,7.0,757.4,IMELBO1849.csv
2023/02/20,02:54 PM,26.72,14.06,46.0,SSW,6.11,8.04,1032.85,0.0,0.0,7.0,757.4,IMELBO1849.csv
2023/02/20,02:59 PM,26.39,13.89,46.0,SW,6.6,9.01,1032.85,0.0,0.0,7.0,742.6,IMELBO1849.csv
2023/02/20,03:04 PM,26.61,13.83,45.0,SW,5.95,8.04,1032.85,0.0,0.0,7.0,739.2,IMELBO1849.csv
2023/02/20,03:09 PM,26.33,13.94,46.0,SSW,5.31,7.56,1032.85,0.0,0.0,7.0,742.2,IMELBO1849.csv
2023/02/20,03:14 PM,26.83,14.33,46.0,ESE,3.86,5.15,1032.85,0.0,0.0,6.0,708.8,IMELBO1849.csv
2023/02/20,03:19 PM,27.0,14.56,47.0,SSE,5.31,7.4,1032.85,0.0,0.0,6.0,632.8,IMELBO1849.csv
2023/02/20,03:24 PM,26.94,14.5,46.0,South,3.22,4.83,1032.85,0.0,0.0,5.0,603.4,IMELBO1849.csv
2023/02/20,03:29 PM,27.17,14.89,47.0,South,4.67,7.56,1032.85,0.0,0.0,5.0,615.1,IMELBO1849.csv
2023/02/20,03:34 PM,27.39,14.33,45.0,WSW,3.54,5.31,1032.51,0.0,0.0,6.0,685.3,IMELBO1849.csv
2023/02/20,03:39 PM,27.22,14.67,46.0,South,6.28,8.53,1032.51,0.0,0.0,7.0,742.6,IMELBO1849.csv
2023/02/20,03:44 PM,26.67,14.28,47.0,SSW,7.4,9.81,1032.85,0.0,0.0,7.0,755.7,IMELBO1849.csv
2023/02/20,03:49 PM,26.39,14.83,49.0,SSW,5.47,7.72,1032.85,0.0,0.0,7.0,757.4,IMELBO1849.csv
2023/02/20,03:54 PM,26.83,15.11,49.0,NW,4.83,7.24,1032.85,0.0,0.0,7.0,754.3,IMELBO1849.csv
2023/02/20,03:59 PM,26.94,14.61,47.0,SSW,5.31,7.56,1032.85,0.0,0.0,7.0,754.0,IMELBO1849.csv
2023/02/20,04:04 PM,26.72,15.28,50.0,SSW,6.28,8.69,1032.51,0.0,0.0,7.0,731.3,IMELBO1849.csv
2023/02/20,04:09 PM,26.83,15.44,50.0,South,5.47,8.21,1032.85,0.0,0.0,6.0,693.7,IMELBO1849.csv
2023/02/20,04:14 PM,26.61,15.33,50.0,SSE,4.67,6.92,1032.85,0.0,0.0,7.0,727.9,IMELBO1849.csv
2023/02/20,04:19 PM,26.56,15.5,51.0,SSE,6.76,10.14,1032.85,0.0,0.0,7.0,747.0,IMELBO1849.csv
2023/02/20,04:24 PM,26.17,15.44,52.0,South,7.24,10.3,1032.85,0.0,0.0,7.0,743.6,IMELBO1849.csv
2023/02/20,04:29 PM,26.39,15.67,52.0,ESE,4.67,6.92,1032.85,0.0,0.0,7.0,720.6,IMELBO1849.csv
2023/02/20,04:34 PM,26.17,15.72,53.0,SSE,7.4,10.46,1032.85,0.0,0.0,6.0,712.2,IMELBO1849.csv
2023/02/20,04:39 PM,25.89,15.61,53.0,SSE,4.67,7.24,1032.85,0.0,0.0,6.0,719.6,IMELBO1849.csv
2023/02/20,04:44 PM,25.89,15.83,54.0,SSE,6.44,9.17,1032.85,0.0,0.0,6.0,657.2,IMELBO1849.csv
2023/02/20,04:49 PM,25.78,15.56,53.0,SSW,5.95,8.53,1032.85,0.0,0.0,6.0,687.5,IMELBO1849.csv
2023/02/20,04:54 PM,25.67,15.83,54.0,SSW,7.88,10.94,1032.85,0.0,0.0,6.0,685.0,IMELBO1849.csv
2023/02/20,04:59 PM,25.61,15.78,55.0,South,5.63,8.37,1032.85,0.0,0.0,6.0,668.0,IMELBO1849.csv
2023/02/20,05:04 PM,25.83,15.89,54.0,SSE,5.15,8.37,1033.19,0.0,0.0,6.0,622.1,IMELBO1849.csv
2023/02/20,05:09 PM,25.61,16.06,55.0,South,7.88,10.62,1033.19,0.0,0.0,5.0,603.4,IMELBO1849.csv
2023/02/20,05:14 PM,25.61,15.94,55.0,South,4.34,6.44,1033.19,0.0,0.0,5.0,574.4,IMELBO1849.csv
2023/02/20,05:19 PM,25.78,16.11,55.0,SSE,5.47,8.04,1033.19,0.0,0.0,5.0,540.0,IMELBO1849.csv
2023/02/20,05:24 PM,25.39,16.17,57.0,SSE,7.24,10.62,1033.19,0.0,0.0,4.0,476.7,IMELBO1849.csv
2023/02/20,05:29 PM,24.89,15.94,58.0,SSE,5.79,8.21,1033.19,0.0,0.0,3.0,388.7,IMELBO1849.csv
2023/02/20,05:34 PM,24.67,15.78,58.0,South,6.28,9.01,1033.19,0.0,0.0,4.0,410.8,IMELBO1849.csv
2023/02/20,05:39 PM,24.61,15.83,58.0,South,6.28,9.01,1033.19,0.0,0.0,4.0,411.7,IMELBO1849.csv
2023/02/20,05:44 PM,24.44,15.83,59.0,SSW,8.21,11.58,1033.19,0.0,0.0,3.0,376.9,IMELBO1849.csv
2023/02/20,05:49 PM,24.28,15.72,59.0,SSW,6.44,9.98,1033.19,0.0,0.0,3.0,362.1,IMELBO1849.csv
2023/02/20,05:54 PM,24.22,15.78,59.0,SSE,6.76,10.3,1033.19,0.0,0.0,3.0,333.5,IMELBO1849.csv
2023/02/20,05:59 PM,23.83,15.56,60.0,South,5.15,7.56,1033.19,0.0,0.0,3.0,338.3,IMELBO1849.csv
2023/02/20,06:04 PM,24.06,15.56,59.0,SSE,4.67,6.6,1033.19,0.0,0.0,3.0,338.3,IMELBO1849.csv
2023/02/20,06:09 PM,23.94,15.44,59.0,South,6.11,8.53,1033.19,0.0,0.0,3.0,315.4,IMELBO1849.csv
2023/02/20,06:14 PM,23.89,15.39,59.0,SE,5.15,7.08,1033.19,0.0,0.0,2.0,304.5,IMELBO1849.csv
2023/02/20,06:19 PM,23.83,15.5,60.0,South,5.47,8.04,1033.19,0.0,0.0,2.0,253.7,IMELBO1849.csv
2023/02/20,06:24 PM,23.44,15.44,61.0,SSW,8.21,11.91,1033.19,0.0,0.0,2.0,235.5,IMELBO1849.csv
2023/02/20,06:29 PM,23.17,15.22,61.0,SSE,7.24,10.46,1033.19,0.0,0.0,2.0,208.2,IMELBO1849.csv
2023/02/20,06:34 PM,22.94,14.94,61.0,SSW,4.99,6.6,1033.19,0.0,0.0,1.0,183.9,IMELBO1849.csv
2023/02/20,06:39 PM,23.17,15.0,60.0,SSW,7.08,10.94,1033.19,0.0,0.0,1.0,164.3,IMELBO1849.csv
2023/02/20,06:44 PM,22.83,14.78,60.0,South,6.76,9.98,1033.53,0.0,0.0,1.0,137.9,IMELBO1849.csv
2023/02/20,06:49 PM,22.44,14.61,61.0,SSW,8.37,12.55,1033.53,0.0,0.0,1.0,140.9,IMELBO1849.csv
2023/02/20,06:54 PM,22.28,14.39,61.0,SSW,7.56,10.62,1033.86,0.0,0.0,1.0,122.3,IMELBO1849.csv
2023/02/20,06:59 PM,22.28,14.61,62.0,South,8.37,11.58,1033.53,0.0,0.0,1.0,110.6,IMELBO1849.csv
2023/02/20,07:04 PM,22.06,14.72,63.0,SW,8.04,11.26,1033.53,0.0,0.0,0.0,73.7,IMELBO1849.csv
2023/02/20,07:09 PM,21.56,14.44,64.0,SSW,9.01,12.71,1033.86,0.0,0.0,0.0,64.6,IMELBO1849.csv
2023/02/20,07:14 PM,21.56,14.44,64.0,SW,7.4,9.81,1033.86,0.0,0.0,0.0,55.4,IMELBO1849.csv
2023/02/20,07:19 PM,21.28,14.5,65.0,SSW,8.85,11.91,1033.86,0.0,0.0,0.0,51.5,IMELBO1849.csv
2023/02/20,07:24 PM,21.17,14.44,65.0,SSW,7.56,10.14,1033.86,0.0,0.0,0.0,41.1,IMELBO1849.csv
2023/02/20,07:29 PM,21.28,14.5,65.0,SSW,6.92,9.17,1033.86,0.0,0.0,0.0,38.2,IMELBO1849.csv
2023/02/20,07:34 PM,21.06,14.44,66.0,SSW,7.08,10.14,1034.2,0.0,0.0,0.0,34.3,IMELBO1849.csv
2023/02/20,07:39 PM,20.83,14.44,67.0,SSW,7.88,10.78,1034.2,0.0,0.0,0.0,29.0,IMELBO1849.csv
2023/02/20,07:44 PM,20.72,14.44,67.0,SSW,7.56,10.62,1034.2,0.0,0.0,0.0,26.4,IMELBO1849.csv
2023/02/20,07:49 PM,20.67,14.44,67.0,SSW,6.76,9.17,1034.2,0.0,0.0,0.0,22.5,IMELBO1849.csv
2023/02/20,07:54 PM,20.5,14.39,68.0,SSW,6.44,8.53,1034.2,0.0,0.0,0.0,18.1,IMELBO1849.csv
2023/02/20,07:59 PM,20.44,14.44,69.0,SW,8.69,11.26,1034.2,0.0,0.0,0.0,14.7,IMELBO1849.csv
2023/02/20,08:04 PM,20.17,14.5,70.0,SW,8.85,11.26,1034.54,0.0,0.0,0.0,10.8,IMELBO1849.csv
2023/02/20,08:09 PM,20.0,14.39,70.0,SSW,9.65,12.87,1034.2,0.0,0.0,0.0,6.5,IMELBO1849.csv
2023/02/20,08:14 PM,19.94,14.33,70.0,SSW,6.92,9.98,1034.54,0.0,0.0,0.0,3.8,IMELBO1849.csv
2023/02/20,08:19 PM,19.78,14.39,71.0,SW,9.65,13.19,1034.54,0.0,0.0,0.0,1.2,IMELBO1849.csv
2023/02/20,08:24 PM,19.61,14.39,72.0,SW,9.17,12.55,1034.54,0.0,0.0,0.0,0.0,IMELBO1849.csv
2023/02/20,08:29 PM,19.56,14.44,73.0,SW,8.37,10.94,1034.54,0.0,0.0,0.0,0.0,IMELBO1849.csv
2023/02/20,08:34 PM,19.39,14.44,73.0,SW,7.72,9.98,1034.54,0.0,0.0,0.0,0.0,IMELBO1849.csv
2023/02/20,08:39 PM,19.39,14.67,74.0,SW,8.21,10.46,1034.88,0.0,0.0,0.0,0.0,IMELBO1849.csv
2023/02/20,08:44 PM,19.33,14.72,75.0,SSW,7.08,8.85,1034.88,0.0,0.0,0.0,0.0,IMELBO1849.csv
2023/02/20,08:49 PM,19.28,14.83,75.0,SW,6.44,9.01,1034.88,0.0,0.0,0.0,0.0,IMELBO1849.csv
2023/02/20,08:54 PM,19.11,14.83,76.0,SW,7.4,9.49,1034.88,0.0,0.0,0.0,0.0,IMELBO1849.csv
2023/02/20,08:59 PM,19.06,14.94,77.0,SW,6.44,8.69,1034.88,0.0,0.0,0.0,0.0,IMELBO1849.csv
2023/02/20,09:04 PM,19.0,14.89,77.0,SSW,5.63,7.72,1034.88,0.0,0.0,0.0,0.0,IMELBO1849.csv
2023/02/20,09:09 PM,19.06,15.06,77.0,SW,7.4,9.98,1035.22,0.0,0.0,0.0,0.0,IMELBO1849.csv
2023/02/20,09:14 PM,19.0,15.11,78.0,SW,7.24,9.65,1035.22,0.0,0.0,0.0,0.0,IMELBO1849.csv
2023/02/20,09:19 PM,19.0,15.11,78.0,SSW,5.47,7.08,1035.22,0.0,0.0,0.0,0.0,IMELBO1849.csv
2023/02/20,09:24 PM,19.0,15.11,78.0,SSW,4.67,6.92,1035.22,0.0,0.0,0.0,0.0,IMELBO1849.csv
2023/02/20,09:29 PM,19.0,15.11,78.0,SSW,7.72,10.3,1035.22,0.0,0.0,0.0,0.0,IMELBO1849.csv
2023/02/20,09:34 PM,19.0,15.17,78.0,SSW,7.56,10.14,1035.22,0.0,0.0,0.0,0.0,IMELBO1849.csv
2023/02/20,09:39 PM,18.89,15.17,79.0,SW,6.28,7.88,1035.22,0.0,0.0,0.0,0.0,IMELBO1849.csv
2023/02/20,09:44 PM,19.0,15.17,78.0,SSW,5.95,9.01,1035.22,0.0,0.0,0.0,0.0,IMELBO1849.csv
2023/02/20,09:49 PM,18.89,15.22,79.0,SSW,5.47,7.72,1035.22,0.0,0.0,0.0,0.0,IMELBO1849.csv
2023/02/20,09:54 PM,18.83,15.17,79.0,SSW,4.99,6.28,1035.56,0.0,0.0,0.0,0.0,IMELBO1849.csv
2023/02/20,09:59 PM,18.78,15.11,79.0,SW,5.95,7.88,1035.56,0.0,0.0,0.0,0.0,IMELBO1849.csv
2023/02/20,10:04 PM,18.78,15.11,79.0,SSW,4.67,6.11,1035.22,0.0,0.0,0.0,0.0,IMELBO1849.csv
2023/02/20,10:09 PM,18.72,15.0,79.0,SSW,4.83,7.08,1035.56,0.0,0.0,0.0,0.0,IMELBO1849.csv
2023/02/20,10:14 PM,18.72,15.0,79.0,SW,6.6,9.01,1035.9,0.0,0.0,0.0,0.0,IMELBO1849.csv
2023/02/20,10:19 PM,18.67,14.94,79.0,SW,4.99,6.6,1035.9,0.0,0.0,0.0,0.0,IMELBO1849.csv
2023/02/20,10:24 PM,18.61,14.89,79.0,SW,5.63,7.08,1035.9,0.0,0.0,0.0,0.0,IMELBO1849.csv
2023/02/20,10:29 PM,18.61,14.89,79.0,SW,5.31,7.08,1035.9,0.0,0.0,0.0,0.0,IMELBO1849.csv
2023/02/20,10:34 PM,18.61,14.89,79.0,SW,5.15,6.92,1035.9,0.0,0.0,0.0,0.0,IMELBO1849.csv
2023/02/20,10:39 PM,18.61,14.89,79.0,SW,5.31,6.76,1035.9,0.0,0.0,0.0,0.0,IMELBO1849.csv
2023/02/20,10:44 PM,18.61,14.89,79.0,SW,3.7,4.83,1036.24,0.0,0.0,0.0,0.0,IMELBO1849.csv
2023/02/20,10:49 PM,18.61,14.89,79.0,SW,3.22,4.34,1036.24,0.0,0.0,0.0,0.0,IMELBO1849.csv
2023/02/20,10:54 PM,18.61,14.89,79.0,SW,3.7,4.99,1036.24,0.0,0.0,0.0,0.0,IMELBO1849.csv
2023/02/20,10:59 PM,18.56,14.89,79.0,SW,5.15,6.6,1036.24,0.0,0.0,0.0,0.0,IMELBO1849.csv
2023/02/20,11:04 PM,18.5,14.94,80.0,SW,6.11,8.37,1036.24,0.0,0.0,0.0,0.0,IMELBO1849.csv
2023/02/20,11:09 PM,18.5,15.0,80.0,SW,3.86,5.15,1036.24,0.0,0.0,0.0,0.0,IMELBO1849.csv
2023/02/20,11:14 PM,18.5,15.0,80.0,SSW,3.22,4.34,1036.24,0.0,0.0,0.0,0.0,IMELBO1849.csv
2023/02/20,11:19 PM,18.5,15.0,80.0,SW,4.83,6.76,1036.24,0.0,0.0,0.0,0.0,IMELBO1849.csv
2023/02/20,11:24 PM,18.5,15.0,80.0,SSW,4.99,7.4,1036.24,0.0,0.0,0.0,0.0,IMELBO1849.csv
2023/02/20,11:29 PM,18.5,15.06,80.0,SW,5.95,8.04,1036.24,0.0,0.0,0.0,0.0,IMELBO1849.csv
2023/02/20,11:34 PM,18.39,15.11,81.0,SW,4.51,5.63,1036.24,0.0,0.0,0.0,0.0,IMELBO1849.csv
2023/02/20,11:39 PM,18.39,15.11,81.0,SW,4.34,5.47,1036.24,0.0,0.0,0.0,0.0,IMELBO1849.csv
2023/02/20,11:44 PM,18.39,15.11,81.0,SSW,3.54,4.99,1036.24,0.0,0.0,0.0,0.0,IMELBO1849.csv
2023/02/20,11:49 PM,18.39,15.11,81.0,SW,4.83,6.44,1036.24,0.0,0.0,0.0,0.0,IMELBO1849.csv
2023/02/20,11:54 PM,18.39,15.11,81.0,SSW,3.86,5.79,1035.9,0.0,0.0,0.0,0.0,IMELBO1849.csv
2023/02/20,11:59 PM,18.39,15.11,81.0,SW,5.63,7.56,1036.24,0.0,0.0,0.0,0.0,IMELBO1849.csv
2023/02/21,12:04 AM,18.39,15.06,81.0,SW,5.31,7.08,1036.57,0.0,0.0,0.0,0.0,IMELBO1849.csv
2023/02/21,12:09 AM,18.39,14.89,80.0,SSW,5.47,6.92,1036.57,0.0,0.0,0.0,0.0,IMELBO1849.csv
2023/02/21,12:14 AM,18.39,14.89,80.0,SSW,3.7,4.99,1036.24,0.0,0.0,0.0,0.0,IMELBO1849.csv
2023/02/21,12:19 AM,18.33,14.83,80.0,SW,5.47,7.24,1036.24,0.0,0.0,0.0,0.0,IMELBO1849.csv
2023/02/21,12:24 AM,18.33,14.83,80.0,SSW,4.67,6.28,1036.24,0.0,0.0,0.0,0.0,IMELBO1849.csv
2023/02/21,12:29 AM,18.28,14.78,80.0,SSW,3.38,4.67,1036.24,0.0,0.0,0.0,0.0,IMELBO1849.csv
2023/02/21,12:34 AM,18.28,14.78,80.0,SW,3.7,4.99,1036.24,0.0,0.0,0.0,0.0,IMELBO1849.csv
2023/02/21,12:39 AM,18.28,14.78,80.0,SSW,1.93,2.74,1036.24,0.0,0.0,0.0,0.0,IMELBO1849.csv
2023/02/21,12:44 AM,18.28,14.78,80.0,SSW,3.22,4.51,1036.24,0.0,0.0,0.0,0.0,IMELBO1849.csv
2023/02/21,12:49 AM,18.28,14.78,80.0,South,2.57,3.7,1035.9,0.0,0.0,0.0,0.0,IMELBO1849.csv
2023/02/21,12:54 AM,18.22,14.78,80.0,SSW,4.34,5.31,1035.9,0.0,0.0,0.0,0.0,IMELBO1849.csv
2023/02/21,12:59 AM,18.22,14.83,81.0,South,2.09,3.38,1035.9,0.0,0.0,0.0,0.0,IMELBO1849.csv
2023/02/21,01:04 AM,18.22,14.89,81.0,South,1.77,2.57,1035.56,0.0,0.0,0.0,0.0,IMELBO1849.csv
2023/02/21,01:09 AM,18.22,14.89,81.0,SSW,3.86,5.31,1035.56,0.0,0.0,0.0,0.0,IMELBO1849.csv
2023/02/21,01:14 AM,18.22,14.89,81.0,SSW,3.86,5.15,1035.56,0.0,0.0,0.0,0.0,IMELBO1849.csv
2023/02/21,01:19 AM,18.17,14.83,81.0,SSW,4.18,5.31,1035.56,0.0,0.0,0.0,0.0,IMELBO1849.csv
2023/02/21,01:24 AM,18.11,14.78,81.0,SSW,4.34,5.63,1035.56,0.0,0.0,0.0,0.0,IMELBO1849.csv
2023/02/21,01:29 AM,18.11,14.94,82.0,SSW,1.93,2.57,1035.56,0.0,0.0,0.0,0.0,IMELBO1849.csv
2023/02/21,01:34 AM,18.0,14.89,82.0,South,1.61,2.25,1035.22,0.0,0.0,0.0,0.0,IMELBO1849.csv
2023/02/21,01:39 AM,18.0,14.89,82.0,SSW,2.57,3.22,1035.56,0.0,0.0,0.0,0.0,IMELBO1849.csv
2023/02/21,01:44 AM,18.0,14.89,82.0,SW,3.06,3.86,1035.56,0.0,0.0,0.0,0.0,IMELBO1849.csv
2023/02/21,01:49 AM,18.0,14.89,82.0,SSW,3.22,4.18,1035.56,0.0,0.0,0.0,0.0,IMELBO1849.csv
2023/02/21,01:54 AM,17.94,14.83,82.0,SSW,2.74,3.54,1035.56,0.0,0.0,0.0,0.0,IMELBO1849.csv
2023/02/21,01:59 AM,17.89,14.78,82.0,SSW,2.57,3.22,1035.22,0.0,0.0,0.0,0.0,IMELBO1849.csv
2023/02/21,02:04 AM,17.89,14.78,82.0,SSW,3.7,4.83,1035.56,0.0,0.0,0.0,0.0,IMELBO1849.csv
2023/02/21,02:09 AM,17.89,14.78,82.0,SSW,1.61,2.57,1035.22,0.0,0.0,0.0,0.0,IMELBO1849.csv
2023/02/21,02:14 AM,17.89,14.78,82.0,South,1.93,2.57,1035.22,0.0,0.0,0.0,0.0,IMELBO1849.csv
2023/02/21,02:19 AM,17.89,14.78,82.0,SSW,3.06,4.18,1035.56,0.0,0.0,0.0,0.0,IMELBO1849.csv
2023/02/21,02:24 AM,17.89,14.78,82.0,SSW,3.06,4.18,1035.56,0.0,0.0,0.0,0.0,IMELBO1849.csv
2023/02/21,02:29 AM,17.83,14.78,82.0,SSW,2.74,3.86,1035.56,0.0,0.0,0.0,0.0,IMELBO1849.csv
2023/02/21,02:34 AM,17.78,14.72,82.0,SW,3.22,3.86,1035.56,0.0,0.0,0.0,0.0,IMELBO1849.csv
2023/02/21,02:39 AM,17.78,14.56,81.0,SW,3.7,4.34,1035.56,0.0,0.0,0.0,0.0,IMELBO1849.csv
2023/02/21,02:44 AM,17.72,14.61,82.0,SW,2.09,2.9,1035.22,0.0,0.0,0.0,0.0,IMELBO1849.csv
2023/02/21,02:49 AM,17.78,14.61,82.0,SW,1.29,1.93,1035.22,0.0,0.0,0.0,0.0,IMELBO1849.csv
2023/02/21,02:54 AM,17.72,14.61,82.0,SW,2.9,3.86,1035.56,0.0,0.0,0.0,0.0,IMELBO1849.csv
2023/02/21,02:59 AM,17.72,14.61,82.0,SW,2.25,2.9,1035.56,0.0,0.0,0.0,0.0,IMELBO1849.csv
2023/02/21,03:04 AM,17.67,14.56,82.0,WSW,2.57,3.38,1035.56,0.0,0.0,0.0,0.0,IMELBO1849.csv
2023/02/21,03:09 AM,17.5,14.61,83.0,WSW,2.41,2.9,1035.56,0.0,0.0,0.0,0.0,IMELBO1849.csv
2023/02/21,03:14 AM,17.5,14.61,83.0,WSW,2.9,3.54,1035.56,0.0,0.0,0.0,0.0,IMELBO1849.csv
2023/02/21,03:19 AM,17.5,14.61,83.0,WSW,1.61,2.09,1035.56,0.0,0.0,0.0,0.0,IMELBO1849.csv
2023/02/21,03:24 AM,17.56,14.67,83.0,SW,2.41,3.54,1035.9,0.0,0.0,0.0,0.0,IMELBO1849.csv
2023/02/21,03:29 AM,17.61,14.72,83.0,WSW,1.77,2.41,1035.9,0.0,0.0,0.0,0.0,IMELBO1849.csv
2023/02/21,03:34 AM,17.61,14.72,83.0,SW,2.9,4.18,1035.56,0.0,0.0,0.0,0.0,IMELBO1849.csv
2023/02/21,03:39 AM,17.67,14.72,83.0,SSW,2.25,3.06,1035.56,0.0,0.0,0.0,0.0,IMELBO1849.csv
2023/02/21,03:44 AM,17.72,14.78,83.0,SW,3.54,4.34,1035.9,0.0,0.0,0.0,0.0,IMELBO1849.csv
2023/02/21,03:49 AM,17.72,14.78,83.0,SW,2.25,3.22,1035.9,0.0,0.0,0.0,0.0,IMELBO1849.csv
2023/02/21,03:54 AM,17.72,14.83,83.0,SW,2.25,2.9,1035.9,0.0,0.0,0.0,0.0,IMELBO1849.csv
2023/02/21,03:59 AM,17.78,14.89,83.0,SW,1.93,2.41,1035.9,0.0,0.0,0.0,0.0,IMELBO1849.csv
2023/02/21,04:04 AM,17.78,14.83,83.0,SSW,4.34,5.79,1035.9,0.0,0.0,0.0,0.0,IMELBO1849.csv
2023/02/21,04:09 AM,18.0,14.83,82.0,South,4.34,5.79,1035.9,0.0,0.0,0.0,0.0,IMELBO1849.csv
2023/02/21,04:14 AM,18.17,14.83,81.0,SSW,3.22,4.34,1035.9,0.0,0.0,0.0,0.0,IMELBO1849.csv
2023/02/21,04:19 AM,18.22,14.89,81.0,South,5.63,7.56,1035.9,0.0,0.0,0.0,0.0,IMELBO1849.csv
2023/02/21,04:24 AM,18.22,14.89,81.0,South,2.74,4.02,1035.9,0.0,0.0,0.0,0.0,IMELBO1849.csv
2023/02/21,04:29 AM,18.22,14.89,81.0,SSE,2.09,3.06,1036.24,0.0,0.0,0.0,0.0,IMELBO1849.csv
2023/02/21,04:34 AM,18.22,14.89,81.0,SSW,5.47,7.72,1036.24,0.0,0.0,0.0,0.0,IMELBO1849.csv
2023/02/21,04:39 AM,18.22,14.89,81.0,SSW,4.99,6.92,1036.24,0.0,0.0,0.0,0.0,IMELBO1849.csv
2023/02/21,04:44 AM,18.22,14.83,81.0,South,3.86,5.47,1036.24,0.0,0.0,0.0,0.0,IMELBO1849.csv
2023/02/21,04:49 AM,18.22,14.72,80.0,SSW,4.18,5.79,1036.24,0.0,0.0,0.0,0.0,IMELBO1849.csv
2023/02/21,04:54 AM,18.28,15.0,81.0,South,5.15,7.56,1036.24,0.0,0.0,0.0,0.0,IMELBO1849.csv
2023/02/21,04:59 AM,18.28,15.0,81.0,SSW,3.54,5.15,1036.24,0.0,0.0,0.0,0.0,IMELBO1849.csv
2023/02/21,05:04 AM,18.28,15.0,81.0,SW,5.79,8.04,1036.24,0.0,0.0,0.0,0.0,IMELBO1849.csv
2023/02/21,05:09 AM,18.28,15.22,82.0,SSW,5.95,8.04,1036.24,0.0,0.0,0.0,0.0,IMELBO1849.csv
2023/02/21,05:14 AM,18.28,15.22,82.0,SSW,3.38,4.99,1036.24,0.0,0.0,0.0,0.0,IMELBO1849.csv
2023/02/21,05:19 AM,18.39,15.33,82.0,South,4.34,5.95,1036.24,0.0,0.0,0.0,0.0,IMELBO1849.csv
2023/02/21,05:24 AM,18.33,15.44,83.0,SSW,4.83,6.76,1036.57,0.0,0.0,0.0,0.0,IMELBO1849.csv
2023/02/21,05:29 AM,18.28,15.5,84.0,SSW,4.02,5.47,1036.57,0.0,0.0,0.0,0.0,IMELBO1849.csv
2023/02/21,05:34 AM,18.28,15.61,84.0,South,3.86,5.79,1036.57,0.0,0.0,0.0,0.0,IMELBO1849.csv
2023/02/21,05:39 AM,18.22,15.5,84.0,South,4.99,7.08,1036.57,0.0,0.0,0.0,0.0,IMELBO1849.csv
2023/02/21,05:44 AM,18.22,15.56,84.0,SSW,4.02,5.79,1036.91,0.0,0.0,0.0,0.0,IMELBO1849.csv
2023/02/21,05:49 AM,18.22,15.72,86.0,SSW,6.6,9.33,1036.91,0.0,0.0,0.0,0.0,IMELBO1849.csv
2023/02/21,05:54 AM,17.94,15.78,87.0,South,6.11,8.53,1036.91,0.0,0.0,0.0,0.0,IMELBO1849.csv
2023/02/21,05:59 AM,17.78,15.72,88.0,SSW,7.24,10.3,1036.91,0.0,0.0,0.0,0.0,IMELBO1849.csv
2023/02/21,06:04 AM,17.72,15.61,88.0,SSW,5.15,7.4,1036.91,0.0,0.0,0.0,0.0,IMELBO1849.csv
2023/02/21,06:09 AM,17.67,15.67,88.0,SSW,5.47,8.53,1036.91,0.0,0.0,0.0,0.0,IMELBO1849.csv
2023/02/21,06:14 AM,17.61,15.72,89.0,South,5.15,7.72,1037.25,0.0,0.0,0.0,0.0,IMELBO1849.csv
2023/02/21,06:19 AM,17.39,15.67,90.0,South,6.28,9.33,1037.25,0.0,0.0,0.0,0.0,IMELBO1849.csv
2023/02/21,06:24 AM,17.17,15.72,91.0,South,6.6,9.33,1037.59,0.0,0.0,0.0,0.0,IMELBO1849.csv
2023/02/21,06:29 AM,16.94,15.61,91.0,SSW,8.37,11.42,1037.59,0.0,0.0,0.0,0.0,IMELBO1849.csv
2023/02/21,06:34 AM,16.78,15.5,92.0,SW,6.44,9.98,1037.59,1.78,0.25,0.0,0.0,IMELBO1849.csv
2023/02/21,06:39 AM,16.72,15.39,92.0,SW,8.53,11.42,1037.59,1.78,0.25,0.0,0.0,IMELBO1849.csv
2023/02/21,06:44 AM,16.61,15.39,93.0,SSW,4.99,7.24,1037.93,1.78,0.25,0.0,0.0,IMELBO1849.csv
2023/02/21,06:49 AM,16.56,15.33,93.0,South,5.31,8.04,1037.93,1.27,0.51,0.0,0.0,IMELBO1849.csv
2023/02/21,06:54 AM,16.39,15.22,93.0,South,8.69,12.07,1037.59,1.27,0.51,0.0,0.0,IMELBO1849.csv
2023/02/21,06:59 AM,16.28,15.22,94.0,South,6.28,9.33,1037.93,1.27,0.51,0.0,0.0,IMELBO1849.csv
2023/02/21,07:04 AM,16.22,15.17,94.0,SSW,5.79,8.21,1038.27,0.0,0.51,0.0,0.4,IMELBO1849.csv
2023/02/21,07:09 AM,16.28,15.17,94.0,South,3.54,4.99,1038.27,1.78,0.76,0.0,1.2,IMELBO1849.csv
2023/02/21,07:14 AM,16.22,15.11,94.0,South,3.7,5.79,1038.27,1.78,0.76,0.0,2.1,IMELBO1849.csv
2023/02/21,07:19 AM,16.22,15.11,94.0,South,4.34,5.95,1038.27,1.78,0.76,0.0,4.3,IMELBO1849.csv
2023/02/21,07:24 AM,16.06,15.06,94.0,SSE,4.99,7.4,1038.27,0.0,0.76,0.0,8.6,IMELBO1849.csv
2023/02/21,07:29 AM,16.06,15.22,95.0,SSE,3.06,4.34,1038.61,0.0,0.76,0.0,17.7,IMELBO1849.csv
2023/02/21,07:34 AM,16.0,15.22,95.0,SSE,2.74,3.86,1038.61,0.0,0.76,0.0,25.6,IMELBO1849.csv
2023/02/21,07:39 AM,16.0,15.22,95.0,SSE,4.02,5.47,1038.27,0.0,0.76,0.0,27.7,IMELBO1849.csv
2023/02/21,07:44 AM,16.11,15.22,95.0,South,4.34,6.44,1038.61,0.0,0.76,0.0,28.6,IMELBO1849.csv
2023/02/21,07:49 AM,16.06,15.0,94.0,South,5.95,8.85,1038.61,0.0,0.76,0.0,20.8,IMELBO1849.csv
2023/02/21,07:54 AM,16.0,15.0,94.0,South,6.11,8.53,1038.61,0.0,0.76,0.0,23.4,IMELBO1849.csv
2023/02/21,07:59 AM,16.11,15.0,94.0,SSE,4.02,5.79,1038.94,0.0,0.76,0.0,17.3,IMELBO1849.csv
2023/02/21,08:04 AM,16.11,15.0,94.0,SSE,4.02,5.95,1039.28,0.0,0.76,0.0,19.5,IMELBO1849.csv
2023/02/21,08:09 AM,16.22,15.0,93.0,South,5.63,8.04,1038.94,0.0,0.76,0.0,40.2,IMELBO1849.csv
2023/02/21,08:14 AM,16.22,15.0,93.0,SSE,3.86,6.6,1039.28,0.0,0.76,0.0,46.4,IMELBO1849.csv
2023/02/21,08:19 AM,16.22,14.94,92.0,SSW,7.4,10.94,1039.28,0.0,0.76,0.0,44.7,IMELBO1849.csv
2023/02/21,08:24 AM,16.17,14.83,92.0,SSE,4.99,7.72,1039.28,0.0,0.76,0.0,39.9,IMELBO1849.csv
2023/02/21,08:29 AM,16.11,14.67,91.0,South,6.92,10.94,1039.28,0.0,0.76,0.0,30.3,IMELBO1849.csv
2023/02/21,08:34 AM,16.22,14.56,90.0,SSE,4.51,7.24,1039.28,0.0,0.76,0.0,24.2,IMELBO1849.csv
2023/02/21,08:39 AM,16.33,14.44,89.0,SSE,5.63,8.53,1039.28,0.0,0.76,0.0,27.7,IMELBO1849.csv
2023/02/21,08:44 AM,16.44,14.39,87.0,South,6.11,9.17,1039.28,0.0,0.76,0.0,45.9,IMELBO1849.csv
2023/02/21,08:49 AM,16.67,14.33,86.0,SSW,8.21,11.58,1039.62,0.0,0.76,0.0,49.8,IMELBO1849.csv
2023/02/21,08:54 AM,16.72,14.28,85.0,SSW,8.85,11.91,1039.62,0.0,0.76,0.0,53.3,IMELBO1849.csv
2023/02/21,08:59 AM,16.72,14.22,85.0,SSW,7.4,10.62,1039.62,0.0,0.76,0.0,59.8,IMELBO1849.csv
2023/02/21,09:04 AM,16.72,14.39,86.0,SSW,7.08,9.65,1039.96,0.0,0.76,0.0,48.9,IMELBO1849.csv
2023/02/21,09:09 AM,16.5,14.44,88.0,SSW,7.72,10.78,1039.96,0.0,0.76,0.0,50.7,IMELBO1849.csv
2023/02/21,09:14 AM,16.28,14.28,88.0,SSW,7.56,10.3,1039.96,0.0,0.76,0.0,53.3,IMELBO1849.csv
2023/02/21,09:19 AM,16.28,14.22,87.0,SSW,7.72,10.62,1040.3,0.0,0.76,0.0,56.3,IMELBO1849.csv
2023/02/21,09:24 AM,16.44,14.11,86.0,SSW,8.85,12.55,1040.3,0.0,0.76,0.0,55.4,IMELBO1849.csv
2023/02/21,09:29 AM,16.56,13.89,84.0,SSW,10.3,14.8,1039.96,0.0,0.76,0.0,55.4,IMELBO1849.csv
2023/02/21,09:34 AM,16.72,13.83,83.0,South,7.56,11.1,1040.3,0.0,0.76,0.0,55.4,IMELBO1849.csv
2023/02/21,09:39 AM,16.78,13.72,82.0,SSW,8.37,12.23,1040.64,0.0,0.76,0.0,61.5,IMELBO1849.csv
2023/02/21,09:44 AM,16.72,13.67,82.0,SSW,7.72,11.75,1040.64,0.0,0.76,0.0,70.2,IMELBO1849.csv
2023/02/21,09:49 AM,16.61,13.5,82.0,SSW,5.95,8.37,1040.64,0.0,0.76,0.0,83.7,IMELBO1849.csv
2023/02/21,09:54 AM,16.61,13.39,81.0,SSW,10.3,14.64,1040.3,0.0,0.76,1.0,106.7,IMELBO1849.csv
2023/02/21,09:59 AM,16.61,13.11,80.0,SSW,9.49,13.35,1040.64,0.0,0.76,1.0,121.0,IMELBO1849.csv
2023/02/21,10:04 AM,16.61,13.11,80.0,South,8.85,12.87,1040.3,0.0,0.76,1.0,130.5,IMELBO1849.csv
2023/02/21,10:09 AM,16.78,13.22,79.0,South,6.44,10.14,1040.64,0.0,0.76,1.0,131.4,IMELBO1849.csv
2023/02/21,10:14 AM,16.78,13.39,81.0,SSW,9.01,12.55,1040.64,0.0,0.76,1.0,130.5,IMELBO1849.csv
2023/02/21,10:19 AM,16.5,13.72,83.0,SSW,7.88,11.75,1040.64,0.0,0.76,1.0,133.1,IMELBO1849.csv
2023/02/21,10:24 AM,16.28,13.78,85.0,SSW,5.15,7.24,1040.64,0.0,0.76,1.0,115.7,IMELBO1849.csv
2023/02/21,10:29 AM,16.33,13.72,84.0,South,5.79,8.53,1040.64,0.0,0.76,1.0,125.8,IMELBO1849.csv
2023/02/21,10:34 AM,16.44,13.39,82.0,South,7.88,11.58,1040.64,0.0,0.76,1.0,117.4,IMELBO1849.csv
2023/02/21,10:39 AM,16.61,13.11,80.0,SSE,6.11,9.65,1040.64,0.0,0.76,1.0,123.6,IMELBO1849.csv
2023/02/21,10:44 AM,16.78,13.17,79.0,South,5.63,8.04,1040.98,0.0,0.76,1.0,137.9,IMELBO1849.csv
2023/02/21,10:49 AM,16.89,13.11,78.0,SSE,8.85,13.52,1040.98,0.0,0.76,1.0,134.4,IMELBO1849.csv
2023/02/21,10:54 AM,16.78,13.0,78.0,SSE,6.92,10.46,1040.98,0.0,0.76,1.0,172.6,IMELBO1849.csv
2023/02/21,10:59 AM,16.89,12.83,77.0,SE,7.08,10.94,1040.98,0.0,0.76,1.0,170.1,IMELBO1849.csv
2023/02/21,11:04 AM,16.89,12.78,77.0,SE,6.6,9.98,1040.98,0.0,0.76,1.0,174.8,IMELBO1849.csv
2023/02/21,11:09 AM,17.0,12.72,76.0,SSE,6.92,10.62,1040.98,0.0,0.76,1.0,175.2,IMELBO1849.csv
2023/02/21,11:14 AM,17.28,12.72,75.0,SSE,6.28,9.49,1040.98,0.0,0.76,2.0,204.3,IMELBO1849.csv
2023/02/21,11:19 AM,17.44,12.83,74.0,SSE,5.31,8.53,1040.98,0.0,0.76,2.0,214.7,IMELBO1849.csv
2023/02/21,11:24 AM,17.72,12.78,73.0,South,6.44,9.81,1040.98,0.0,0.76,2.0,215.6,IMELBO1849.csv
2023/02/21,11:29 AM,17.72,12.78,73.0,SE,5.15,7.4,1040.98,0.0,0.76,2.0,255.9,IMELBO1849.csv
2023/02/21,11:34 AM,17.72,12.67,72.0,South,8.04,10.94,1040.98,0.0,0.76,2.0,224.6,IMELBO1849.csv
2023/02/21,11:39 AM,17.72,12.61,72.0,SE,6.11,9.17,1040.98,0.0,0.76,1.0,193.4,IMELBO1849.csv
2023/02/21,11:44 AM,17.72,12.39,71.0,SE,4.83,7.08,1040.98,0.0,0.76,1.0,201.6,IMELBO1849.csv
2023/02/21,11:49 AM,17.78,12.33,70.0,South,7.72,11.91,1040.98,0.0,0.76,2.0,205.5,IMELBO1849.csv
2023/02/21,11:54 AM,17.78,12.28,70.0,SSW,9.33,13.68,1040.98,0.0,0.76,2.0,213.8,IMELBO1849.csv
2023/02/21,11:59 AM,17.78,12.17,70.0,South,9.65,15.77,1040.98,0.0,0.76,2.0,225.9,IMELBO1849.csv
2023/02/21,12:04 PM,17.78,12.06,69.0,South,10.14,16.25,1040.98,0.0,0.76,2.0,225.1,IMELBO1849.csv
2023/02/21,12:09 PM,17.78,12.0,69.0,SSE,6.92,10.3,1040.98,0.0,0.76,1.0,192.6,IMELBO1849.csv
2023/02/21,12:14 PM,17.89,12.0,68.0,SE,7.08,10.78,1040.98,0.0,0.76,2.0,235.0,IMELBO1849.csv
2023/02/21,12:19 PM,18.0,12.0,68.0,SSE,7.24,11.42,1040.98,0.0,0.76,2.0,215.6,IMELBO1849.csv
2023/02/21,12:24 PM,18.0,11.89,68.0,SSE,7.08,10.46,1040.98,0.0,0.76,2.0,203.8,IMELBO1849.csv
2023/02/21,12:29 PM,18.17,11.94,67.0,South,6.28,9.01,1040.98,0.0,0.76,2.0,222.0,IMELBO1849.csv
2023/02/21,12:34 PM,18.17,11.89,67.0,SSW,8.69,12.55,1040.98,0.0,0.76,2.0,276.7,IMELBO1849.csv
2023/02/21,12:39 PM,18.28,12.0,67.0,SE,5.79,8.37,1040.98,0.0,0.76,2.0,273.7,IMELBO1849.csv
2023/02/21,12:44 PM,18.39,11.89,66.0,SE,7.24,10.46,1040.98,0.0,0.76,3.0,360.9,IMELBO1849.csv
2023/02/21,12:49 PM,18.61,11.94,65.0,SE,5.79,9.49,1040.98,0.0,0.76,3.0,391.7,IMELBO1849.csv
2023/02/21,12:54 PM,18.94,12.06,64.0,South,8.85,12.71,1040.64,0.0,0.76,5.0,519.2,IMELBO1849.csv
2023/02/21,12:59 PM,18.78,11.89,64.0,SSE,8.69,12.87,1040.64,0.0,0.76,5.0,534.4,IMELBO1849.csv
2023/02/21,01:04 PM,19.11,11.78,62.0,South,8.21,12.39,1040.64,0.0,0.76,5.0,602.0,IMELBO1849.csv
2023/02/21,01:09 PM,19.28,11.67,61.0,SSE,8.21,11.42,1040.64,0.0,0.76,9.0,946.2,IMELBO1849.csv
2023/02/21,01:14 PM,19.83,11.61,59.0,SE,5.47,8.37,1040.64,0.0,0.76,8.0,842.9,IMELBO1849.csv
2023/02/21,01:19 PM,19.94,11.56,58.0,SSW,10.14,13.03,1040.64,0.0,0.76,7.0,814.3,IMELBO1849.csv
2023/02/21,01:24 PM,20.22,11.56,57.0,SSE,7.56,10.94,1040.3,0.0,0.76,7.0,823.8,IMELBO1849.csv
2023/02/21,01:29 PM,20.39,11.5,57.0,South,7.72,10.94,1040.3,0.0,0.76,7.0,759.1,IMELBO1849.csv
2023/02/21,01:34 PM,20.28,11.56,57.0,South,11.26,15.77,1040.64,0.0,0.76,7.0,721.4,IMELBO1849.csv
2023/02/21,01:39 PM,19.78,11.33,58.0,SSW,9.81,13.03,1040.3,0.0,0.76,6.0,698.4,IMELBO1849.csv
2023/02/21,01:44 PM,20.17,11.72,58.0,South,9.01,12.71,1040.64,0.0,0.76,6.0,677.1,IMELBO1849.csv
2023/02/21,01:49 PM,20.28,11.78,58.0,SSW,10.14,13.52,1040.3,0.0,0.76,7.0,725.3,IMELBO1849.csv
2023/02/21,01:54 PM,20.28,11.61,58.0,South,7.24,12.39,1040.3,0.0,0.76,6.0,700.1,IMELBO1849.csv
2023/02/21,01:59 PM,20.83,11.78,56.0,South,9.65,14.48,1040.3,0.0,0.76,6.0,694.5,IMELBO1849.csv
2023/02/21,02:04 PM,20.5,11.83,57.0,South,10.46,15.12,1040.3,0.0,0.76,7.0,782.1,IMELBO1849.csv
2023/02/21,02:09 PM,20.44,12.0,58.0,South,9.65,13.52,1040.64,0.0,0.76,7.0,807.7,IMELBO1849.csv
2023/02/21,02:14 PM,20.28,12.0,59.0,SSW,12.87,19.15,1040.3,0.0,0.76,8.0,827.6,IMELBO1849.csv
2023/02/21,02:19 PM,20.06,11.83,59.0,SSW,11.26,15.77,1040.3,0.0,0.76,8.0,859.8,IMELBO1849.csv
2023/02/21,02:24 PM,20.44,11.83,58.0,SSE,9.49,13.68,1040.64,0.0,0.76,8.0,841.5,IMELBO1849.csv
2023/02/21,02:29 PM,20.5,11.61,57.0,South,8.85,12.55,1040.3,0.0,0.76,7.0,732.2,IMELBO1849.csv
2023/02/21,02:34 PM,20.5,11.56,56.0,South,9.81,14.48,1040.3,0.0,0.76,6.0,713.1,IMELBO1849.csv
2023/02/21,02:39 PM,20.56,11.5,56.0,South,9.98,15.12,1040.3,0.0,0.76,7.0,733.5,IMELBO1849.csv
2023/02/21,02:44 PM,20.56,11.56,56.0,SSW,9.17,12.71,1040.3,0.0,0.76,7.0,744.8,IMELBO1849.csv
2023/02/21,02:49 PM,20.72,11.5,56.0,SSW,9.01,13.03,1040.3,0.0,0.76,7.0,767.4,IMELBO1849.csv
2023/02/21,02:54 PM,20.5,11.33,55.0,SSW,8.53,12.55,1040.3,0.0,0.76,7.0,725.7,IMELBO1849.csv
2023/02/21,02:59 PM,20.83,11.22,54.0,SSE,7.88,11.91,1040.3,0.0,0.76,6.0,671.9,IMELBO1849.csv
2023/02/21,03:04 PM,20.94,11.11,53.0,SSE,7.88,10.94,1040.3,0.0,0.76,6.0,681.9,IMELBO1849.csv
2023/02/21,03:09 PM,20.5,10.5,53.0,South,8.69,13.68,1040.3,0.0,0.76,7.0,740.0,IMELBO1849.csv
2023/02/21,03:14 PM,20.61,10.22,51.0,SSE,7.4,10.46,1039.96,0.0,0.76,7.0,735.2,IMELBO1849.csv
2023/02/21,03:19 PM,20.72,10.22,51.0,SW,9.17,12.07,1039.96,0.0,0.76,6.0,635.9,IMELBO1849.csv
2023/02/21,03:24 PM,20.22,9.89,51.0,SSW,12.23,16.57,1040.3,0.0,0.76,6.0,670.2,IMELBO1849.csv
2023/02/21,03:29 PM,20.67,9.89,50.0,SE,7.88,12.23,1040.3,0.0,0.76,6.0,697.9,IMELBO1849.csv
2023/02/21,03:34 PM,20.83,9.83,49.0,SSW,7.72,10.94,1040.3,0.0,0.76,6.0,711.0,IMELBO1849.csv
2023/02/21,03:39 PM,20.72,9.61,49.0,South,9.17,13.35,1039.96,0.0,0.76,7.0,735.2,IMELBO1849.csv
2023/02/21,03:44 PM,20.72,9.67,49.0,SSW,8.21,12.87,1039.62,0.0,0.76,7.0,747.3,IMELBO1849.csv
2023/02/21,03:49 PM,20.56,9.56,49.0,SSW,12.71,16.89,1039.62,0.0,0.76,7.0,770.3,IMELBO1849.csv
2023/02/21,03:54 PM,20.67,9.39,48.0,SSE,8.21,12.23,1039.62,0.0,0.76,7.0,770.8,IMELBO1849.csv
2023/02/21,03:59 PM,20.5,9.56,49.0,South,11.42,15.77,1039.62,0.0,0.76,7.0,751.3,IMELBO1849.csv
2023/02/21,04:04 PM,20.44,9.61,50.0,SSE,11.42,17.86,1039.62,0.0,0.76,5.0,590.4,IMELBO1849.csv
2023/02/21,04:09 PM,20.28,9.56,50.0,South,9.01,13.19,1039.62,0.0,0.76,6.0,696.7,IMELBO1849.csv
2023/02/21,04:14 PM,20.44,9.78,50.0,South,9.17,13.84,1039.62,0.0,0.76,7.0,809.5,IMELBO1849.csv
2023/02/21,04:19 PM,20.56,9.83,50.0,SSW,10.3,14.0,1039.28,0.0,0.76,7.0,818.5,IMELBO1849.csv
2023/02/21,04:24 PM,20.39,10.0,51.0,SSW,10.14,14.48,1039.28,0.0,0.76,7.0,791.3,IMELBO1849.csv
2023/02/21,04:29 PM,20.11,10.0,52.0,SW,14.64,20.6,1039.62,0.0,0.76,7.0,741.7,IMELBO1849.csv
2023/02/21,04:34 PM,20.06,10.0,52.0,SSW,11.1,16.09,1039.28,0.0,0.76,7.0,740.0,IMELBO1849.csv
2023/02/21,04:39 PM,20.56,10.33,52.0,SSW,10.14,13.84,1039.28,0.0,0.76,6.0,684.1,IMELBO1849.csv
2023/02/21,04:44 PM,20.06,10.17,53.0,SSW,11.42,15.45,1039.28,0.0,0.76,6.0,691.4,IMELBO1849.csv
2023/02/21,04:49 PM,20.22,10.28,53.0,SSW,12.87,17.54,1039.28,0.0,0.76,6.0,693.7,IMELBO1849.csv
2023/02/21,04:54 PM,19.78,10.06,53.0,South,11.26,16.57,1039.28,0.0,0.76,6.0,636.4,IMELBO1849.csv
2023/02/21,04:59 PM,19.78,10.06,53.0,SSE,8.04,12.71,1039.28,0.0,0.76,5.0,593.5,IMELBO1849.csv
2023/02/21,05:04 PM,20.11,10.17,53.0,South,10.14,14.32,1039.28,0.0,0.76,6.0,628.1,IMELBO1849.csv
2023/02/21,05:09 PM,19.94,10.06,53.0,SSW,10.94,15.29,1038.94,0.0,0.76,6.0,629.8,IMELBO1849.csv
2023/02/21,05:14 PM,19.78,10.0,53.0,South,12.23,17.38,1039.28,0.0,0.76,5.0,589.9,IMELBO1849.csv
2023/02/21,05:19 PM,19.83,9.94,53.0,SSW,11.42,15.12,1038.94,0.0,0.76,5.0,522.7,IMELBO1849.csv
2023/02/21,05:24 PM,19.78,10.06,53.0,South,9.81,13.52,1039.28,0.0,0.76,4.0,487.1,IMELBO1849.csv
2023/02/21,05:29 PM,19.83,9.94,53.0,SSW,9.81,13.35,1039.28,0.0,0.76,4.0,461.1,IMELBO1849.csv
2023/02/21,05:34 PM,19.72,9.94,53.0,SW,11.1,15.93,1039.28,0.0,0.76,4.0,443.7,IMELBO1849.csv
2023/02/21,05:39 PM,19.56,9.78,53.0,South,12.55,17.7,1039.28,0.0,0.76,3.0,392.9,IMELBO1849.csv
2023/02/21,05:44 PM,19.56,9.78,53.0,SSW,9.49,13.52,1039.28,0.0,0.76,3.0,356.1,IMELBO1849.csv
2023/02/21,05:49 PM,19.67,10.0,54.0,SSW,9.81,14.48,1039.28,0.0,0.76,3.0,357.0,IMELBO1849.csv
2023/02/21,05:54 PM,19.28,9.78,54.0,SW,12.07,16.41,1039.28,0.0,0.76,3.0,350.0,IMELBO1849.csv
2023/02/21,05:59 PM,19.33,9.72,54.0,SSW,9.33,14.8,1039.28,0.0,0.76,3.0,337.0,IMELBO1849.csv
2023/02/21,06:04 PM,19.44,9.83,54.0,South,9.81,14.48,1038.94,0.0,0.76,3.0,333.1,IMELBO1849.csv
2023/02/21,06:09 PM,19.33,9.83,54.0,South,9.49,12.87,1038.94,0.0,0.76,3.0,306.2,IMELBO1849.csv
2023/02/21,06:14 PM,19.22,9.94,55.0,SSE,11.91,16.73,1038.94,0.0,0.76,2.0,284.9,IMELBO1849.csv
2023/02/21,06:19 PM,19.11,9.67,54.0,SSW,10.62,14.64,1038.94,0.0,0.76,2.0,261.1,IMELBO1849.csv
2023/02/21,06:24 PM,18.89,9.78,55.0,SW,9.65,13.35,1038.94,0.0,0.76,2.0,232.9,IMELBO1849.csv
2023/02/21,06:29 PM,18.89,9.72,55.0,SW,11.42,15.77,1038.94,0.0,0.76,2.0,206.9,IMELBO1849.csv
2023/02/21,06:34 PM,19.06,9.61,54.0,SSW,7.24,10.14,1038.94,0.0,0.76,1.0,188.6,IMELBO1849.csv
2023/02/21,06:39 PM,19.17,9.67,54.0,South,7.24,11.75,1038.94,0.0,0.76,1.0,153.9,IMELBO1849.csv
2023/02/21,06:44 PM,19.06,9.83,55.0,SSW,8.85,12.87,1038.94,0.0,0.76,1.0,140.1,IMELBO1849.csv
2023/02/21,06:49 PM,18.78,9.78,56.0,SW,9.17,13.03,1038.94,0.0,0.76,1.0,138.4,IMELBO1849.csv
2023/02/21,06:54 PM,18.72,9.78,56.0,SSW,8.53,13.19,1039.28,0.0,0.76,1.0,133.6,IMELBO1849.csv
2023/02/21,06:59 PM,18.56,9.78,57.0,SSW,9.81,14.0,1039.28,0.0,0.76,1.0,121.4,IMELBO1849.csv
2023/02/21,07:04 PM,18.5,9.78,57.0,South,7.24,10.78,1038.94,0.0,0.76,0.0,71.6,IMELBO1849.csv
2023/02/21,07:09 PM,18.33,9.67,57.0,SSW,11.75,16.41,1038.94,0.0,0.76,0.0,59.3,IMELBO1849.csv
2023/02/21,07:14 PM,18.0,9.61,58.0,SW,11.91,16.25,1039.28,0.0,0.76,0.0,53.7,IMELBO1849.csv
2023/02/21,07:19 PM,17.83,9.67,59.0,SW,9.17,12.71,1039.28,0.0,0.76,0.0,50.3,IMELBO1849.csv
2023/02/21,07:24 PM,17.72,9.44,58.0,SSW,10.46,14.48,1038.94,0.0,0.76,0.0,34.6,IMELBO1849.csv
2023/02/21,07:29 PM,17.67,9.56,59.0,SSW,7.88,11.58,1038.94,0.0,0.76,0.0,32.9,IMELBO1849.csv
2023/02/21,07:34 PM,17.72,9.5,59.0,SSW,8.21,11.42,1039.28,0.0,0.76,0.0,30.7,IMELBO1849.csv
2023/02/21,07:39 PM,17.61,9.39,59.0,SSW,7.08,9.81,1039.28,0.0,0.76,0.0,24.2,IMELBO1849.csv
2023/02/21,07:44 PM,17.56,9.39,59.0,SSW,7.08,9.65,1039.28,0.0,0.76,0.0,22.0,IMELBO1849.csv
2023/02/21,07:49 PM,17.39,9.11,58.0,South,7.72,10.78,1038.94,0.0,0.76,0.0,17.7,IMELBO1849.csv
2023/02/21,07:54 PM,17.28,9.11,59.0,SW,11.1,14.8,1038.94,0.0,0.76,0.0,15.2,IMELBO1849.csv
2023/02/21,07:59 PM,17.22,9.11,59.0,SSW,8.53,11.75,1038.94,0.0,0.76,0.0,12.1,IMELBO1849.csv
2023/02/21,08:04 PM,17.11,9.22,60.0,SSW,7.72,11.58,1039.28,0.0,0.76,0.0,9.1,IMELBO1849.csv
2023/02/21,08:09 PM,17.0,9.28,60.0,SW,8.37,11.75,1039.28,0.0,0.76,0.0,5.6,IMELBO1849.csv
2023/02/21,08:14 PM,16.89,9.28,61.0,SSW,8.21,11.75,1039.28,0.0,0.76,0.0,2.9,IMELBO1849.csv
2023/02/21,08:19 PM,16.83,9.56,62.0,SSW,5.15,7.72,1039.28,0.0,0.76,0.0,1.2,IMELBO1849.csv
2023/02/21,08:24 PM,16.89,9.72,63.0,SSW,9.01,12.55,1039.28,0.0,0.76,0.0,0.0,IMELBO1849.csv
2023/02/21,08:29 PM,16.78,10.17,65.0,SW,8.37,11.26,1039.28,0.0,0.76,0.0,0.0,IMELBO1849.csv
2023/02/21,08:34 PM,16.78,10.39,66.0,SW,7.72,10.3,1039.28,0.0,0.76,0.0,0.0,IMELBO1849.csv
2023/02/21,08:39 PM,16.78,10.61,67.0,SSW,7.24,9.98,1039.28,0.0,0.76,0.0,0.0,IMELBO1849.csv
2023/02/21,08:44 PM,16.78,10.83,68.0,SW,8.21,11.42,1039.28,0.0,0.76,0.0,0.0,IMELBO1849.csv
2023/02/21,08:49 PM,16.78,11.11,69.0,SSW,5.47,8.04,1039.28,0.0,0.76,0.0,0.0,IMELBO1849.csv
2023/02/21,08:54 PM,16.78,11.28,70.0,SSW,6.44,9.49,1039.28,0.0,0.76,0.0,0.0,IMELBO1849.csv
2023/02/21,08:59 PM,16.89,11.56,71.0,SW,8.53,11.42,1039.62,0.0,0.76,0.0,0.0,IMELBO1849.csv
2023/02/21,09:04 PM,16.89,11.72,72.0,SW,8.21,11.26,1039.62,0.0,0.76,0.0,0.0,IMELBO1849.csv
2023/02/21,09:09 PM,16.83,11.78,72.0,SW,7.88,10.94,1039.28,0.0,0.76,0.0,0.0,IMELBO1849.csv
2023/02/21,09:14 PM,16.78,11.89,73.0,SSW,7.72,9.81,1039.62,0.0,0.76,0.0,0.0,IMELBO1849.csv
2023/02/21,09:19 PM,16.83,11.94,73.0,SW,6.44,8.37,1039.62,0.0,0.76,0.0,0.0,IMELBO1849.csv
2023/02/21,09:24 PM,16.89,12.0,73.0,SSW,6.44,9.01,1039.62,0.0,0.76,0.0,0.0,IMELBO1849.csv
2023/02/21,09:29 PM,16.83,12.28,74.0,SW,5.95,7.56,1039.62,0.0,0.76,0.0,0.0,IMELBO1849.csv
2023/02/21,09:34 PM,16.78,12.22,74.0,SW,6.76,8.53,1039.62,0.0,0.76,0.0,0.0,IMELBO1849.csv
2023/02/21,09:39 PM,16.78,12.39,75.0,SW,5.95,7.72,1039.62,0.0,0.76,0.0,0.0,IMELBO1849.csv
2023/02/21,09:44 PM,16.78,12.39,75.0,SW,7.56,9.98,1039.62,0.0,0.76,0.0,0.0,IMELBO1849.csv
2023/02/21,09:49 PM,16.72,12.39,76.0,SW,6.11,7.88,1039.62,0.0,0.76,0.0,0.0,IMELBO1849.csv
2023/02/21,09:54 PM,16.72,12.44,76.0,SW,5.63,7.56,1039.62,0.0,0.76,0.0,0.0,IMELBO1849.csv
2023/02/21,09:59 PM,16.72,12.61,77.0,SW,5.47,7.08,1039.28,0.0,0.76,0.0,0.0,IMELBO1849.csv
2023/02/21,10:04 PM,16.67,12.56,77.0,SSW,4.83,6.44,1039.28,0.0,0.76,0.0,0.0,IMELBO1849.csv
2023/02/21,10:09 PM,16.67,12.83,78.0,SW,5.79,7.08,1039.28,0.0,0.76,0.0,0.0,IMELBO1849.csv
2023/02/21,10:14 PM,16.61,12.78,78.0,SSW,4.18,5.63,1039.28,0.0,0.76,0.0,0.0,IMELBO1849.csv
2023/02/21,10:19 PM,16.61,12.83,78.0,SW,2.57,3.22,1039.28,0.0,0.76,0.0,0.0,IMELBO1849.csv
2023/02/21,10:24 PM,16.56,12.94,79.0,SW,3.86,5.15,1038.94,0.0,0.76,0.0,0.0,IMELBO1849.csv
2023/02/21,10:29 PM,16.61,13.0,79.0,SW,2.57,3.54,1039.28,0.0,0.76,0.0,0.0,IMELBO1849.csv
2023/02/21,10:34 PM,16.5,12.89,79.0,SW,3.54,5.15,1038.94,0.0,0.76,0.0,0.0,IMELBO1849.csv
2023/02/21,10:39 PM,16.61,12.94,79.0,SSW,2.57,4.02,1038.94,0.0,0.76,0.0,0.0,IMELBO1849.csv
2023/02/21,10:44 PM,16.78,12.67,77.0,SSW,3.7,5.15,1038.94,0.0,0.76,0.0,0.0,IMELBO1849.csv
2023/02/21,10:49 PM,16.94,12.56,75.0,SSE,3.22,4.83,1038.94,0.0,0.76,0.0,0.0,IMELBO1849.csv
2023/02/21,10:54 PM,16.89,12.28,74.0,South,2.9,4.34,1038.94,0.0,0.76,0.0,0.0,IMELBO1849.csv
2023/02/21,10:59 PM,16.89,12.22,74.0,South,2.25,3.54,1038.94,0.0,0.76,0.0,0.0,IMELBO1849.csv
2023/02/21,11:04 PM,16.83,12.06,73.0,SSE,1.93,3.22,1038.94,0.0,0.76,0.0,0.0,IMELBO1849.csv
2023/02/21,11:09 PM,16.78,11.94,73.0,South,1.93,3.06,1038.94,0.0,0.76,0.0,0.0,IMELBO1849.csv
2023/02/21,11:14 PM,16.78,12.06,74.0,South,2.41,3.54,1038.94,0.0,0.76,0.0,0.0,IMELBO1849.csv
2023/02/21,11:19 PM,16.78,12.17,74.0,South,3.22,4.83,1038.94,0.0,0.76,0.0,0.0,IMELBO1849.csv
2023/02/21,11:24 PM,16.78,12.22,74.0,South,2.09,3.38,1038.94,0.0,0.76,0.0,0.0,IMELBO1849.csv
2023/02/21,11:29 PM,16.72,12.22,75.0,South,3.38,4.83,1038.61,0.0,0.76,0.0,0.0,IMELBO1849.csv
2023/02/21,11:34 PM,16.72,12.28,75.0,South,2.09,3.54,1038.94,0.0,0.76,0.0,0.0,IMELBO1849.csv
2023/02/21,11:39 PM,16.61,12.28,76.0,SSE,3.06,4.18,1038.61,0.0,0.76,0.0,0.0,IMELBO1849.csv
2023/02/21,11:44 PM,16.56,12.28,76.0,South,2.74,4.02,1038.61,0.0,0.76,0.0,0.0,IMELBO1849.csv
2023/02/21,11:49 PM,16.5,12.28,76.0,South,3.06,4.18,1038.94,0.0,0.76,0.0,0.0,IMELBO1849.csv
2023/02/21,11:54 PM,16.39,12.28,77.0,South,2.9,3.86,1038.94,0.0,0.76,0.0,0.0,IMELBO1849.csv
2023/02/21,11:59 PM,16.33,12.28,77.0,SSE,2.9,4.51,1038.61,0.0,0.76,0.0,0.0,IMELBO1849.csv
2023/02/22,12:04 AM,16.28,12.22,77.0,SSE,2.41,3.38,1038.61,0.0,0.0,0.0,0.0,IMELBO1849.csv
2023/02/22,12:09 AM,16.17,12.33,78.0,South,2.09,3.38,1038.61,0.0,0.0,0.0,0.0,IMELBO1849.csv
2023/02/22,12:14 AM,16.11,12.28,78.0,South,2.41,3.54,1038.61,0.0,0.0,0.0,0.0,IMELBO1849.csv
2023/02/22,12:19 AM,16.11,12.28,78.0,South,2.74,3.54,1038.61,0.0,0.0,0.0,0.0,IMELBO1849.csv
2023/02/22,12:24 AM,16.06,12.22,78.0,South,2.9,4.02,1038.61,0.0,0.0,0.0,0.0,IMELBO1849.csv
2023/02/22,12:29 AM,16.0,12.22,78.0,South,3.22,4.67,1038.61,0.0,0.0,0.0,0.0,IMELBO1849.csv
2023/02/22,12:34 AM,15.94,12.17,78.0,SSE,2.74,4.18,1038.61,0.0,0.0,0.0,0.0,IMELBO1849.csv
2023/02/22,12:39 AM,15.89,12.11,78.0,SSE,1.77,2.57,1038.27,0.0,0.0,0.0,0.0,IMELBO1849.csv
2023/02/22,12:44 AM,15.78,12.06,78.0,SSE,2.41,3.7,1038.27,0.0,0.0,0.0,0.0,IMELBO1849.csv
2023/02/22,12:49 AM,15.72,12.11,79.0,South,2.09,2.9,1038.27,0.0,0.0,0.0,0.0,IMELBO1849.csv
2023/02/22,12:54 AM,15.72,12.11,79.0,South,1.93,3.06,1038.27,0.0,0.0,0.0,0.0,IMELBO1849.csv
2023/02/22,12:59 AM,15.72,12.11,79.0,South,1.61,2.57,1038.27,0.0,0.0,0.0,0.0,IMELBO1849.csv
2023/02/22,01:04 AM,15.67,12.06,79.0,SSE,1.45,2.09,1038.27,0.0,0.0,0.0,0.0,IMELBO1849.csv
2023/02/22,01:09 AM,15.61,12.0,79.0,SSE,0.97,1.77,1038.27,0.0,0.0,0.0,0.0,IMELBO1849.csv
2023/02/22,01:14 AM,15.5,11.89,79.0,SSE,0.8,1.29,1038.27,0.0,0.0,0.0,0.0,IMELBO1849.csv
2023/02/22,01:19 AM,15.56,11.94,79.0,South,1.61,2.74,1038.27,0.0,0.0,0.0,0.0,IMELBO1849.csv
2023/02/22,01:24 AM,15.61,12.0,79.0,SSE,1.29,2.25,1038.27,0.0,0.0,0.0,0.0,IMELBO1849.csv
2023/02/22,01:29 AM,15.61,12.0,79.0,SE,1.61,2.74,1038.27,0.0,0.0,0.0,0.0,IMELBO1849.csv
2023/02/22,01:34 AM,15.5,12.06,80.0,ESE,1.45,1.93,1038.27,0.0,0.0,0.0,0.0,IMELBO1849.csv
2023/02/22,01:39 AM,15.5,12.11,80.0,SE,1.77,2.57,1038.27,0.0,0.0,0.0,0.0,IMELBO1849.csv
2023/02/22,01:44 AM,15.5,12.11,80.0,ESE,2.25,3.54,1038.27,0.0,0.0,0.0,0.0,IMELBO1849.csv
2023/02/22,01:49 AM,15.44,12.06,80.0,SSE,0.64,1.29,1038.27,0.0,0.0,0.0,0.0,IMELBO1849.csv
2023/02/22,01:54 AM,15.33,11.94,80.0,SSE,0.8,1.45,1037.93,0.0,0.0,0.0,0.0,IMELBO1849.csv
2023/02/22,01:59 AM,15.22,11.94,81.0,SSE,0.32,1.13,1037.93,0.0,0.0,0.0,0.0,IMELBO1849.csv
2023/02/22,02:04 AM,15.11,11.89,81.0,SSE,0.0,0.0,1037.93,0.0,0.0,0.0,0.0,IMELBO1849.csv
2023/02/22,02:09 AM,15.11,11.89,81.0,SSE,0.16,0.48,1037.93,0.0,0.0,0.0,0.0,IMELBO1849.csv
2023/02/22,02:14 AM,14.83,11.67,81.0,SSE,0.0,0.0,1037.93,0.0,0.0,0.0,0.0,IMELBO1849.csv
2023/02/22,02:19 AM,14.72,11.72,82.0,SSE,0.0,0.0,1037.93,0.0,0.0,0.0,0.0,IMELBO1849.csv
2023/02/22,02:24 AM,14.44,11.5,82.0,SSE,0.0,0.0,1037.59,0.0,0.0,0.0,0.0,IMELBO1849.csv
2023/02/22,02:29 AM,14.33,11.5,83.0,SSE,0.0,0.16,1037.59,0.0,0.0,0.0,0.0,IMELBO1849.csv
2023/02/22,02:34 AM,14.22,11.39,83.0,SSE,0.0,0.0,1037.59,0.0,0.0,0.0,0.0,IMELBO1849.csv
2023/02/22,02:39 AM,14.0,11.28,84.0,SSE,0.0,0.0,1037.93,0.0,0.0,0.0,0.0,IMELBO1849.csv
2023/02/22,02:44 AM,13.78,11.11,84.0,SSE,0.0,0.32,1037.59,0.0,0.0,0.0,0.0,IMELBO1849.csv
2023/02/22,02:49 AM,13.72,11.22,85.0,SSE,0.16,0.48,1037.59,0.0,0.0,0.0,0.0,IMELBO1849.csv
2023/02/22,02:54 AM,13.72,11.22,85.0,SSE,0.16,0.48,1037.59,0.0,0.0,0.0,0.0,IMELBO1849.csv
2023/02/22,02:59 AM,13.61,11.11,85.0,SSE,0.8,1.45,1037.25,0.0,0.0,0.0,0.0,IMELBO1849.csv
2023/02/22,03:04 AM,13.56,11.06,85.0,SSW,2.41,3.06,1037.59,0.0,0.0,0.0,0.0,IMELBO1849.csv
2023/02/22,03:09 AM,13.44,10.94,85.0,SSW,3.22,4.02,1037.25,0.0,0.0,0.0,0.0,IMELBO1849.csv
2023/02/22,03:14 AM,13.33,10.83,85.0,SW,3.22,3.86,1037.25,0.0,0.0,0.0,0.0,IMELBO1849.csv
2023/02/22,03:19 AM,13.28,10.89,86.0,SW,3.22,4.18,1037.25,0.0,0.0,0.0,0.0,IMELBO1849.csv
2023/02/22,03:24 AM,13.17,10.83,86.0,SW,1.93,2.41,1037.25,0.0,0.0,0.0,0.0,IMELBO1849.csv
2023/02/22,03:29 AM,13.06,10.78,86.0,SW,1.77,2.57,1037.25,0.0,0.0,0.0,0.0,IMELBO1849.csv
2023/02/22,03:34 AM,13.0,10.72,86.0,SW,1.61,2.25,1036.91,0.0,0.0,0.0,0.0,IMELBO1849.csv
2023/02/22,03:39 AM,12.89,10.61,86.0,SW,1.93,2.9,1036.91,0.0,0.0,0.0,0.0,IMELBO1849.csv
2023/02/22,03:44 AM,12.89,10.61,86.0,SW,1.77,2.41,1036.91,0.0,0.0,0.0,0.0,IMELBO1849.csv
2023/02/22,03:49 AM,12.78,10.72,87.0,SW,1.77,2.9,1036.91,0.0,0.0,0.0,0.0,IMELBO1849.csv
2023/02/22,03:54 AM,12.78,10.72,87.0,SW,2.41,3.38,1036.91,0.0,0.0,0.0,0.0,IMELBO1849.csv
2023/02/22,03:59 AM,12.78,10.72,87.0,SW,3.38,4.51,1036.91,0.0,0.0,0.0,0.0,IMELBO1849.csv
2023/02/22,04:04 AM,12.78,10.72,87.0,WSW,3.86,4.99,1036.91,0.0,0.0,0.0,0.0,IMELBO1849.csv
2023/02/22,04:09 AM,12.72,10.61,87.0,West,4.51,5.31,1036.91,0.0,0.0,0.0,0.0,IMELBO1849.csv
2023/02/22,04:14 AM,12.72,10.61,87.0,WNW,4.18,5.15,1036.91,0.0,0.0,0.0,0.0,IMELBO1849.csv
2023/02/22,04:19 AM,12.72,10.67,87.0,WNW,4.34,5.47,1036.91,0.0,0.0,0.0,0.0,IMELBO1849.csv
2023/02/22,04:24 AM,12.72,10.67,87.0,WNW,4.18,5.31,1036.91,0.0,0.0,0.0,0.0,IMELBO1849.csv
2023/02/22,04:29 AM,12.78,10.67,87.0,WNW,4.51,5.79,1036.91,0.0,0.0,0.0,0.0,IMELBO1849.csv
2023/02/22,04:34 AM,12.78,10.72,87.0,WNW,4.51,5.95,1036.91,0.0,0.0,0.0,0.0,IMELBO1849.csv
2023/02/22,04:39 AM,12.72,10.67,87.0,WNW,4.02,4.99,1036.91,0.0,0.0,0.0,0.0,IMELBO1849.csv
2023/02/22,04:44 AM,12.72,10.67,88.0,WNW,4.02,5.31,1036.91,0.0,0.0,0.0,0.0,IMELBO1849.csv
2023/02/22,04:49 AM,12.72,10.72,88.0,WNW,4.02,6.11,1036.91,0.0,0.0,0.0,0.0,IMELBO1849.csv
2023/02/22,04:54 AM,12.72,10.67,88.0,WNW,3.86,5.15,1036.91,0.0,0.0,0.0,0.0,IMELBO1849.csv
2023/02/22,04:59 AM,12.72,10.72,88.0,WNW,3.38,4.67,1036.91,0.0,0.0,0.0,0.0,IMELBO1849.csv
2023/02/22,05:04 AM,12.78,10.78,88.0,WNW,3.38,4.67,1036.91,0.0,0.0,0.0,0.0,IMELBO1849.csv
2023/02/22,05:09 AM,12.83,10.78,88.0,WNW,4.02,5.31,1036.91,0.0,0.0,0.0,0.0,IMELBO1849.csv
2023/02/22,05:14 AM,12.94,10.83,87.0,WNW,3.86,4.99,1036.91,0.0,0.0,0.0,0.0,IMELBO1849.csv
2023/02/22,05:19 AM,13.11,11.0,87.0,WNW,2.57,3.54,1036.57,0.0,0.0,0.0,0.0,IMELBO1849.csv
2023/02/22,05:24 AM,13.22,11.11,87.0,WNW,3.54,4.99,1036.57,0.0,0.0,0.0,0.0,IMELBO1849.csv
2023/02/22,05:29 AM,13.28,11.22,87.0,WNW,4.51,5.95,1036.91,0.0,0.0,0.0,0.0,IMELBO1849.csv
2023/02/22,05:34 AM,13.44,11.17,86.0,WNW,4.18,5.63,1036.91,0.0,0.0,0.0,0.0,IMELBO1849.csv
2023/02/22,05:39 AM,13.5,11.22,86.0,WNW,3.7,4.83,1036.57,0.0,0.0,0.0,0.0,IMELBO1849.csv
2023/02/22,05:44 AM,13.61,11.28,86.0,WNW,3.38,4.83,1036.57,0.0,0.0,0.0,0.0,IMELBO1849.csv
2023/02/22,05:49 AM,13.72,11.39,86.0,WNW,4.02,4.99,1036.57,0.0,0.0,0.0,0.0,IMELBO1849.csv
2023/02/22,05:54 AM,13.78,11.44,86.0,WNW,3.86,5.31,1036.57,0.0,0.0,0.0,0.0,IMELBO1849.csv
2023/02/22,05:59 AM,13.78,11.5,86.0,WNW,2.9,3.38,1036.57,0.0,0.0,0.0,0.0,IMELBO1849.csv
2023/02/22,06:04 AM,13.83,11.56,86.0,WNW,0.97,1.77,1036.57,0.0,0.0,0.0,0.0,IMELBO1849.csv
2023/02/22,06:09 AM,13.89,11.61,86.0,WNW,1.77,2.41,1036.57,0.0,0.0,0.0,0.0,IMELBO1849.csv
2023/02/22,06:14 AM,13.89,11.61,86.0,WNW,2.9,4.18,1036.57,0.0,0.0,0.0,0.0,IMELBO1849.csv
2023/02/22,06:19 AM,14.0,11.72,86.0,WNW,2.74,3.7,1036.57,0.0,0.0,0.0,0.0,IMELBO1849.csv
2023/02/22,06:24 AM,14.0,11.72,86.0,WNW,1.45,2.09,1036.57,0.0,0.0,0.0,0.0,IMELBO1849.csv
2023/02/22,06:29 AM,14.0,11.67,86.0,WNW,2.09,3.06,1036.24,0.0,0.0,0.0,0.0,IMELBO1849.csv
2023/02/22,06:34 AM,13.89,11.61,86.0,WNW,1.93,2.57,1036.57,0.0,0.0,0.0,0.0,IMELBO1849.csv
2023/02/22,06:39 AM,13.78,11.5,86.0,WNW,2.09,3.06,1036.57,0.0,0.0,0.0,0.0,IMELBO1849.csv
2023/02/22,06:44 AM,13.72,11.5,86.0,WNW,1.45,2.57,1036.57,0.0,0.0,0.0,0.0,IMELBO1849.csv
2023/02/22,06:49 AM,13.61,11.5,87.0,WNW,1.93,2.25,1036.57,0.0,0.0,0.0,0.0,IMELBO1849.csv
2023/02/22,06:54 AM,13.56,11.44,87.0,WNW,1.29,1.77,1036.57,0.0,0.0,0.0,0.9,IMELBO1849.csv
2023/02/22,06:59 AM,13.5,11.39,87.0,WNW,2.09,2.9,1036.57,0.0,0.0,0.0,3.4,IMELBO1849.csv
2023/02/22,07:04 AM,13.44,11.39,87.0,WNW,2.09,2.9,1036.57,0.0,0.0,0.0,6.0,IMELBO1849.csv
2023/02/22,07:09 AM,13.39,11.39,88.0,WNW,2.09,3.22,1036.57,0.0,0.0,0.0,9.5,IMELBO1849.csv
2023/02/22,07:14 AM,13.39,11.39,88.0,WNW,0.97,1.77,1036.57,0.0,0.0,0.0,13.3,IMELBO1849.csv
2023/02/22,07:19 AM,13.39,11.39,88.0,WNW,2.25,2.74,1036.57,0.0,0.0,0.0,17.7,IMELBO1849.csv
2023/02/22,07:24 AM,13.5,11.5,88.0,WNW,2.41,3.22,1036.57,0.0,0.0,0.0,22.0,IMELBO1849.csv
2023/02/22,07:29 AM,13.61,11.61,88.0,WNW,2.25,2.9,1036.57,0.0,0.0,0.0,27.3,IMELBO1849.csv
2023/02/22,07:34 AM,13.72,11.72,88.0,WNW,2.74,3.7,1036.57,0.0,0.0,0.0,32.1,IMELBO1849.csv
2023/02/22,07:39 AM,13.83,11.78,87.0,WNW,3.22,4.51,1036.91,0.0,0.0,0.0,36.8,IMELBO1849.csv
2023/02/22,07:44 AM,14.11,11.94,87.0,WNW,2.25,3.06,1036.91,0.0,0.0,0.0,40.7,IMELBO1849.csv
2023/02/22,07:49 AM,14.28,12.0,86.0,WNW,3.7,5.15,1036.91,0.0,0.0,0.0,45.0,IMELBO1849.csv
2023/02/22,07:54 AM,14.5,12.0,85.0,WNW,4.34,6.11,1036.91,0.0,0.0,0.0,48.9,IMELBO1849.csv
2023/02/22,07:59 AM,14.67,12.06,84.0,WNW,3.86,5.31,1036.91,0.0,0.0,0.0,52.8,IMELBO1849.csv
2023/02/22,08:04 AM,14.94,12.17,84.0,WNW,2.25,3.38,1036.91,0.0,0.0,0.0,59.0,IMELBO1849.csv
2023/02/22,08:09 AM,15.22,12.22,83.0,WNW,3.38,4.67,1036.91,0.0,0.0,0.0,91.0,IMELBO1849.csv
2023/02/22,08:14 AM,15.28,12.22,82.0,WNW,5.15,6.28,1036.91,0.0,0.0,1.0,105.0,IMELBO1849.csv
2023/02/22,08:19 AM,15.44,12.28,82.0,WNW,4.02,5.31,1036.91,0.0,0.0,1.0,117.1,IMELBO1849.csv
2023/02/22,08:24 AM,15.78,12.44,81.0,WNW,2.41,3.22,1036.91,0.0,0.0,1.0,126.1,IMELBO1849.csv
2023/02/22,08:29 AM,16.22,12.72,79.0,WNW,1.45,2.25,1036.91,0.0,0.0,1.0,147.9,IMELBO1849.csv
2023/02/22,08:34 AM,16.44,12.72,78.0,WNW,2.74,3.54,1036.91,0.0,0.0,1.0,159.2,IMELBO1849.csv
2023/02/22,08:39 AM,16.61,12.72,78.0,NW,2.57,3.38,1036.91,0.0,0.0,1.0,177.4,IMELBO1849.csv
2023/02/22,08:44 AM,16.94,12.78,77.0,NW,1.61,2.25,1036.91,0.0,0.0,1.0,192.1,IMELBO1849.csv
2023/02/22,08:49 AM,17.33,12.94,75.0,NW,1.77,2.57,1036.91,0.0,0.0,2.0,211.6,IMELBO1849.csv
2023/02/22,08:54 AM,17.61,12.94,74.0,NW,0.64,1.29,1036.91,0.0,0.0,2.0,234.1,IMELBO1849.csv
2023/02/22,08:59 AM,17.67,12.89,74.0,WNW,1.13,2.09,1036.91,0.0,0.0,2.0,260.2,IMELBO1849.csv
2023/02/22,09:04 AM,17.78,12.94,73.0,WNW,1.29,1.77,1036.91,0.0,0.0,2.0,273.3,IMELBO1849.csv
2023/02/22,09:09 AM,18.44,13.17,72.0,WNW,0.97,1.93,1036.91,0.0,0.0,2.0,290.2,IMELBO1849.csv
2023/02/22,09:14 AM,19.11,13.22,69.0,,1.77,2.74,1036.91,0.0,0.0,2.0,295.0,IMELBO1849.csv
2023/02/22,09:19 AM,19.78,13.22,66.0,NNE,1.29,1.93,1037.25,0.0,0.0,3.0,321.9,IMELBO1849.csv
2023/02/22,09:24 AM,20.22,13.33,65.0,ENE,1.45,2.09,1036.91,0.0,0.0,3.0,336.5,IMELBO1849.csv
2023/02/22,09:29 AM,20.06,13.22,65.0,ESE,2.09,2.74,1036.91,0.0,0.0,3.0,355.6,IMELBO1849.csv
2023/02/22,09:34 AM,19.83,13.0,65.0,ESE,2.09,3.22,1037.25,0.0,0.0,3.0,372.1,IMELBO1849.csv
2023/02/22,09:39 AM,19.94,13.0,64.0,ESE,2.57,3.38,1037.25,0.0,0.0,3.0,369.9,IMELBO1849.csv
2023/02/22,09:44 AM,20.22,12.94,63.0,East,3.06,4.67,1037.25,0.0,0.0,3.0,342.2,IMELBO1849.csv
2023/02/22,09:49 AM,20.22,12.89,63.0,ESE,4.34,5.63,1037.25,0.0,0.0,3.0,370.4,IMELBO1849.csv
2023/02/22,09:54 AM,20.11,12.83,63.0,East,5.79,7.72,1036.91,0.0,0.0,3.0,379.5,IMELBO1849.csv
2023/02/22,09:59 AM,19.89,12.72,63.0,East,4.18,5.47,1036.91,0.0,0.0,4.0,415.1,IMELBO1849.csv
2023/02/22,10:04 AM,20.0,12.83,63.0,East,4.67,5.79,1037.25,0.0,0.0,3.0,407.7,IMELBO1849.csv
2023/02/22,10:09 AM,20.22,12.94,63.0,East,3.54,4.83,1037.25,0.0,0.0,4.0,449.0,IMELBO1849.csv
2023/02/22,10:14 AM,20.06,12.83,63.0,SE,1.45,2.09,1037.25,0.0,0.0,4.0,461.1,IMELBO1849.csv
2023/02/22,10:19 AM,20.61,13.0,62.0,ENE,2.74,3.7,1037.25,0.0,0.0,3.0,341.0,IMELBO1849.csv
2023/02/22,10:24 AM,20.94,13.06,61.0,ENE,2.25,3.06,1037.25,0.0,0.0,6.0,653.3,IMELBO1849.csv
2023/02/22,10:29 AM,21.17,13.28,61.0,ESE,3.06,4.02,1036.91,0.0,0.0,6.0,620.2,IMELBO1849.csv
2023/02/22,10:34 AM,21.17,13.11,60.0,SE,2.57,3.54,1036.91,0.0,0.0,5.0,607.8,IMELBO1849.csv
2023/02/22,10:39 AM,21.5,13.17,59.0,East,3.06,4.34,1036.91,0.0,0.0,6.0,652.8,IMELBO1849.csv
2023/02/22,10:44 AM,22.0,13.33,58.0,SE,2.9,4.02,1036.91,0.0,0.0,6.0,704.4,IMELBO1849.csv
2023/02/22,10:49 AM,21.94,13.39,58.0,ESE,3.22,4.02,1036.91,0.0,0.0,4.0,506.2,IMELBO1849.csv
2023/02/22,10:54 AM,21.94,13.33,58.0,East,2.74,3.86,1036.91,0.0,0.0,6.0,630.8,IMELBO1849.csv
2023/02/22,10:59 AM,22.17,13.28,57.0,East,2.57,3.38,1036.57,0.0,0.0,6.0,663.2,IMELBO1849.csv
2023/02/22,11:04 AM,22.44,13.28,56.0,East,4.51,5.95,1036.57,0.0,0.0,5.0,603.4,IMELBO1849.csv
2023/02/22,11:09 AM,23.11,13.39,54.0,ESE,1.77,2.41,1036.57,0.0,0.0,6.0,626.0,IMELBO1849.csv
2023/02/22,11:14 AM,24.0,13.72,53.0,ESE,3.06,4.34,1036.57,0.0,0.0,7.0,738.3,IMELBO1849.csv
2023/02/22,11:19 AM,23.56,13.56,53.0,ESE,4.34,5.63,1036.57,0.0,0.0,7.0,802.0,IMELBO1849.csv
2023/02/22,11:24 AM,23.22,13.5,54.0,ESE,4.34,5.63,1036.24,0.0,0.0,6.0,697.1,IMELBO1849.csv
2023/02/22,11:29 AM,22.78,13.33,55.0,ENE,3.7,4.99,1036.24,0.0,0.0,6.0,652.4,IMELBO1849.csv
2023/02/22,11:34 AM,23.0,13.22,54.0,ESE,3.06,4.34,1036.57,0.0,0.0,6.0,667.1,IMELBO1849.csv
2023/02/22,11:39 AM,23.83,13.56,52.0,ESE,4.83,6.6,1036.24,0.0,0.0,6.0,676.3,IMELBO1849.csv
2023/02/22,11:44 AM,23.56,13.56,53.0,ESE,5.31,6.92,1036.24,0.0,0.0,6.0,677.6,IMELBO1849.csv
2023/02/22,11:49 AM,23.89,13.44,52.0,ESE,2.25,3.7,1036.24,0.0,0.0,6.0,661.5,IMELBO1849.csv
2023/02/22,11:54 AM,24.67,13.72,51.0,East,5.79,7.4,1036.24,0.0,0.0,6.0,706.6,IMELBO1849.csv
2023/02/22,11:59 AM,24.39,13.67,51.0,East,5.15,6.76,1036.24,0.0,0.0,7.0,724.0,IMELBO1849.csv
2023/02/22,12:04 PM,24.94,13.61,49.0,ENE,3.22,4.67,1035.9,0.0,0.0,6.0,701.8,IMELBO1849.csv
2023/02/22,12:09 PM,25.17,13.67,49.0,ESE,3.7,4.83,1036.24,0.0,0.0,7.0,737.8,IMELBO1849.csv
2023/02/22,12:14 PM,25.5,13.78,48.0,SE,4.34,5.79,1035.9,0.0,0.0,7.0,731.8,IMELBO1849.csv
2023/02/22,12:19 PM,25.33,13.61,48.0,SE,3.38,4.67,1035.9,0.0,0.0,7.0,786.0,IMELBO1849.csv
2023/02/22,12:24 PM,25.72,13.72,48.0,SSE,2.74,4.34,1035.9,0.0,0.0,8.0,865.9,IMELBO1849.csv
2023/02/22,12:29 PM,25.44,13.72,48.0,ESE,4.67,5.63,1035.9,0.0,0.0,8.0,892.3,IMELBO1849.csv
2023/02/22,12:34 PM,25.22,13.56,48.0,ESE,2.9,3.86,1035.9,0.0,0.0,8.0,835.9,IMELBO1849.csv
2023/02/22,12:39 PM,25.67,13.61,47.0,SE,3.06,4.18,1035.56,0.0,0.0,9.0,944.0,IMELBO1849.csv
2023/02/22,12:44 PM,26.44,13.78,46.0,ESE,6.6,8.69,1035.56,0.0,0.0,9.0,977.3,IMELBO1849.csv
2023/02/22,12:49 PM,26.28,13.67,46.0,ESE,3.06,4.34,1035.56,0.0,0.0,9.0,965.6,IMELBO1849.csv
2023/02/22,12:54 PM,26.94,14.17,45.0,East,6.6,9.01,1035.56,0.0,0.0,9.0,969.0,IMELBO1849.csv
2023/02/22,12:59 PM,26.28,13.67,46.0,ESE,3.54,5.15,1035.22,0.0,0.0,8.0,904.4,IMELBO1849.csv
2023/02/22,01:04 PM,27.0,14.0,45.0,ESE,3.7,5.47,1035.22,0.0,0.0,7.0,790.3,IMELBO1849.csv
2023/02/22,01:09 PM,27.17,14.22,45.0,East,5.15,6.76,1035.22,0.0,0.0,7.0,751.8,IMELBO1849.csv
2023/02/22,01:14 PM,26.72,14.0,46.0,ESE,5.63,7.4,1034.88,0.0,0.0,7.0,763.0,IMELBO1849.csv
2023/02/22,01:19 PM,26.33,13.72,46.0,ESE,3.06,4.67,1034.88,0.0,0.0,7.0,764.4,IMELBO1849.csv
2023/02/22,01:24 PM,27.33,14.06,44.0,SSE,2.9,4.18,1034.88,0.0,0.0,7.0,760.4,IMELBO1849.csv
2023/02/22,01:29 PM,27.56,14.28,44.0,SSE,3.7,5.47,1034.88,0.0,0.0,7.0,756.9,IMELBO1849.csv
2023/02/22,01:34 PM,28.0,14.56,44.0,ESE,5.31,7.56,1034.88,0.0,0.0,7.0,720.1,IMELBO1849.csv
2023/02/22,01:39 PM,27.56,14.39,45.0,ENE,6.44,8.04,1034.88,0.0,0.0,6.0,718.7,IMELBO1849.csv
2023/02/22,01:44 PM,27.39,14.11,44.0,NW,3.38,4.99,1034.54,0.0,0.0,7.0,733.5,IMELBO1849.csv
2023/02/22,01:49 PM,27.5,14.33,44.0,South,3.7,4.99,1034.54,0.0,0.0,7.0,739.2,IMELBO1849.csv
2023/02/22,01:54 PM,27.78,14.33,44.0,South,4.34,5.95,1034.54,0.0,0.0,6.0,707.5,IMELBO1849.csv
2023/02/22,01:59 PM,28.33,14.5,43.0,East,3.86,5.31,1034.54,0.0,0.0,6.0,702.3,IMELBO1849.csv
2023/02/22,02:04 PM,28.5,14.61,43.0,ESE,3.22,4.67,1034.54,0.0,0.0,7.0,721.4,IMELBO1849.csv
2023/02/22,02:09 PM,28.11,14.72,44.0,East,6.44,8.21,1034.54,0.0,0.0,7.0,729.1,IMELBO1849.csv
2023/02/22,02:14 PM,28.5,14.56,43.0,SE,4.83,6.76,1034.2,0.0,0.0,6.0,714.4,IMELBO1849.csv
2023/02/22,02:19 PM,28.67,14.78,43.0,ESE,4.99,6.76,1034.2,0.0,0.0,7.0,732.2,IMELBO1849.csv
2023/02/22,02:24 PM,28.33,14.61,43.0,East,5.15,6.92,1034.2,0.0,0.0,7.0,732.2,IMELBO1849.csv
2023/02/22,02:29 PM,28.28,14.67,44.0,East,4.67,5.63,1034.2,0.0,0.0,6.0,672.4,IMELBO1849.csv
2023/02/22,02:34 PM,28.5,14.56,43.0,ESE,2.9,4.34,1034.2,0.0,0.0,6.0,635.5,IMELBO1849.csv
2023/02/22,02:39 PM,29.28,15.0,42.0,East,3.54,4.99,1033.86,0.0,0.0,6.0,688.9,IMELBO1849.csv
2023/02/22,02:44 PM,28.44,14.67,43.0,ESE,4.34,5.95,1033.86,0.0,0.0,7.0,740.9,IMELBO1849.csv
2023/02/22,02:49 PM,29.0,14.72,42.0,SSE,4.18,5.79,1033.53,0.0,0.0,7.0,741.4,IMELBO1849.csv
2023/02/22,02:54 PM,29.17,14.83,42.0,South,4.18,6.28,1033.53,0.0,0.0,6.0,677.1,IMELBO1849.csv
2023/02/22,02:59 PM,29.33,14.94,42.0,East,4.18,5.79,1033.53,0.0,0.0,6.0,707.1,IMELBO1849.csv
2023/02/22,03:04 PM,29.28,14.89,42.0,East,3.38,4.51,1033.53,0.0,0.0,7.0,737.4,IMELBO1849.csv
2023/02/22,03:09 PM,29.56,15.0,41.0,ESE,5.31,7.72,1033.19,0.0,0.0,7.0,755.7,IMELBO1849.csv
2023/02/22,03:14 PM,29.61,15.06,41.0,SE,2.09,3.22,1033.19,0.0,0.0,6.0,684.5,IMELBO1849.csv
2023/02/22,03:19 PM,30.11,15.28,41.0,East,4.18,5.79,1033.19,0.0,0.0,6.0,680.2,IMELBO1849.csv
2023/02/22,03:24 PM,29.94,15.11,41.0,SSE,3.06,4.67,1033.19,0.0,0.0,6.0,689.2,IMELBO1849.csv
2023/02/22,03:29 PM,30.17,15.22,41.0,South,6.11,8.69,1033.19,0.0,0.0,6.0,646.8,IMELBO1849.csv
2023/02/22,03:34 PM,30.06,15.44,41.0,ESE,5.95,7.72,1033.19,0.0,0.0,6.0,680.2,IMELBO1849.csv
2023/02/22,03:39 PM,29.94,15.22,41.0,SE,4.83,7.88,1033.19,0.0,0.0,7.0,720.9,IMELBO1849.csv
2023/02/22,03:44 PM,29.94,15.33,41.0,SSE,5.79,8.53,1032.85,0.0,0.0,7.0,738.3,IMELBO1849.csv
2023/02/22,03:49 PM,29.89,15.44,41.0,South,6.92,9.81,1032.85,0.0,0.0,7.0,744.8,IMELBO1849.csv
2023/02/22,03:54 PM,29.72,15.5,42.0,SSE,7.56,11.42,1032.85,0.0,0.0,7.0,741.7,IMELBO1849.csv
2023/02/22,03:59 PM,29.44,15.5,43.0,South,7.88,10.62,1032.85,0.0,0.0,6.0,716.2,IMELBO1849.csv
2023/02/22,04:04 PM,29.28,15.28,43.0,SSW,7.88,10.62,1032.85,0.0,0.0,6.0,711.4,IMELBO1849.csv
2023/02/22,04:09 PM,29.94,15.5,42.0,SSE,4.67,7.08,1032.51,0.0,0.0,7.0,761.3,IMELBO1849.csv
2023/02/22,04:14 PM,29.89,15.56,42.0,South,5.15,6.92,1032.51,0.0,0.0,7.0,757.4,IMELBO1849.csv
2023/02/22,04:19 PM,29.67,15.5,42.0,SE,6.11,8.53,1032.51,0.0,0.0,7.0,749.2,IMELBO1849.csv
2023/02/22,04:24 PM,29.78,15.56,42.0,SSE,7.08,10.14,1032.51,0.0,0.0,7.0,744.4,IMELBO1849.csv
2023/02/22,04:29 PM,29.72,15.5,42.0,South,4.51,7.24,1032.51,0.0,0.0,7.0,723.5,IMELBO1849.csv
2023/02/22,04:34 PM,30.0,15.56,42.0,SSE,5.47,8.04,1032.51,0.0,0.0,6.0,697.6,IMELBO1849.csv
2023/02/22,04:39 PM,29.89,15.61,42.0,SSW,7.24,11.1,1032.17,0.0,0.0,6.0,691.0,IMELBO1849.csv
2023/02/22,04:44 PM,29.94,15.67,42.0,SE,6.11,8.69,1032.51,0.0,0.0,6.0,679.3,IMELBO1849.csv
2023/02/22,04:49 PM,29.61,15.61,43.0,South,7.24,10.62,1032.17,0.0,0.0,6.0,659.8,IMELBO1849.csv
2023/02/22,04:54 PM,29.56,15.61,43.0,SE,4.67,7.4,1032.17,0.0,0.0,6.0,650.7,IMELBO1849.csv
2023/02/22,04:59 PM,29.72,15.56,42.0,SSE,6.28,8.85,1032.17,0.0,0.0,6.0,624.7,IMELBO1849.csv
2023/02/22,05:04 PM,29.94,15.67,42.0,South,6.28,8.69,1031.83,0.0,0.0,5.0,605.6,IMELBO1849.csv
2023/02/22,05:09 PM,29.78,15.67,42.0,SSE,6.6,9.81,1031.83,0.0,0.0,5.0,593.0,IMELBO1849.csv
2023/02/22,05:14 PM,29.39,15.61,43.0,South,9.49,12.71,1031.83,0.0,0.0,5.0,541.3,IMELBO1849.csv
2023/02/22,05:19 PM,29.39,15.5,43.0,SSE,6.6,10.14,1031.83,0.0,0.0,4.0,478.8,IMELBO1849.csv
2023/02/22,05:24 PM,29.78,15.61,42.0,SSW,6.44,9.17,1031.83,0.0,0.0,4.0,470.6,IMELBO1849.csv
2023/02/22,05:29 PM,29.5,15.5,43.0,South,8.21,12.07,1031.83,0.0,0.0,4.0,442.0,IMELBO1849.csv
2023/02/22,05:34 PM,29.33,15.5,43.0,SSW,6.6,9.17,1031.83,0.0,0.0,3.0,406.4,IMELBO1849.csv
2023/02/22,05:39 PM,29.5,15.56,43.0,South,6.44,9.65,1031.83,0.0,0.0,3.0,387.3,IMELBO1849.csv
2023/02/22,05:44 PM,29.61,15.67,43.0,SSE,6.76,9.65,1031.83,0.0,0.0,3.0,341.3,IMELBO1849.csv
2023/02/22,05:49 PM,29.44,15.5,43.0,SSE,5.79,8.37,1031.49,0.0,0.0,3.0,341.3,IMELBO1849.csv
2023/02/22,05:54 PM,29.28,15.5,43.0,SE,6.76,10.14,1031.49,0.0,0.0,3.0,328.7,IMELBO1849.csv
2023/02/22,05:59 PM,29.28,15.44,43.0,SSE,7.24,10.94,1031.83,0.0,0.0,2.0,290.5,IMELBO1849.csv
2023/02/22,06:04 PM,29.11,15.5,44.0,South,7.56,10.78,1031.83,0.0,0.0,2.0,270.2,IMELBO1849.csv
2023/02/22,06:09 PM,28.83,15.44,44.0,SSW,9.17,12.55,1031.49,0.0,0.0,2.0,219.5,IMELBO1849.csv
2023/02/22,06:14 PM,28.67,15.22,44.0,South,6.44,9.65,1031.49,0.0,0.0,2.0,238.6,IMELBO1849.csv
2023/02/22,06:19 PM,28.78,15.39,44.0,South,7.88,11.42,1031.49,0.0,0.0,2.0,229.9,IMELBO1849.csv
2023/02/22,06:24 PM,28.5,15.11,44.0,South,8.85,12.55,1031.49,0.0,0.0,2.0,205.5,IMELBO1849.csv
2023/02/22,06:29 PM,28.5,15.11,44.0,SSE,5.95,8.85,1031.49,0.0,0.0,1.0,172.6,IMELBO1849.csv
2023/02/22,06:34 PM,28.5,15.17,44.0,SSE,8.04,11.58,1031.83,0.0,0.0,1.0,124.9,IMELBO1849.csv
2023/02/22,06:39 PM,28.11,15.11,45.0,South,7.56,10.78,1031.83,0.0,0.0,0.0,96.3,IMELBO1849.csv
2023/02/22,06:44 PM,27.78,15.06,46.0,South,8.85,12.39,1031.83,0.0,0.0,0.0,85.0,IMELBO1849.csv
2023/02/22,06:49 PM,27.44,14.89,46.0,South,7.08,10.14,1031.83,0.0,0.0,0.0,75.5,IMELBO1849.csv
2023/02/22,06:54 PM,27.33,14.78,46.0,SSW,8.21,11.1,1031.49,0.0,0.0,0.0,69.7,IMELBO1849.csv
2023/02/22,06:59 PM,27.17,14.83,47.0,South,7.4,11.42,1031.83,0.0,0.0,0.0,68.0,IMELBO1849.csv
2023/02/22,07:04 PM,27.06,14.72,47.0,SSE,5.79,9.33,1031.83,0.0,0.0,0.0,67.7,IMELBO1849.csv
2023/02/22,07:09 PM,27.0,14.72,47.0,South,5.63,8.69,1031.83,0.0,0.0,0.0,62.4,IMELBO1849.csv
2023/02/22,07:14 PM,27.11,14.78,47.0,SE,5.31,7.4,1031.49,0.0,0.0,0.0,60.7,IMELBO1849.csv
2023/02/22,07:19 PM,26.94,15.0,48.0,South,5.63,7.72,1031.83,0.0,0.0,0.0,57.6,IMELBO1849.csv
2023/02/22,07:24 PM,26.83,14.94,48.0,SSW,6.6,9.17,1031.83,0.0,0.0,0.0,51.5,IMELBO1849.csv
2023/02/22,07:29 PM,26.72,14.83,48.0,SSW,5.47,7.88,1031.83,0.0,0.0,0.0,49.8,IMELBO1849.csv
2023/02/22,07:34 PM,26.61,14.89,49.0,SSE,5.95,8.69,1031.83,0.0,0.0,0.0,44.7,IMELBO1849.csv
2023/02/22,07:39 PM,26.5,14.94,49.0,South,5.63,8.04,1032.17,0.0,0.0,0.0,39.4,IMELBO1849.csv
2023/02/22,07:44 PM,26.33,14.83,49.0,SSW,7.24,10.14,1032.17,0.0,0.0,0.0,33.4,IMELBO1849.csv
2023/02/22,07:49 PM,26.17,14.83,50.0,South,4.34,6.6,1032.17,0.0,0.0,0.0,27.3,IMELBO1849.csv
2023/02/22,07:54 PM,26.0,14.78,50.0,SSE,4.83,7.56,1032.17,0.0,0.0,0.0,19.9,IMELBO1849.csv
2023/02/22,07:59 PM,25.83,14.67,50.0,SSE,4.02,6.11,1032.17,0.0,0.0,0.0,15.5,IMELBO1849.csv
2023/02/22,08:04 PM,25.67,14.5,50.0,SSE,4.02,6.28,1032.17,0.0,0.0,0.0,10.8,IMELBO1849.csv
2023/02/22,08:09 PM,25.5,14.56,51.0,SSE,4.02,5.79,1032.51,0.0,0.0,0.0,4.8,IMELBO1849.csv
2023/02/22,08:14 PM,25.39,14.61,51.0,SE,2.9,4.02,1032.17,0.0,0.0,0.0,1.7,IMELBO1849.csv
2023/02/22,08:19 PM,25.22,14.39,51.0,South,3.38,4.99,1032.17,0.0,0.0,0.0,0.4,IMELBO1849.csv
2023/02/22,08:24 PM,25.17,14.5,52.0,South,2.25,3.54,1032.51,0.0,0.0,0.0,0.0,IMELBO1849.csv
2023/02/22,08:29 PM,24.94,14.44,52.0,SSE,1.61,2.74,1032.51,0.0,0.0,0.0,0.0,IMELBO1849.csv
2023/02/22,08:34 PM,24.89,14.39,52.0,South,1.77,2.74,1032.51,0.0,0.0,0.0,0.0,IMELBO1849.csv
2023/02/22,08:39 PM,24.67,14.5,53.0,South,1.77,3.06,1032.51,0.0,0.0,0.0,0.0,IMELBO1849.csv
2023/02/22,08:44 PM,24.5,14.28,53.0,SSW,2.57,3.38,1032.51,0.0,0.0,0.0,0.0,IMELBO1849.csv
2023/02/22,08:49 PM,24.33,14.17,53.0,South,3.06,4.34,1032.51,0.0,0.0,0.0,0.0,IMELBO1849.csv
2023/02/22,08:54 PM,24.22,14.17,54.0,South,1.77,2.74,1032.51,0.0,0.0,0.0,0.0,IMELBO1849.csv
2023/02/22,08:59 PM,24.22,14.28,54.0,SW,2.41,3.06,1032.51,0.0,0.0,0.0,0.0,IMELBO1849.csv
2023/02/22,09:04 PM,23.94,14.33,55.0,SSW,2.25,3.22,1032.51,0.0,0.0,0.0,0.0,IMELBO1849.csv
2023/02/22,09:09 PM,23.78,14.28,55.0,SSW,1.61,2.25,1032.85,0.0,0.0,0.0,0.0,IMELBO1849.csv
2023/02/22,09:14 PM,23.61,14.28,56.0,SSW,2.9,3.86,1032.85,0.0,0.0,0.0,0.0,IMELBO1849.csv
2023/02/22,09:19 PM,23.5,14.22,56.0,SW,2.74,3.7,1032.85,0.0,0.0,0.0,0.0,IMELBO1849.csv
2023/02/22,09:24 PM,23.5,14.22,56.0,SW,3.54,4.83,1032.85,0.0,0.0,0.0,0.0,IMELBO1849.csv
2023/02/22,09:29 PM,23.5,14.22,56.0,SSW,2.25,3.38,1032.85,0.0,0.0,0.0,0.0,IMELBO1849.csv
2023/02/22,09:34 PM,23.33,14.11,56.0,SW,1.61,2.09,1033.19,0.0,0.0,0.0,0.0,IMELBO1849.csv
2023/02/22,09:39 PM,23.22,14.11,57.0,SW,1.93,2.57,1033.19,0.0,0.0,0.0,0.0,IMELBO1849.csv
2023/02/22,09:44 PM,23.11,14.17,57.0,WSW,1.45,2.09,1032.85,0.0,0.0,0.0,0.0,IMELBO1849.csv
2023/02/22,09:49 PM,22.83,14.0,58.0,WSW,0.48,0.97,1033.19,0.0,0.0,0.0,0.0,IMELBO1849.csv
2023/02/22,09:54 PM,22.72,14.0,58.0,WSW,1.13,1.77,1033.19,0.0,0.0,0.0,0.0,IMELBO1849.csv
2023/02/22,09:59 PM,22.56,13.94,58.0,WSW,0.97,1.61,1033.19,0.0,0.0,0.0,0.0,IMELBO1849.csv
2023/02/22,10:04 PM,22.39,14.0,59.0,WSW,0.8,1.61,1033.19,0.0,0.0,0.0,0.0,IMELBO1849.csv
2023/02/22,10:09 PM,22.28,13.89,59.0,WSW,0.64,0.97,1033.19,0.0,0.0,0.0,0.0,IMELBO1849.csv
2023/02/22,10:14 PM,22.22,14.0,60.0,WSW,0.16,0.48,1033.19,0.0,0.0,0.0,0.0,IMELBO1849.csv
2023/02/22,10:19 PM,22.11,14.0,60.0,WSW,0.0,0.0,1033.19,0.0,0.0,0.0,0.0,IMELBO1849.csv
2023/02/22,10:24 PM,21.94,13.89,60.0,WSW,0.0,0.0,1033.19,0.0,0.0,0.0,0.0,IMELBO1849.csv
2023/02/22,10:29 PM,21.72,13.94,61.0,WSW,0.0,0.0,1033.19,0.0,0.0,0.0,0.0,IMELBO1849.csv
2023/02/22,10:34 PM,21.56,13.83,62.0,WSW,0.0,0.0,1033.19,0.0,0.0,0.0,0.0,IMELBO1849.csv
2023/02/22,10:39 PM,21.39,13.78,62.0,WSW,0.0,0.0,1032.85,0.0,0.0,0.0,0.0,IMELBO1849.csv
2023/02/22,10:44 PM,21.28,13.78,62.0,WSW,0.0,0.0,1032.85,0.0,0.0,0.0,0.0,IMELBO1849.csv
2023/02/22,10:49 PM,21.0,13.72,63.0,WSW,0.0,0.0,1032.85,0.0,0.0,0.0,0.0,IMELBO1849.csv
2023/02/22,10:54 PM,20.83,13.78,64.0,WSW,0.0,0.0,1032.85,0.0,0.0,0.0,0.0,IMELBO1849.csv
2023/02/22,10:59 PM,20.78,13.78,64.0,WSW,0.8,0.97,1032.85,0.0,0.0,0.0,0.0,IMELBO1849.csv
2023/02/22,11:04 PM,20.94,13.94,64.0,West,3.06,3.38,1032.85,0.0,0.0,0.0,0.0,IMELBO1849.csv
2023/02/22,11:09 PM,20.94,13.94,64.0,WNW,2.41,2.9,1033.19,0.0,0.0,0.0,0.0,IMELBO1849.csv
2023/02/22,11:14 PM,20.83,13.83,64.0,WNW,1.93,2.57,1032.85,0.0,0.0,0.0,0.0,IMELBO1849.csv
2023/02/22,11:19 PM,20.72,13.78,64.0,WNW,2.9,3.86,1032.85,0.0,0.0,0.0,0.0,IMELBO1849.csv
2023/02/22,11:24 PM,20.61,13.78,65.0,WNW,2.9,3.86,1032.51,0.0,0.0,0.0,0.0,IMELBO1849.csv
2023/02/22,11:29 PM,20.5,13.83,66.0,WNW,2.41,3.54,1032.85,0.0,0.0,0.0,0.0,IMELBO1849.csv
2023/02/22,11:34 PM,20.39,13.78,66.0,WNW,3.06,4.34,1032.85,0.0,0.0,0.0,0.0,IMELBO1849.csv
2023/02/22,11:39 PM,20.22,13.89,67.0,WNW,2.74,3.7,1032.85,0.0,0.0,0.0,0.0,IMELBO1849.csv
2023/02/22,11:44 PM,20.11,13.78,67.0,WNW,1.77,2.41,1032.51,0.0,0.0,0.0,0.0,IMELBO1849.csv
2023/02/22,11:49 PM,20.0,13.89,68.0,WNW,1.29,2.09,1032.51,0.0,0.0,0.0,0.0,IMELBO1849.csv
2023/02/22,11:54 PM,19.89,13.78,68.0,WNW,0.8,0.97,1032.51,0.0,0.0,0.0,0.0,IMELBO1849.csv
2023/02/22,11:59 PM,19.78,13.67,68.0,WNW,0.16,0.32,1032.51,0.0,0.0,0.0,0.0,IMELBO1849.csv
2023/02/23,12:04 AM,19.67,13.83,69.0,WNW,0.48,1.13,1032.51,0.0,0.0,0.0,0.0,IMELBO1849.csv
2023/02/23,12:09 AM,19.61,13.78,69.0,WNW,0.64,0.97,1032.51,0.0,0.0,0.0,0.0,IMELBO1849.csv
2023/02/23,12:14 AM,19.44,13.67,69.0,WNW,0.16,0.16,1032.51,0.0,0.0,0.0,0.0,IMELBO1849.csv
2023/02/23,12:19 AM,19.28,13.72,70.0,WNW,0.0,0.16,1032.17,0.0,0.0,0.0,0.0,IMELBO1849.csv
2023/02/23,12:24 AM,19.22,13.61,70.0,WNW,0.32,0.8,1032.51,0.0,0.0,0.0,0.0,IMELBO1849.csv
2023/02/23,12:29 AM,19.22,13.67,70.0,WNW,1.93,2.41,1032.17,0.0,0.0,0.0,0.0,IMELBO1849.csv
2023/02/23,12:34 AM,19.22,13.61,70.0,WNW,0.48,0.97,1032.51,0.0,0.0,0.0,0.0,IMELBO1849.csv
2023/02/23,12:39 AM,19.17,13.56,70.0,WNW,1.29,1.77,1032.51,0.0,0.0,0.0,0.0,IMELBO1849.csv
2023/02/23,12:44 AM,19.11,13.5,70.0,WNW,1.29,1.93,1032.51,0.0,0.0,0.0,0.0,IMELBO1849.csv
2023/02/23,12:49 AM,19.06,13.44,70.0,WNW,2.25,3.06,1032.51,0.0,0.0,0.0,0.0,IMELBO1849.csv
2023/02/23,12:54 AM,19.0,13.39,70.0,WNW,3.22,4.02,1032.51,0.0,0.0,0.0,0.0,IMELBO1849.csv
2023/02/23,12:59 AM,18.89,13.33,70.0,WNW,0.97,1.77,1032.51,0.0,0.0,0.0,0.0,IMELBO1849.csv
2023/02/23,01:04 AM,18.83,13.44,71.0,WNW,1.13,1.93,1032.17,0.0,0.0,0.0,0.0,IMELBO1849.csv
2023/02/23,01:09 AM,18.78,13.39,71.0,WNW,0.64,1.45,1032.51,0.0,0.0,0.0,0.0,IMELBO1849.csv
2023/02/23,01:14 AM,18.72,13.33,71.0,WNW,0.64,1.13,1032.17,0.0,0.0,0.0,0.0,IMELBO1849.csv
2023/02/23,01:19 AM,18.61,13.39,72.0,WNW,0.16,0.64,1032.17,0.0,0.0,0.0,0.0,IMELBO1849.csv
2023/02/23,01:24 AM,18.44,13.28,72.0,NW,1.29,1.93,1032.17,0.0,0.0,0.0,0.0,IMELBO1849.csv
2023/02/23,01:29 AM,18.28,13.33,73.0,NNW,0.97,1.61,1032.17,0.0,0.0,0.0,0.0,IMELBO1849.csv
2023/02/23,01:34 AM,18.28,13.39,73.0,WNW,1.13,1.45,1032.51,0.0,0.0,0.0,0.0,IMELBO1849.csv
2023/02/23,01:39 AM,18.28,13.39,73.0,WNW,0.8,1.29,1032.51,0.0,0.0,0.0,0.0,IMELBO1849.csv
2023/02/23,01:44 AM,18.28,13.33,73.0,NW,0.64,1.13,1032.51,0.0,0.0,0.0,0.0,IMELBO1849.csv
2023/02/23,01:49 AM,18.17,13.22,73.0,NNW,0.64,1.13,1032.51,0.0,0.0,0.0,0.0,IMELBO1849.csv
2023/02/23,01:54 AM,18.0,13.11,73.0,NW,0.32,1.13,1032.17,0.0,0.0,0.0,0.0,IMELBO1849.csv
2023/02/23,01:59 AM,17.89,13.22,74.0,NNW,0.8,1.45,1032.17,0.0,0.0,0.0,0.0,IMELBO1849.csv
2023/02/23,02:04 AM,17.83,13.17,74.0,NNW,0.8,1.29,1032.17,0.0,0.0,0.0,0.0,IMELBO1849.csv
2023/02/23,02:09 AM,17.78,13.11,74.0,,2.25,2.74,1032.17,0.0,0.0,0.0,0.0,IMELBO1849.csv
2023/02/23,02:14 AM,17.78,13.11,74.0,North,2.57,3.06,1032.17,0.0,0.0,0.0,0.0,IMELBO1849.csv
2023/02/23,02:19 AM,17.78,13.11,74.0,NNE,2.09,2.57,1032.17,0.0,0.0,0.0,0.0,IMELBO1849.csv
2023/02/23,02:24 AM,17.78,13.11,74.0,NNE,2.41,3.22,1032.17,0.0,0.0,0.0,0.0,IMELBO1849.csv
2023/02/23,02:29 AM,17.78,13.11,74.0,NNE,1.77,2.41,1032.17,0.0,0.0,0.0,0.0,IMELBO1849.csv
2023/02/23,02:34 AM,17.78,13.17,74.0,NNW,0.97,1.45,1032.17,0.0,0.0,0.0,0.0,IMELBO1849.csv
2023/02/23,02:39 AM,17.72,13.22,75.0,NW,1.13,1.93,1032.17,0.0,0.0,0.0,0.0,IMELBO1849.csv
2023/02/23,02:44 AM,17.61,13.11,75.0,NNW,0.97,1.61,1032.17,0.0,0.0,0.0,0.0,IMELBO1849.csv
2023/02/23,02:49 AM,17.44,13.0,75.0,North,0.97,1.45,1031.83,0.0,0.0,0.0,0.0,IMELBO1849.csv
2023/02/23,02:54 AM,17.28,13.0,76.0,ENE,2.25,3.06,1032.17,0.0,0.0,0.0,0.0,IMELBO1849.csv
2023/02/23,02:59 AM,17.28,13.22,77.0,NE,2.25,3.22,1032.17,0.0,0.0,0.0,0.0,IMELBO1849.csv
2023/02/23,03:04 AM,17.28,13.22,77.0,NNE,1.29,1.77,1031.83,0.0,0.0,0.0,0.0,IMELBO1849.csv
2023/02/23,03:09 AM,17.33,13.17,77.0,NNE,1.77,2.41,1031.83,0.0,0.0,0.0,0.0,IMELBO1849.csv
2023/02/23,03:14 AM,17.5,13.17,76.0,NNE,2.41,3.22,1032.17,0.0,0.0,0.0,0.0,IMELBO1849.csv
2023/02/23,03:19 AM,17.78,13.28,75.0,NNE,2.57,3.54,1031.83,0.0,0.0,0.0,0.0,IMELBO1849.csv
2023/02/23,03:24 AM,17.89,13.22,74.0,NE,1.29,1.93,1031.83,0.0,0.0,0.0,0.0,IMELBO1849.csv
2023/02/23,03:29 AM,17.78,13.22,75.0,NE,2.25,3.38,1031.83,0.0,0.0,0.0,0.0,IMELBO1849.csv
2023/02/23,03:34 AM,17.61,13.11,75.0,NE,2.25,2.9,1031.83,0.0,0.0,0.0,0.0,IMELBO1849.csv
2023/02/23,03:39 AM,17.56,13.06,75.0,ENE,2.41,3.54,1031.49,0.0,0.0,0.0,0.0,IMELBO1849.csv
2023/02/23,03:44 AM,17.61,13.11,75.0,NE,2.57,3.54,1031.83,0.0,0.0,0.0,0.0,IMELBO1849.csv
2023/02/23,03:49 AM,17.72,13.06,74.0,NNE,2.74,3.86,1031.49,0.0,0.0,0.0,0.0,IMELBO1849.csv
2023/02/23,03:54 AM,18.33,12.94,71.0,NNE,5.47,7.24,1031.49,0.0,0.0,0.0,0.0,IMELBO1849.csv
2023/02/23,03:59 AM,19.5,12.67,65.0,NNE,9.33,12.39,1031.83,0.0,0.0,0.0,0.0,IMELBO1849.csv
2023/02/23,04:04 AM,20.5,12.67,61.0,NNE,10.46,14.96,1031.49,0.0,0.0,0.0,0.0,IMELBO1849.csv
2023/02/23,04:09 AM,21.0,12.56,59.0,NE,12.07,17.7,1031.49,0.0,0.0,0.0,0.0,IMELBO1849.csv
2023/02/23,04:14 AM,21.17,12.56,58.0,NE,10.46,14.48,1031.49,0.0,0.0,0.0,0.0,IMELBO1849.csv
2023/02/23,04:19 AM,21.0,12.33,58.0,NE,10.94,16.41,1031.49,0.0,0.0,0.0,0.0,IMELBO1849.csv
2023/02/23,04:24 AM,21.06,12.22,57.0,NE,11.75,15.77,1031.16,0.0,0.0,0.0,0.0,IMELBO1849.csv
2023/02/23,04:29 AM,21.0,12.0,56.0,NNE,13.35,18.34,1031.16,0.0,0.0,0.0,0.0,IMELBO1849.csv
2023/02/23,04:34 AM,21.06,11.94,56.0,NE,12.23,16.25,1031.16,0.0,0.0,0.0,0.0,IMELBO1849.csv
2023/02/23,04:39 AM,21.0,11.89,56.0,NE,13.52,19.63,1031.16,0.0,0.0,0.0,0.0,IMELBO1849.csv
2023/02/23,04:44 AM,20.89,11.78,56.0,NNE,14.16,18.83,1031.16,0.0,0.0,0.0,0.0,IMELBO1849.csv
2023/02/23,04:49 AM,20.78,11.67,56.0,NNE,12.87,17.54,1031.16,0.0,0.0,0.0,0.0,IMELBO1849.csv
2023/02/23,04:54 AM,20.72,11.67,56.0,NNE,13.84,18.99,1031.49,0.0,0.0,0.0,0.0,IMELBO1849.csv
2023/02/23,04:59 AM,20.72,11.28,55.0,NNE,13.68,18.5,1031.49,0.0,0.0,0.0,0.0,IMELBO1849.csv
2023/02/23,05:04 AM,20.61,11.28,55.0,NE,13.35,19.31,1031.16,0.0,0.0,0.0,0.0,IMELBO1849.csv
2023/02/23,05:09 AM,20.5,11.22,55.0,North,12.23,17.22,1031.49,0.0,0.0,0.0,0.0,IMELBO1849.csv
2023/02/23,05:14 AM,20.39,11.11,55.0,NE,13.52,18.99,1031.16,0.0,0.0,0.0,0.0,IMELBO1849.csv
2023/02/23,05:19 AM,20.33,11.06,55.0,NNE,14.8,20.43,1031.16,0.0,0.0,0.0,0.0,IMELBO1849.csv
2023/02/23,05:24 AM,20.28,11.0,55.0,NE,15.29,21.88,1031.49,0.0,0.0,0.0,0.0,IMELBO1849.csv
2023/02/23,05:29 AM,20.28,11.0,55.0,NE,15.93,21.72,1031.49,0.0,0.0,0.0,0.0,IMELBO1849.csv
2023/02/23,05:34 AM,20.22,10.89,55.0,NNE,16.73,23.17,1031.49,0.0,0.0,0.0,0.0,IMELBO1849.csv
2023/02/23,05:39 AM,20.11,10.78,55.0,NNE,13.52,18.18,1031.49,0.0,0.0,0.0,0.0,IMELBO1849.csv
2023/02/23,05:44 AM,20.0,10.72,55.0,NNE,14.16,19.95,1031.49,0.0,0.0,0.0,0.0,IMELBO1849.csv
2023/02/23,05:49 AM,19.89,10.89,56.0,North,13.52,18.18,1031.49,0.0,0.0,0.0,0.0,IMELBO1849.csv
2023/02/23,05:54 AM,19.78,10.78,56.0,NNE,13.03,17.38,1031.49,0.0,0.0,0.0,0.0,IMELBO1849.csv
2023/02/23,05:59 AM,19.72,10.72,56.0,NNE,14.32,20.27,1031.49,0.0,0.0,0.0,0.0,IMELBO1849.csv
2023/02/23,06:04 AM,19.67,10.67,56.0,NNE,12.87,18.34,1031.49,0.0,0.0,0.0,0.0,IMELBO1849.csv
2023/02/23,06:09 AM,19.56,10.56,56.0,NE,15.61,20.27,1031.49,0.0,0.0,0.0,0.0,IMELBO1849.csv
2023/02/23,06:14 AM,19.5,10.5,56.0,NNE,16.41,23.17,1031.49,0.0,0.0,0.0,0.0,IMELBO1849.csv
2023/02/23,06:19 AM,19.5,10.5,56.0,NNE,13.52,20.27,1031.49,0.0,0.0,0.0,0.0,IMELBO1849.csv
2023/02/23,06:24 AM,19.33,10.61,57.0,NNE,15.12,21.56,1031.49,0.0,0.0,0.0,0.0,IMELBO1849.csv
2023/02/23,06:29 AM,19.28,10.61,57.0,NE,13.68,19.31,1031.49,0.0,0.0,0.0,0.0,IMELBO1849.csv
2023/02/23,06:34 AM,19.22,10.56,57.0,NNE,14.16,21.24,1031.49,0.0,0.0,0.0,0.0,IMELBO1849.csv
2023/02/23,06:39 AM,19.17,10.5,57.0,NNE,14.16,19.47,1031.49,0.0,0.0,0.0,0.0,IMELBO1849.csv
2023/02/23,06:44 AM,19.06,10.61,58.0,North,13.52,18.34,1031.83,0.0,0.0,0.0,0.0,IMELBO1849.csv
2023/02/23,06:49 AM,19.0,10.61,58.0,NNE,13.35,18.83,1031.49,0.0,0.0,0.0,0.0,IMELBO1849.csv
2023/02/23,06:54 AM,19.0,10.5,58.0,NE,15.29,21.24,1031.83,0.0,0.0,0.0,0.9,IMELBO1849.csv
2023/02/23,06:59 AM,18.94,10.56,58.0,NNE,14.64,20.92,1031.83,0.0,0.0,0.0,2.9,IMELBO1849.csv
2023/02/23,07:04 AM,18.89,10.5,58.0,NNE,13.35,17.38,1032.17,0.0,0.0,0.0,6.0,IMELBO1849.csv
2023/02/23,07:09 AM,18.89,10.5,58.0,NE,12.87,18.34,1032.17,0.0,0.0,0.0,9.5,IMELBO1849.csv
2023/02/23,07:14 AM,18.78,10.39,58.0,NNE,13.03,17.7,1031.83,0.0,0.0,0.0,13.8,IMELBO1849.csv
2023/02/23,07:19 AM,18.83,10.44,58.0,North,13.84,18.99,1032.17,0.0,0.0,0.0,18.1,IMELBO1849.csv
2023/02/23,07:24 AM,18.89,10.5,58.0,NNE,15.61,21.24,1032.17,0.0,0.0,0.0,23.4,IMELBO1849.csv
2023/02/23,07:29 AM,18.94,10.56,58.0,NNE,15.12,20.76,1032.17,0.0,0.0,0.0,28.1,IMELBO1849.csv
2023/02/23,07:34 AM,19.0,10.56,58.0,North,14.0,18.18,1032.17,0.0,0.0,0.0,32.9,IMELBO1849.csv
2023/02/23,07:39 AM,19.06,10.44,57.0,NE,16.41,22.53,1032.51,0.0,0.0,0.0,36.8,IMELBO1849.csv
2023/02/23,07:44 AM,19.17,10.44,57.0,NNE,15.12,20.92,1032.51,0.0,0.0,0.0,41.6,IMELBO1849.csv
2023/02/23,07:49 AM,19.22,10.5,57.0,NNE,15.45,21.72,1032.51,0.0,0.0,0.0,47.2,IMELBO1849.csv
2023/02/23,07:54 AM,19.28,10.61,57.0,NNE,15.61,22.04,1032.51,0.0,0.0,0.0,53.3,IMELBO1849.csv
2023/02/23,07:59 AM,19.44,10.61,57.0,NNE,15.12,21.4,1032.51,0.0,0.0,0.0,59.0,IMELBO1849.csv
2023/02/23,08:04 AM,19.61,10.61,56.0,NE,14.32,19.79,1032.51,0.0,0.0,0.0,65.4,IMELBO1849.csv
2023/02/23,08:09 AM,19.72,10.72,56.0,NNE,14.48,21.24,1032.51,0.0,0.0,0.0,95.8,IMELBO1849.csv
2023/02/23,08:14 AM,19.83,10.61,55.0,NNE,15.61,23.49,1032.51,0.0,0.0,1.0,115.7,IMELBO1849.csv
2023/02/23,08:19 AM,19.94,10.67,55.0,NNE,15.45,21.4,1032.51,0.0,0.0,1.0,126.6,IMELBO1849.csv
2023/02/23,08:24 AM,20.22,10.61,54.0,NNE,17.86,25.58,1032.51,0.0,0.0,1.0,140.4,IMELBO1849.csv
2023/02/23,08:29 AM,20.33,10.67,54.0,NNE,17.22,23.65,1032.51,0.0,0.0,1.0,160.9,IMELBO1849.csv
2023/02/23,08:34 AM,20.44,10.56,53.0,NE,16.25,24.78,1032.51,0.0,0.0,1.0,177.4,IMELBO1849.csv
2023/02/23,08:39 AM,20.72,10.61,52.0,NNE,16.41,22.69,1032.51,0.0,0.0,1.0,196.5,IMELBO1849.csv
2023/02/23,08:44 AM,20.89,10.72,52.0,NNE,15.29,21.4,1032.51,0.0,0.0,2.0,211.1,IMELBO1849.csv
2023/02/23,08:49 AM,21.11,10.61,51.0,North,16.89,24.13,1032.85,0.0,0.0,2.0,232.4,IMELBO1849.csv
2023/02/23,08:54 AM,21.22,10.72,51.0,NE,15.45,20.92,1032.85,0.0,0.0,2.0,248.9,IMELBO1849.csv
2023/02/23,08:59 AM,21.56,10.83,50.0,NE,14.16,20.27,1032.85,0.0,0.0,2.0,256.8,IMELBO1849.csv
2023/02/23,09:04 AM,21.61,10.83,50.0,NNE,14.96,20.11,1032.85,0.0,0.0,2.0,273.7,IMELBO1849.csv
2023/02/23,09:09 AM,21.89,10.94,50.0,NNE,15.29,20.43,1032.85,0.0,0.0,2.0,286.6,IMELBO1849.csv
2023/02/23,09:14 AM,22.0,10.83,49.0,North,13.19,18.18,1032.85,0.0,0.0,2.0,289.7,IMELBO1849.csv
2023/02/23,09:19 AM,22.06,10.83,49.0,NNE,17.06,23.01,1032.85,0.0,0.0,3.0,318.8,IMELBO1849.csv
2023/02/23,09:24 AM,22.17,10.83,49.0,NNE,13.84,18.66,1033.19,0.0,0.0,3.0,327.0,IMELBO1849.csv
2023/02/23,09:29 AM,22.33,10.83,48.0,NNE,14.8,20.43,1032.85,0.0,0.0,3.0,352.2,IMELBO1849.csv
2023/02/23,09:34 AM,22.61,10.61,47.0,NE,13.35,19.31,1032.85,0.0,0.0,3.0,378.3,IMELBO1849.csv
2023/02/23,09:39 AM,22.72,10.72,47.0,NNE,16.41,22.04,1032.85,0.0,0.0,3.0,378.6,IMELBO1849.csv
2023/02/23,09:44 AM,22.78,10.89,47.0,NNE,17.22,23.65,1032.85,0.0,0.0,3.0,356.1,IMELBO1849.csv
2023/02/23,09:49 AM,22.89,10.94,47.0,NNE,16.41,23.01,1032.85,0.0,0.0,3.0,367.9,IMELBO1849.csv
2023/02/23,09:54 AM,23.17,11.0,46.0,NE,12.23,16.73,1032.85,0.0,0.0,3.0,369.9,IMELBO1849.csv
2023/02/23,09:59 AM,23.5,11.06,46.0,NNE,13.03,18.18,1032.85,0.0,0.0,3.0,396.5,IMELBO1849.csv
2023/02/23,10:04 AM,23.44,11.06,46.0,North,15.29,21.24,1032.85,0.0,0.0,3.0,369.6,IMELBO1849.csv
2023/02/23,10:09 AM,23.28,10.94,46.0,NNE,15.45,21.88,1032.85,0.0,0.0,3.0,398.2,IMELBO1849.csv
2023/02/23,10:14 AM,23.61,11.0,45.0,NE,14.64,22.04,1032.85,0.0,0.0,3.0,396.0,IMELBO1849.csv
2023/02/23,10:19 AM,23.56,10.94,45.0,ENE,14.96,20.27,1032.85,0.0,0.0,3.0,397.4,IMELBO1849.csv
2023/02/23,10:24 AM,24.0,11.17,44.0,NE,14.48,19.63,1032.85,0.0,0.0,4.0,467.6,IMELBO1849.csv
2023/02/23,10:29 AM,24.06,11.06,44.0,NNW,13.84,18.5,1033.19,0.0,0.0,4.0,469.8,IMELBO1849.csv
2023/02/23,10:34 AM,24.17,11.17,44.0,NNE,13.35,18.5,1033.19,0.0,0.0,4.0,479.7,IMELBO1849.csv
2023/02/23,10:39 AM,24.5,11.28,43.0,NNE,12.55,16.89,1033.19,0.0,0.0,4.0,486.3,IMELBO1849.csv
2023/02/23,10:44 AM,24.61,11.22,43.0,NNE,14.48,19.79,1033.19,0.0,0.0,4.0,494.1,IMELBO1849.csv
2023/02/23,10:49 AM,24.72,11.28,43.0,NNE,14.16,20.11,1033.19,0.0,0.0,4.0,508.8,IMELBO1849.csv
2023/02/23,10:54 AM,24.83,11.44,43.0,NNE,13.19,19.63,1032.85,0.0,0.0,4.0,511.4,IMELBO1849.csv
2023/02/23,10:59 AM,25.11,11.67,43.0,North,12.87,17.06,1033.19,0.0,0.0,4.0,496.7,IMELBO1849.csv
2023/02/23,11:04 AM,25.22,11.72,43.0,NE,11.75,15.93,1033.19,0.0,0.0,4.0,507.1,IMELBO1849.csv
2023/02/23,11:09 AM,25.83,11.89,42.0,NNE,9.33,13.03,1033.19,0.0,0.0,5.0,516.6,IMELBO1849.csv
2023/02/23,11:14 AM,25.83,11.89,42.0,NNE,10.94,14.96,1033.19,0.0,0.0,5.0,514.9,IMELBO1849.csv
2023/02/23,11:19 AM,25.94,11.83,41.0,NNE,9.81,13.19,1033.19,0.0,0.0,4.0,512.7,IMELBO1849.csv
2023/02/23,11:24 AM,25.94,11.83,41.0,,9.65,13.52,1033.19,0.0,0.0,5.0,573.9,IMELBO1849.csv
2023/02/23,11:29 AM,26.33,11.94,41.0,North,9.17,12.71,1033.19,0.0,0.0,5.0,586.0,IMELBO1849.csv
2023/02/23,11:34 AM,26.44,12.0,41.0,NE,11.58,16.41,1033.19,0.0,0.0,5.0,574.4,IMELBO1849.csv
2023/02/23,11:39 AM,26.33,12.0,41.0,NNE,12.55,17.54,1033.19,0.0,0.0,5.0,601.7,IMELBO1849.csv
2023/02/23,11:44 AM,26.44,12.0,41.0,NNE,10.94,15.45,1033.19,0.0,0.0,6.0,632.5,IMELBO1849.csv
2023/02/23,11:49 AM,26.67,12.11,40.0,NE,8.53,12.07,1033.19,0.0,0.0,6.0,627.2,IMELBO1849.csv
2023/02/23,11:54 AM,27.67,12.5,39.0,NNE,7.4,9.81,1033.19,0.0,0.0,6.0,646.3,IMELBO1849.csv
2023/02/23,11:59 AM,27.28,12.39,40.0,NNE,12.39,17.54,1033.19,0.0,0.0,6.0,639.3,IMELBO1849.csv
2023/02/23,12:04 PM,27.11,12.33,40.0,North,8.69,12.87,1033.19,0.0,0.0,6.0,640.3,IMELBO1849.csv
2023/02/23,12:09 PM,27.33,12.5,40.0,NNE,10.62,14.8,1033.19,0.0,0.0,6.0,666.2,IMELBO1849.csv
2023/02/23,12:14 PM,27.5,12.5,40.0,NNE,9.33,13.03,1032.85,0.0,0.0,6.0,676.6,IMELBO1849.csv
2023/02/23,12:19 PM,28.0,12.67,39.0,NNE,7.72,11.1,1032.85,0.0,0.0,6.0,696.7,IMELBO1849.csv
2023/02/23,12:24 PM,28.28,12.89,39.0,NNE,7.56,10.78,1032.85,0.0,0.0,6.0,683.6,IMELBO1849.csv
2023/02/23,12:29 PM,28.22,12.83,39.0,NNE,8.04,11.58,1032.85,0.0,0.0,6.0,685.3,IMELBO1849.csv
2023/02/23,12:34 PM,28.44,12.89,38.0,NNE,8.69,13.19,1032.85,0.0,0.0,6.0,647.2,IMELBO1849.csv
2023/02/23,12:39 PM,28.61,12.94,38.0,NE,7.4,10.94,1032.85,0.0,0.0,6.0,688.4,IMELBO1849.csv
2023/02/23,12:44 PM,28.78,13.11,38.0,NE,8.04,11.26,1032.51,0.0,0.0,6.0,697.1,IMELBO1849.csv
2023/02/23,12:49 PM,28.78,13.11,38.0,NNE,9.01,12.23,1032.85,0.0,0.0,6.0,701.8,IMELBO1849.csv
2023/02/23,12:54 PM,29.0,13.17,38.0,NE,7.24,10.3,1032.85,0.0,0.0,6.0,688.0,IMELBO1849.csv
2023/02/23,12:59 PM,29.06,13.22,38.0,North,6.92,9.33,1032.51,0.0,0.0,6.0,637.3,IMELBO1849.csv
2023/02/23,01:04 PM,29.22,13.28,37.0,North,5.63,7.88,1032.51,0.0,0.0,6.0,652.8,IMELBO1849.csv
2023/02/23,01:09 PM,29.5,13.39,37.0,NNE,8.37,11.75,1032.51,0.0,0.0,6.0,686.2,IMELBO1849.csv
2023/02/23,01:14 PM,29.33,13.44,38.0,NE,6.6,9.65,1032.17,0.0,0.0,6.0,687.5,IMELBO1849.csv
2023/02/23,01:19 PM,29.39,13.5,38.0,NE,9.17,13.03,1032.17,0.0,0.0,6.0,711.9,IMELBO1849.csv
2023/02/23,01:24 PM,29.5,13.33,37.0,NE,9.65,13.03,1032.17,0.0,0.0,6.0,714.4,IMELBO1849.csv
2023/02/23,01:29 PM,30.06,13.61,37.0,NNE,6.28,9.01,1032.17,0.0,0.0,7.0,739.6,IMELBO1849.csv
2023/02/23,01:34 PM,30.06,13.67,37.0,ENE,8.04,11.1,1031.83,0.0,0.0,7.0,740.9,IMELBO1849.csv
2023/02/23,01:39 PM,30.22,13.56,36.0,North,6.11,9.01,1032.17,0.0,0.0,7.0,738.8,IMELBO1849.csv
2023/02/23,01:44 PM,30.44,13.78,36.0,NE,7.72,10.46,1032.17,0.0,0.0,6.0,718.7,IMELBO1849.csv
2023/02/23,01:49 PM,30.28,13.94,37.0,ENE,9.17,13.35,1031.83,0.0,0.0,6.0,719.2,IMELBO1849.csv
2023/02/23,01:54 PM,30.28,13.94,37.0,East,7.56,10.94,1032.17,0.0,0.0,6.0,682.8,IMELBO1849.csv
2023/02/23,01:59 PM,30.5,13.89,36.0,NE,7.88,10.94,1032.17,0.0,0.0,6.0,680.5,IMELBO1849.csv
2023/02/23,02:04 PM,30.56,13.89,36.0,NNE,3.54,4.99,1031.83,0.0,0.0,6.0,694.9,IMELBO1849.csv
2023/02/23,02:09 PM,30.89,14.06,36.0,North,6.28,8.37,1031.49,0.0,0.0,6.0,654.1,IMELBO1849.csv
2023/02/23,02:14 PM,30.83,14.06,36.0,NNE,4.83,7.08,1031.49,0.0,0.0,6.0,662.0,IMELBO1849.csv
2023/02/23,02:19 PM,30.89,14.11,36.0,NNE,4.83,6.92,1031.49,0.0,0.0,6.0,686.7,IMELBO1849.csv
2023/02/23,02:24 PM,31.0,14.17,36.0,NNE,7.72,10.62,1031.49,0.0,0.0,6.0,691.9,IMELBO1849.csv
2023/02/23,02:29 PM,30.61,13.89,36.0,NNE,8.04,10.46,1031.49,0.0,0.0,5.0,590.8,IMELBO1849.csv
2023/02/23,02:34 PM,30.89,14.0,36.0,NNE,7.4,9.98,1031.49,0.0,0.0,5.0,563.8,IMELBO1849.csv
2023/02/23,02:39 PM,31.11,14.06,35.0,NNE,4.67,6.6,1031.49,0.0,0.0,5.0,568.3,IMELBO1849.csv
2023/02/23,02:44 PM,31.39,14.11,35.0,NNE,6.28,8.21,1031.49,0.0,0.0,5.0,548.3,IMELBO1849.csv
2023/02/23,02:49 PM,31.44,14.06,35.0,North,4.99,7.08,1031.49,0.0,0.0,5.0,584.3,IMELBO1849.csv
2023/02/23,02:54 PM,31.33,13.94,35.0,NNE,4.99,6.92,1031.16,0.0,0.0,6.0,713.1,IMELBO1849.csv
2023/02/23,02:59 PM,31.33,13.89,35.0,NE,7.88,10.14,1030.82,0.0,0.0,7.0,746.1,IMELBO1849.csv
2023/02/23,03:04 PM,31.61,13.78,34.0,NNE,6.11,8.21,1031.16,0.0,0.0,7.0,748.7,IMELBO1849.csv
2023/02/23,03:09 PM,31.61,14.0,34.0,NE,5.79,8.37,1031.16,0.0,0.0,6.0,709.2,IMELBO1849.csv
2023/02/23,03:14 PM,31.5,14.06,35.0,East,7.08,9.65,1030.82,0.0,0.0,5.0,606.4,IMELBO1849.csv
2023/02/23,03:19 PM,31.5,13.78,34.0,NE,6.76,10.14,1030.82,0.0,0.0,5.0,538.3,IMELBO1849.csv
2023/02/23,03:24 PM,31.28,13.89,35.0,NE,5.95,8.04,1030.82,0.0,0.0,4.0,475.9,IMELBO1849.csv
2023/02/23,03:29 PM,31.11,13.39,34.0,ENE,7.24,10.94,1030.48,0.0,0.0,5.0,589.9,IMELBO1849.csv
2023/02/23,03:34 PM,31.22,12.61,32.0,NNE,2.57,3.54,1030.82,0.0,0.0,4.0,492.3,IMELBO1849.csv
2023/02/23,03:39 PM,31.28,13.44,34.0,North,4.83,6.6,1030.48,0.0,0.0,3.0,339.2,IMELBO1849.csv
2023/02/23,03:44 PM,31.0,13.44,34.0,NW,5.79,8.37,1030.48,0.0,0.0,4.0,459.7,IMELBO1849.csv
2023/02/23,03:49 PM,31.28,13.28,33.0,NNW,4.18,6.11,1030.48,0.0,0.0,7.0,727.0,IMELBO1849.csv
2023/02/23,03:54 PM,31.94,13.72,33.0,,3.06,4.34,1030.48,0.0,0.0,7.0,774.3,IMELBO1849.csv
2023/02/23,03:59 PM,32.33,13.67,32.0,North,6.28,8.37,1030.48,0.0,0.0,7.0,773.0,IMELBO1849.csv
2023/02/23,04:04 PM,31.72,13.83,34.0,NNE,4.83,6.6,1030.48,0.0,0.0,5.0,544.8,IMELBO1849.csv
2023/02/23,04:09 PM,31.56,13.89,34.0,NNE,5.31,7.4,1030.14,0.0,0.0,6.0,663.2,IMELBO1849.csv
2023/02/23,04:14 PM,31.5,13.72,34.0,NNE,4.67,6.6,1030.14,0.0,0.0,7.0,817.7,IMELBO1849.csv
2023/02/23,04:19 PM,31.83,13.61,33.0,NE,5.15,6.76,1030.14,0.0,0.0,7.0,820.8,IMELBO1849.csv
2023/02/23,04:24 PM,31.94,13.83,33.0,NE,5.31,6.92,1030.14,0.0,0.0,7.0,790.8,IMELBO1849.csv
2023/02/23,04:29 PM,32.44,14.06,33.0,NNE,4.67,6.6,1030.14,0.0,0.0,7.0,765.6,IMELBO1849.csv
2023/02/23,04:34 PM,32.17,13.94,33.0,ENE,4.02,5.31,1030.48,0.0,0.0,7.0,738.8,IMELBO1849.csv
2023/02/23,04:39 PM,31.72,13.39,33.0,East,7.24,9.65,1029.8,0.0,0.0,7.0,737.4,IMELBO1849.csv
2023/02/23,04:44 PM,31.5,13.39,33.0,NE,4.67,6.44,1029.8,0.0,0.0,6.0,711.9,IMELBO1849.csv
2023/02/23,04:49 PM,31.89,13.72,33.0,North,7.24,9.81,1030.14,0.0,0.0,6.0,699.3,IMELBO1849.csv
2023/02/23,04:54 PM,31.94,13.61,33.0,NE,4.83,6.92,1030.14,0.0,0.0,6.0,668.5,IMELBO1849.csv
2023/02/23,04:59 PM,31.89,13.44,33.0,ENE,5.63,8.04,1030.14,0.0,0.0,6.0,647.2,IMELBO1849.csv
2023/02/23,05:04 PM,31.61,13.39,33.0,East,6.76,9.01,1029.8,0.0,0.0,6.0,635.9,IMELBO1849.csv
2023/02/23,05:09 PM,31.67,13.22,33.0,NE,5.79,7.88,1030.14,0.0,0.0,6.0,619.0,IMELBO1849.csv
2023/02/23,05:14 PM,31.22,12.89,33.0,East,6.28,9.01,1029.8,0.0,0.0,5.0,540.0,IMELBO1849.csv
2023/02/23,05:19 PM,31.28,12.94,33.0,ENE,5.47,7.24,1029.8,0.0,0.0,4.0,503.6,IMELBO1849.csv
2023/02/23,05:24 PM,31.39,12.83,32.0,East,6.44,8.85,1029.8,0.0,0.0,4.0,499.7,IMELBO1849.csv
2023/02/23,05:29 PM,31.44,12.56,32.0,ENE,2.9,4.34,1029.8,0.0,0.0,4.0,452.0,IMELBO1849.csv
2023/02/23,05:34 PM,31.89,13.28,32.0,NE,6.76,9.49,1029.8,0.0,0.0,4.0,422.1,IMELBO1849.csv
2023/02/23,05:39 PM,31.44,12.83,32.0,NNE,4.34,5.63,1029.8,0.0,0.0,3.0,387.8,IMELBO1849.csv
2023/02/23,05:44 PM,31.78,12.89,32.0,NNW,3.06,4.51,1029.8,0.0,0.0,3.0,354.8,IMELBO1849.csv
2023/02/23,05:49 PM,31.67,13.0,32.0,ENE,3.22,5.31,1029.46,0.0,0.0,3.0,355.3,IMELBO1849.csv
2023/02/23,05:54 PM,31.67,13.0,32.0,NE,4.51,5.79,1029.46,0.0,0.0,3.0,338.3,IMELBO1849.csv
2023/02/23,05:59 PM,31.28,12.94,33.0,ESE,4.67,6.11,1029.46,0.0,0.0,3.0,310.6,IMELBO1849.csv
2023/02/23,06:04 PM,31.17,13.11,33.0,NE,5.79,7.56,1029.46,0.0,0.0,2.0,298.4,IMELBO1849.csv
2023/02/23,06:09 PM,31.11,13.17,33.0,ENE,6.28,8.37,1029.46,0.0,0.0,2.0,280.6,IMELBO1849.csv
2023/02/23,06:14 PM,30.94,13.0,33.0,East,6.11,7.88,1029.12,0.0,0.0,2.0,271.5,IMELBO1849.csv
2023/02/23,06:19 PM,31.06,12.94,33.0,East,6.44,8.69,1029.12,0.0,0.0,2.0,242.5,IMELBO1849.csv
2023/02/23,06:24 PM,30.94,13.06,34.0,East,7.56,10.94,1029.12,0.0,0.0,2.0,233.3,IMELBO1849.csv
2023/02/23,06:29 PM,31.0,12.94,33.0,East,6.6,9.01,1029.12,0.0,0.0,2.0,206.0,IMELBO1849.csv
2023/02/23,06:34 PM,30.89,13.0,33.0,ENE,5.63,7.88,1029.12,0.0,0.0,1.0,183.0,IMELBO1849.csv
2023/02/23,06:39 PM,30.89,12.72,33.0,ENE,4.51,6.28,1029.46,0.0,0.0,1.0,147.9,IMELBO1849.csv
2023/02/23,06:44 PM,30.83,12.67,33.0,NE,5.15,6.92,1029.46,0.0,0.0,1.0,146.6,IMELBO1849.csv
2023/02/23,06:49 PM,30.78,12.33,32.0,NE,2.57,3.54,1029.46,0.0,0.0,1.0,134.4,IMELBO1849.csv
2023/02/23,06:54 PM,30.72,12.39,32.0,ENE,3.22,4.18,1029.12,0.0,0.0,1.0,125.3,IMELBO1849.csv
2023/02/23,06:59 PM,30.5,12.5,33.0,East,4.83,5.63,1029.12,0.0,0.0,0.0,90.2,IMELBO1849.csv
2023/02/23,07:04 PM,30.44,12.44,33.0,East,3.7,4.83,1029.12,0.0,0.0,0.0,65.9,IMELBO1849.csv
2023/02/23,07:09 PM,30.5,12.5,33.0,NNE,3.54,4.18,1029.46,0.0,0.0,0.0,59.3,IMELBO1849.csv
2023/02/23,07:14 PM,30.56,12.61,33.0,NNE,4.34,5.63,1029.12,0.0,0.0,0.0,53.3,IMELBO1849.csv
2023/02/23,07:19 PM,30.17,12.61,34.0,NE,3.7,5.15,1029.12,0.0,0.0,0.0,47.7,IMELBO1849.csv
2023/02/23,07:24 PM,29.94,12.44,34.0,East,3.7,4.83,1029.12,0.0,0.0,0.0,34.3,IMELBO1849.csv
2023/02/23,07:29 PM,29.83,12.39,34.0,East,2.41,3.06,1029.12,0.0,0.0,0.0,31.6,IMELBO1849.csv
2023/02/23,07:34 PM,29.72,12.56,35.0,East,4.18,5.15,1029.12,0.0,0.0,0.0,28.1,IMELBO1849.csv
2023/02/23,07:39 PM,29.67,12.83,36.0,ESE,4.18,5.15,1029.46,0.0,0.0,0.0,25.1,IMELBO1849.csv
2023/02/23,07:44 PM,28.94,13.94,40.0,SE,3.54,5.47,1029.46,0.0,0.0,0.0,20.3,IMELBO1849.csv
2023/02/23,07:49 PM,28.44,14.56,43.0,South,4.51,6.76,1029.46,0.0,0.0,0.0,16.9,IMELBO1849.csv
2023/02/23,07:54 PM,28.11,14.83,44.0,SE,4.51,7.4,1029.12,0.0,0.0,0.0,12.1,IMELBO1849.csv
2023/02/23,07:59 PM,27.83,14.83,45.0,SE,3.06,4.51,1029.12,0.0,0.0,0.0,8.6,IMELBO1849.csv
2023/02/23,08:04 PM,27.78,14.94,46.0,SSE,2.9,4.02,1029.46,0.0,0.0,0.0,6.0,IMELBO1849.csv
2023/02/23,08:09 PM,27.56,14.94,46.0,SSE,2.9,4.02,1029.46,0.0,0.0,0.0,3.4,IMELBO1849.csv
2023/02/23,08:14 PM,27.44,15.17,47.0,SSE,2.25,3.22,1029.46,0.0,0.0,0.0,1.2,IMELBO1849.csv
2023/02/23,08:19 PM,27.28,15.22,48.0,SE,2.41,3.38,1029.46,0.0,0.0,0.0,0.0,IMELBO1849.csv
2023/02/23,08:24 PM,27.17,15.33,48.0,SSE,1.77,2.9,1029.46,0.0,0.0,0.0,0.0,IMELBO1849.csv
2023/02/23,08:29 PM,26.89,15.33,49.0,SE,1.93,2.9,1029.46,0.0,0.0,0.0,0.0,IMELBO1849.csv
2023/02/23,08:34 PM,26.78,15.5,50.0,SSE,2.57,3.7,1029.46,0.0,0.0,0.0,0.0,IMELBO1849.csv
2023/02/23,08:39 PM,26.72,15.72,51.0,SSE,1.93,2.9,1029.46,0.0,0.0,0.0,0.0,IMELBO1849.csv
2023/02/23,08:44 PM,26.56,16.06,52.0,South,1.77,3.06,1029.46,0.0,0.0,0.0,0.0,IMELBO1849.csv
2023/02/23,08:49 PM,26.39,16.17,53.0,SSE,2.25,3.22,1029.46,0.0,0.0,0.0,0.0,IMELBO1849.csv
2023/02/23,08:54 PM,26.28,16.28,54.0,SSE,2.74,4.34,1029.46,0.0,0.0,0.0,0.0,IMELBO1849.csv
2023/02/23,08:59 PM,26.39,16.33,54.0,SSE,3.06,4.18,1029.8,0.0,0.0,0.0,0.0,IMELBO1849.csv
2023/02/23,09:04 PM,26.28,16.28,54.0,SE,2.09,3.22,1029.46,0.0,0.0,0.0,0.0,IMELBO1849.csv
2023/02/23,09:09 PM,26.11,16.39,55.0,SSE,1.61,3.06,1029.46,0.0,0.0,0.0,0.0,IMELBO1849.csv
2023/02/23,09:14 PM,26.06,16.33,55.0,SSE,1.77,2.41,1029.46,0.0,0.0,0.0,0.0,IMELBO1849.csv
2023/02/23,09:19 PM,25.94,16.33,55.0,SSE,0.97,1.61,1029.8,0.0,0.0,0.0,0.0,IMELBO1849.csv
2023/02/23,09:24 PM,25.89,16.39,56.0,SSE,1.13,1.93,1029.8,0.0,0.0,0.0,0.0,IMELBO1849.csv
2023/02/23,09:29 PM,25.78,16.39,56.0,SSE,0.97,1.45,1029.8,0.0,0.0,0.0,0.0,IMELBO1849.csv
2023/02/23,09:34 PM,25.67,16.28,56.0,SE,1.13,1.93,1029.8,0.0,0.0,0.0,0.0,IMELBO1849.csv
2023/02/23,09:39 PM,25.56,16.39,57.0,ESE,0.32,1.13,1029.8,0.0,0.0,0.0,0.0,IMELBO1849.csv
2023/02/23,09:44 PM,25.33,16.28,57.0,SE,0.32,0.8,1029.8,0.0,0.0,0.0,0.0,IMELBO1849.csv
2023/02/23,09:49 PM,25.22,16.39,58.0,SSE,0.48,0.8,1029.8,0.0,0.0,0.0,0.0,IMELBO1849.csv
2023/02/23,09:54 PM,25.0,16.22,58.0,SSE,0.16,0.64,1029.8,0.0,0.0,0.0,0.0,IMELBO1849.csv
2023/02/23,09:59 PM,24.89,16.22,59.0,SSE,0.0,0.16,1029.8,0.0,0.0,0.0,0.0,IMELBO1849.csv
2023/02/23,10:04 PM,24.72,16.22,59.0,SSE,0.0,0.32,1029.8,0.0,0.0,0.0,0.0,IMELBO1849.csv
2023/02/23,10:09 PM,24.61,15.78,58.0,SE,1.77,2.9,1029.8,0.0,0.0,0.0,0.0,IMELBO1849.csv
2023/02/23,10:14 PM,24.94,15.83,57.0,ESE,0.48,0.8,1029.8,0.0,0.0,0.0,0.0,IMELBO1849.csv
2023/02/23,10:19 PM,24.89,15.67,57.0,ESE,1.29,1.93,1029.8,0.0,0.0,0.0,0.0,IMELBO1849.csv
2023/02/23,10:24 PM,24.89,15.5,56.0,ESE,1.13,1.61,1029.8,0.0,0.0,0.0,0.0,IMELBO1849.csv
2023/02/23,10:29 PM,24.78,15.5,56.0,ESE,0.32,0.97,1029.8,0.0,0.0,0.0,0.0,IMELBO1849.csv
2023/02/23,10:34 PM,24.61,15.56,57.0,ESE,0.32,0.64,1029.8,0.0,0.0,0.0,0.0,IMELBO1849.csv
2023/02/23,10:39 PM,24.44,15.44,57.0,ESE,0.0,0.16,1029.8,0.0,0.0,0.0,0.0,IMELBO1849.csv
2023/02/23,10:44 PM,24.22,15.33,58.0,ESE,0.0,0.0,1029.8,0.0,0.0,0.0,0.0,IMELBO1849.csv
2023/02/23,10:49 PM,24.0,15.33,59.0,ESE,0.0,0.0,1029.8,0.0,0.0,0.0,0.0,IMELBO1849.csv
2023/02/23,10:54 PM,23.72,15.28,59.0,ESE,0.0,0.0,1030.14,0.0,0.0,0.0,0.0,IMELBO1849.csv
2023/02/23,10:59 PM,23.61,15.33,60.0,ESE,0.16,0.8,1030.14,0.0,0.0,0.0,0.0,IMELBO1849.csv
2023/02/23,11:04 PM,23.72,15.33,60.0,ESE,0.0,0.0,1030.14,0.0,0.0,0.0,0.0,IMELBO1849.csv
2023/02/23,11:09 PM,23.5,15.33,60.0,ESE,0.0,0.0,1030.14,0.0,0.0,0.0,0.0,IMELBO1849.csv
2023/02/23,11:14 PM,23.11,15.33,61.0,ESE,0.0,0.0,1030.14,0.0,0.0,0.0,0.0,IMELBO1849.csv
2023/02/23,11:19 PM,22.94,15.28,62.0,ESE,0.0,0.0,1029.8,0.0,0.0,0.0,0.0,IMELBO1849.csv
2023/02/23,11:24 PM,22.83,15.22,62.0,ESE,0.0,0.0,1029.8,0.0,0.0,0.0,0.0,IMELBO1849.csv
2023/02/23,11:29 PM,22.67,15.28,63.0,ESE,0.0,0.0,1029.8,0.0,0.0,0.0,0.0,IMELBO1849.csv
2023/02/23,11:34 PM,22.56,15.28,63.0,ESE,0.0,0.0,1029.8,0.0,0.0,0.0,0.0,IMELBO1849.csv
2023/02/23,11:39 PM,22.5,15.39,64.0,ESE,0.16,0.48,1029.8,0.0,0.0,0.0,0.0,IMELBO1849.csv
2023/02/23,11:44 PM,22.44,15.33,64.0,ESE,0.0,0.0,1029.8,0.0,0.0,0.0,0.0,IMELBO1849.csv
2023/02/23,11:49 PM,22.28,15.28,65.0,ESE,0.0,0.0,1029.8,0.0,0.0,0.0,0.0,IMELBO1849.csv
2023/02/23,11:54 PM,21.94,15.06,65.0,ESE,0.0,0.0,1029.8,0.0,0.0,0.0,0.0,IMELBO1849.csv
2023/02/23,11:59 PM,21.61,15.06,66.0,ESE,0.0,0.0,1029.8,0.0,0.0,0.0,0.0,IMELBO1849.csv
2023/02/24,12:04 AM,21.28,14.89,67.0,ESE,0.0,0.0,1029.8,0.0,0.0,0.0,0.0,IMELBO1849.csv
2023/02/24,12:09 AM,21.11,15.11,69.0,ESE,0.0,0.0,1029.8,0.0,0.0,0.0,0.0,IMELBO1849.csv
2023/02/24,12:14 AM,21.17,15.22,69.0,ESE,0.8,1.13,1029.8,0.0,0.0,0.0,0.0,IMELBO1849.csv
2023/02/24,12:19 AM,21.44,15.33,68.0,ESE,0.0,0.0,1029.8,0.0,0.0,0.0,0.0,IMELBO1849.csv
2023/02/24,12:24 AM,21.22,15.17,68.0,ESE,0.48,0.64,1029.8,0.0,0.0,0.0,0.0,IMELBO1849.csv
2023/02/24,12:29 AM,21.33,15.11,68.0,SE,0.8,1.45,1029.8,0.0,0.0,0.0,0.0,IMELBO1849.csv
2023/02/24,12:34 AM,21.28,14.78,66.0,South,0.32,0.48,1029.8,0.0,0.0,0.0,0.0,IMELBO1849.csv
2023/02/24,12:39 AM,21.06,14.67,67.0,South,0.0,0.0,1029.8,0.0,0.0,0.0,0.0,IMELBO1849.csv
2023/02/24,12:44 AM,20.72,14.56,68.0,South,0.16,0.64,1029.8,0.0,0.0,0.0,0.0,IMELBO1849.csv
2023/02/24,12:49 AM,20.61,14.5,68.0,South,0.16,0.64,1029.8,0.0,0.0,0.0,0.0,IMELBO1849.csv
2023/02/24,12:54 AM,20.56,14.44,68.0,South,0.0,0.0,1030.14,0.0,0.0,0.0,0.0,IMELBO1849.csv
2023/02/24,12:59 AM,20.44,14.56,69.0,South,0.32,0.64,1029.8,0.0,0.0,0.0,0.0,IMELBO1849.csv
2023/02/24,01:04 AM,20.39,14.5,69.0,South,0.48,1.13,1029.8,0.0,0.0,0.0,0.0,IMELBO1849.csv
2023/02/24,01:09 AM,20.22,14.33,69.0,South,0.48,1.13,1029.8,0.0,0.0,0.0,0.0,IMELBO1849.csv
2023/02/24,01:14 AM,20.11,14.44,70.0,South,0.8,1.29,1029.8,0.0,0.0,0.0,0.0,IMELBO1849.csv
2023/02/24,01:19 AM,19.94,14.33,70.0,SSE,0.8,1.45,1029.8,0.0,0.0,0.0,0.0,IMELBO1849.csv
2023/02/24,01:24 AM,19.94,14.17,69.0,East,2.09,2.74,1029.8,0.0,0.0,0.0,0.0,IMELBO1849.csv
2023/02/24,01:29 AM,20.06,14.17,69.0,ENE,1.77,2.41,1029.8,0.0,0.0,0.0,0.0,IMELBO1849.csv
2023/02/24,01:34 AM,19.94,14.17,69.0,NE,2.25,3.22,1029.8,0.0,0.0,0.0,0.0,IMELBO1849.csv
2023/02/24,01:39 AM,19.78,13.83,69.0,NE,2.09,2.74,1029.8,0.0,0.0,0.0,0.0,IMELBO1849.csv
2023/02/24,01:44 AM,19.61,13.5,68.0,NNE,1.93,2.41,1029.8,0.0,0.0,0.0,0.0,IMELBO1849.csv
2023/02/24,01:49 AM,19.44,13.28,68.0,NNE,1.45,2.09,1029.8,0.0,0.0,0.0,0.0,IMELBO1849.csv
2023/02/24,01:54 AM,19.22,13.06,67.0,NNE,1.93,2.57,1029.8,0.0,0.0,0.0,0.0,IMELBO1849.csv
2023/02/24,01:59 AM,19.06,13.06,68.0,NE,2.09,3.06,1029.8,0.0,0.0,0.0,0.0,IMELBO1849.csv
2023/02/24,02:04 AM,19.0,13.0,68.0,NE,3.22,4.02,1029.46,0.0,0.0,0.0,0.0,IMELBO1849.csv
2023/02/24,02:09 AM,18.89,12.61,67.0,NNE,4.18,5.63,1029.46,0.0,0.0,0.0,0.0,IMELBO1849.csv
2023/02/24,02:14 AM,18.78,12.5,67.0,NE,3.22,4.18,1029.46,0.0,0.0,0.0,0.0,IMELBO1849.csv
2023/02/24,02:19 AM,18.72,12.39,67.0,NNE,2.74,3.86,1029.46,0.0,0.0,0.0,0.0,IMELBO1849.csv
2023/02/24,02:24 AM,18.61,12.22,67.0,NNE,3.22,4.51,1029.46,0.0,0.0,0.0,0.0,IMELBO1849.csv
2023/02/24,02:29 AM,18.61,12.11,66.0,NNE,3.7,4.67,1029.46,0.0,0.0,0.0,0.0,IMELBO1849.csv
2023/02/24,02:34 AM,18.61,12.11,66.0,NNE,3.7,4.99,1029.46,0.0,0.0,0.0,0.0,IMELBO1849.csv
2023/02/24,02:39 AM,18.61,11.89,65.0,NNE,4.34,5.63,1029.46,0.0,0.0,0.0,0.0,IMELBO1849.csv
2023/02/24,02:44 AM,18.72,11.89,65.0,NNE,4.02,5.47,1029.46,0.0,0.0,0.0,0.0,IMELBO1849.csv
2023/02/24,02:49 AM,18.83,11.67,63.0,NNE,5.47,7.24,1029.46,0.0,0.0,0.0,0.0,IMELBO1849.csv
2023/02/24,02:54 AM,18.94,11.67,62.0,NNE,5.79,7.72,1029.46,0.0,0.0,0.0,0.0,IMELBO1849.csv
2023/02/24,02:59 AM,19.22,11.5,61.0,NNE,5.79,8.04,1029.46,0.0,0.0,0.0,0.0,IMELBO1849.csv
2023/02/24,03:04 AM,19.28,11.39,60.0,NNE,3.38,4.83,1029.46,0.0,0.0,0.0,0.0,IMELBO1849.csv
2023/02/24,03:09 AM,19.28,11.56,61.0,NNE,2.74,4.02,1029.46,0.0,0.0,0.0,0.0,IMELBO1849.csv
2023/02/24,03:14 AM,19.22,11.33,60.0,North,3.86,5.31,1029.12,0.0,0.0,0.0,0.0,IMELBO1849.csv
2023/02/24,03:19 AM,19.22,11.28,60.0,NNE,4.18,5.47,1029.46,0.0,0.0,0.0,0.0,IMELBO1849.csv
2023/02/24,03:24 AM,19.22,11.28,60.0,NNE,3.7,5.15,1029.12,0.0,0.0,0.0,0.0,IMELBO1849.csv
2023/02/24,03:29 AM,19.22,11.28,60.0,NNE,3.54,4.51,1029.12,0.0,0.0,0.0,0.0,IMELBO1849.csv
2023/02/24,03:34 AM,19.22,11.28,60.0,NE,3.22,4.34,1029.12,0.0,0.0,0.0,0.0,IMELBO1849.csv
2023/02/24,03:39 AM,19.22,11.17,60.0,NNE,4.02,5.47,1028.78,0.0,0.0,0.0,0.0,IMELBO1849.csv
2023/02/24,03:44 AM,19.39,11.22,59.0,NNE,4.51,6.28,1029.12,0.0,0.0,0.0,0.0,IMELBO1849.csv
2023/02/24,03:49 AM,19.61,11.17,58.0,NNE,5.95,8.04,1029.12,0.0,0.0,0.0,0.0,IMELBO1849.csv
2023/02/24,03:54 AM,19.83,11.22,57.0,NNE,6.92,9.65,1029.12,0.0,0.0,0.0,0.0,IMELBO1849.csv
2023/02/24,03:59 AM,20.0,11.22,57.0,North,7.08,9.98,1029.12,0.0,0.0,0.0,0.0,IMELBO1849.csv
2023/02/24,04:04 AM,20.11,11.28,57.0,NNE,7.4,10.3,1029.12,0.0,0.0,0.0,0.0,IMELBO1849.csv
2023/02/24,04:09 AM,20.17,11.17,56.0,NNE,8.85,11.75,1029.12,0.0,0.0,0.0,0.0,IMELBO1849.csv
2023/02/24,04:14 AM,20.11,11.28,57.0,NNE,8.04,10.62,1029.12,0.0,0.0,0.0,0.0,IMELBO1849.csv
2023/02/24,04:19 AM,19.83,11.22,57.0,NNE,7.72,10.46,1029.12,0.0,0.0,0.0,0.0,IMELBO1849.csv
2023/02/24,04:24 AM,19.67,11.17,58.0,NNE,6.76,9.33,1029.46,0.0,0.0,0.0,0.0,IMELBO1849.csv
2023/02/24,04:29 AM,19.5,11.0,58.0,NNE,7.24,9.49,1029.12,0.0,0.0,0.0,0.0,IMELBO1849.csv
2023/02/24,04:34 AM,19.44,10.94,58.0,NNE,6.92,9.49,1029.12,0.0,0.0,0.0,0.0,IMELBO1849.csv
2023/02/24,04:39 AM,19.39,10.89,58.0,NNE,7.24,9.98,1029.12,0.0,0.0,0.0,0.0,IMELBO1849.csv
2023/02/24,04:44 AM,19.28,10.94,58.0,NNE,7.08,9.81,1028.78,0.0,0.0,0.0,0.0,IMELBO1849.csv
2023/02/24,04:49 AM,19.17,10.94,59.0,NE,7.08,10.14,1028.78,0.0,0.0,0.0,0.0,IMELBO1849.csv
2023/02/24,04:54 AM,19.0,10.89,60.0,NNE,7.24,9.65,1029.12,0.0,0.0,0.0,0.0,IMELBO1849.csv
2023/02/24,04:59 AM,18.83,10.94,60.0,NNE,6.92,9.17,1029.12,0.0,0.0,0.0,0.0,IMELBO1849.csv
2023/02/24,05:04 AM,18.94,10.78,59.0,North,5.95,8.04,1029.12,0.0,0.0,0.0,0.0,IMELBO1849.csv
2023/02/24,05:09 AM,19.11,10.89,59.0,NNE,5.79,7.88,1029.12,0.0,0.0,0.0,0.0,IMELBO1849.csv
2023/02/24,05:14 AM,19.11,10.67,58.0,NNE,7.24,9.49,1029.12,0.0,0.0,0.0,0.0,IMELBO1849.csv
2023/02/24,05:19 AM,19.17,10.67,58.0,NNE,6.6,9.17,1028.78,0.0,0.0,0.0,0.0,IMELBO1849.csv
2023/02/24,05:24 AM,19.22,10.72,58.0,NE,7.4,9.81,1029.12,0.0,0.0,0.0,0.0,IMELBO1849.csv
2023/02/24,05:29 AM,19.22,10.72,58.0,NNE,7.4,9.98,1028.78,0.0,0.0,0.0,0.0,IMELBO1849.csv
2023/02/24,05:34 AM,19.44,10.83,58.0,NNE,8.37,11.91,1028.78,0.0,0.0,0.0,0.0,IMELBO1849.csv
2023/02/24,05:39 AM,19.72,11.06,57.0,NNE,9.01,12.07,1029.12,0.0,0.0,0.0,0.0,IMELBO1849.csv
2023/02/24,05:44 AM,19.94,11.22,57.0,NNE,8.53,11.58,1028.78,0.0,0.0,0.0,0.0,IMELBO1849.csv
2023/02/24,05:49 AM,20.06,11.22,57.0,NNE,8.37,11.75,1028.78,0.0,0.0,0.0,0.0,IMELBO1849.csv
2023/02/24,05:54 AM,20.22,11.22,56.0,NNE,9.33,13.19,1028.78,0.0,0.0,0.0,0.0,IMELBO1849.csv
2023/02/24,05:59 AM,20.33,11.33,56.0,NNE,9.65,13.19,1028.78,0.0,0.0,0.0,0.0,IMELBO1849.csv
2023/02/24,06:04 AM,20.39,11.39,56.0,NNE,9.65,13.19,1028.78,0.0,0.0,0.0,0.0,IMELBO1849.csv
2023/02/24,06:09 AM,20.33,11.44,57.0,NNE,7.08,9.33,1028.78,0.0,0.0,0.0,0.0,IMELBO1849.csv
2023/02/24,06:14 AM,20.28,11.44,57.0,NNE,9.17,13.35,1028.78,0.0,0.0,0.0,0.0,IMELBO1849.csv
2023/02/24,06:19 AM,20.22,11.44,57.0,NNE,10.14,13.84,1028.78,0.0,0.0,0.0,0.0,IMELBO1849.csv
2023/02/24,06:24 AM,20.22,11.44,57.0,NE,8.85,12.39,1028.78,0.0,0.0,0.0,0.0,IMELBO1849.csv
2023/02/24,06:29 AM,20.11,11.28,57.0,NNE,9.17,13.35,1028.78,0.0,0.0,0.0,0.0,IMELBO1849.csv
2023/02/24,06:34 AM,20.11,11.28,57.0,NNE,8.85,12.07,1029.12,0.0,0.0,0.0,0.0,IMELBO1849.csv
2023/02/24,06:39 AM,20.11,11.28,57.0,NNE,10.14,15.29,1029.12,0.0,0.0,0.0,0.0,IMELBO1849.csv
2023/02/24,06:44 AM,20.11,11.44,58.0,NNE,9.01,11.75,1029.12,0.0,0.0,0.0,0.0,IMELBO1849.csv
2023/02/24,06:49 AM,20.06,11.56,58.0,NNE,8.53,11.58,1029.12,0.0,0.0,0.0,0.0,IMELBO1849.csv
2023/02/24,06:54 AM,20.0,11.5,58.0,NNE,10.14,14.48,1029.46,0.0,0.0,0.0,0.9,IMELBO1849.csv
2023/02/24,06:59 AM,20.0,11.5,58.0,NNE,9.98,13.84,1029.46,0.0,0.0,0.0,2.6,IMELBO1849.csv
2023/02/24,07:04 AM,20.0,11.5,58.0,NNE,9.81,13.03,1029.12,0.0,0.0,0.0,5.6,IMELBO1849.csv
2023/02/24,07:09 AM,20.11,11.61,58.0,NNE,9.81,13.03,1029.12,0.0,0.0,0.0,8.6,IMELBO1849.csv
2023/02/24,07:14 AM,20.11,11.61,58.0,NNE,8.53,12.07,1029.12,0.0,0.0,0.0,11.6,IMELBO1849.csv
2023/02/24,07:19 AM,20.17,11.67,58.0,NNE,9.17,12.39,1029.46,0.0,0.0,0.0,16.9,IMELBO1849.csv
2023/02/24,07:24 AM,20.22,11.72,58.0,NE,8.04,11.1,1029.46,0.0,0.0,0.0,20.3,IMELBO1849.csv
2023/02/24,07:29 AM,20.28,11.78,58.0,NNE,9.98,13.19,1029.46,0.0,0.0,0.0,24.7,IMELBO1849.csv
2023/02/24,07:34 AM,20.28,11.78,58.0,NNE,9.49,13.35,1029.46,0.0,0.0,0.0,29.5,IMELBO1849.csv
2023/02/24,07:39 AM,20.39,11.89,58.0,NNE,10.94,15.12,1029.46,0.0,0.0,0.0,32.1,IMELBO1849.csv
2023/02/24,07:44 AM,20.39,11.89,58.0,NNE,9.81,13.84,1029.46,0.0,0.0,0.0,39.9,IMELBO1849.csv
2023/02/24,07:49 AM,20.56,12.06,58.0,NNE,9.65,13.03,1029.46,0.0,0.0,0.0,44.7,IMELBO1849.csv
2023/02/24,07:54 AM,20.72,12.11,58.0,NNE,9.98,13.35,1029.8,0.0,0.0,0.0,48.9,IMELBO1849.csv
2023/02/24,07:59 AM,20.78,12.06,57.0,NE,10.46,14.16,1029.8,0.0,0.0,0.0,53.7,IMELBO1849.csv
2023/02/24,08:04 AM,21.0,12.22,57.0,North,12.23,16.73,1029.8,0.0,0.0,0.0,59.0,IMELBO1849.csv
2023/02/24,08:09 AM,21.06,12.28,57.0,NNE,10.3,13.84,1029.8,0.0,0.0,0.0,76.7,IMELBO1849.csv
2023/02/24,08:14 AM,21.28,12.39,57.0,NE,8.53,12.07,1029.8,0.0,0.0,1.0,105.3,IMELBO1849.csv
2023/02/24,08:19 AM,21.33,12.44,57.0,NNE,12.07,17.22,1030.14,0.0,0.0,1.0,120.5,IMELBO1849.csv
2023/02/24,08:24 AM,21.44,12.44,56.0,NNE,11.58,15.29,1029.8,0.0,0.0,1.0,133.1,IMELBO1849.csv
2023/02/24,08:29 AM,21.56,12.44,56.0,NNE,13.03,17.86,1030.14,0.0,0.0,1.0,151.0,IMELBO1849.csv
2023/02/24,08:34 AM,21.67,12.56,56.0,NE,14.0,19.15,1029.8,0.0,0.0,1.0,167.9,IMELBO1849.csv
2023/02/24,08:39 AM,21.72,12.61,56.0,NE,14.96,21.56,1030.14,0.0,0.0,1.0,182.1,IMELBO1849.csv
2023/02/24,08:44 AM,21.83,12.56,55.0,NE,13.35,18.83,1030.14,0.0,0.0,1.0,202.9,IMELBO1849.csv
2023/02/24,08:49 AM,22.06,12.61,55.0,NE,12.23,16.89,1029.8,0.0,0.0,2.0,232.4,IMELBO1849.csv
2023/02/24,08:54 AM,22.22,12.72,55.0,NNE,13.84,19.63,1029.8,0.0,0.0,2.0,249.4,IMELBO1849.csv
2023/02/24,08:59 AM,22.22,12.67,55.0,NNE,11.91,16.73,1029.8,0.0,0.0,2.0,264.1,IMELBO1849.csv
2023/02/24,09:04 AM,22.72,12.83,54.0,NNE,11.26,15.45,1029.8,0.0,0.0,2.0,277.6,IMELBO1849.csv
2023/02/24,09:09 AM,22.61,12.78,54.0,NE,13.35,18.83,1029.8,0.0,0.0,2.0,284.9,IMELBO1849.csv
2023/02/24,09:14 AM,22.5,12.78,54.0,NNE,16.89,23.17,1029.8,0.0,0.0,2.0,284.9,IMELBO1849.csv
2023/02/24,09:19 AM,22.44,12.72,54.0,NNE,16.09,22.69,1029.8,0.0,0.0,2.0,300.6,IMELBO1849.csv
2023/02/24,09:24 AM,22.61,12.78,54.0,NNE,15.61,21.72,1029.8,0.0,0.0,3.0,321.0,IMELBO1849.csv
2023/02/24,09:29 AM,22.72,12.94,54.0,NNE,16.25,22.53,1029.8,0.0,0.0,3.0,344.9,IMELBO1849.csv
2023/02/24,09:34 AM,23.0,13.0,53.0,NNE,11.58,16.25,1029.8,0.0,0.0,3.0,366.5,IMELBO1849.csv
2023/02/24,09:39 AM,23.28,13.17,53.0,North,12.23,17.54,1029.8,0.0,0.0,3.0,363.1,IMELBO1849.csv
2023/02/24,09:44 AM,23.39,13.17,53.0,NNE,12.23,16.57,1029.8,0.0,0.0,3.0,342.2,IMELBO1849.csv
2023/02/24,09:49 AM,23.72,13.28,52.0,NNE,13.84,19.79,1029.8,0.0,0.0,3.0,363.1,IMELBO1849.csv
2023/02/24,09:54 AM,23.89,13.39,52.0,NNE,12.55,17.06,1029.8,0.0,0.0,3.0,371.3,IMELBO1849.csv
2023/02/24,09:59 AM,24.0,13.33,51.0,NNE,13.03,17.86,1029.8,0.0,0.0,3.0,392.1,IMELBO1849.csv
2023/02/24,10:04 AM,24.11,13.39,51.0,NNE,13.03,18.5,1029.8,0.0,0.0,3.0,382.2,IMELBO1849.csv
2023/02/24,10:09 AM,24.44,13.33,50.0,NNE,9.81,14.16,1029.46,0.0,0.0,3.0,387.0,IMELBO1849.csv
2023/02/24,10:14 AM,24.78,13.5,49.0,NNE,9.49,13.03,1029.8,0.0,0.0,3.0,380.0,IMELBO1849.csv
2023/02/24,10:19 AM,24.94,13.56,49.0,NE,12.23,17.22,1029.8,0.0,0.0,4.0,411.7,IMELBO1849.csv
2023/02/24,10:24 AM,24.83,13.5,49.0,NE,12.39,17.38,1029.8,0.0,0.0,4.0,491.4,IMELBO1849.csv
2023/02/24,10:29 AM,24.94,13.5,49.0,NE,12.87,18.02,1029.8,0.0,0.0,4.0,494.1,IMELBO1849.csv
2023/02/24,10:34 AM,25.28,13.56,48.0,NE,9.01,12.71,1029.8,0.0,0.0,4.0,488.4,IMELBO1849.csv
2023/02/24,10:39 AM,25.94,13.78,47.0,NNE,8.85,13.03,1029.8,0.0,0.0,4.0,502.3,IMELBO1849.csv
2023/02/24,10:44 AM,25.89,13.78,47.0,NE,12.71,17.22,1029.8,0.0,0.0,4.0,489.3,IMELBO1849.csv
2023/02/24,10:49 AM,25.67,13.72,48.0,NE,13.19,18.18,1029.8,0.0,0.0,5.0,512.7,IMELBO1849.csv
2023/02/24,10:54 AM,25.61,13.67,48.0,NNE,10.94,15.45,1029.46,0.0,0.0,5.0,528.7,IMELBO1849.csv
2023/02/24,10:59 AM,26.0,13.78,47.0,NE,11.42,16.57,1029.8,0.0,0.0,5.0,522.3,IMELBO1849.csv
2023/02/24,11:04 AM,26.17,13.83,47.0,North,11.26,16.57,1029.8,0.0,0.0,5.0,540.0,IMELBO1849.csv
2023/02/24,11:09 AM,26.11,13.83,47.0,NE,13.03,17.54,1029.8,0.0,0.0,5.0,528.4,IMELBO1849.csv
2023/02/24,11:14 AM,26.22,13.78,46.0,ENE,12.23,18.02,1029.46,0.0,0.0,5.0,533.5,IMELBO1849.csv
2023/02/24,11:19 AM,26.28,13.89,46.0,NNE,13.19,18.5,1029.8,0.0,0.0,5.0,538.8,IMELBO1849.csv
2023/02/24,11:24 AM,26.44,13.89,46.0,NE,12.23,15.77,1029.46,0.0,0.0,5.0,564.8,IMELBO1849.csv
2023/02/24,11:29 AM,26.5,13.89,46.0,NNE,10.46,15.12,1029.46,0.0,0.0,5.0,596.4,IMELBO1849.csv
2023/02/24,11:34 AM,27.0,14.11,45.0,NNE,10.94,15.77,1029.46,0.0,0.0,5.0,589.5,IMELBO1849.csv
2023/02/24,11:39 AM,26.83,13.94,45.0,NE,11.91,17.54,1029.8,0.0,0.0,6.0,628.6,IMELBO1849.csv
2023/02/24,11:44 AM,27.17,14.17,45.0,NNE,11.91,17.7,1029.12,0.0,0.0,6.0,626.4,IMELBO1849.csv
2023/02/24,11:49 AM,27.33,14.06,44.0,NNE,10.94,14.96,1029.46,0.0,0.0,5.0,594.7,IMELBO1849.csv
2023/02/24,11:54 AM,27.5,14.17,44.0,NE,12.39,18.18,1029.12,0.0,0.0,6.0,632.8,IMELBO1849.csv
2023/02/24,11:59 AM,27.33,14.06,44.0,NE,12.55,17.22,1029.12,0.0,0.0,6.0,636.8,IMELBO1849.csv
2023/02/24,12:04 PM,27.72,14.17,43.0,ENE,11.26,16.89,1029.12,0.0,0.0,6.0,646.8,IMELBO1849.csv
2023/02/24,12:09 PM,27.72,14.28,44.0,ENE,12.87,18.66,1028.78,0.0,0.0,6.0,654.1,IMELBO1849.csv
2023/02/24,12:14 PM,27.67,14.17,44.0,ENE,13.84,18.99,1028.78,0.0,0.0,6.0,685.0,IMELBO1849.csv
2023/02/24,12:19 PM,28.06,14.06,42.0,NE,11.58,15.61,1028.78,0.0,0.0,6.0,703.5,IMELBO1849.csv
2023/02/24,12:24 PM,28.17,14.17,42.0,ENE,12.87,18.02,1028.78,0.0,0.0,7.0,721.4,IMELBO1849.csv
2023/02/24,12:29 PM,28.39,14.22,42.0,NNE,11.58,16.41,1028.45,0.0,0.0,6.0,710.5,IMELBO1849.csv
2023/02/24,12:34 PM,28.5,14.28,42.0,NNE,10.3,14.0,1028.45,0.0,0.0,6.0,660.6,IMELBO1849.csv
2023/02/24,12:39 PM,28.83,14.33,41.0,NE,12.07,16.89,1028.45,0.0,0.0,6.0,717.5,IMELBO1849.csv
2023/02/24,12:44 PM,28.78,14.28,41.0,NE,13.03,18.83,1028.45,0.0,0.0,7.0,722.3,IMELBO1849.csv
2023/02/24,12:49 PM,28.72,14.22,41.0,ENE,12.55,18.34,1028.45,0.0,0.0,6.0,715.8,IMELBO1849.csv
2023/02/24,12:54 PM,28.94,14.39,41.0,ENE,11.75,16.25,1028.11,0.0,0.0,6.0,705.8,IMELBO1849.csv
2023/02/24,12:59 PM,29.17,14.22,40.0,NE,11.91,16.73,1028.11,0.0,0.0,6.0,678.0,IMELBO1849.csv
2023/02/24,01:04 PM,29.56,14.22,39.0,NE,10.78,14.16,1028.11,0.0,0.0,6.0,692.8,IMELBO1849.csv
2023/02/24,01:09 PM,29.67,14.33,39.0,ENE,10.3,14.64,1028.11,0.0,0.0,6.0,710.0,IMELBO1849.csv
2023/02/24,01:14 PM,29.61,14.22,39.0,ENE,12.87,17.38,1028.11,0.0,0.0,6.0,714.0,IMELBO1849.csv
2023/02/24,01:19 PM,29.67,14.17,39.0,NNE,9.98,13.52,1028.11,0.0,0.0,6.0,717.9,IMELBO1849.csv
2023/02/24,01:24 PM,30.06,14.39,38.0,NE,11.75,16.89,1027.77,0.0,0.0,6.0,713.6,IMELBO1849.csv
2023/02/24,01:29 PM,29.78,14.33,39.0,NE,10.78,15.45,1028.11,0.0,0.0,6.0,708.8,IMELBO1849.csv
2023/02/24,01:34 PM,29.94,14.44,39.0,ENE,10.78,14.8,1027.77,0.0,0.0,6.0,688.4,IMELBO1849.csv
2023/02/24,01:39 PM,30.28,14.28,38.0,NE,12.55,16.89,1027.77,0.0,0.0,6.0,696.2,IMELBO1849.csv
2023/02/24,01:44 PM,30.22,14.22,38.0,NNE,10.94,15.61,1027.43,0.0,0.0,6.0,706.2,IMELBO1849.csv
2023/02/24,01:49 PM,30.17,14.28,38.0,NE,10.62,15.61,1027.43,0.0,0.0,6.0,694.5,IMELBO1849.csv
2023/02/24,01:54 PM,30.39,14.11,37.0,NE,9.65,13.52,1027.43,0.0,0.0,6.0,688.0,IMELBO1849.csv
2023/02/24,01:59 PM,30.67,13.94,36.0,NNE,11.91,16.57,1027.43,0.0,0.0,6.0,661.1,IMELBO1849.csv
2023/02/24,02:04 PM,30.89,13.61,35.0,NNE,9.98,14.16,1027.43,0.0,0.0,6.0,691.0,IMELBO1849.csv
2023/02/24,02:09 PM,31.17,13.83,35.0,NNE,8.37,11.91,1027.43,0.0,0.0,6.0,701.5,IMELBO1849.csv
2023/02/24,02:14 PM,31.39,13.83,34.0,NNE,8.85,12.71,1027.09,0.0,0.0,6.0,694.0,IMELBO1849.csv
2023/02/24,02:19 PM,31.22,13.94,35.0,NNE,10.94,14.96,1027.43,0.0,0.0,6.0,692.8,IMELBO1849.csv
2023/02/24,02:24 PM,31.33,13.72,34.0,NE,7.88,10.78,1027.09,0.0,0.0,6.0,671.9,IMELBO1849.csv
2023/02/24,02:29 PM,31.78,14.0,34.0,NNE,8.37,11.58,1027.09,0.0,0.0,6.0,627.7,IMELBO1849.csv
2023/02/24,02:34 PM,31.72,13.94,34.0,NNE,9.33,13.03,1026.75,0.0,0.0,5.0,594.7,IMELBO1849.csv
2023/02/24,02:39 PM,31.72,13.83,34.0,NNE,9.81,13.52,1026.75,0.0,0.0,6.0,633.7,IMELBO1849.csv
2023/02/24,02:44 PM,31.39,13.89,34.0,East,14.0,19.15,1027.09,0.0,0.0,6.0,687.2,IMELBO1849.csv
2023/02/24,02:49 PM,31.33,13.61,34.0,NNE,10.14,14.32,1026.75,0.0,0.0,6.0,697.6,IMELBO1849.csv
2023/02/24,02:54 PM,31.56,13.78,34.0,NE,10.78,14.96,1026.75,0.0,0.0,6.0,652.4,IMELBO1849.csv
2023/02/24,02:59 PM,31.72,13.89,34.0,North,9.81,13.52,1026.41,0.0,0.0,6.0,632.5,IMELBO1849.csv
2023/02/24,03:04 PM,31.72,14.0,34.0,NNE,9.98,13.52,1026.41,0.0,0.0,6.0,643.2,IMELBO1849.csv
2023/02/24,03:09 PM,31.94,13.94,34.0,NNE,10.78,14.8,1026.41,0.0,0.0,6.0,677.1,IMELBO1849.csv
2023/02/24,03:14 PM,31.67,13.83,34.0,NNE,9.98,14.32,1026.41,0.0,0.0,6.0,684.5,IMELBO1849.csv
2023/02/24,03:19 PM,31.78,13.72,33.0,NNE,10.94,15.12,1026.41,0.0,0.0,6.0,693.7,IMELBO1849.csv
2023/02/24,03:24 PM,32.0,13.83,33.0,NNE,7.72,11.26,1026.41,0.0,0.0,6.0,697.1,IMELBO1849.csv
2023/02/24,03:29 PM,32.0,13.89,33.0,NNE,9.65,13.52,1026.08,0.0,0.0,6.0,679.7,IMELBO1849.csv
2023/02/24,03:34 PM,32.33,14.0,33.0,NNE,8.37,11.75,1026.08,0.0,0.0,6.0,681.9,IMELBO1849.csv
2023/02/24,03:39 PM,32.44,14.11,33.0,NNE,7.08,10.3,1026.08,0.0,0.0,6.0,681.9,IMELBO1849.csv
2023/02/24,03:44 PM,32.5,14.11,33.0,NE,8.04,11.42,1026.08,0.0,0.0,6.0,694.0,IMELBO1849.csv
2023/02/24,03:49 PM,32.17,14.0,33.0,NE,9.81,13.68,1025.74,0.0,0.0,7.0,727.4,IMELBO1849.csv
2023/02/24,03:54 PM,32.22,13.89,33.0,NNE,9.98,14.32,1025.74,0.0,0.0,7.0,722.6,IMELBO1849.csv
2023/02/24,03:59 PM,32.28,14.11,33.0,NNE,8.85,11.91,1025.74,0.0,0.0,6.0,701.0,IMELBO1849.csv
2023/02/24,04:04 PM,32.17,13.94,33.0,ENE,10.3,14.64,1025.4,0.0,0.0,6.0,714.8,IMELBO1849.csv
2023/02/24,04:09 PM,32.22,13.89,33.0,NE,11.1,15.12,1025.4,0.0,0.0,7.0,737.4,IMELBO1849.csv
2023/02/24,04:14 PM,32.33,13.83,33.0,NE,11.26,15.45,1025.4,0.0,0.0,7.0,731.0,IMELBO1849.csv
2023/02/24,04:19 PM,32.72,13.94,32.0,NE,8.85,12.07,1025.4,0.0,0.0,7.0,730.5,IMELBO1849.csv
2023/02/24,04:24 PM,32.61,13.94,32.0,NNE,7.4,10.46,1025.4,0.0,0.0,7.0,739.6,IMELBO1849.csv
2023/02/24,04:29 PM,32.67,13.83,32.0,NNE,9.49,13.68,1025.4,0.0,0.0,7.0,721.4,IMELBO1849.csv
2023/02/24,04:34 PM,32.44,13.72,32.0,NNE,10.3,14.64,1025.4,0.0,0.0,6.0,696.7,IMELBO1849.csv
2023/02/24,04:39 PM,32.56,13.83,32.0,NNE,6.6,8.69,1025.4,0.0,0.0,6.0,691.4,IMELBO1849.csv
2023/02/24,04:44 PM,32.72,13.89,32.0,NE,10.3,14.32,1025.06,0.0,0.0,6.0,694.0,IMELBO1849.csv
2023/02/24,04:49 PM,32.72,13.89,32.0,,7.56,10.62,1025.4,0.0,0.0,6.0,679.3,IMELBO1849.csv
2023/02/24,04:54 PM,32.83,13.83,32.0,NNE,8.85,13.84,1025.4,0.0,0.0,6.0,619.4,IMELBO1849.csv
2023/02/24,04:59 PM,32.5,13.67,32.0,NNE,7.4,11.1,1025.06,0.0,0.0,5.0,607.3,IMELBO1849.csv
2023/02/24,05:04 PM,32.44,13.61,32.0,NNE,8.37,11.42,1025.06,0.0,0.0,5.0,608.6,IMELBO1849.csv
2023/02/24,05:09 PM,33.0,13.72,31.0,,5.63,8.21,1025.06,0.0,0.0,5.0,592.1,IMELBO1849.csv
2023/02/24,05:14 PM,32.89,13.83,32.0,NE,7.4,10.46,1024.72,0.0,0.0,5.0,524.0,IMELBO1849.csv
2023/02/24,05:19 PM,32.94,13.94,32.0,NNE,7.4,9.98,1024.72,0.0,0.0,4.0,484.5,IMELBO1849.csv
2023/02/24,05:24 PM,32.61,13.83,32.0,ENE,7.08,9.65,1024.72,0.0,0.0,4.0,473.2,IMELBO1849.csv
2023/02/24,05:29 PM,32.61,13.56,32.0,NNE,7.56,10.3,1024.72,0.0,0.0,4.0,434.2,IMELBO1849.csv
2023/02/24,05:34 PM,32.89,13.67,31.0,NNE,6.6,9.17,1024.72,0.0,0.0,4.0,410.8,IMELBO1849.csv
2023/02/24,05:39 PM,32.72,13.61,31.0,NE,7.56,10.14,1024.72,0.0,0.0,3.0,373.0,IMELBO1849.csv
2023/02/24,05:44 PM,32.72,13.5,31.0,NNE,6.6,9.01,1024.72,0.0,0.0,3.0,362.1,IMELBO1849.csv
2023/02/24,05:49 PM,33.0,13.61,31.0,NNE,8.04,10.94,1024.72,0.0,0.0,3.0,353.1,IMELBO1849.csv
2023/02/24,05:54 PM,33.0,13.67,31.0,NNE,7.08,9.98,1024.72,0.0,0.0,3.0,348.8,IMELBO1849.csv
2023/02/24,05:59 PM,32.78,13.5,31.0,NNE,5.47,7.08,1024.38,0.0,0.0,3.0,317.1,IMELBO1849.csv
2023/02/24,06:04 PM,32.83,13.56,31.0,NE,7.72,10.78,1024.72,0.0,0.0,2.0,273.7,IMELBO1849.csv
2023/02/24,06:09 PM,32.5,13.28,31.0,North,6.28,8.53,1024.72,0.0,0.0,2.0,268.0,IMELBO1849.csv
2023/02/24,06:14 PM,32.22,13.06,31.0,NNE,7.88,10.14,1024.38,0.0,0.0,2.0,215.1,IMELBO1849.csv
2023/02/24,06:19 PM,32.17,12.94,31.0,NNE,6.11,8.53,1024.38,0.0,0.0,2.0,211.1,IMELBO1849.csv
2023/02/24,06:24 PM,32.17,13.0,31.0,North,4.99,6.92,1024.38,0.0,0.0,1.0,187.8,IMELBO1849.csv
2023/02/24,06:29 PM,32.28,13.11,31.0,,6.28,8.69,1024.38,0.0,0.0,1.0,178.2,IMELBO1849.csv
2023/02/24,06:34 PM,32.22,13.28,32.0,NNE,7.4,9.65,1024.72,0.0,0.0,1.0,147.1,IMELBO1849.csv
2023/02/24,06:39 PM,31.78,13.22,32.0,ENE,7.56,10.94,1024.38,0.0,0.0,1.0,121.4,IMELBO1849.csv
2023/02/24,06:44 PM,31.78,13.11,32.0,NNE,7.08,9.33,1024.38,0.0,0.0,1.0,131.9,IMELBO1849.csv
2023/02/24,06:49 PM,31.78,13.11,32.0,NNE,5.15,7.24,1024.38,0.0,0.0,1.0,109.7,IMELBO1849.csv
2023/02/24,06:54 PM,31.72,13.06,32.0,North,7.24,9.65,1024.38,0.0,0.0,1.0,107.9,IMELBO1849.csv
2023/02/24,06:59 PM,31.33,13.22,33.0,NNE,5.79,8.53,1024.38,0.0,0.0,0.0,62.9,IMELBO1849.csv
2023/02/24,07:04 PM,31.39,13.28,33.0,NNE,5.63,7.4,1024.38,0.0,0.0,0.0,61.2,IMELBO1849.csv
2023/02/24,07:09 PM,31.22,13.17,33.0,NNE,7.56,9.98,1024.38,0.0,0.0,0.0,53.3,IMELBO1849.csv
2023/02/24,07:14 PM,31.06,13.39,34.0,NNE,7.88,11.75,1024.38,0.0,0.0,0.0,48.6,IMELBO1849.csv
2023/02/24,07:19 PM,30.83,13.22,34.0,NNE,6.11,8.85,1024.38,0.0,0.0,0.0,39.9,IMELBO1849.csv
2023/02/24,07:24 PM,30.67,13.06,34.0,NNE,6.6,9.33,1024.38,0.0,0.0,0.0,33.8,IMELBO1849.csv
2023/02/24,07:29 PM,30.5,13.28,35.0,NNE,5.15,7.08,1024.38,0.0,0.0,0.0,31.6,IMELBO1849.csv
2023/02/24,07:34 PM,30.28,13.22,35.0,NE,6.44,8.69,1024.38,0.0,0.0,0.0,27.7,IMELBO1849.csv
2023/02/24,07:39 PM,30.17,13.11,35.0,NE,5.31,7.4,1024.38,0.0,0.0,0.0,24.2,IMELBO1849.csv
2023/02/24,07:44 PM,30.06,13.28,36.0,NNE,4.51,6.28,1024.38,0.0,0.0,0.0,20.8,IMELBO1849.csv
2023/02/24,07:49 PM,29.89,13.22,36.0,NNE,4.51,6.28,1024.38,0.0,0.0,0.0,17.7,IMELBO1849.csv
2023/02/24,07:54 PM,29.67,13.17,36.0,NNE,3.86,5.63,1024.38,0.0,0.0,0.0,12.1,IMELBO1849.csv
2023/02/24,07:59 PM,29.44,13.22,37.0,NE,4.83,6.6,1024.38,0.0,0.0,0.0,8.2,IMELBO1849.csv
2023/02/24,08:04 PM,29.28,13.11,37.0,ENE,4.83,6.6,1024.38,0.0,0.0,0.0,4.8,IMELBO1849.csv
2023/02/24,08:09 PM,29.11,13.11,37.0,NE,4.51,6.28,1024.38,0.0,0.0,0.0,2.6,IMELBO1849.csv
2023/02/24,08:14 PM,28.78,13.11,38.0,ENE,3.86,5.15,1024.38,0.0,0.0,0.0,0.4,IMELBO1849.csv
2023/02/24,08:19 PM,28.61,12.89,38.0,ENE,5.31,8.04,1024.38,0.0,0.0,0.0,0.0,IMELBO1849.csv
2023/02/24,08:24 PM,28.44,12.89,38.0,NE,4.83,7.08,1024.72,0.0,0.0,0.0,0.0,IMELBO1849.csv
2023/02/24,08:29 PM,28.28,13.0,39.0,NE,4.83,7.08,1024.72,0.0,0.0,0.0,0.0,IMELBO1849.csv
2023/02/24,08:34 PM,28.11,12.89,39.0,NE,4.51,6.76,1024.72,0.0,0.0,0.0,0.0,IMELBO1849.csv
2023/02/24,08:39 PM,27.83,12.67,39.0,ENE,5.15,7.4,1024.72,0.0,0.0,0.0,0.0,IMELBO1849.csv
2023/02/24,08:44 PM,27.72,12.67,39.0,ENE,4.34,5.95,1024.72,0.0,0.0,0.0,0.0,IMELBO1849.csv
2023/02/24,08:49 PM,27.61,12.5,39.0,ENE,5.31,7.4,1024.72,0.0,0.0,0.0,0.0,IMELBO1849.csv
2023/02/24,08:54 PM,27.56,12.67,40.0,NE,5.15,7.4,1025.06,0.0,0.0,0.0,0.0,IMELBO1849.csv
2023/02/24,08:59 PM,27.44,12.67,40.0,ENE,4.67,6.28,1024.72,0.0,0.0,0.0,0.0,IMELBO1849.csv
2023/02/24,09:04 PM,27.39,12.61,40.0,ENE,5.47,7.56,1025.06,0.0,0.0,0.0,0.0,IMELBO1849.csv
2023/02/24,09:09 PM,27.33,12.56,40.0,NE,4.99,7.24,1025.06,0.0,0.0,0.0,0.0,IMELBO1849.csv
2023/02/24,09:14 PM,27.17,12.44,40.0,NE,3.86,5.47,1025.4,0.0,0.0,0.0,0.0,IMELBO1849.csv
2023/02/24,09:19 PM,27.11,12.61,41.0,NE,3.86,5.15,1025.4,0.0,0.0,0.0,0.0,IMELBO1849.csv
2023/02/24,09:24 PM,26.94,12.67,41.0,NE,4.51,6.11,1025.4,0.0,0.0,0.0,0.0,IMELBO1849.csv
2023/02/24,09:29 PM,26.83,12.56,41.0,NE,5.31,7.24,1025.06,0.0,0.0,0.0,0.0,IMELBO1849.csv
2023/02/24,09:34 PM,26.72,12.44,41.0,NE,4.99,6.44,1025.4,0.0,0.0,0.0,0.0,IMELBO1849.csv
2023/02/24,09:39 PM,26.56,12.33,41.0,NE,4.99,6.76,1025.4,0.0,0.0,0.0,0.0,IMELBO1849.csv
2023/02/24,09:44 PM,26.44,12.5,42.0,NNE,4.99,7.08,1025.4,0.0,0.0,0.0,0.0,IMELBO1849.csv
2023/02/24,09:49 PM,26.33,12.44,42.0,NNE,4.02,5.31,1025.4,0.0,0.0,0.0,0.0,IMELBO1849.csv
2023/02/24,09:54 PM,26.11,12.44,43.0,NE,4.34,5.79,1025.4,0.0,0.0,0.0,0.0,IMELBO1849.csv
2023/02/24,09:59 PM,25.83,12.33,43.0,NNE,4.18,5.63,1025.4,0.0,0.0,0.0,0.0,IMELBO1849.csv
2023/02/24,10:04 PM,25.72,12.33,43.0,NE,4.51,6.6,1025.4,0.0,0.0,0.0,0.0,IMELBO1849.csv
2023/02/24,10:09 PM,25.56,12.44,44.0,NE,3.86,5.31,1025.4,0.0,0.0,0.0,0.0,IMELBO1849.csv
2023/02/24,10:14 PM,25.33,12.28,44.0,ENE,4.18,6.11,1025.4,0.0,0.0,0.0,0.0,IMELBO1849.csv
2023/02/24,10:19 PM,25.28,12.17,44.0,NE,4.02,5.47,1025.4,0.0,0.0,0.0,0.0,IMELBO1849.csv
2023/02/24,10:24 PM,25.11,12.28,45.0,ENE,5.15,6.92,1025.4,0.0,0.0,0.0,0.0,IMELBO1849.csv
2023/02/24,10:29 PM,25.06,12.33,45.0,NE,4.51,5.95,1025.4,0.0,0.0,0.0,0.0,IMELBO1849.csv
2023/02/24,10:34 PM,25.0,12.28,45.0,NE,4.51,6.44,1025.4,0.0,0.0,0.0,0.0,IMELBO1849.csv
2023/02/24,10:39 PM,25.0,12.22,45.0,NNE,5.15,7.24,1025.4,0.0,0.0,0.0,0.0,IMELBO1849.csv
2023/02/24,10:44 PM,25.06,12.17,45.0,ENE,4.51,6.28,1025.4,0.0,0.0,0.0,0.0,IMELBO1849.csv
2023/02/24,10:49 PM,24.94,12.28,45.0,NE,4.34,5.79,1025.4,0.0,0.0,0.0,0.0,IMELBO1849.csv
2023/02/24,10:54 PM,24.89,12.22,45.0,NE,4.67,6.11,1025.4,0.0,0.0,0.0,0.0,IMELBO1849.csv
2023/02/24,10:59 PM,24.78,12.11,45.0,NE,4.34,6.28,1025.06,0.0,0.0,0.0,0.0,IMELBO1849.csv
2023/02/24,11:04 PM,24.78,12.11,45.0,NNE,5.63,8.21,1025.06,0.0,0.0,0.0,0.0,IMELBO1849.csv
2023/02/24,11:09 PM,24.83,12.17,45.0,NE,5.15,7.4,1025.06,0.0,0.0,0.0,0.0,IMELBO1849.csv
2023/02/24,11:14 PM,24.78,12.11,45.0,NE,6.11,8.53,1025.06,0.0,0.0,0.0,0.0,IMELBO1849.csv
2023/02/24,11:19 PM,24.78,12.06,45.0,NNE,5.95,8.37,1025.06,0.0,0.0,0.0,0.0,IMELBO1849.csv
2023/02/24,11:24 PM,24.72,12.0,45.0,NE,5.79,8.37,1025.06,0.0,0.0,0.0,0.0,IMELBO1849.csv
2023/02/24,11:29 PM,24.72,12.0,45.0,NNE,5.79,8.21,1025.06,0.0,0.0,0.0,0.0,IMELBO1849.csv
2023/02/24,11:34 PM,24.67,11.94,45.0,NNE,5.95,8.69,1024.72,0.0,0.0,0.0,0.0,IMELBO1849.csv
2023/02/24,11:39 PM,24.61,11.89,45.0,NNE,6.44,9.17,1024.72,0.0,0.0,0.0,0.0,IMELBO1849.csv
2023/02/24,11:44 PM,24.56,11.83,45.0,NE,5.47,8.04,1024.72,0.0,0.0,0.0,0.0,IMELBO1849.csv
2023/02/24,11:49 PM,24.44,11.78,45.0,NNE,5.47,7.4,1024.72,0.0,0.0,0.0,0.0,IMELBO1849.csv
2023/02/24,11:54 PM,24.44,11.78,45.0,NE,7.08,9.33,1024.72,0.0,0.0,0.0,0.0,IMELBO1849.csv
2023/02/24,11:59 PM,24.39,11.72,45.0,NE,5.31,7.4,1024.72,0.0,0.0,0.0,0.0,IMELBO1849.csv
2023/02/25,12:04 AM,24.28,11.61,45.0,NNE,6.6,9.65,1024.72,0.0,0.0,0.0,0.0,IMELBO1849.csv
2023/02/25,12:09 AM,24.33,11.44,44.0,NE,6.6,9.65,1024.72,0.0,0.0,0.0,0.0,IMELBO1849.csv
2023/02/25,12:14 AM,24.44,11.44,44.0,NE,7.72,10.46,1024.38,0.0,0.0,0.0,0.0,IMELBO1849.csv
2023/02/25,12:19 AM,24.56,11.44,44.0,NNE,7.56,10.78,1024.38,0.0,0.0,0.0,0.0,IMELBO1849.csv
2023/02/25,12:24 AM,24.61,11.22,43.0,NE,6.92,9.81,1024.38,0.0,0.0,0.0,0.0,IMELBO1849.csv
2023/02/25,12:29 AM,24.61,11.22,43.0,NE,7.4,10.3,1024.38,0.0,0.0,0.0,0.0,IMELBO1849.csv
2023/02/25,12:34 AM,24.5,11.17,43.0,NE,7.4,11.1,1024.38,0.0,0.0,0.0,0.0,IMELBO1849.csv
2023/02/25,12:39 AM,24.56,11.11,43.0,NE,5.79,8.21,1024.38,0.0,0.0,0.0,0.0,IMELBO1849.csv
2023/02/25,12:44 AM,24.78,11.06,42.0,NE,7.24,11.1,1024.38,0.0,0.0,0.0,0.0,IMELBO1849.csv
2023/02/25,12:49 AM,24.78,11.0,42.0,NNE,8.37,11.75,1024.38,0.0,0.0,0.0,0.0,IMELBO1849.csv
2023/02/25,12:54 AM,25.06,10.94,41.0,NE,7.88,10.94,1024.38,0.0,0.0,0.0,0.0,IMELBO1849.csv
2023/02/25,12:59 AM,25.11,11.0,41.0,ENE,8.21,11.75,1024.38,0.0,0.0,0.0,0.0,IMELBO1849.csv
2023/02/25,01:04 AM,25.11,11.0,41.0,NE,6.44,9.49,1024.38,0.0,0.0,0.0,0.0,IMELBO1849.csv
2023/02/25,01:09 AM,25.0,10.89,41.0,NE,7.24,10.94,1024.38,0.0,0.0,0.0,0.0,IMELBO1849.csv
2023/02/25,01:14 AM,25.06,10.94,41.0,NE,7.72,10.46,1024.04,0.0,0.0,0.0,0.0,IMELBO1849.csv
2023/02/25,01:19 AM,25.0,10.89,41.0,NNE,7.72,10.46,1024.04,0.0,0.0,0.0,0.0,IMELBO1849.csv
2023/02/25,01:24 AM,25.17,11.0,41.0,NE,8.85,12.39,1024.38,0.0,0.0,0.0,0.0,IMELBO1849.csv
2023/02/25,01:29 AM,25.28,11.0,41.0,NNE,8.85,12.71,1024.38,0.0,0.0,0.0,0.0,IMELBO1849.csv
2023/02/25,01:34 AM,25.28,10.94,41.0,NNE,10.78,14.32,1024.04,0.0,0.0,0.0,0.0,IMELBO1849.csv
2023/02/25,01:39 AM,25.33,11.06,41.0,NE,9.49,13.68,1024.04,0.0,0.0,0.0,0.0,IMELBO1849.csv
2023/02/25,01:44 AM,25.28,11.11,41.0,NNE,10.14,13.52,1024.04,0.0,0.0,0.0,0.0,IMELBO1849.csv
2023/02/25,01:49 AM,25.28,11.11,41.0,NNE,10.62,14.0,1024.04,0.0,0.0,0.0,0.0,IMELBO1849.csv
2023/02/25,01:54 AM,25.22,11.0,41.0,NNE,10.78,14.64,1024.04,0.0,0.0,0.0,0.0,IMELBO1849.csv
2023/02/25,01:59 AM,25.22,11.06,41.0,North,12.07,16.57,1023.71,0.0,0.0,0.0,0.0,IMELBO1849.csv
2023/02/25,02:04 AM,25.22,11.17,41.0,NNE,10.94,14.32,1023.71,0.0,0.0,0.0,0.0,IMELBO1849.csv
2023/02/25,02:09 AM,25.17,11.22,42.0,NE,12.71,18.18,1023.71,0.0,0.0,0.0,0.0,IMELBO1849.csv
2023/02/25,02:14 AM,25.11,11.28,42.0,NE,12.39,17.86,1023.71,0.0,0.0,0.0,0.0,IMELBO1849.csv
2023/02/25,02:19 AM,25.17,11.22,42.0,NNE,9.33,12.87,1023.71,0.0,0.0,0.0,0.0,IMELBO1849.csv
2023/02/25,02:24 AM,25.06,11.28,42.0,NNE,12.07,17.06,1023.71,0.0,0.0,0.0,0.0,IMELBO1849.csv
2023/02/25,02:29 AM,25.06,11.28,42.0,NNE,10.46,14.96,1023.71,0.0,0.0,0.0,0.0,IMELBO1849.csv
2023/02/25,02:34 AM,25.0,11.22,42.0,NNE,10.78,14.32,1023.71,0.0,0.0,0.0,0.0,IMELBO1849.csv
2023/02/25,02:39 AM,24.94,11.17,42.0,NNE,10.46,13.84,1023.71,0.0,0.0,0.0,0.0,IMELBO1849.csv
2023/02/25,02:44 AM,24.94,11.17,42.0,NNE,9.01,12.23,1023.71,0.0,0.0,0.0,0.0,IMELBO1849.csv
2023/02/25,02:49 AM,24.83,11.11,42.0,NNE,10.3,14.32,1023.71,0.0,0.0,0.0,0.0,IMELBO1849.csv
2023/02/25,02:54 AM,24.83,11.06,42.0,North,11.1,15.45,1023.71,0.0,0.0,0.0,0.0,IMELBO1849.csv
2023/02/25,02:59 AM,24.78,11.0,42.0,NNW,11.42,15.93,1023.71,0.0,0.0,0.0,0.0,IMELBO1849.csv
2023/02/25,03:04 AM,24.78,10.72,41.0,NNE,11.75,15.77,1023.71,0.0,0.0,0.0,0.0,IMELBO1849.csv
2023/02/25,03:09 AM,24.72,10.61,41.0,NNE,10.62,14.16,1023.71,0.0,0.0,0.0,0.0,IMELBO1849.csv
2023/02/25,03:14 AM,24.72,10.61,41.0,NE,11.58,16.57,1023.71,0.0,0.0,0.0,0.0,IMELBO1849.csv
2023/02/25,03:19 AM,24.67,10.67,41.0,NNE,10.78,16.09,1023.71,0.0,0.0,0.0,0.0,IMELBO1849.csv
2023/02/25,03:24 AM,24.72,10.61,41.0,NNE,11.91,16.25,1023.71,0.0,0.0,0.0,0.0,IMELBO1849.csv
2023/02/25,03:29 AM,24.67,10.56,41.0,NE,11.1,15.45,1023.71,0.0,0.0,0.0,0.0,IMELBO1849.csv
2023/02/25,03:34 AM,24.72,10.61,41.0,NE,12.55,16.73,1023.71,0.0,0.0,0.0,0.0,IMELBO1849.csv
2023/02/25,03:39 AM,24.72,10.61,41.0,NNE,11.58,16.73,1023.71,0.0,0.0,0.0,0.0,IMELBO1849.csv
2023/02/25,03:44 AM,24.72,10.61,41.0,North,12.23,16.73,1023.71,0.0,0.0,0.0,0.0,IMELBO1849.csv
2023/02/25,03:49 AM,24.67,10.56,41.0,NNE,12.07,16.25,1023.71,0.0,0.0,0.0,0.0,IMELBO1849.csv
2023/02/25,03:54 AM,24.56,10.44,41.0,NNE,10.78,14.0,1023.71,0.0,0.0,0.0,0.0,IMELBO1849.csv
2023/02/25,03:59 AM,24.33,10.44,42.0,NNE,10.14,14.64,1023.71,0.0,0.0,0.0,0.0,IMELBO1849.csv
2023/02/25,04:04 AM,24.33,10.28,41.0,NNE,11.42,15.77,1023.71,0.0,0.0,0.0,0.0,IMELBO1849.csv
2023/02/25,04:09 AM,24.28,10.39,41.0,NNE,11.42,15.61,1023.71,0.0,0.0,0.0,0.0,IMELBO1849.csv
2023/02/25,04:14 AM,24.22,10.5,42.0,North,10.94,15.45,1023.71,0.0,0.0,0.0,0.0,IMELBO1849.csv
2023/02/25,04:19 AM,24.22,10.5,42.0,NNE,10.46,14.32,1023.71,0.0,0.0,0.0,0.0,IMELBO1849.csv
2023/02/25,04:24 AM,24.17,10.39,42.0,NNE,10.78,14.8,1023.71,0.0,0.0,0.0,0.0,IMELBO1849.csv
2023/02/25,04:29 AM,24.17,10.39,42.0,NNE,10.46,14.8,1023.37,0.0,0.0,0.0,0.0,IMELBO1849.csv
2023/02/25,04:34 AM,24.11,10.22,41.0,NE,10.94,14.8,1023.37,0.0,0.0,0.0,0.0,IMELBO1849.csv
2023/02/25,04:39 AM,24.11,10.22,41.0,NNE,9.81,12.71,1023.37,0.0,0.0,0.0,0.0,IMELBO1849.csv
2023/02/25,04:44 AM,24.06,10.11,41.0,NNE,10.62,14.0,1023.71,0.0,0.0,0.0,0.0,IMELBO1849.csv
2023/02/25,04:49 AM,24.17,10.11,41.0,NNE,10.46,15.29,1023.37,0.0,0.0,0.0,0.0,IMELBO1849.csv
2023/02/25,04:54 AM,24.11,10.11,41.0,NNE,11.1,14.32,1023.37,0.0,0.0,0.0,0.0,IMELBO1849.csv
2023/02/25,04:59 AM,24.22,9.94,41.0,NNE,10.62,14.8,1023.37,0.0,0.0,0.0,0.0,IMELBO1849.csv
2023/02/25,05:04 AM,24.22,9.89,40.0,NNE,10.46,15.12,1023.37,0.0,0.0,0.0,0.0,IMELBO1849.csv
2023/02/25,05:09 AM,24.22,9.78,40.0,NE,11.42,15.93,1023.37,0.0,0.0,0.0,0.0,IMELBO1849.csv
2023/02/25,05:14 AM,24.28,9.89,40.0,North,11.91,16.25,1023.37,0.0,0.0,0.0,0.0,IMELBO1849.csv
2023/02/25,05:19 AM,24.28,9.89,40.0,NNE,11.91,15.93,1023.37,0.0,0.0,0.0,0.0,IMELBO1849.csv
2023/02/25,05:24 AM,24.39,10.0,40.0,NNE,14.96,19.63,1023.37,0.0,0.0,0.0,0.0,IMELBO1849.csv
2023/02/25,05:29 AM,24.39,10.0,40.0,North,9.81,13.52,1023.37,0.0,0.0,0.0,0.0,IMELBO1849.csv
2023/02/25,05:34 AM,24.33,9.94,40.0,NNE,12.71,17.54,1023.37,0.0,0.0,0.0,0.0,IMELBO1849.csv
2023/02/25,05:39 AM,24.39,10.0,40.0,NNE,13.19,17.38,1023.37,0.0,0.0,0.0,0.0,IMELBO1849.csv
2023/02/25,05:44 AM,24.33,9.94,40.0,North,10.94,15.29,1023.37,0.0,0.0,0.0,0.0,IMELBO1849.csv
2023/02/25,05:49 AM,24.33,9.94,40.0,NNE,13.03,17.7,1023.37,0.0,0.0,0.0,0.0,IMELBO1849.csv
2023/02/25,05:54 AM,24.28,9.89,40.0,NE,11.58,16.25,1023.37,0.0,0.0,0.0,0.0,IMELBO1849.csv
2023/02/25,05:59 AM,24.39,10.0,40.0,NNE,12.55,17.06,1023.37,0.0,0.0,0.0,0.0,IMELBO1849.csv
2023/02/25,06:04 AM,24.39,10.0,40.0,NE,11.42,15.45,1023.37,0.0,0.0,0.0,0.0,IMELBO1849.csv
2023/02/25,06:09 AM,24.44,10.0,40.0,NE,14.64,19.47,1023.37,0.0,0.0,0.0,0.0,IMELBO1849.csv
2023/02/25,06:14 AM,24.56,10.06,40.0,North,11.91,17.06,1023.37,0.0,0.0,0.0,0.0,IMELBO1849.csv
2023/02/25,06:19 AM,24.56,10.06,40.0,NNE,11.42,15.45,1023.37,0.0,0.0,0.0,0.0,IMELBO1849.csv
2023/02/25,06:24 AM,24.5,10.06,40.0,NNE,9.65,13.35,1023.37,0.0,0.0,0.0,0.0,IMELBO1849.csv
2023/02/25,06:29 AM,24.5,10.22,41.0,NNE,12.87,18.18,1023.37,0.0,0.0,0.0,0.0,IMELBO1849.csv
2023/02/25,06:34 AM,24.39,10.44,41.0,NE,14.16,19.15,1023.37,0.0,0.0,0.0,0.0,IMELBO1849.csv
2023/02/25,06:39 AM,24.39,10.72,42.0,NNE,16.57,23.49,1023.37,0.0,0.0,0.0,0.0,IMELBO1849.csv
2023/02/25,06:44 AM,24.28,10.89,43.0,NE,13.35,18.66,1023.37,0.0,0.0,0.0,0.0,IMELBO1849.csv
2023/02/25,06:49 AM,24.22,10.89,43.0,NE,14.16,20.27,1023.71,0.0,0.0,0.0,0.0,IMELBO1849.csv
2023/02/25,06:54 AM,24.11,10.94,44.0,NE,15.45,22.53,1023.71,0.0,0.0,0.0,1.2,IMELBO1849.csv
2023/02/25,06:59 AM,24.11,11.11,44.0,NNE,13.03,17.22,1023.71,0.0,0.0,0.0,2.6,IMELBO1849.csv
2023/02/25,07:04 AM,24.0,11.0,44.0,NNE,13.68,19.79,1023.71,0.0,0.0,0.0,5.6,IMELBO1849.csv
2023/02/25,07:09 AM,24.0,11.0,44.0,NNE,13.84,18.83,1023.71,0.0,0.0,0.0,9.1,IMELBO1849.csv
2023/02/25,07:14 AM,23.89,11.28,45.0,NNE,14.8,21.4,1023.71,0.0,0.0,0.0,14.3,IMELBO1849.csv
2023/02/25,07:19 AM,23.89,11.28,45.0,NE,16.09,22.2,1023.71,0.0,0.0,0.0,19.9,IMELBO1849.csv
2023/02/25,07:24 AM,23.89,11.28,45.0,NE,15.45,21.88,1023.71,0.0,0.0,0.0,26.8,IMELBO1849.csv
2023/02/25,07:29 AM,23.89,11.28,45.0,NNE,14.32,19.79,1023.71,0.0,0.0,0.0,32.9,IMELBO1849.csv
2023/02/25,07:34 AM,23.89,11.28,45.0,NNE,13.84,19.31,1023.71,0.0,0.0,0.0,38.5,IMELBO1849.csv
2023/02/25,07:39 AM,23.94,11.33,45.0,NNE,16.41,22.69,1023.71,0.0,0.0,0.0,45.0,IMELBO1849.csv
2023/02/25,07:44 AM,24.0,11.39,45.0,NNE,13.84,19.15,1024.04,0.0,0.0,0.0,51.5,IMELBO1849.csv
2023/02/25,07:49 AM,24.0,11.39,45.0,NNE,13.19,18.02,1023.71,0.0,0.0,0.0,59.0,IMELBO1849.csv
2023/02/25,07:54 AM,24.11,11.5,45.0,NE,15.77,21.72,1024.04,0.0,0.0,0.0,60.2,IMELBO1849.csv
2023/02/25,07:59 AM,24.11,11.5,45.0,NNE,16.09,21.88,1024.04,0.0,0.0,0.0,65.0,IMELBO1849.csv
2023/02/25,08:04 AM,24.06,11.44,45.0,North,15.93,21.56,1024.04,0.0,0.0,0.0,75.5,IMELBO1849.csv
2023/02/25,08:09 AM,24.06,11.44,45.0,NE,15.93,21.72,1024.04,0.0,0.0,0.0,94.9,IMELBO1849.csv
2023/02/25,08:14 AM,24.22,11.61,45.0,North,13.68,17.86,1024.04,0.0,0.0,1.0,125.3,IMELBO1849.csv
2023/02/25,08:19 AM,24.33,11.56,45.0,North,14.32,18.5,1024.04,0.0,0.0,1.0,144.4,IMELBO1849.csv
2023/02/25,08:24 AM,24.5,11.5,44.0,NNE,14.0,20.6,1024.04,0.0,0.0,1.0,143.5,IMELBO1849.csv
2023/02/25,08:29 AM,24.61,11.61,44.0,NE,15.29,20.6,1024.04,0.0,0.0,1.0,116.2,IMELBO1849.csv
2023/02/25,08:34 AM,24.44,11.56,44.0,NNE,15.29,21.24,1024.38,0.0,0.0,1.0,105.3,IMELBO1849.csv
2023/02/25,08:39 AM,24.33,11.67,45.0,NNE,14.32,20.76,1024.38,0.0,0.0,0.0,65.0,IMELBO1849.csv
2023/02/25,08:44 AM,24.22,11.61,45.0,NNE,13.19,18.99,1024.38,0.0,0.0,0.0,61.5,IMELBO1849.csv
2023/02/25,08:49 AM,24.22,11.61,45.0,NNE,13.68,18.5,1024.04,0.0,0.0,0.0,63.2,IMELBO1849.csv
2023/02/25,08:54 AM,24.11,11.56,45.0,NE,14.8,20.92,1024.38,0.0,0.0,0.0,63.7,IMELBO1849.csv
2023/02/25,08:59 AM,24.11,11.5,45.0,NNE,14.48,20.43,1024.38,0.0,0.0,0.0,63.2,IMELBO1849.csv
2023/02/25,09:04 AM,24.06,11.5,45.0,NE,14.96,21.08,1024.38,0.0,0.0,0.0,59.3,IMELBO1849.csv
2023/02/25,09:09 AM,23.94,11.5,45.0,NE,15.77,21.24,1024.38,0.0,0.0,0.0,55.9,IMELBO1849.csv
2023/02/25,09:14 AM,23.89,11.61,46.0,North,12.07,16.89,1024.72,0.0,0.0,0.0,43.3,IMELBO1849.csv
2023/02/25,09:19 AM,23.78,11.5,46.0,NE,9.98,14.64,1024.38,0.0,0.0,0.0,41.1,IMELBO1849.csv
2023/02/25,09:24 AM,23.78,11.5,46.0,NNE,10.46,13.84,1024.38,0.0,0.0,0.0,41.6,IMELBO1849.csv
2023/02/25,09:29 AM,23.78,11.5,46.0,NE,10.62,14.0,1024.38,0.0,0.0,0.0,38.5,IMELBO1849.csv
2023/02/25,09:34 AM,23.78,11.5,46.0,NNE,11.1,15.12,1024.38,0.0,0.0,0.0,41.1,IMELBO1849.csv
2023/02/25,09:39 AM,23.78,11.5,46.0,NNE,13.19,18.02,1024.38,0.0,0.0,0.0,42.5,IMELBO1849.csv
2023/02/25,09:44 AM,23.78,11.5,46.0,NNE,10.94,14.64,1024.38,0.0,0.0,0.0,45.0,IMELBO1849.csv
2023/02/25,09:49 AM,23.89,11.61,46.0,NNE,10.78,14.48,1024.38,0.0,0.0,0.0,43.8,IMELBO1849.csv
2023/02/25,09:54 AM,24.0,11.72,46.0,NNE,9.33,13.35,1024.72,0.0,0.0,0.0,38.5,IMELBO1849.csv
2023/02/25,09:59 AM,24.0,11.72,46.0,NE,11.75,16.25,1024.72,0.0,0.0,0.0,33.4,IMELBO1849.csv
2023/02/25,10:04 AM,24.11,11.5,45.0,NNE,11.58,16.73,1024.72,0.0,0.0,0.0,33.4,IMELBO1849.csv
2023/02/25,10:09 AM,24.22,11.61,45.0,,8.69,12.71,1024.72,0.0,0.0,0.0,33.8,IMELBO1849.csv
2023/02/25,10:14 AM,24.28,11.61,45.0,NNE,7.56,10.94,1025.06,0.0,0.0,0.0,33.4,IMELBO1849.csv
2023/02/25,10:19 AM,24.28,11.61,45.0,North,8.69,13.52,1025.4,0.0,0.0,0.0,36.3,IMELBO1849.csv
2023/02/25,10:24 AM,24.28,11.61,45.0,West,6.11,8.69,1025.4,0.0,0.0,0.0,36.3,IMELBO1849.csv
2023/02/25,10:29 AM,24.28,11.61,45.0,North,4.34,6.44,1025.74,0.0,0.0,0.0,38.2,IMELBO1849.csv
2023/02/25,10:34 AM,24.28,11.61,45.0,NNW,4.34,6.11,1025.74,0.0,0.0,0.0,45.0,IMELBO1849.csv
2023/02/25,10:39 AM,24.28,11.89,46.0,NNE,3.06,3.86,1025.74,0.0,0.0,0.0,59.0,IMELBO1849.csv
2023/02/25,10:44 AM,24.28,12.0,46.0,NE,5.15,6.76,1025.74,0.0,0.0,0.0,75.0,IMELBO1849.csv
2023/02/25,10:49 AM,24.39,12.11,46.0,ENE,6.44,8.69,1025.4,0.0,0.0,0.0,75.0,IMELBO1849.csv
2023/02/25,10:54 AM,24.39,12.11,46.0,North,7.08,9.17,1025.74,0.0,0.0,0.0,70.2,IMELBO1849.csv
2023/02/25,10:59 AM,24.39,12.11,46.0,NE,6.76,9.17,1025.74,0.0,0.0,0.0,55.1,IMELBO1849.csv
2023/02/25,11:04 AM,24.39,12.11,46.0,NNE,3.7,5.63,1025.74,0.0,0.0,0.0,46.4,IMELBO1849.csv
2023/02/25,11:09 AM,24.5,12.22,46.0,NNE,4.34,5.47,1025.74,0.0,0.0,0.0,42.0,IMELBO1849.csv
2023/02/25,11:14 AM,24.5,12.33,46.0,NNE,4.51,5.79,1025.74,0.0,0.0,0.0,42.9,IMELBO1849.csv
2023/02/25,11:19 AM,24.5,12.5,47.0,NNE,5.47,7.24,1025.4,0.0,0.0,0.0,42.5,IMELBO1849.csv
2023/02/25,11:24 AM,24.5,12.5,47.0,NNE,4.67,6.44,1025.4,0.0,0.0,0.0,45.0,IMELBO1849.csv
2023/02/25,11:29 AM,24.5,12.5,47.0,NNE,5.95,8.21,1025.4,0.0,0.0,0.0,47.7,IMELBO1849.csv
2023/02/25,11:34 AM,24.56,12.44,47.0,NE,4.02,6.11,1025.4,0.0,0.0,0.0,49.4,IMELBO1849.csv
2023/02/25,11:39 AM,24.61,12.5,47.0,NNE,3.06,4.18,1025.4,0.0,0.0,0.0,74.1,IMELBO1849.csv
2023/02/25,11:44 AM,24.72,12.61,47.0,NNE,2.41,3.22,1025.4,0.0,0.0,0.0,98.4,IMELBO1849.csv
2023/02/25,11:49 AM,24.89,12.72,47.0,ENE,2.9,3.86,1025.4,0.0,0.0,1.0,114.0,IMELBO1849.csv
2023/02/25,11:54 AM,25.0,12.67,46.0,NE,3.22,4.51,1025.4,0.0,0.0,1.0,137.5,IMELBO1849.csv
2023/02/25,11:59 AM,25.22,12.83,46.0,NNE,3.38,4.67,1025.4,0.0,0.0,1.0,160.0,IMELBO1849.csv
2023/02/25,12:04 PM,25.5,12.94,46.0,NE,3.38,4.83,1025.4,0.0,0.0,1.0,163.9,IMELBO1849.csv
2023/02/25,12:09 PM,25.67,12.83,45.0,NE,4.67,6.6,1025.06,0.0,0.0,1.0,162.2,IMELBO1849.csv
2023/02/25,12:14 PM,25.78,12.94,45.0,NE,4.34,6.6,1025.4,0.0,0.0,2.0,209.4,IMELBO1849.csv
2023/02/25,12:19 PM,26.0,13.11,45.0,NE,4.83,6.6,1025.06,0.0,0.0,2.0,226.4,IMELBO1849.csv
2023/02/25,12:24 PM,26.17,13.06,44.0,ENE,4.02,5.79,1025.06,0.0,0.0,2.0,215.9,IMELBO1849.csv
2023/02/25,12:29 PM,26.28,13.17,44.0,East,4.51,6.11,1024.72,0.0,0.0,1.0,190.0,IMELBO1849.csv
2023/02/25,12:34 PM,26.44,13.28,44.0,NE,4.02,4.99,1024.72,0.0,0.0,1.0,195.6,IMELBO1849.csv
2023/02/25,12:39 PM,26.67,13.44,44.0,ENE,3.54,4.99,1024.72,0.0,0.0,1.0,187.8,IMELBO1849.csv
2023/02/25,12:44 PM,26.72,13.44,44.0,NE,1.77,2.41,1024.38,0.0,0.0,1.0,141.4,IMELBO1849.csv
2023/02/25,12:49 PM,26.89,13.33,43.0,North,0.64,1.13,1024.72,0.0,0.0,0.0,91.9,IMELBO1849.csv
2023/02/25,12:54 PM,26.78,13.56,44.0,,2.25,3.38,1024.72,0.0,0.0,0.0,55.4,IMELBO1849.csv
2023/02/25,12:59 PM,26.67,13.39,44.0,WNW,2.9,3.86,1024.72,0.0,0.0,0.0,48.1,IMELBO1849.csv
2023/02/25,01:04 PM,26.5,13.33,44.0,WNW,2.09,3.06,1024.38,0.0,0.0,0.0,50.3,IMELBO1849.csv
2023/02/25,01:09 PM,26.39,13.39,45.0,WNW,2.74,3.38,1024.38,0.0,0.0,0.0,49.4,IMELBO1849.csv
2023/02/25,01:14 PM,26.28,13.5,45.0,WNW,3.54,4.83,1024.38,0.0,0.0,0.0,58.5,IMELBO1849.csv
2023/02/25,01:19 PM,26.28,13.17,44.0,WNW,4.02,5.63,1024.72,0.0,0.0,0.0,82.3,IMELBO1849.csv
2023/02/25,01:24 PM,26.44,13.22,44.0,WNW,3.7,5.63,1024.72,0.0,0.0,0.0,92.7,IMELBO1849.csv
2023/02/25,01:29 PM,26.5,13.17,44.0,NW,2.25,3.54,1024.72,0.0,0.0,0.0,86.2,IMELBO1849.csv
2023/02/25,01:34 PM,26.5,13.17,44.0,NW,2.09,3.22,1024.72,0.0,0.0,0.0,62.9,IMELBO1849.csv
2023/02/25,01:39 PM,26.17,12.78,43.0,West,2.9,4.34,1024.72,0.0,0.0,0.0,52.5,IMELBO1849.csv
2023/02/25,01:44 PM,25.72,12.67,44.0,WSW,3.86,5.31,1024.72,0.0,0.0,0.0,55.9,IMELBO1849.csv
2023/02/25,01:49 PM,25.5,12.78,45.0,WSW,3.86,5.15,1024.72,0.0,0.0,0.0,55.9,IMELBO1849.csv
2023/02/25,01:54 PM,25.17,12.67,46.0,WSW,7.4,10.46,1024.72,0.0,0.0,0.0,62.0,IMELBO1849.csv
2023/02/25,01:59 PM,24.78,12.33,46.0,SW,6.6,9.17,1025.06,0.0,0.0,0.0,64.1,IMELBO1849.csv
2023/02/25,02:04 PM,24.61,12.39,47.0,WSW,5.63,8.37,1024.72,0.0,0.0,0.0,57.6,IMELBO1849.csv
2023/02/25,02:09 PM,24.44,12.5,47.0,SW,5.95,8.21,1025.06,0.0,0.0,0.0,45.9,IMELBO1849.csv
2023/02/25,02:14 PM,24.33,12.67,48.0,WSW,5.47,7.56,1024.72,0.0,0.0,0.0,54.2,IMELBO1849.csv
2023/02/25,02:19 PM,24.22,12.5,48.0,WSW,6.6,9.98,1024.72,0.0,0.0,0.0,61.2,IMELBO1849.csv
2023/02/25,02:24 PM,24.11,12.67,49.0,WSW,6.28,8.53,1025.06,0.0,0.0,0.0,60.2,IMELBO1849.csv
2023/02/25,02:29 PM,24.0,12.72,49.0,SW,8.21,11.26,1025.06,0.0,0.0,0.0,68.0,IMELBO1849.csv
2023/02/25,02:34 PM,23.89,12.61,49.0,WSW,5.95,8.04,1025.06,0.0,0.0,0.0,67.7,IMELBO1849.csv
2023/02/25,02:39 PM,23.89,12.61,49.0,SW,4.51,6.28,1025.06,0.0,0.0,0.0,59.0,IMELBO1849.csv
2023/02/25,02:44 PM,23.83,12.78,50.0,SW,6.28,9.65,1025.06,0.0,0.0,0.0,48.1,IMELBO1849.csv
2023/02/25,02:49 PM,23.5,13.22,52.0,WSW,5.15,8.04,1025.06,0.0,0.0,0.0,45.9,IMELBO1849.csv
2023/02/25,02:54 PM,23.33,13.39,53.0,WSW,4.34,5.95,1025.06,0.0,0.0,0.0,57.6,IMELBO1849.csv
2023/02/25,02:59 PM,23.28,13.5,54.0,WSW,3.22,4.83,1025.06,0.0,0.0,0.0,66.3,IMELBO1849.csv
2023/02/25,03:04 PM,23.28,13.89,55.0,West,2.25,3.38,1025.4,0.0,0.0,0.0,71.1,IMELBO1849.csv
2023/02/25,03:09 PM,23.17,14.61,59.0,WSW,2.25,3.54,1025.06,0.0,0.0,0.0,55.4,IMELBO1849.csv
2023/02/25,03:14 PM,22.78,15.17,62.0,WNW,2.09,3.38,1025.06,0.0,0.0,0.0,53.3,IMELBO1849.csv
2023/02/25,03:19 PM,22.39,15.39,64.0,WNW,1.61,2.41,1025.06,0.0,0.0,0.0,54.6,IMELBO1849.csv
2023/02/25,03:24 PM,22.17,15.5,66.0,West,0.8,1.29,1024.72,0.0,0.0,0.0,56.3,IMELBO1849.csv
2023/02/25,03:29 PM,21.89,15.5,67.0,West,0.0,0.16,1024.72,0.0,0.0,0.0,59.0,IMELBO1849.csv
2023/02/25,03:34 PM,21.89,15.61,68.0,WNW,0.48,0.97,1024.38,0.0,0.0,0.0,68.0,IMELBO1849.csv
2023/02/25,03:39 PM,21.78,15.83,69.0,,2.57,3.38,1024.38,0.0,0.0,0.0,65.9,IMELBO1849.csv
2023/02/25,03:44 PM,21.72,16.06,70.0,East,3.06,3.7,1024.38,0.0,0.0,0.0,65.0,IMELBO1849.csv
2023/02/25,03:49 PM,21.61,16.17,71.0,East,3.38,4.51,1023.71,0.0,0.0,0.0,56.8,IMELBO1849.csv
2023/02/25,03:54 PM,21.5,16.33,72.0,East,3.54,4.34,1023.71,0.0,0.0,0.0,55.9,IMELBO1849.csv
2023/02/25,03:59 PM,21.44,16.44,73.0,East,3.86,4.67,1023.71,0.0,0.0,0.0,55.1,IMELBO1849.csv
2023/02/25,04:04 PM,21.33,16.5,74.0,East,3.22,4.34,1023.71,0.0,0.0,0.0,67.7,IMELBO1849.csv
2023/02/25,04:09 PM,21.17,16.17,73.0,East,3.06,4.18,1023.71,0.0,0.0,0.0,66.3,IMELBO1849.csv
2023/02/25,04:14 PM,21.06,16.06,73.0,East,4.99,6.6,1023.71,0.0,0.0,0.0,48.9,IMELBO1849.csv
2023/02/25,04:19 PM,21.0,16.06,73.0,East,7.56,10.14,1023.37,0.0,0.0,0.0,45.9,IMELBO1849.csv
2023/02/25,04:24 PM,21.0,16.0,73.0,East,4.51,6.11,1023.37,0.0,0.0,0.0,45.9,IMELBO1849.csv
2023/02/25,04:29 PM,21.11,16.33,74.0,East,4.51,5.95,1023.37,0.0,0.0,0.0,39.0,IMELBO1849.csv
2023/02/25,04:34 PM,21.0,16.5,76.0,ENE,2.41,3.38,1023.37,1.27,0.25,0.0,45.0,IMELBO1849.csv
2023/02/25,04:39 PM,20.89,16.67,77.0,East,2.25,3.06,1023.71,1.27,0.25,0.0,44.7,IMELBO1849.csv
2023/02/25,04:44 PM,20.78,16.56,77.0,East,3.06,4.02,1023.37,1.27,0.25,0.0,55.9,IMELBO1849.csv
2023/02/25,04:49 PM,20.67,16.33,77.0,East,4.02,4.83,1023.37,0.0,0.25,0.0,59.8,IMELBO1849.csv
2023/02/25,04:54 PM,20.67,16.44,77.0,East,2.9,4.02,1023.37,0.0,0.25,0.0,66.3,IMELBO1849.csv
2023/02/25,04:59 PM,20.61,16.39,77.0,East,3.54,4.18,1023.03,0.0,0.25,0.0,60.7,IMELBO1849.csv
2023/02/25,05:04 PM,20.5,16.22,77.0,East,3.06,3.86,1023.03,0.0,0.25,0.0,55.9,IMELBO1849.csv
2023/02/25,05:09 PM,20.56,16.33,77.0,East,2.74,3.7,1023.03,0.0,0.25,0.0,47.7,IMELBO1849.csv
2023/02/25,05:14 PM,20.5,16.17,76.0,ENE,2.25,2.9,1023.03,1.78,0.51,0.0,89.3,IMELBO1849.csv
2023/02/25,05:19 PM,20.61,16.22,76.0,ENE,1.29,1.77,1023.03,1.78,0.51,0.0,88.4,IMELBO1849.csv
2023/02/25,05:24 PM,20.72,16.28,76.0,East,1.93,2.9,1023.03,1.78,0.51,0.0,65.4,IMELBO1849.csv
2023/02/25,05:29 PM,20.72,16.28,76.0,East,2.57,3.06,1023.03,0.0,0.51,0.0,76.7,IMELBO1849.csv
2023/02/25,05:34 PM,20.78,16.28,76.0,East,3.06,4.18,1022.69,0.0,0.51,0.0,77.2,IMELBO1849.csv
2023/02/25,05:39 PM,20.78,16.5,76.0,ENE,2.74,3.06,1022.69,0.0,0.51,0.0,62.9,IMELBO1849.csv
2023/02/25,05:44 PM,20.78,16.56,77.0,East,2.9,4.18,1022.69,0.0,0.51,0.0,36.0,IMELBO1849.csv
2023/02/25,05:49 PM,20.72,16.67,78.0,East,3.54,4.67,1022.69,0.0,0.51,0.0,30.3,IMELBO1849.csv
2023/02/25,05:54 PM,20.67,16.72,78.0,East,4.51,5.95,1022.69,0.0,0.51,0.0,25.9,IMELBO1849.csv
2023/02/25,05:59 PM,20.56,16.83,79.0,East,4.02,5.31,1022.69,0.0,0.51,0.0,32.1,IMELBO1849.csv
2023/02/25,06:04 PM,20.39,16.78,80.0,East,4.18,5.31,1022.69,0.0,0.51,0.0,29.0,IMELBO1849.csv
2023/02/25,06:09 PM,20.28,16.72,80.0,East,4.34,5.63,1022.35,0.0,0.51,0.0,23.9,IMELBO1849.csv
2023/02/25,06:14 PM,20.22,16.78,81.0,East,3.7,4.99,1022.35,0.0,0.51,0.0,17.3,IMELBO1849.csv
2023/02/25,06:19 PM,20.11,16.89,82.0,East,4.18,5.47,1022.35,3.05,1.02,0.0,17.7,IMELBO1849.csv
2023/02/25,06:24 PM,19.83,17.11,84.0,East,4.34,5.63,1022.35,4.32,1.27,0.0,32.1,IMELBO1849.csv
2023/02/25,06:29 PM,19.5,17.06,86.0,East,4.18,5.15,1022.01,4.32,1.27,0.0,42.0,IMELBO1849.csv
2023/02/25,06:34 PM,19.33,16.94,86.0,ENE,4.67,6.76,1022.01,1.27,1.27,0.0,48.6,IMELBO1849.csv
2023/02/25,06:39 PM,19.33,16.94,86.0,ENE,4.02,5.15,1022.01,0.0,1.27,0.0,75.5,IMELBO1849.csv
2023/02/25,06:44 PM,19.44,16.89,85.0,NE,4.02,5.15,1022.01,0.0,1.27,0.0,65.0,IMELBO1849.csv
2023/02/25,06:49 PM,19.56,16.83,85.0,ENE,4.18,5.79,1022.01,0.0,1.27,0.0,42.0,IMELBO1849.csv
2023/02/25,06:54 PM,19.72,16.94,84.0,ENE,2.9,4.02,1022.01,0.0,1.27,0.0,42.0,IMELBO1849.csv
2023/02/25,06:59 PM,19.89,16.94,83.0,ENE,2.41,3.38,1022.01,0.0,1.27,0.0,39.4,IMELBO1849.csv
2023/02/25,07:04 PM,20.11,17.11,83.0,NE,2.74,4.18,1022.01,0.0,1.27,0.0,45.0,IMELBO1849.csv
2023/02/25,07:09 PM,20.28,17.11,82.0,NE,3.54,4.83,1022.01,0.0,1.27,0.0,36.0,IMELBO1849.csv
2023/02/25,07:14 PM,20.5,17.06,81.0,NNE,4.18,5.47,1022.01,0.0,1.27,0.0,22.0,IMELBO1849.csv
2023/02/25,07:19 PM,20.67,17.06,80.0,NNE,4.34,5.63,1022.01,0.0,1.27,0.0,10.4,IMELBO1849.csv
2023/02/25,07:24 PM,20.78,17.11,79.0,North,3.22,4.83,1022.01,0.0,1.27,0.0,15.2,IMELBO1849.csv
2023/02/25,07:29 PM,20.89,17.22,79.0,,2.57,3.54,1022.01,0.0,1.27,0.0,14.7,IMELBO1849.csv
2023/02/25,07:34 PM,20.94,17.22,79.0,NNW,2.57,3.86,1022.35,0.0,1.27,0.0,5.6,IMELBO1849.csv
2023/02/25,07:39 PM,21.0,17.22,79.0,NW,2.9,4.02,1022.69,0.0,1.27,0.0,2.6,IMELBO1849.csv
2023/02/25,07:44 PM,21.0,17.28,79.0,West,2.25,3.22,1022.69,0.0,1.27,0.0,3.8,IMELBO1849.csv
2023/02/25,07:49 PM,20.94,17.28,79.0,WSW,7.4,10.46,1023.03,0.0,1.27,0.0,4.3,IMELBO1849.csv
2023/02/25,07:54 PM,20.06,16.94,83.0,SW,7.72,11.26,1023.37,0.0,1.27,0.0,5.1,IMELBO1849.csv
2023/02/25,07:59 PM,19.28,16.67,85.0,SW,9.33,12.87,1023.37,0.0,1.27,0.0,5.1,IMELBO1849.csv
2023/02/25,08:04 PM,18.83,16.28,85.0,WSW,7.08,10.14,1023.37,0.0,1.27,0.0,2.9,IMELBO1849.csv
2023/02/25,08:09 PM,18.56,15.94,85.0,WSW,5.47,8.37,1023.71,0.0,1.27,0.0,1.2,IMELBO1849.csv
2023/02/25,08:14 PM,18.22,15.67,85.0,SW,8.21,11.26,1023.71,0.0,1.27,0.0,0.4,IMELBO1849.csv
2023/02/25,08:19 PM,18.06,15.44,85.0,SW,6.92,9.81,1023.71,0.0,1.27,0.0,0.0,IMELBO1849.csv
2023/02/25,08:24 PM,17.94,15.39,85.0,WSW,8.69,11.75,1023.71,0.0,1.27,0.0,0.0,IMELBO1849.csv
2023/02/25,08:29 PM,17.83,15.44,86.0,WSW,5.95,9.17,1023.71,0.0,1.27,0.0,0.0,IMELBO1849.csv
2023/02/25,08:34 PM,17.78,15.39,86.0,WSW,6.44,9.01,1024.04,0.0,1.27,0.0,0.0,IMELBO1849.csv
2023/02/25,08:39 PM,17.78,15.33,86.0,WSW,6.76,10.3,1023.71,0.0,1.27,0.0,0.0,IMELBO1849.csv
2023/02/25,08:44 PM,17.72,15.33,86.0,WSW,5.79,8.69,1024.04,0.0,1.27,0.0,0.0,IMELBO1849.csv
2023/02/25,08:49 PM,17.72,15.44,87.0,SW,4.67,7.56,1024.04,0.0,1.27,0.0,0.0,IMELBO1849.csv
2023/02/25,08:54 PM,17.72,15.5,87.0,WSW,6.11,8.85,1024.04,0.0,1.27,0.0,0.0,IMELBO1849.csv
2023/02/25,08:59 PM,17.72,15.44,87.0,WSW,6.76,9.65,1024.04,0.0,1.27,0.0,0.0,IMELBO1849.csv
2023/02/25,09:04 PM,17.67,15.33,87.0,SW,5.79,8.37,1024.38,0.0,1.27,0.0,0.0,IMELBO1849.csv
2023/02/25,09:09 PM,17.72,15.39,87.0,SW,4.51,6.6,1024.38,0.0,1.27,0.0,0.0,IMELBO1849.csv
2023/02/25,09:14 PM,17.72,15.5,87.0,WSW,3.86,5.95,1024.38,0.0,1.27,0.0,0.0,IMELBO1849.csv
2023/02/25,09:19 PM,17.67,15.44,87.0,WSW,4.67,6.92,1024.38,0.0,1.27,0.0,0.0,IMELBO1849.csv
2023/02/25,09:24 PM,17.72,15.5,87.0,WSW,3.38,4.83,1024.72,0.0,1.27,0.0,0.0,IMELBO1849.csv
2023/02/25,09:29 PM,17.72,15.5,87.0,SSW,1.93,2.9,1024.38,1.78,1.52,0.0,0.0,IMELBO1849.csv
2023/02/25,09:34 PM,17.72,15.56,88.0,WSW,3.06,4.18,1024.38,1.78,1.52,0.0,0.0,IMELBO1849.csv
2023/02/25,09:39 PM,17.61,15.5,88.0,WSW,2.09,3.06,1024.72,1.78,1.52,0.0,0.0,IMELBO1849.csv
2023/02/25,09:44 PM,17.61,15.5,88.0,SW,2.41,3.54,1024.38,0.0,1.52,0.0,0.0,IMELBO1849.csv
2023/02/25,09:49 PM,17.61,15.5,88.0,SW,1.45,2.09,1024.72,0.0,1.52,0.0,0.0,IMELBO1849.csv
2023/02/25,09:54 PM,17.61,15.5,88.0,WSW,2.09,3.06,1024.38,0.0,1.52,0.0,0.0,IMELBO1849.csv
2023/02/25,09:59 PM,17.61,15.5,88.0,WSW,1.45,2.25,1024.72,0.0,1.52,0.0,0.0,IMELBO1849.csv
2023/02/25,10:04 PM,17.67,15.56,88.0,SW,1.61,2.41,1024.72,0.0,1.52,0.0,0.0,IMELBO1849.csv
2023/02/25,10:09 PM,17.67,15.56,88.0,SSW,1.77,2.57,1024.72,0.0,1.52,0.0,0.0,IMELBO1849.csv
2023/02/25,10:14 PM,17.72,15.61,88.0,WSW,2.09,3.06,1024.72,0.0,1.52,0.0,0.0,IMELBO1849.csv
2023/02/25,10:19 PM,17.72,15.56,87.0,SW,2.9,4.18,1024.72,0.0,1.52,0.0,0.0,IMELBO1849.csv
2023/02/25,10:24 PM,17.72,15.5,87.0,WSW,1.93,2.74,1024.72,0.0,1.52,0.0,0.0,IMELBO1849.csv
2023/02/25,10:29 PM,17.72,15.5,87.0,WSW,0.32,0.64,1024.38,0.0,1.52,0.0,0.0,IMELBO1849.csv
2023/02/25,10:34 PM,17.72,15.5,87.0,West,1.93,2.74,1024.72,0.0,1.52,0.0,0.0,IMELBO1849.csv
2023/02/25,10:39 PM,17.72,15.5,87.0,West,2.09,2.9,1024.38,0.0,1.52,0.0,0.0,IMELBO1849.csv
2023/02/25,10:44 PM,17.78,15.61,87.0,West,1.93,2.9,1024.38,0.0,1.52,0.0,0.0,IMELBO1849.csv
2023/02/25,10:49 PM,17.78,15.61,87.0,WNW,1.77,2.9,1024.38,0.0,1.52,0.0,0.0,IMELBO1849.csv
2023/02/25,10:54 PM,17.89,15.72,87.0,WNW,2.41,3.38,1024.38,0.0,1.52,0.0,0.0,IMELBO1849.csv
2023/02/25,10:59 PM,17.89,15.56,86.0,West,0.8,1.61,1024.38,0.0,1.52,0.0,0.0,IMELBO1849.csv
2023/02/25,11:04 PM,18.0,15.61,86.0,WNW,1.61,2.57,1024.38,0.0,1.52,0.0,0.0,IMELBO1849.csv
2023/02/25,11:09 PM,18.0,15.5,86.0,WNW,2.09,3.06,1024.38,0.0,1.52,0.0,0.0,IMELBO1849.csv
2023/02/25,11:14 PM,18.11,15.44,85.0,West,2.25,3.38,1024.38,0.0,1.52,0.0,0.0,IMELBO1849.csv
2023/02/25,11:19 PM,18.17,15.44,84.0,WNW,2.09,2.9,1024.38,0.0,1.52,0.0,0.0,IMELBO1849.csv
2023/02/25,11:24 PM,18.22,15.33,83.0,WNW,1.93,2.9,1024.38,0.0,1.52,0.0,0.0,IMELBO1849.csv
2023/02/25,11:29 PM,18.28,15.33,83.0,WSW,0.8,1.45,1024.38,0.0,1.52,0.0,0.0,IMELBO1849.csv
2023/02/25,11:34 PM,18.33,15.28,82.0,WSW,0.48,1.29,1024.04,0.0,1.52,0.0,0.0,IMELBO1849.csv
2023/02/25,11:39 PM,18.28,15.22,82.0,West,1.13,1.93,1024.04,0.0,1.52,0.0,0.0,IMELBO1849.csv
2023/02/25,11:44 PM,18.39,15.22,82.0,West,1.45,2.09,1024.04,0.0,1.52,0.0,0.0,IMELBO1849.csv
2023/02/25,11:49 PM,18.39,15.11,81.0,West,1.13,2.09,1024.04,0.0,1.52,0.0,0.0,IMELBO1849.csv
2023/02/25,11:54 PM,18.5,15.22,81.0,West,0.32,0.8,1024.04,0.0,1.52,0.0,0.0,IMELBO1849.csv
2023/02/25,11:59 PM,18.5,15.17,81.0,NW,0.8,1.29,1024.04,0.0,1.52,0.0,0.0,IMELBO1849.csv
2023/02/26,12:04 AM,18.44,14.94,80.0,NW,0.8,1.45,1023.71,0.0,0.0,0.0,0.0,IMELBO1849.csv
2023/02/26,12:09 AM,18.5,15.0,80.0,NW,0.48,1.13,1023.71,0.0,0.0,0.0,0.0,IMELBO1849.csv
2023/02/26,12:14 AM,18.5,14.78,79.0,West,0.64,1.29,1023.71,0.0,0.0,0.0,0.0,IMELBO1849.csv
2023/02/26,12:19 AM,18.56,14.83,79.0,West,1.61,2.41,1023.71,0.0,0.0,0.0,0.0,IMELBO1849.csv
2023/02/26,12:24 AM,18.61,14.72,78.0,WNW,1.45,2.41,1023.71,0.0,0.0,0.0,0.0,IMELBO1849.csv
2023/02/26,12:29 AM,18.61,14.72,78.0,West,0.97,1.77,1024.04,0.0,0.0,0.0,0.0,IMELBO1849.csv
2023/02/26,12:34 AM,18.61,14.72,78.0,West,0.64,1.45,1024.04,0.0,0.0,0.0,0.0,IMELBO1849.csv
2023/02/26,12:39 AM,18.61,14.72,78.0,West,0.64,1.13,1024.04,0.0,0.0,0.0,0.0,IMELBO1849.csv
2023/02/26,12:44 AM,18.61,14.83,79.0,WSW,1.77,2.74,1024.04,0.0,0.0,0.0,0.0,IMELBO1849.csv
2023/02/26,12:49 AM,18.61,14.72,78.0,SW,2.74,3.54,1024.04,0.0,0.0,0.0,0.0,IMELBO1849.csv
2023/02/26,12:54 AM,18.61,14.83,79.0,SW,2.74,3.38,1024.04,0.0,0.0,0.0,0.0,IMELBO1849.csv
2023/02/26,12:59 AM,18.61,14.89,79.0,WSW,4.34,6.44,1024.04,0.0,0.0,0.0,0.0,IMELBO1849.csv
2023/02/26,01:04 AM,18.17,14.78,80.0,SW,7.88,11.75,1024.04,0.0,0.0,0.0,0.0,IMELBO1849.csv
2023/02/26,01:09 AM,17.61,14.56,82.0,SW,9.65,14.48,1024.04,0.0,0.0,0.0,0.0,IMELBO1849.csv
2023/02/26,01:14 AM,17.28,14.44,83.0,SW,9.17,13.03,1024.04,0.0,0.0,0.0,0.0,IMELBO1849.csv
2023/02/26,01:19 AM,17.17,14.44,84.0,WSW,6.6,9.17,1024.04,0.0,0.0,0.0,0.0,IMELBO1849.csv
2023/02/26,01:24 AM,17.06,14.33,84.0,WSW,7.08,9.65,1024.04,0.0,0.0,0.0,0.0,IMELBO1849.csv
2023/02/26,01:29 AM,17.0,14.44,85.0,WSW,5.79,7.56,1024.04,0.0,0.0,0.0,0.0,IMELBO1849.csv
2023/02/26,01:34 AM,16.89,14.39,85.0,SW,5.15,7.08,1024.04,0.0,0.0,0.0,0.0,IMELBO1849.csv
2023/02/26,01:39 AM,16.83,14.17,84.0,WSW,4.99,6.76,1023.71,0.0,0.0,0.0,0.0,IMELBO1849.csv
2023/02/26,01:44 AM,16.78,14.11,84.0,SW,5.31,7.72,1024.04,0.0,0.0,0.0,0.0,IMELBO1849.csv
2023/02/26,01:49 AM,16.72,14.06,84.0,WSW,6.11,8.21,1023.71,0.0,0.0,0.0,0.0,IMELBO1849.csv
2023/02/26,01:54 AM,16.72,14.0,84.0,WSW,6.11,8.37,1023.71,0.0,0.0,0.0,0.0,IMELBO1849.csv
2023/02/26,01:59 AM,16.61,13.89,84.0,WSW,4.67,6.6,1024.04,0.0,0.0,0.0,0.0,IMELBO1849.csv
2023/02/26,02:04 AM,16.67,13.94,84.0,WSW,5.95,7.88,1024.04,0.0,0.0,0.0,0.0,IMELBO1849.csv
2023/02/26,02:09 AM,16.5,13.78,84.0,WSW,5.31,7.88,1023.71,0.0,0.0,0.0,0.0,IMELBO1849.csv
2023/02/26,02:14 AM,16.44,13.78,84.0,SW,5.31,7.56,1024.04,0.0,0.0,0.0,0.0,IMELBO1849.csv
2023/02/26,02:19 AM,16.39,13.56,83.0,WSW,3.7,5.31,1023.71,0.0,0.0,0.0,0.0,IMELBO1849.csv
2023/02/26,02:24 AM,16.39,13.5,83.0,WSW,4.51,6.28,1023.71,0.0,0.0,0.0,0.0,IMELBO1849.csv
2023/02/26,02:29 AM,16.39,13.5,83.0,West,2.57,4.34,1023.71,0.0,0.0,0.0,0.0,IMELBO1849.csv
2023/02/26,02:34 AM,16.39,13.33,82.0,West,2.41,3.86,1023.71,0.0,0.0,0.0,0.0,IMELBO1849.csv
2023/02/26,02:39 AM,16.39,13.28,82.0,WSW,3.7,5.63,1023.71,0.0,0.0,0.0,0.0,IMELBO1849.csv
2023/02/26,02:44 AM,16.39,13.11,81.0,West,3.54,4.99,1023.71,0.0,0.0,0.0,0.0,IMELBO1849.csv
2023/02/26,02:49 AM,16.39,12.89,80.0,WSW,2.57,4.02,1023.71,0.0,0.0,0.0,0.0,IMELBO1849.csv
2023/02/26,02:54 AM,16.39,12.89,80.0,SW,4.02,6.11,1023.71,0.0,0.0,0.0,0.0,IMELBO1849.csv
2023/02/26,02:59 AM,16.39,12.89,80.0,WSW,3.06,4.34,1023.71,0.0,0.0,0.0,0.0,IMELBO1849.csv
2023/02/26,03:04 AM,16.33,12.78,79.0,WSW,4.51,7.08,1023.71,0.0,0.0,0.0,0.0,IMELBO1849.csv
2023/02/26,03:09 AM,16.28,12.72,79.0,WSW,3.7,5.63,1023.37,0.0,0.0,0.0,0.0,IMELBO1849.csv
2023/02/26,03:14 AM,16.28,12.67,79.0,West,4.02,5.95,1023.71,0.0,0.0,0.0,0.0,IMELBO1849.csv
2023/02/26,03:19 AM,16.28,12.5,78.0,WSW,5.15,7.72,1023.71,0.0,0.0,0.0,0.0,IMELBO1849.csv
2023/02/26,03:24 AM,16.28,12.5,78.0,WSW,4.34,6.28,1023.71,0.0,0.0,0.0,0.0,IMELBO1849.csv
2023/02/26,03:29 AM,16.28,12.44,78.0,WSW,5.15,7.4,1023.71,0.0,0.0,0.0,0.0,IMELBO1849.csv
2023/02/26,03:34 AM,16.22,12.39,78.0,WSW,4.34,6.76,1023.71,0.0,0.0,0.0,0.0,IMELBO1849.csv
2023/02/26,03:39 AM,16.17,12.39,78.0,WSW,3.86,5.79,1023.71,0.0,0.0,0.0,0.0,IMELBO1849.csv
2023/02/26,03:44 AM,16.11,12.5,79.0,WSW,2.9,4.34,1023.71,0.0,0.0,0.0,0.0,IMELBO1849.csv
2023/02/26,03:49 AM,16.11,12.5,79.0,WSW,3.22,4.99,1024.04,0.0,0.0,0.0,0.0,IMELBO1849.csv
2023/02/26,03:54 AM,16.06,12.28,78.0,West,4.51,6.6,1023.71,0.0,0.0,0.0,0.0,IMELBO1849.csv
2023/02/26,03:59 AM,16.11,12.28,78.0,WSW,4.18,6.28,1023.71,0.0,0.0,0.0,0.0,IMELBO1849.csv
2023/02/26,04:04 AM,16.0,12.22,78.0,West,3.38,4.67,1023.71,0.0,0.0,0.0,0.0,IMELBO1849.csv
2023/02/26,04:09 AM,15.94,12.06,77.0,WSW,3.7,5.47,1023.71,0.0,0.0,0.0,0.0,IMELBO1849.csv
2023/02/26,04:14 AM,15.83,11.83,77.0,WSW,4.67,7.72,1023.71,0.0,0.0,0.0,0.0,IMELBO1849.csv
2023/02/26,04:19 AM,15.72,11.72,77.0,WSW,4.83,6.6,1023.71,0.0,0.0,0.0,0.0,IMELBO1849.csv
2023/02/26,04:24 AM,15.61,11.61,77.0,WSW,3.38,4.83,1023.71,0.0,0.0,0.0,0.0,IMELBO1849.csv
2023/02/26,04:29 AM,15.44,11.61,78.0,West,3.38,4.67,1023.71,0.0,0.0,0.0,0.0,IMELBO1849.csv
2023/02/26,04:34 AM,15.33,11.56,78.0,WSW,3.54,5.15,1023.71,0.0,0.0,0.0,0.0,IMELBO1849.csv
2023/02/26,04:39 AM,15.22,11.61,79.0,WSW,2.74,4.51,1023.71,0.0,0.0,0.0,0.0,IMELBO1849.csv
2023/02/26,04:44 AM,15.11,11.5,79.0,WSW,2.74,4.18,1023.71,0.0,0.0,0.0,0.0,IMELBO1849.csv
2023/02/26,04:49 AM,14.94,11.56,80.0,West,2.57,3.86,1023.71,0.0,0.0,0.0,0.0,IMELBO1849.csv
2023/02/26,04:54 AM,14.83,11.44,80.0,West,2.9,4.18,1023.71,0.0,0.0,0.0,0.0,IMELBO1849.csv
2023/02/26,04:59 AM,14.78,11.56,81.0,WSW,2.41,3.54,1023.71,0.0,0.0,0.0,0.0,IMELBO1849.csv
2023/02/26,05:04 AM,14.72,11.5,81.0,West,3.38,5.31,1023.71,0.0,0.0,0.0,0.0,IMELBO1849.csv
2023/02/26,05:09 AM,14.61,11.44,81.0,West,3.06,4.51,1023.71,0.0,0.0,0.0,0.0,IMELBO1849.csv
2023/02/26,05:14 AM,14.56,11.33,81.0,West,4.51,6.28,1023.71,0.0,0.0,0.0,0.0,IMELBO1849.csv
2023/02/26,05:19 AM,14.44,11.28,81.0,WNW,3.38,4.67,1023.71,0.0,0.0,0.0,0.0,IMELBO1849.csv
2023/02/26,05:24 AM,14.39,11.22,81.0,WNW,3.38,4.67,1024.04,0.0,0.0,0.0,0.0,IMELBO1849.csv
2023/02/26,05:29 AM,14.28,11.11,81.0,WNW,3.38,4.99,1024.04,0.0,0.0,0.0,0.0,IMELBO1849.csv
2023/02/26,05:34 AM,14.28,11.11,81.0,WNW,4.67,6.76,1024.04,0.0,0.0,0.0,0.0,IMELBO1849.csv
2023/02/26,05:39 AM,14.22,11.22,82.0,WNW,3.54,5.31,1023.71,0.0,0.0,0.0,0.0,IMELBO1849.csv
2023/02/26,05:44 AM,14.17,11.17,82.0,WNW,3.54,5.15,1024.04,0.0,0.0,0.0,0.0,IMELBO1849.csv
2023/02/26,05:49 AM,14.11,11.11,82.0,WNW,3.22,4.34,1024.04,0.0,0.0,0.0,0.0,IMELBO1849.csv
2023/02/26,05:54 AM,14.06,11.11,82.0,NW,2.9,4.18,1024.04,0.0,0.0,0.0,0.0,IMELBO1849.csv
2023/02/26,05:59 AM,14.06,11.06,82.0,WNW,2.41,3.54,1024.04,0.0,0.0,0.0,0.0,IMELBO1849.csv
2023/02/26,06:04 AM,14.11,11.0,82.0,NW,3.86,4.99,1024.04,0.0,0.0,0.0,0.0,IMELBO1849.csv
2023/02/26,06:09 AM,14.33,11.06,81.0,WNW,3.38,4.67,1024.04,0.0,0.0,0.0,0.0,IMELBO1849.csv
2023/02/26,06:14 AM,14.5,11.11,80.0,NW,2.25,3.38,1024.04,0.0,0.0,0.0,0.0,IMELBO1849.csv
2023/02/26,06:19 AM,14.56,11.17,80.0,NW,3.7,5.47,1024.38,0.0,0.0,0.0,0.0,IMELBO1849.csv
2023/02/26,06:24 AM,14.61,11.22,80.0,WNW,2.9,4.02,1024.38,0.0,0.0,0.0,0.0,IMELBO1849.csv
2023/02/26,06:29 AM,14.72,11.17,79.0,WNW,3.7,5.31,1024.38,0.0,0.0,0.0,0.0,IMELBO1849.csv
2023/02/26,06:34 AM,14.72,11.17,79.0,WNW,3.54,4.67,1024.38,0.0,0.0,0.0,0.0,IMELBO1849.csv
2023/02/26,06:39 AM,14.78,11.22,79.0,NW,2.25,3.22,1024.38,0.0,0.0,0.0,0.0,IMELBO1849.csv
2023/02/26,06:44 AM,14.78,11.22,79.0,NW,3.38,4.83,1024.38,0.0,0.0,0.0,0.0,IMELBO1849.csv
2023/02/26,06:49 AM,14.89,11.28,79.0,NW,2.57,3.54,1024.38,0.0,0.0,0.0,0.0,IMELBO1849.csv
2023/02/26,06:54 AM,15.0,11.39,79.0,WNW,1.61,2.41,1024.38,0.0,0.0,0.0,0.0,IMELBO1849.csv
2023/02/26,06:59 AM,15.0,11.22,78.0,NW,1.45,2.09,1024.38,0.0,0.0,0.0,0.0,IMELBO1849.csv
2023/02/26,07:04 AM,15.11,11.28,78.0,WNW,2.09,3.38,1024.38,0.0,0.0,0.0,1.7,IMELBO1849.csv
2023/02/26,07:09 AM,15.17,11.33,78.0,WNW,1.93,2.9,1024.38,0.0,0.0,0.0,2.9,IMELBO1849.csv
2023/02/26,07:14 AM,15.22,11.44,78.0,WNW,2.25,3.54,1024.38,0.0,0.0,0.0,5.1,IMELBO1849.csv
2023/02/26,07:19 AM,15.33,11.44,78.0,WNW,2.25,3.22,1024.38,0.0,0.0,0.0,8.6,IMELBO1849.csv
2023/02/26,07:24 AM,15.39,11.39,77.0,WNW,3.06,4.18,1024.38,0.0,0.0,0.0,12.5,IMELBO1849.csv
2023/02/26,07:29 AM,15.44,11.44,77.0,WNW,4.34,5.79,1024.38,0.0,0.0,0.0,14.3,IMELBO1849.csv
2023/02/26,07:34 AM,15.5,11.5,77.0,WNW,2.09,3.06,1024.38,0.0,0.0,0.0,16.9,IMELBO1849.csv
2023/02/26,07:39 AM,15.56,11.56,77.0,WNW,1.93,2.57,1024.38,0.0,0.0,0.0,19.1,IMELBO1849.csv
2023/02/26,07:44 AM,15.61,11.61,77.0,WNW,4.02,6.28,1024.38,0.0,0.0,0.0,26.4,IMELBO1849.csv
2023/02/26,07:49 AM,15.67,11.67,77.0,WNW,2.9,4.02,1024.38,0.0,0.0,0.0,33.8,IMELBO1849.csv
2023/02/26,07:54 AM,15.72,11.72,77.0,West,3.7,5.79,1024.72,0.0,0.0,0.0,53.3,IMELBO1849.csv
2023/02/26,07:59 AM,15.72,11.72,77.0,WNW,4.67,6.76,1024.38,0.0,0.0,0.0,66.3,IMELBO1849.csv
2023/02/26,08:04 AM,15.83,11.83,77.0,WNW,2.25,3.22,1024.38,0.0,0.0,0.0,68.0,IMELBO1849.csv
2023/02/26,08:09 AM,15.94,11.83,76.0,WNW,2.57,3.7,1024.72,0.0,0.0,0.0,65.4,IMELBO1849.csv
2023/02/26,08:14 AM,15.89,11.72,76.0,WNW,3.38,5.15,1024.72,0.0,0.0,0.0,65.9,IMELBO1849.csv
2023/02/26,08:19 AM,15.89,11.72,76.0,WNW,4.02,5.95,1024.72,0.0,0.0,0.0,90.2,IMELBO1849.csv
2023/02/26,08:24 AM,16.0,11.78,76.0,NW,4.02,5.31,1024.72,0.0,0.0,0.0,92.4,IMELBO1849.csv
2023/02/26,08:29 AM,16.11,11.89,76.0,WNW,3.38,4.51,1024.72,0.0,0.0,0.0,85.9,IMELBO1849.csv
2023/02/26,08:34 AM,16.22,12.0,76.0,WNW,1.77,2.9,1025.06,0.0,0.0,1.0,101.4,IMELBO1849.csv
2023/02/26,08:39 AM,16.28,12.06,76.0,WNW,3.06,4.51,1025.06,0.0,0.0,0.0,95.8,IMELBO1849.csv
2023/02/26,08:44 AM,16.22,11.94,76.0,WNW,2.57,4.02,1025.06,0.0,0.0,0.0,88.8,IMELBO1849.csv
2023/02/26,08:49 AM,16.22,12.0,76.0,WNW,2.74,4.18,1025.06,0.0,0.0,0.0,98.8,IMELBO1849.csv
2023/02/26,08:54 AM,16.22,12.0,76.0,WNW,2.41,3.54,1025.06,0.0,0.0,0.0,99.3,IMELBO1849.csv
2023/02/26,08:59 AM,16.28,12.0,75.0,WNW,1.77,2.57,1025.06,0.0,0.0,1.0,101.4,IMELBO1849.csv
2023/02/26,09:04 AM,16.28,11.94,75.0,West,1.61,2.9,1025.06,0.0,0.0,2.0,256.3,IMELBO1849.csv
2023/02/26,09:09 AM,16.56,12.0,74.0,WNW,1.45,2.09,1025.06,0.0,0.0,3.0,399.4,IMELBO1849.csv
2023/02/26,09:14 AM,17.28,12.17,72.0,NW,3.22,4.67,1025.4,0.0,0.0,4.0,432.0,IMELBO1849.csv
2023/02/26,09:19 AM,18.39,12.5,69.0,WNW,1.45,2.57,1025.06,0.0,0.0,4.0,435.0,IMELBO1849.csv
2023/02/26,09:24 AM,18.33,12.5,69.0,NW,3.06,4.83,1025.06,0.0,0.0,3.0,403.3,IMELBO1849.csv
2023/02/26,09:29 AM,17.89,12.33,70.0,WNW,2.74,4.02,1025.06,0.0,0.0,1.0,176.5,IMELBO1849.csv
2023/02/26,09:34 AM,17.56,12.22,71.0,WNW,2.9,4.02,1025.06,0.0,0.0,4.0,427.7,IMELBO1849.csv
2023/02/26,09:39 AM,17.56,12.28,71.0,WNW,2.09,2.9,1025.06,0.0,0.0,2.0,254.2,IMELBO1849.csv
2023/02/26,09:44 AM,17.67,12.33,71.0,WNW,2.9,4.02,1025.06,0.0,0.0,4.0,508.8,IMELBO1849.csv
2023/02/26,09:49 AM,18.06,12.44,70.0,WNW,1.77,2.74,1025.06,0.0,0.0,5.0,539.6,IMELBO1849.csv
2023/02/26,09:54 AM,18.61,12.67,68.0,WNW,3.38,4.67,1025.06,0.0,0.0,3.0,310.6,IMELBO1849.csv
2023/02/26,09:59 AM,18.0,12.44,70.0,SW,2.25,3.54,1025.06,0.0,0.0,1.0,199.9,IMELBO1849.csv
2023/02/26,10:04 AM,17.83,12.33,70.0,West,2.57,4.34,1025.06,0.0,0.0,3.0,350.9,IMELBO1849.csv
2023/02/26,10:09 AM,18.17,12.61,70.0,WSW,3.22,4.51,1025.4,0.0,0.0,5.0,576.5,IMELBO1849.csv
2023/02/26,10:14 AM,18.56,12.61,68.0,SW,2.74,3.86,1025.4,0.0,0.0,5.0,585.6,IMELBO1849.csv
2023/02/26,10:19 AM,18.67,12.72,68.0,WNW,4.02,6.11,1025.06,0.0,0.0,5.0,582.6,IMELBO1849.csv
2023/02/26,10:24 AM,19.06,12.78,67.0,West,1.77,2.74,1025.4,0.0,0.0,6.0,666.2,IMELBO1849.csv
2023/02/26,10:29 AM,19.61,12.94,66.0,WNW,4.99,7.4,1025.06,0.0,0.0,6.0,714.4,IMELBO1849.csv
2023/02/26,10:34 AM,19.61,13.11,66.0,WNW,2.41,3.86,1025.06,0.0,0.0,3.0,392.9,IMELBO1849.csv
2023/02/26,10:39 AM,19.61,13.11,66.0,West,2.41,3.54,1025.06,0.0,0.0,5.0,576.5,IMELBO1849.csv
2023/02/26,10:44 AM,19.67,13.17,66.0,West,2.57,3.7,1025.06,0.0,0.0,2.0,263.8,IMELBO1849.csv
2023/02/26,10:49 AM,19.67,13.11,66.0,WSW,4.34,6.11,1025.06,0.0,0.0,2.0,225.1,IMELBO1849.csv
2023/02/26,10:54 AM,19.33,13.0,67.0,WSW,4.18,6.44,1025.06,0.0,0.0,3.0,319.7,IMELBO1849.csv
2023/02/26,10:59 AM,19.28,12.94,67.0,WSW,4.51,6.44,1025.06,0.0,0.0,3.0,373.5,IMELBO1849.csv
2023/02/26,11:04 AM,19.56,13.06,66.0,West,3.06,4.51,1025.06,0.0,0.0,7.0,731.8,IMELBO1849.csv
2023/02/26,11:09 AM,19.72,13.17,66.0,SW,5.31,7.4,1024.72,0.0,0.0,6.0,640.3,IMELBO1849.csv
2023/02/26,11:14 AM,19.61,12.94,65.0,SW,4.34,6.44,1024.72,0.0,0.0,1.0,198.7,IMELBO1849.csv
2023/02/26,11:19 AM,19.61,12.94,65.0,WSW,5.15,7.88,1024.72,0.0,0.0,5.0,579.1,IMELBO1849.csv
2023/02/26,11:24 AM,20.44,13.22,63.0,WSW,4.67,7.4,1024.72,0.0,0.0,6.0,697.9,IMELBO1849.csv
2023/02/26,11:29 AM,20.72,13.22,62.0,West,5.47,8.04,1024.72,0.0,0.0,7.0,756.9,IMELBO1849.csv
2023/02/26,11:34 AM,21.11,13.33,61.0,West,6.44,9.65,1024.72,0.0,0.0,8.0,851.5,IMELBO1849.csv
2023/02/26,11:39 AM,21.39,13.56,61.0,West,4.99,7.72,1024.72,0.0,0.0,8.0,906.1,IMELBO1849.csv
2023/02/26,11:44 AM,20.67,13.33,63.0,WSW,4.18,6.44,1024.72,0.0,0.0,8.0,894.5,IMELBO1849.csv
2023/02/26,11:49 AM,20.67,13.28,63.0,WSW,3.7,5.79,1024.72,0.0,0.0,8.0,874.1,IMELBO1849.csv
2023/02/26,11:54 AM,20.67,13.28,63.0,SW,5.15,7.24,1024.72,0.0,0.0,7.0,729.6,IMELBO1849.csv
2023/02/26,11:59 AM,20.28,13.17,64.0,WSW,4.02,5.63,1024.72,0.0,0.0,5.0,548.7,IMELBO1849.csv
2023/02/26,12:04 PM,20.33,13.17,63.0,WSW,5.31,7.72,1024.72,0.0,0.0,9.0,982.5,IMELBO1849.csv
2023/02/26,12:09 PM,20.44,13.17,63.0,SW,2.57,4.02,1024.72,0.0,0.0,3.0,397.4,IMELBO1849.csv
2023/02/26,12:14 PM,20.83,13.28,62.0,West,4.34,6.92,1024.72,0.0,0.0,2.0,259.8,IMELBO1849.csv
2023/02/26,12:19 PM,20.61,13.17,62.0,WNW,5.95,8.69,1024.72,0.0,0.0,7.0,821.1,IMELBO1849.csv
2023/02/26,12:24 PM,21.0,13.17,61.0,WNW,4.99,7.4,1024.38,0.0,0.0,8.0,893.5,IMELBO1849.csv
2023/02/26,12:29 PM,21.67,13.33,59.0,West,3.86,5.15,1024.38,0.0,0.0,8.0,914.0,IMELBO1849.csv
2023/02/26,12:34 PM,21.61,13.33,59.0,SW,4.34,6.6,1024.72,0.0,0.0,7.0,786.0,IMELBO1849.csv
2023/02/26,12:39 PM,21.22,13.11,60.0,WSW,5.95,8.37,1024.38,0.0,0.0,8.0,832.0,IMELBO1849.csv
2023/02/26,12:44 PM,22.11,13.17,57.0,WSW,4.51,6.76,1024.38,0.0,0.0,7.0,798.1,IMELBO1849.csv
2023/02/26,12:49 PM,22.22,13.17,57.0,West,5.63,8.53,1024.38,0.0,0.0,7.0,797.8,IMELBO1849.csv
2023/02/26,12:54 PM,22.94,13.39,55.0,West,3.7,5.31,1024.38,0.0,0.0,8.0,905.3,IMELBO1849.csv
2023/02/26,12:59 PM,22.61,13.33,56.0,SW,6.11,8.85,1024.38,0.0,0.0,4.0,418.1,IMELBO1849.csv
2023/02/26,01:04 PM,22.0,12.78,56.0,WSW,5.79,8.53,1024.38,0.0,0.0,8.0,850.2,IMELBO1849.csv
2023/02/26,01:09 PM,22.17,12.94,56.0,WSW,4.67,6.92,1024.38,0.0,0.0,7.0,805.1,IMELBO1849.csv
2023/02/26,01:14 PM,22.56,12.94,55.0,West,5.95,8.85,1024.38,0.0,0.0,7.0,783.4,IMELBO1849.csv
2023/02/26,01:19 PM,23.06,12.78,52.0,WSW,6.6,9.49,1024.38,0.0,0.0,7.0,780.8,IMELBO1849.csv
2023/02/26,01:24 PM,23.11,12.83,52.0,WSW,4.83,6.92,1024.38,0.0,0.0,8.0,835.9,IMELBO1849.csv
2023/02/26,01:29 PM,23.78,13.06,51.0,West,3.86,6.28,1024.04,0.0,0.0,8.0,827.2,IMELBO1849.csv
2023/02/26,01:34 PM,23.78,13.11,51.0,SW,6.92,9.65,1024.38,0.0,0.0,7.0,781.7,IMELBO1849.csv
2023/02/26,01:39 PM,24.17,13.11,50.0,SW,5.63,8.69,1024.38,0.0,0.0,7.0,748.7,IMELBO1849.csv
2023/02/26,01:44 PM,23.89,13.06,51.0,WSW,6.92,9.65,1024.38,0.0,0.0,7.0,747.0,IMELBO1849.csv
2023/02/26,01:49 PM,24.22,13.06,50.0,WSW,5.31,8.21,1024.04,0.0,0.0,7.0,748.3,IMELBO1849.csv
2023/02/26,01:54 PM,24.39,13.06,49.0,WSW,5.15,7.24,1024.04,0.0,0.0,7.0,821.6,IMELBO1849.csv
2023/02/26,01:59 PM,24.94,13.28,48.0,WSW,6.44,9.49,1023.71,0.0,0.0,8.0,839.8,IMELBO1849.csv
2023/02/26,02:04 PM,24.61,13.17,49.0,SW,4.99,7.88,1024.04,0.0,0.0,8.0,828.6,IMELBO1849.csv
2023/02/26,02:09 PM,24.39,13.28,50.0,WSW,6.28,9.01,1023.71,0.0,0.0,6.0,706.2,IMELBO1849.csv
2023/02/26,02:14 PM,24.67,13.28,49.0,West,6.6,9.49,1023.71,0.0,0.0,7.0,720.9,IMELBO1849.csv
2023/02/26,02:19 PM,24.72,13.11,48.0,WSW,4.67,6.28,1023.71,0.0,0.0,7.0,743.6,IMELBO1849.csv
2023/02/26,02:24 PM,25.06,13.22,48.0,West,4.83,7.24,1023.71,0.0,0.0,7.0,770.0,IMELBO1849.csv
2023/02/26,02:29 PM,24.94,13.22,48.0,WSW,6.11,9.01,1023.71,0.0,0.0,7.0,751.3,IMELBO1849.csv
2023/02/26,02:34 PM,24.94,12.89,47.0,WSW,6.76,9.49,1023.71,0.0,0.0,7.0,740.5,IMELBO1849.csv
2023/02/26,02:39 PM,25.17,12.78,46.0,WSW,7.08,10.46,1023.71,0.0,0.0,7.0,800.0,IMELBO1849.csv
2023/02/26,02:44 PM,25.33,12.78,46.0,WSW,7.24,10.14,1023.71,0.0,0.0,8.0,844.6,IMELBO1849.csv
2023/02/26,02:49 PM,25.39,13.11,46.0,WSW,7.08,10.62,1023.37,0.0,0.0,8.0,898.3,IMELBO1849.csv
2023/02/26,02:54 PM,25.17,13.06,47.0,West,6.6,9.98,1023.71,0.0,0.0,9.0,933.9,IMELBO1849.csv
2023/02/26,02:59 PM,25.17,13.06,47.0,WNW,8.69,12.71,1023.71,0.0,0.0,9.0,964.7,IMELBO1849.csv
2023/02/26,03:04 PM,25.39,12.94,46.0,West,6.28,9.01,1023.71,0.0,0.0,9.0,980.4,IMELBO1849.csv
2023/02/26,03:09 PM,25.56,12.94,46.0,West,5.63,8.69,1023.37,0.0,0.0,10.0,1031.2,IMELBO1849.csv
2023/02/26,03:14 PM,25.39,13.17,47.0,SW,8.04,10.94,1023.71,0.0,0.0,6.0,639.3,IMELBO1849.csv
2023/02/26,03:19 PM,24.67,12.78,48.0,SW,6.76,9.33,1023.71,0.0,0.0,3.0,343.0,IMELBO1849.csv
2023/02/26,03:24 PM,24.28,13.0,49.0,SW,8.37,11.1,1023.71,0.0,0.0,3.0,408.1,IMELBO1849.csv
2023/02/26,03:29 PM,24.11,13.5,51.0,SW,8.37,12.07,1023.71,0.0,0.0,2.0,269.4,IMELBO1849.csv
2023/02/26,03:34 PM,23.72,13.33,52.0,WSW,9.65,13.03,1023.71,0.0,0.0,1.0,167.0,IMELBO1849.csv
2023/02/26,03:39 PM,23.39,13.44,53.0,SW,6.11,8.85,1023.71,0.0,0.0,2.0,242.5,IMELBO1849.csv
2023/02/26,03:44 PM,23.28,13.44,54.0,WSW,7.4,11.58,1023.71,0.0,0.0,1.0,194.3,IMELBO1849.csv
2023/02/26,03:49 PM,23.22,13.89,56.0,WSW,6.28,9.01,1023.71,0.0,0.0,2.0,293.6,IMELBO1849.csv
2023/02/26,03:54 PM,23.0,13.83,56.0,SW,5.63,7.88,1023.71,0.0,0.0,3.0,316.6,IMELBO1849.csv
2023/02/26,03:59 PM,23.06,13.83,56.0,WSW,6.28,9.49,1023.71,0.0,0.0,9.0,945.7,IMELBO1849.csv
2023/02/26,04:04 PM,23.67,13.78,54.0,WSW,6.76,10.14,1023.71,0.0,0.0,8.0,843.3,IMELBO1849.csv
2023/02/26,04:09 PM,23.39,13.72,54.0,SW,6.28,8.53,1023.71,0.0,0.0,5.0,581.2,IMELBO1849.csv
2023/02/26,04:14 PM,23.17,13.44,54.0,WSW,6.76,10.62,1023.71,0.0,0.0,5.0,534.0,IMELBO1849.csv
2023/02/26,04:19 PM,23.22,13.39,54.0,WSW,5.47,8.04,1023.71,0.0,0.0,2.0,265.8,IMELBO1849.csv
2023/02/26,04:24 PM,23.22,13.44,54.0,WSW,4.34,6.92,1023.71,0.0,0.0,2.0,292.8,IMELBO1849.csv
2023/02/26,04:29 PM,23.22,13.78,55.0,WSW,8.21,12.55,1023.71,0.0,0.0,5.0,602.0,IMELBO1849.csv
2023/02/26,04:34 PM,23.11,14.0,56.0,SW,8.53,11.1,1023.71,0.0,0.0,2.0,251.1,IMELBO1849.csv
2023/02/26,04:39 PM,22.89,14.11,58.0,SW,5.95,8.69,1023.71,0.0,0.0,2.0,205.5,IMELBO1849.csv
2023/02/26,04:44 PM,22.72,14.89,61.0,WSW,8.04,11.75,1024.04,0.0,0.0,1.0,160.9,IMELBO1849.csv
2023/02/26,04:49 PM,21.61,15.83,70.0,SSW,10.78,14.64,1024.04,0.0,0.0,1.0,121.8,IMELBO1849.csv
2023/02/26,04:54 PM,21.0,15.72,72.0,SSW,7.4,10.3,1024.04,0.0,0.0,1.0,189.5,IMELBO1849.csv
2023/02/26,04:59 PM,21.11,15.72,71.0,South,6.92,9.49,1024.04,0.0,0.0,1.0,186.9,IMELBO1849.csv
2023/02/26,05:04 PM,21.11,15.72,71.0,SW,5.15,8.21,1024.04,0.0,0.0,1.0,155.7,IMELBO1849.csv
2023/02/26,05:09 PM,21.06,15.67,71.0,SSW,6.6,9.17,1024.04,0.0,0.0,1.0,168.7,IMELBO1849.csv
2023/02/26,05:14 PM,20.83,15.61,72.0,SSW,6.44,9.17,1024.04,0.0,0.0,1.0,172.1,IMELBO1849.csv
2023/02/26,05:19 PM,20.67,15.56,72.0,SSW,8.53,11.42,1024.04,0.0,0.0,1.0,151.0,IMELBO1849.csv
2023/02/26,05:24 PM,20.67,15.67,73.0,SSE,5.79,8.04,1024.04,0.0,0.0,1.0,135.3,IMELBO1849.csv
2023/02/26,05:29 PM,20.72,15.61,73.0,SSW,6.6,9.17,1024.04,0.0,0.0,1.0,137.0,IMELBO1849.csv
2023/02/26,05:34 PM,20.78,15.78,73.0,SSW,6.11,8.53,1024.38,0.0,0.0,1.0,125.3,IMELBO1849.csv
2023/02/26,05:39 PM,20.5,15.5,73.0,SSW,5.47,7.4,1024.04,0.0,0.0,0.0,96.3,IMELBO1849.csv
2023/02/26,05:44 PM,20.56,15.56,73.0,SSW,7.24,9.65,1024.38,0.0,0.0,0.0,91.0,IMELBO1849.csv
2023/02/26,05:49 PM,20.44,15.44,73.0,South,4.51,5.95,1024.38,0.0,0.0,1.0,100.2,IMELBO1849.csv
2023/02/26,05:54 PM,20.44,15.44,73.0,SSW,4.51,6.6,1024.38,0.0,0.0,1.0,111.0,IMELBO1849.csv
2023/02/26,05:59 PM,20.5,15.44,73.0,SSW,4.51,6.11,1024.38,0.0,0.0,1.0,164.8,IMELBO1849.csv
2023/02/26,06:04 PM,20.61,15.39,72.0,SSW,5.47,7.88,1024.38,0.0,0.0,2.0,204.7,IMELBO1849.csv
2023/02/26,06:09 PM,20.72,15.28,71.0,South,5.15,7.88,1024.38,0.0,0.0,1.0,156.1,IMELBO1849.csv
2023/02/26,06:14 PM,20.67,15.06,70.0,SSE,4.99,6.6,1024.38,0.0,0.0,2.0,291.0,IMELBO1849.csv
2023/02/26,06:19 PM,20.67,14.83,69.0,SW,6.76,9.01,1024.38,0.0,0.0,2.0,209.9,IMELBO1849.csv
2023/02/26,06:24 PM,20.72,14.94,70.0,SSW,5.31,8.37,1024.38,0.0,0.0,2.0,258.5,IMELBO1849.csv
2023/02/26,06:29 PM,20.61,14.78,69.0,SSW,6.11,8.53,1024.38,0.0,0.0,1.0,123.2,IMELBO1849.csv
2023/02/26,06:34 PM,20.67,14.67,69.0,SSW,5.95,8.85,1024.38,0.0,0.0,2.0,204.7,IMELBO1849.csv
2023/02/26,06:39 PM,20.83,14.72,68.0,SSW,5.79,8.37,1024.38,0.0,0.0,1.0,151.8,IMELBO1849.csv
2023/02/26,06:44 PM,20.72,14.61,68.0,SSW,4.51,6.6,1024.38,0.0,0.0,1.0,101.4,IMELBO1849.csv
2023/02/26,06:49 PM,20.61,14.56,68.0,SW,6.28,8.37,1024.72,0.0,0.0,0.0,71.6,IMELBO1849.csv
2023/02/26,06:54 PM,20.33,14.44,69.0,SSW,4.67,6.11,1024.38,0.0,0.0,0.0,36.3,IMELBO1849.csv
2023/02/26,06:59 PM,20.28,14.5,69.0,SSW,4.83,6.44,1024.72,0.0,0.0,0.0,31.2,IMELBO1849.csv
2023/02/26,07:04 PM,20.22,14.94,72.0,South,4.83,6.6,1024.72,0.0,0.0,0.0,21.2,IMELBO1849.csv
2023/02/26,07:09 PM,19.94,14.94,73.0,South,5.47,7.88,1024.72,0.0,0.0,0.0,14.3,IMELBO1849.csv
2023/02/26,07:14 PM,19.67,14.67,73.0,SSE,4.99,6.92,1024.72,0.0,0.0,0.0,9.1,IMELBO1849.csv
2023/02/26,07:19 PM,19.61,14.5,73.0,SSW,4.83,6.92,1024.72,0.0,0.0,0.0,13.3,IMELBO1849.csv
2023/02/26,07:24 PM,19.56,14.33,72.0,South,4.51,7.08,1024.72,0.0,0.0,0.0,13.0,IMELBO1849.csv
2023/02/26,07:29 PM,19.44,14.22,72.0,South,6.6,9.33,1024.72,0.0,0.0,0.0,7.3,IMELBO1849.csv
2023/02/26,07:34 PM,19.39,14.28,72.0,SSE,5.79,8.37,1025.06,0.0,0.0,0.0,6.5,IMELBO1849.csv
2023/02/26,07:39 PM,19.39,14.5,73.0,SSE,5.31,7.88,1025.06,0.0,0.0,0.0,6.0,IMELBO1849.csv
2023/02/26,07:44 PM,19.33,14.67,74.0,SSE,3.86,5.47,1025.06,0.0,0.0,0.0,4.3,IMELBO1849.csv
2023/02/26,07:49 PM,19.22,14.72,75.0,South,4.34,5.79,1025.06,0.0,0.0,0.0,3.8,IMELBO1849.csv
2023/02/26,07:54 PM,19.11,14.83,76.0,South,5.95,8.37,1025.06,0.0,0.0,0.0,3.8,IMELBO1849.csv
2023/02/26,07:59 PM,19.0,14.89,77.0,South,4.83,6.76,1025.06,0.0,0.0,0.0,2.6,IMELBO1849.csv
2023/02/26,08:04 PM,19.0,14.89,77.0,South,6.11,9.17,1025.06,0.0,0.0,0.0,0.4,IMELBO1849.csv
2023/02/26,08:09 PM,18.89,15.06,78.0,South,4.99,7.4,1025.06,0.0,0.0,0.0,0.0,IMELBO1849.csv
2023/02/26,08:14 PM,18.83,15.28,80.0,South,4.18,5.79,1025.4,0.0,0.0,0.0,0.0,IMELBO1849.csv
2023/02/26,08:19 PM,18.61,15.11,80.0,South,4.02,5.95,1025.4,0.0,0.0,0.0,0.0,IMELBO1849.csv
2023/02/26,08:24 PM,18.5,15.17,81.0,SSE,4.99,7.56,1025.4,0.0,0.0,0.0,0.0,IMELBO1849.csv
2023/02/26,08:29 PM,18.5,15.22,81.0,South,3.06,4.51,1025.4,0.0,0.0,0.0,0.0,IMELBO1849.csv
2023/02/26,08:34 PM,18.5,15.0,80.0,SSE,3.22,4.83,1025.4,0.0,0.0,0.0,0.0,IMELBO1849.csv
2023/02/26,08:39 PM,18.56,14.83,79.0,South,4.02,5.63,1025.4,0.0,0.0,0.0,0.0,IMELBO1849.csv
2023/02/26,08:44 PM,18.56,14.28,76.0,SSW,7.08,9.65,1025.4,0.0,0.0,0.0,0.0,IMELBO1849.csv
2023/02/26,08:49 PM,18.72,14.06,74.0,SSW,6.28,8.85,1025.74,0.0,0.0,0.0,0.0,IMELBO1849.csv
2023/02/26,08:54 PM,18.67,13.94,74.0,SW,8.04,10.46,1025.74,0.0,0.0,0.0,0.0,IMELBO1849.csv
2023/02/26,08:59 PM,18.56,14.06,75.0,SSW,7.56,9.65,1025.74,0.0,0.0,0.0,0.0,IMELBO1849.csv
2023/02/26,09:04 PM,18.56,14.06,75.0,SSW,6.11,8.69,1025.74,0.0,0.0,0.0,0.0,IMELBO1849.csv
2023/02/26,09:09 PM,18.56,14.11,75.0,SSW,5.47,7.56,1025.74,0.0,0.0,0.0,0.0,IMELBO1849.csv
2023/02/26,09:14 PM,18.61,14.22,76.0,South,3.22,5.15,1025.74,0.0,0.0,0.0,0.0,IMELBO1849.csv
2023/02/26,09:19 PM,18.61,14.28,76.0,SSW,4.99,7.08,1025.74,0.0,0.0,0.0,0.0,IMELBO1849.csv
2023/02/26,09:24 PM,18.61,14.28,76.0,SSW,4.18,5.79,1025.74,0.0,0.0,0.0,0.0,IMELBO1849.csv
2023/02/26,09:29 PM,18.61,14.39,77.0,South,3.38,4.67,1025.74,0.0,0.0,0.0,0.0,IMELBO1849.csv
2023/02/26,09:34 PM,18.5,14.72,79.0,South,4.34,6.28,1026.08,0.0,0.0,0.0,0.0,IMELBO1849.csv
2023/02/26,09:39 PM,18.22,14.67,80.0,SSW,4.02,5.63,1026.08,0.0,0.0,0.0,0.0,IMELBO1849.csv
2023/02/26,09:44 PM,18.22,14.72,80.0,SSW,4.34,5.79,1026.08,0.0,0.0,0.0,0.0,IMELBO1849.csv
2023/02/26,09:49 PM,18.11,14.61,80.0,SSW,5.31,6.92,1026.08,0.0,0.0,0.0,0.0,IMELBO1849.csv
2023/02/26,09:54 PM,18.11,14.61,80.0,SSW,6.44,8.21,1026.08,0.0,0.0,0.0,0.0,IMELBO1849.csv
2023/02/26,09:59 PM,18.11,14.61,80.0,SW,6.76,9.17,1026.08,0.0,0.0,0.0,0.0,IMELBO1849.csv
2023/02/26,10:04 PM,18.0,14.5,80.0,SW,5.47,7.72,1026.08,0.0,0.0,0.0,0.0,IMELBO1849.csv
2023/02/26,10:09 PM,18.06,14.67,80.0,SW,5.47,7.4,1026.08,0.0,0.0,0.0,0.0,IMELBO1849.csv
2023/02/26,10:14 PM,17.89,14.61,81.0,SW,6.11,8.21,1026.41,0.0,0.0,0.0,0.0,IMELBO1849.csv
2023/02/26,10:19 PM,17.89,14.72,82.0,SW,7.24,9.65,1026.08,0.0,0.0,0.0,0.0,IMELBO1849.csv
2023/02/26,10:24 PM,17.78,14.89,83.0,SW,6.44,8.69,1026.41,0.0,0.0,0.0,0.0,IMELBO1849.csv
2023/02/26,10:29 PM,17.67,14.94,84.0,SW,5.63,7.4,1026.41,0.0,0.0,0.0,0.0,IMELBO1849.csv
2023/02/26,10:34 PM,17.61,14.89,84.0,SW,6.6,8.85,1026.08,0.0,0.0,0.0,0.0,IMELBO1849.csv
2023/02/26,10:39 PM,17.72,15.0,84.0,SW,4.83,6.44,1026.41,0.0,0.0,0.0,0.0,IMELBO1849.csv
2023/02/26,10:44 PM,17.67,15.06,85.0,SW,6.76,8.21,1026.41,0.0,0.0,0.0,0.0,IMELBO1849.csv
2023/02/26,10:49 PM,17.56,14.89,84.0,SW,5.63,7.72,1026.08,0.0,0.0,0.0,0.0,IMELBO1849.csv
2023/02/26,10:54 PM,17.5,14.78,84.0,SW,6.11,7.72,1026.08,0.0,0.0,0.0,0.0,IMELBO1849.csv
2023/02/26,10:59 PM,17.5,14.67,84.0,SSW,7.4,9.65,1026.08,0.0,0.0,0.0,0.0,IMELBO1849.csv
2023/02/26,11:04 PM,17.61,14.72,83.0,SW,4.67,6.44,1026.08,0.0,0.0,0.0,0.0,IMELBO1849.csv
2023/02/26,11:09 PM,17.56,14.67,83.0,SW,7.4,9.65,1026.08,0.0,0.0,0.0,0.0,IMELBO1849.csv
2023/02/26,11:14 PM,17.5,14.61,83.0,SW,6.6,9.17,1026.08,0.0,0.0,0.0,0.0,IMELBO1849.csv
2023/02/26,11:19 PM,17.5,14.56,83.0,SW,4.99,6.76,1026.08,0.0,0.0,0.0,0.0,IMELBO1849.csv
2023/02/26,11:24 PM,17.44,14.39,82.0,SW,8.53,11.42,1026.08,0.0,0.0,0.0,0.0,IMELBO1849.csv
2023/02/26,11:29 PM,17.39,14.44,83.0,SW,7.88,10.62,1026.08,0.0,0.0,0.0,0.0,IMELBO1849.csv
2023/02/26,11:34 PM,17.39,14.5,83.0,SW,5.63,7.56,1026.08,0.0,0.0,0.0,0.0,IMELBO1849.csv
2023/02/26,11:39 PM,17.33,14.44,83.0,SW,6.6,8.53,1026.08,0.0,0.0,0.0,0.0,IMELBO1849.csv
2023/02/26,11:44 PM,17.28,14.39,83.0,SW,5.95,8.21,1026.08,0.0,0.0,0.0,0.0,IMELBO1849.csv
2023/02/26,11:49 PM,17.22,14.28,83.0,SW,6.44,9.17,1026.08,0.0,0.0,0.0,0.0,IMELBO1849.csv
2023/02/26,11:54 PM,17.11,14.22,83.0,SW,5.95,8.37,1026.08,0.0,0.0,0.0,0.0,IMELBO1849.csv
2023/02/26,11:59 PM,17.06,14.17,83.0,SW,5.47,6.76,1026.08,0.0,0.0,0.0,0.0,IMELBO1849.csv
2023/02/27,12:04 AM,16.94,14.06,83.0,SW,4.67,6.92,1026.08,0.0,0.0,0.0,0.0,IMELBO1849.csv
2023/02/27,12:09 AM,16.83,14.17,84.0,WSW,4.83,6.6,1026.08,0.0,0.0,0.0,0.0,IMELBO1849.csv
2023/02/27,12:14 AM,16.78,14.11,84.0,WSW,2.74,3.7,1026.08,0.0,0.0,0.0,0.0,IMELBO1849.csv
2023/02/27,12:19 AM,16.78,14.11,84.0,WSW,2.57,3.7,1026.08,0.0,0.0,0.0,0.0,IMELBO1849.csv
2023/02/27,12:24 AM,16.78,14.11,84.0,WSW,2.74,4.18,1026.08,0.0,0.0,0.0,0.0,IMELBO1849.csv
2023/02/27,12:29 AM,16.78,14.11,84.0,WSW,3.22,4.34,1026.08,0.0,0.0,0.0,0.0,IMELBO1849.csv
2023/02/27,12:34 AM,16.72,14.0,84.0,WSW,2.57,3.7,1026.08,0.0,0.0,0.0,0.0,IMELBO1849.csv
2023/02/27,12:39 AM,16.72,14.0,84.0,WSW,3.06,4.51,1026.08,0.0,0.0,0.0,0.0,IMELBO1849.csv
2023/02/27,12:44 AM,16.67,13.94,84.0,WSW,5.79,8.04,1026.08,0.0,0.0,0.0,0.0,IMELBO1849.csv
2023/02/27,12:49 AM,16.61,13.89,84.0,WSW,3.54,5.15,1026.08,0.0,0.0,0.0,0.0,IMELBO1849.csv
2023/02/27,12:54 AM,16.56,13.83,84.0,WSW,3.22,4.67,1026.08,0.0,0.0,0.0,0.0,IMELBO1849.csv
2023/02/27,12:59 AM,16.44,13.83,84.0,WSW,2.57,3.86,1026.08,0.0,0.0,0.0,0.0,IMELBO1849.csv
2023/02/27,01:04 AM,16.28,13.78,85.0,West,1.29,2.09,1026.08,0.0,0.0,0.0,0.0,IMELBO1849.csv
2023/02/27,01:09 AM,16.28,13.78,85.0,West,1.93,2.9,1026.08,0.0,0.0,0.0,0.0,IMELBO1849.csv
2023/02/27,01:14 AM,16.22,13.89,86.0,West,1.61,2.57,1026.08,0.0,0.0,0.0,0.0,IMELBO1849.csv
2023/02/27,01:19 AM,16.22,13.89,86.0,WSW,2.41,3.7,1026.08,0.0,0.0,0.0,0.0,IMELBO1849.csv
2023/02/27,01:24 AM,16.11,13.83,86.0,West,2.09,3.38,1026.08,0.0,0.0,0.0,0.0,IMELBO1849.csv
2023/02/27,01:29 AM,16.06,13.94,87.0,WSW,1.93,2.74,1026.08,0.0,0.0,0.0,0.0,IMELBO1849.csv
2023/02/27,01:34 AM,16.0,13.89,87.0,WSW,2.57,3.54,1026.08,0.0,0.0,0.0,0.0,IMELBO1849.csv
2023/02/27,01:39 AM,16.0,13.94,88.0,WNW,1.45,2.41,1026.08,0.0,0.0,0.0,0.0,IMELBO1849.csv
2023/02/27,01:44 AM,16.0,14.0,88.0,WSW,1.29,2.25,1026.08,0.0,0.0,0.0,0.0,IMELBO1849.csv
2023/02/27,01:49 AM,15.94,13.94,88.0,WSW,1.93,2.9,1026.08,0.0,0.0,0.0,0.0,IMELBO1849.csv
2023/02/27,01:54 AM,15.89,13.89,88.0,WSW,1.93,2.74,1026.08,0.0,0.0,0.0,0.0,IMELBO1849.csv
2023/02/27,01:59 AM,15.89,13.89,88.0,West,1.29,1.93,1026.08,0.0,0.0,0.0,0.0,IMELBO1849.csv
2023/02/27,02:04 AM,15.89,13.89,88.0,West,1.93,2.9,1026.08,0.0,0.0,0.0,0.0,IMELBO1849.csv
2023/02/27,02:09 AM,15.89,13.89,88.0,WNW,1.45,2.25,1026.08,0.0,0.0,0.0,0.0,IMELBO1849.csv
2023/02/27,02:14 AM,15.89,13.89,88.0,WNW,1.29,2.25,1025.74,0.0,0.0,0.0,0.0,IMELBO1849.csv
2023/02/27,02:19 AM,15.89,13.89,88.0,West,1.77,2.57,1025.74,0.0,0.0,0.0,0.0,IMELBO1849.csv
2023/02/27,02:24 AM,15.89,13.89,88.0,WNW,2.25,3.86,1025.74,0.0,0.0,0.0,0.0,IMELBO1849.csv
2023/02/27,02:29 AM,15.89,13.89,88.0,West,2.09,3.06,1025.74,0.0,0.0,0.0,0.0,IMELBO1849.csv
2023/02/27,02:34 AM,15.89,13.94,88.0,West,1.77,2.74,1026.08,0.0,0.0,0.0,0.0,IMELBO1849.csv
2023/02/27,02:39 AM,15.89,14.11,89.0,WNW,2.09,3.7,1025.74,0.0,0.0,0.0,0.0,IMELBO1849.csv
2023/02/27,02:44 AM,15.94,14.17,89.0,WSW,1.77,2.9,1025.74,0.0,0.0,0.0,0.0,IMELBO1849.csv
2023/02/27,02:49 AM,16.11,14.28,89.0,West,3.86,5.47,1025.74,0.0,0.0,0.0,0.0,IMELBO1849.csv
2023/02/27,02:54 AM,16.0,14.33,90.0,WSW,4.67,6.92,1025.74,0.0,0.0,0.0,0.0,IMELBO1849.csv
2023/02/27,02:59 AM,16.0,14.39,90.0,WSW,5.15,7.24,1026.08,0.0,0.0,0.0,0.0,IMELBO1849.csv
2023/02/27,03:04 AM,16.11,14.5,90.0,WSW,5.79,7.72,1026.08,0.0,0.0,0.0,0.0,IMELBO1849.csv
2023/02/27,03:09 AM,16.11,14.5,90.0,WSW,5.79,8.53,1026.08,0.0,0.0,0.0,0.0,IMELBO1849.csv
2023/02/27,03:14 AM,16.0,14.56,91.0,WSW,4.83,6.44,1026.08,0.0,0.0,0.0,0.0,IMELBO1849.csv
2023/02/27,03:19 AM,16.0,14.61,91.0,WSW,4.51,5.95,1026.08,0.0,0.0,0.0,0.0,IMELBO1849.csv
2023/02/27,03:24 AM,15.89,14.61,92.0,WSW,4.51,6.28,1026.08,0.0,0.0,0.0,0.0,IMELBO1849.csv
2023/02/27,03:29 AM,15.89,14.61,92.0,WSW,4.67,6.6,1026.08,0.0,0.0,0.0,0.0,IMELBO1849.csv
2023/02/27,03:34 AM,15.83,14.61,93.0,WSW,5.31,7.4,1026.08,0.0,0.0,0.0,0.0,IMELBO1849.csv
2023/02/27,03:39 AM,15.78,14.61,93.0,WSW,4.83,6.28,1026.08,0.0,0.0,0.0,0.0,IMELBO1849.csv
2023/02/27,03:44 AM,15.78,14.61,93.0,WSW,4.51,6.44,1026.08,0.0,0.0,0.0,0.0,IMELBO1849.csv
2023/02/27,03:49 AM,15.72,14.5,93.0,WSW,3.22,4.83,1026.08,0.0,0.0,0.0,0.0,IMELBO1849.csv
2023/02/27,03:54 AM,15.72,14.61,94.0,SW,3.86,5.47,1026.08,0.0,0.0,0.0,0.0,IMELBO1849.csv
2023/02/27,03:59 AM,15.72,14.72,94.0,WSW,3.38,4.67,1026.08,0.0,0.0,0.0,0.0,IMELBO1849.csv
2023/02/27,04:04 AM,15.72,14.72,94.0,SW,3.7,5.15,1026.08,0.0,0.0,0.0,0.0,IMELBO1849.csv
2023/02/27,04:09 AM,15.72,14.72,94.0,WSW,3.54,4.83,1026.08,0.0,0.0,0.0,0.0,IMELBO1849.csv
2023/02/27,04:14 AM,15.78,14.78,94.0,SW,3.7,4.83,1026.08,0.0,0.0,0.0,0.0,IMELBO1849.csv
2023/02/27,04:19 AM,15.78,14.78,94.0,SW,4.18,5.79,1026.08,0.0,0.0,0.0,0.0,IMELBO1849.csv
2023/02/27,04:24 AM,15.78,14.78,94.0,SW,3.86,4.83,1026.08,0.0,0.0,0.0,0.0,IMELBO1849.csv
2023/02/27,04:29 AM,15.89,14.89,94.0,SW,3.22,4.51,1025.74,0.0,0.0,0.0,0.0,IMELBO1849.csv
2023/02/27,04:34 AM,15.89,14.89,94.0,SW,4.34,5.63,1026.08,0.0,0.0,0.0,0.0,IMELBO1849.csv
2023/02/27,04:39 AM,15.89,14.89,94.0,SW,3.54,4.67,1026.08,0.0,0.0,0.0,0.0,IMELBO1849.csv
2023/02/27,04:44 AM,15.89,14.89,94.0,SW,4.51,5.95,1025.74,0.0,0.0,0.0,0.0,IMELBO1849.csv
2023/02/27,04:49 AM,15.89,14.89,94.0,SW,2.74,3.54,1026.08,0.0,0.0,0.0,0.0,IMELBO1849.csv
2023/02/27,04:54 AM,15.89,14.89,94.0,SW,5.63,7.08,1026.08,0.0,0.0,0.0,0.0,IMELBO1849.csv
2023/02/27,04:59 AM,15.83,14.83,94.0,SW,4.67,6.6,1026.08,0.0,0.0,0.0,0.0,IMELBO1849.csv
2023/02/27,05:04 AM,15.89,14.89,94.0,SW,4.51,6.28,1026.08,0.0,0.0,0.0,0.0,IMELBO1849.csv
2023/02/27,05:09 AM,15.78,14.78,94.0,SW,3.7,4.99,1026.08,0.0,0.0,0.0,0.0,IMELBO1849.csv
2023/02/27,05:14 AM,15.78,14.78,94.0,SW,3.38,4.67,1026.08,0.0,0.0,0.0,0.0,IMELBO1849.csv
2023/02/27,05:19 AM,15.83,14.83,94.0,SW,4.51,5.79,1026.08,0.0,0.0,0.0,0.0,IMELBO1849.csv
2023/02/27,05:24 AM,15.78,14.78,94.0,SW,4.83,5.95,1026.08,0.0,0.0,0.0,0.0,IMELBO1849.csv
2023/02/27,05:29 AM,15.78,14.78,94.0,WSW,4.18,5.63,1026.08,0.0,0.0,0.0,0.0,IMELBO1849.csv
2023/02/27,05:34 AM,15.78,14.78,94.0,SW,4.83,6.6,1026.08,0.0,0.0,0.0,0.0,IMELBO1849.csv
2023/02/27,05:39 AM,15.78,14.78,94.0,SW,4.18,5.95,1026.41,0.0,0.0,0.0,0.0,IMELBO1849.csv
2023/02/27,05:44 AM,15.78,14.78,94.0,SW,4.34,5.63,1026.08,0.0,0.0,0.0,0.0,IMELBO1849.csv
2023/02/27,05:49 AM,15.78,14.78,94.0,WSW,5.31,7.24,1026.08,0.0,0.0,0.0,0.0,IMELBO1849.csv
2023/02/27,05:54 AM,15.78,14.78,94.0,SSW,6.11,7.88,1026.08,0.0,0.0,0.0,0.0,IMELBO1849.csv
2023/02/27,05:59 AM,15.72,14.72,94.0,SW,4.67,6.28,1026.08,0.0,0.0,0.0,0.0,IMELBO1849.csv
2023/02/27,06:04 AM,15.72,14.72,94.0,SW,6.28,8.04,1026.41,0.0,0.0,0.0,0.0,IMELBO1849.csv
2023/02/27,06:09 AM,15.72,14.56,93.0,SW,5.79,7.72,1026.75,0.0,0.0,0.0,0.0,IMELBO1849.csv
2023/02/27,06:14 AM,15.72,14.5,93.0,SW,5.15,6.92,1026.75,0.0,0.0,0.0,0.0,IMELBO1849.csv
2023/02/27,06:19 AM,15.72,14.5,93.0,WSW,5.31,6.92,1026.41,0.0,0.0,0.0,0.0,IMELBO1849.csv
2023/02/27,06:24 AM,15.72,14.56,93.0,WSW,3.86,4.99,1026.41,0.0,0.0,0.0,0.0,IMELBO1849.csv
2023/02/27,06:29 AM,15.72,14.39,92.0,WSW,5.95,7.72,1026.41,0.0,0.0,0.0,0.0,IMELBO1849.csv
2023/02/27,06:34 AM,15.72,14.39,92.0,SW,4.51,5.79,1026.75,0.0,0.0,0.0,0.0,IMELBO1849.csv
2023/02/27,06:39 AM,15.72,14.44,92.0,SW,3.7,4.99,1026.75,0.0,0.0,0.0,0.0,IMELBO1849.csv
2023/02/27,06:44 AM,15.78,14.5,92.0,SW,2.74,3.38,1026.75,0.0,0.0,0.0,0.0,IMELBO1849.csv
2023/02/27,06:49 AM,15.78,14.5,92.0,SW,4.34,5.79,1026.75,0.0,0.0,0.0,0.0,IMELBO1849.csv
2023/02/27,06:54 AM,15.78,14.61,93.0,SW,3.86,5.15,1026.75,0.0,0.0,0.0,0.0,IMELBO1849.csv
2023/02/27,06:59 AM,15.72,14.56,93.0,SW,4.67,6.28,1026.75,0.0,0.0,0.0,0.0,IMELBO1849.csv
2023/02/27,07:04 AM,15.72,14.5,93.0,SW,4.18,5.47,1026.75,0.0,0.0,0.0,1.7,IMELBO1849.csv
2023/02/27,07:09 AM,15.72,14.5,93.0,SW,4.02,5.79,1027.09,0.0,0.0,0.0,3.4,IMELBO1849.csv
2023/02/27,07:14 AM,15.61,14.39,93.0,WSW,4.67,6.28,1027.09,0.0,0.0,0.0,4.3,IMELBO1849.csv
2023/02/27,07:19 AM,15.61,14.39,93.0,SW,4.02,5.63,1027.09,0.0,0.0,0.0,7.7,IMELBO1849.csv
2023/02/27,07:24 AM,15.61,14.39,93.0,SW,4.34,5.47,1027.09,0.0,0.0,0.0,10.8,IMELBO1849.csv
2023/02/27,07:29 AM,15.61,14.39,93.0,SW,4.67,5.95,1027.09,0.0,0.0,0.0,15.5,IMELBO1849.csv
2023/02/27,07:34 AM,15.61,14.39,93.0,SW,3.54,4.83,1027.09,0.0,0.0,0.0,16.4,IMELBO1849.csv
2023/02/27,07:39 AM,15.61,14.39,93.0,SW,4.67,6.44,1027.09,0.0,0.0,0.0,22.5,IMELBO1849.csv
2023/02/27,07:44 AM,15.61,14.39,93.0,SW,4.99,6.92,1027.09,0.0,0.0,0.0,30.3,IMELBO1849.csv
2023/02/27,07:49 AM,15.61,14.39,93.0,SW,4.51,5.95,1027.43,0.0,0.0,0.0,35.5,IMELBO1849.csv
2023/02/27,07:54 AM,15.67,14.39,93.0,SW,5.47,7.08,1027.43,0.0,0.0,0.0,44.7,IMELBO1849.csv
2023/02/27,07:59 AM,15.72,14.39,92.0,SW,5.31,6.92,1027.43,0.0,0.0,0.0,47.2,IMELBO1849.csv
2023/02/27,08:04 AM,15.72,14.44,92.0,SW,5.47,6.92,1027.43,0.0,0.0,0.0,56.3,IMELBO1849.csv
2023/02/27,08:09 AM,15.78,14.5,92.0,SW,5.95,7.72,1027.43,0.0,0.0,0.0,62.0,IMELBO1849.csv
2023/02/27,08:14 AM,15.94,14.61,91.0,SW,4.02,5.47,1027.43,0.0,0.0,0.0,72.8,IMELBO1849.csv
2023/02/27,08:19 AM,16.0,14.61,91.0,SW,7.08,9.65,1027.77,0.0,0.0,0.0,75.8,IMELBO1849.csv
2023/02/27,08:24 AM,16.11,14.5,90.0,SW,7.24,9.65,1027.43,0.0,0.0,0.0,77.6,IMELBO1849.csv
2023/02/27,08:29 AM,16.17,14.39,89.0,SSW,7.56,9.98,1027.77,0.0,0.0,0.0,81.1,IMELBO1849.csv
2023/02/27,08:34 AM,16.28,14.39,89.0,SW,7.08,9.49,1027.77,0.0,0.0,0.0,80.6,IMELBO1849.csv
2023/02/27,08:39 AM,16.22,14.17,87.0,SW,7.24,9.65,1027.77,0.0,0.0,0.0,82.8,IMELBO1849.csv
2023/02/27,08:44 AM,16.33,14.17,87.0,SW,5.79,7.56,1027.77,0.0,0.0,0.0,86.7,IMELBO1849.csv
2023/02/27,08:49 AM,16.39,14.0,86.0,SW,5.79,7.56,1027.77,0.0,0.0,0.0,85.9,IMELBO1849.csv
2023/02/27,08:54 AM,16.5,13.89,84.0,SW,4.18,5.79,1028.11,0.0,0.0,0.0,82.0,IMELBO1849.csv
2023/02/27,08:59 AM,16.67,13.83,83.0,SSW,4.83,6.44,1027.77,0.0,0.0,0.0,78.1,IMELBO1849.csv
2023/02/27,09:04 AM,16.78,14.0,84.0,SW,5.63,7.56,1027.77,0.0,0.0,0.0,98.0,IMELBO1849.csv
2023/02/27,09:09 AM,16.94,14.22,84.0,SW,7.24,9.33,1027.77,0.0,0.0,1.0,113.2,IMELBO1849.csv
2023/02/27,09:14 AM,17.06,14.33,84.0,SSW,5.47,6.92,1027.77,0.0,0.0,1.0,136.2,IMELBO1849.csv
2023/02/27,09:19 AM,17.11,14.06,82.0,SSW,7.56,10.78,1027.77,0.0,0.0,1.0,172.6,IMELBO1849.csv
2023/02/27,09:24 AM,17.28,13.72,80.0,SW,7.56,10.3,1028.11,0.0,0.0,2.0,266.3,IMELBO1849.csv
2023/02/27,09:29 AM,17.72,13.72,77.0,SSW,7.88,10.46,1027.77,0.0,0.0,4.0,450.7,IMELBO1849.csv
2023/02/27,09:34 AM,17.89,13.78,77.0,SW,12.23,16.89,1027.77,0.0,0.0,4.0,464.5,IMELBO1849.csv
2023/02/27,09:39 AM,17.5,13.67,78.0,SSW,10.14,13.84,1027.77,0.0,0.0,1.0,188.6,IMELBO1849.csv
2023/02/27,09:44 AM,17.56,13.72,78.0,SW,7.72,10.46,1028.11,0.0,0.0,2.0,269.8,IMELBO1849.csv
2023/02/27,09:49 AM,17.72,14.0,79.0,SW,8.21,11.26,1028.11,0.0,0.0,2.0,225.5,IMELBO1849.csv
2023/02/27,09:54 AM,17.72,13.78,78.0,SW,9.81,12.71,1028.11,0.0,0.0,1.0,195.1,IMELBO1849.csv
2023/02/27,09:59 AM,17.56,13.5,77.0,SW,12.39,16.57,1028.11,0.0,0.0,1.0,181.7,IMELBO1849.csv
2023/02/27,10:04 AM,17.5,13.28,77.0,SW,8.85,11.58,1028.45,0.0,0.0,2.0,206.4,IMELBO1849.csv
2023/02/27,10:09 AM,17.67,13.33,76.0,SW,10.3,13.52,1028.11,0.0,0.0,2.0,217.3,IMELBO1849.csv
2023/02/27,10:14 AM,17.78,13.28,75.0,SW,8.37,11.42,1028.45,0.0,0.0,1.0,167.9,IMELBO1849.csv
2023/02/27,10:19 AM,17.72,13.22,75.0,SW,8.53,11.42,1028.45,0.0,0.0,2.0,214.2,IMELBO1849.csv
2023/02/27,10:24 AM,17.89,13.28,75.0,SW,7.56,9.98,1028.11,0.0,0.0,2.0,219.8,IMELBO1849.csv
2023/02/27,10:29 AM,18.11,13.28,73.0,SW,9.49,12.55,1028.45,0.0,0.0,1.0,200.8,IMELBO1849.csv
2023/02/27,10:34 AM,18.11,13.28,74.0,SSW,7.72,10.14,1028.45,0.0,0.0,1.0,158.7,IMELBO1849.csv
2023/02/27,10:39 AM,18.22,13.33,73.0,SSW,7.56,10.46,1028.45,0.0,0.0,1.0,129.7,IMELBO1849.csv
2023/02/27,10:44 AM,18.11,13.39,74.0,SW,7.56,10.3,1028.45,0.0,0.0,1.0,125.3,IMELBO1849.csv
2023/02/27,10:49 AM,18.0,13.28,74.0,SW,6.92,9.17,1028.45,0.0,0.0,1.0,145.2,IMELBO1849.csv
2023/02/27,10:54 AM,18.0,13.56,75.0,SW,8.69,12.71,1028.78,0.0,0.0,1.0,102.8,IMELBO1849.csv
2023/02/27,10:59 AM,17.61,13.78,78.0,SSW,8.04,11.75,1028.78,0.0,0.0,1.0,147.4,IMELBO1849.csv
2023/02/27,11:04 AM,17.22,13.72,80.0,SW,9.81,13.19,1028.78,0.0,0.0,2.0,232.9,IMELBO1849.csv
2023/02/27,11:09 AM,17.22,13.56,79.0,SW,8.85,12.07,1028.78,0.0,0.0,2.0,290.2,IMELBO1849.csv
2023/02/27,11:14 AM,17.61,13.67,78.0,SW,8.53,10.94,1028.45,0.0,0.0,3.0,357.3,IMELBO1849.csv
2023/02/27,11:19 AM,18.0,13.78,77.0,SSW,3.06,5.15,1028.78,0.0,0.0,2.0,296.7,IMELBO1849.csv
2023/02/27,11:24 AM,18.33,14.0,76.0,SSW,4.83,6.44,1028.78,0.0,0.0,2.0,220.7,IMELBO1849.csv
2023/02/27,11:29 AM,18.44,14.11,76.0,SSW,4.83,6.92,1028.78,0.0,0.0,3.0,311.0,IMELBO1849.csv
2023/02/27,11:34 AM,18.56,14.0,75.0,SSW,5.95,7.88,1028.45,0.0,0.0,5.0,573.0,IMELBO1849.csv
2023/02/27,11:39 AM,18.72,14.06,74.0,SSW,6.44,9.33,1028.45,0.0,0.0,5.0,524.0,IMELBO1849.csv
2023/02/27,11:44 AM,19.11,14.28,73.0,South,5.47,7.4,1028.78,0.0,0.0,3.0,360.0,IMELBO1849.csv
2023/02/27,11:49 AM,18.94,13.89,73.0,SW,7.4,10.46,1028.78,0.0,0.0,1.0,201.2,IMELBO1849.csv
2023/02/27,11:54 AM,18.61,13.83,74.0,SW,5.79,7.56,1028.78,0.0,0.0,1.0,169.6,IMELBO1849.csv
2023/02/27,11:59 AM,18.61,13.89,74.0,South,5.95,8.04,1028.78,0.0,0.0,1.0,175.7,IMELBO1849.csv
2023/02/27,12:04 PM,18.67,13.94,74.0,SSW,4.34,6.11,1028.78,0.0,0.0,1.0,170.1,IMELBO1849.csv
2023/02/27,12:09 PM,18.56,13.94,74.0,SSW,5.79,7.4,1028.78,0.0,0.0,1.0,114.5,IMELBO1849.csv
2023/02/27,12:14 PM,18.33,13.78,75.0,SSW,8.53,11.91,1028.78,0.0,0.0,1.0,113.2,IMELBO1849.csv
2023/02/27,12:19 PM,18.28,13.78,75.0,SSW,5.95,8.04,1028.78,0.0,0.0,1.0,111.0,IMELBO1849.csv
2023/02/27,12:24 PM,18.28,13.83,75.0,SSW,6.44,9.65,1028.45,0.0,0.0,1.0,151.8,IMELBO1849.csv
2023/02/27,12:29 PM,18.28,13.94,76.0,SSW,7.24,9.98,1028.78,0.0,0.0,1.0,184.7,IMELBO1849.csv
2023/02/27,12:34 PM,18.39,13.89,75.0,South,6.11,8.53,1028.45,0.0,0.0,1.0,198.7,IMELBO1849.csv
2023/02/27,12:39 PM,18.56,13.94,74.0,SW,7.08,9.65,1028.45,0.0,0.0,2.0,215.9,IMELBO1849.csv
2023/02/27,12:44 PM,18.39,13.83,75.0,SW,8.69,11.1,1028.45,0.0,0.0,2.0,288.8,IMELBO1849.csv
2023/02/27,12:49 PM,18.56,13.89,75.0,SSW,7.88,11.1,1028.45,0.0,0.0,2.0,286.3,IMELBO1849.csv
2023/02/27,12:54 PM,18.67,14.0,74.0,WSW,5.95,8.85,1028.45,0.0,0.0,2.0,268.0,IMELBO1849.csv
2023/02/27,12:59 PM,18.72,13.94,74.0,SW,6.92,9.33,1028.11,0.0,0.0,2.0,266.3,IMELBO1849.csv
2023/02/27,01:04 PM,18.94,14.0,73.0,SW,4.67,6.6,1028.11,0.0,0.0,2.0,248.9,IMELBO1849.csv
2023/02/27,01:09 PM,19.28,14.0,72.0,SW,2.74,4.02,1028.45,0.0,0.0,2.0,220.3,IMELBO1849.csv
2023/02/27,01:14 PM,19.11,13.72,71.0,SW,5.63,7.4,1028.11,0.0,0.0,1.0,151.0,IMELBO1849.csv
2023/02/27,01:19 PM,18.94,13.5,71.0,SW,7.88,9.98,1028.11,0.0,0.0,1.0,156.6,IMELBO1849.csv
2023/02/27,01:24 PM,18.94,13.5,71.0,SW,6.28,9.01,1028.11,0.0,0.0,1.0,167.9,IMELBO1849.csv
2023/02/27,01:29 PM,18.83,13.44,71.0,SW,7.72,10.3,1028.11,0.0,0.0,1.0,165.3,IMELBO1849.csv
2023/02/27,01:34 PM,19.0,13.56,71.0,SW,4.83,6.28,1028.11,0.0,0.0,1.0,125.3,IMELBO1849.csv
2023/02/27,01:39 PM,19.0,13.39,70.0,South,6.6,9.49,1028.45,0.0,0.0,1.0,127.1,IMELBO1849.csv
2023/02/27,01:44 PM,19.06,13.44,70.0,SSW,5.47,7.24,1028.45,0.0,0.0,1.0,164.3,IMELBO1849.csv
2023/02/27,01:49 PM,19.22,13.5,69.0,SSW,6.92,9.98,1028.11,0.0,0.0,2.0,219.0,IMELBO1849.csv
2023/02/27,01:54 PM,19.11,13.44,70.0,SW,7.88,9.98,1028.11,0.0,0.0,2.0,251.5,IMELBO1849.csv
2023/02/27,01:59 PM,19.39,13.44,69.0,South,8.53,11.1,1028.11,0.0,0.0,2.0,238.6,IMELBO1849.csv
2023/02/27,02:04 PM,19.33,13.33,69.0,SW,10.14,13.03,1028.11,0.0,0.0,2.0,215.6,IMELBO1849.csv
2023/02/27,02:09 PM,19.33,13.44,69.0,SSW,7.4,10.62,1028.11,0.0,0.0,2.0,223.8,IMELBO1849.csv
2023/02/27,02:14 PM,19.39,13.67,69.0,SSW,7.72,11.42,1028.11,0.0,0.0,3.0,366.0,IMELBO1849.csv
2023/02/27,02:19 PM,19.67,13.89,69.0,South,8.37,11.58,1028.11,0.0,0.0,3.0,406.0,IMELBO1849.csv
2023/02/27,02:24 PM,19.78,13.89,69.0,SSE,7.08,10.3,1028.11,0.0,0.0,3.0,391.2,IMELBO1849.csv
2023/02/27,02:29 PM,19.89,13.78,68.0,South,6.6,10.94,1028.11,0.0,0.0,3.0,317.5,IMELBO1849.csv
2023/02/27,02:34 PM,19.78,13.61,68.0,SSW,7.4,10.78,1028.11,0.0,0.0,2.0,270.2,IMELBO1849.csv
2023/02/27,02:39 PM,19.61,13.39,68.0,SW,9.81,12.87,1028.11,0.0,0.0,2.0,209.9,IMELBO1849.csv
2023/02/27,02:44 PM,19.67,13.39,67.0,SW,6.44,8.69,1028.11,0.0,0.0,1.0,189.1,IMELBO1849.csv
2023/02/27,02:49 PM,19.72,13.33,67.0,SSW,5.95,8.21,1028.11,0.0,0.0,2.0,203.8,IMELBO1849.csv
2023/02/27,02:54 PM,19.94,13.39,66.0,SW,6.44,8.69,1028.11,0.0,0.0,2.0,236.4,IMELBO1849.csv
2023/02/27,02:59 PM,19.89,13.39,66.0,SSW,6.11,8.53,1028.11,0.0,0.0,2.0,245.9,IMELBO1849.csv
2023/02/27,03:04 PM,20.11,13.56,66.0,SW,9.01,11.26,1028.11,0.0,0.0,2.0,219.5,IMELBO1849.csv
2023/02/27,03:09 PM,19.67,13.39,67.0,SSW,9.01,11.91,1028.11,0.0,0.0,1.0,144.9,IMELBO1849.csv
2023/02/27,03:14 PM,19.44,13.44,68.0,SSW,9.01,12.07,1028.11,0.0,0.0,1.0,137.5,IMELBO1849.csv
2023/02/27,03:19 PM,19.22,13.44,69.0,SW,9.01,12.07,1027.77,0.0,0.0,2.0,203.8,IMELBO1849.csv
2023/02/27,03:24 PM,19.44,13.67,69.0,SW,7.24,10.14,1027.77,0.0,0.0,2.0,204.7,IMELBO1849.csv
2023/02/27,03:29 PM,19.22,13.78,71.0,SW,9.33,12.71,1027.77,0.0,0.0,1.0,163.9,IMELBO1849.csv
2023/02/27,03:34 PM,19.0,13.61,71.0,SW,9.65,12.71,1027.77,0.0,0.0,1.0,160.0,IMELBO1849.csv
2023/02/27,03:39 PM,19.0,13.61,71.0,SW,6.76,9.49,1027.77,0.0,0.0,1.0,144.4,IMELBO1849.csv
2023/02/27,03:44 PM,19.06,13.67,71.0,SW,8.53,11.1,1027.77,0.0,0.0,1.0,135.3,IMELBO1849.csv
2023/02/27,03:49 PM,19.0,13.67,71.0,SW,7.08,9.49,1027.77,0.0,0.0,1.0,142.6,IMELBO1849.csv
2023/02/27,03:54 PM,18.94,13.61,71.0,SW,8.69,11.91,1027.77,0.0,0.0,1.0,125.8,IMELBO1849.csv
2023/02/27,03:59 PM,19.0,13.61,71.0,SW,8.21,11.42,1027.77,0.0,0.0,1.0,167.9,IMELBO1849.csv
2023/02/27,04:04 PM,19.0,13.61,71.0,SW,9.81,12.39,1027.77,0.0,0.0,1.0,172.6,IMELBO1849.csv
2023/02/27,04:09 PM,19.11,13.72,71.0,SW,7.4,10.46,1027.77,0.0,0.0,1.0,188.3,IMELBO1849.csv
2023/02/27,04:14 PM,19.17,13.78,71.0,SSW,7.24,9.65,1027.77,0.0,0.0,1.0,166.1,IMELBO1849.csv
2023/02/27,04:19 PM,19.17,13.78,71.0,SW,8.85,11.42,1027.77,0.0,0.0,1.0,133.9,IMELBO1849.csv
2023/02/27,04:24 PM,19.0,13.67,71.0,SW,9.01,12.07,1027.43,0.0,0.0,1.0,134.4,IMELBO1849.csv
2023/02/27,04:29 PM,19.0,13.44,70.0,SW,9.81,13.19,1027.43,0.0,0.0,1.0,135.3,IMELBO1849.csv
2023/02/27,04:34 PM,19.06,13.22,69.0,SW,10.78,14.16,1027.43,0.0,0.0,1.0,107.5,IMELBO1849.csv
2023/02/27,04:39 PM,19.0,13.17,69.0,SW,6.76,9.17,1027.43,0.0,0.0,0.0,85.0,IMELBO1849.csv
2023/02/27,04:44 PM,19.11,13.11,68.0,SW,7.88,10.46,1027.43,0.0,0.0,0.0,80.6,IMELBO1849.csv
2023/02/27,04:49 PM,19.17,13.33,69.0,SW,6.76,9.65,1027.43,0.0,0.0,0.0,91.0,IMELBO1849.csv
2023/02/27,04:54 PM,19.06,13.33,70.0,SW,9.01,11.91,1027.43,0.0,0.0,0.0,91.0,IMELBO1849.csv
2023/02/27,04:59 PM,19.0,13.5,71.0,South,6.92,9.65,1027.43,0.0,0.0,1.0,103.1,IMELBO1849.csv
2023/02/27,05:04 PM,19.06,13.61,71.0,SSW,7.4,10.94,1027.09,0.0,0.0,1.0,108.9,IMELBO1849.csv
2023/02/27,05:09 PM,19.0,13.61,71.0,SSW,8.04,10.94,1027.43,0.0,0.0,1.0,107.0,IMELBO1849.csv
2023/02/27,05:14 PM,18.94,13.72,72.0,SSW,6.6,9.81,1027.77,0.0,0.0,0.0,92.7,IMELBO1849.csv
2023/02/27,05:19 PM,18.89,13.72,72.0,South,6.6,10.62,1027.77,0.0,0.0,0.0,98.0,IMELBO1849.csv
2023/02/27,05:24 PM,18.78,13.44,71.0,South,8.85,12.71,1027.77,0.0,0.0,1.0,117.1,IMELBO1849.csv
2023/02/27,05:29 PM,18.72,13.28,71.0,South,8.37,12.39,1027.77,0.0,0.0,1.0,130.9,IMELBO1849.csv
2023/02/27,05:34 PM,18.78,13.39,71.0,South,7.08,9.98,1027.77,0.0,0.0,1.0,144.0,IMELBO1849.csv
2023/02/27,05:39 PM,18.94,13.56,71.0,SSW,6.6,9.33,1027.43,0.0,0.0,1.0,162.6,IMELBO1849.csv
2023/02/27,05:44 PM,18.83,13.44,71.0,SW,10.14,13.84,1027.43,0.0,0.0,1.0,165.3,IMELBO1849.csv
2023/02/27,05:49 PM,18.83,13.61,72.0,SSW,8.21,11.75,1027.43,0.0,0.0,1.0,149.1,IMELBO1849.csv
2023/02/27,05:54 PM,18.78,13.39,71.0,SSW,7.72,10.78,1027.43,0.0,0.0,1.0,132.2,IMELBO1849.csv
2023/02/27,05:59 PM,18.78,13.61,72.0,SSW,5.31,8.04,1027.43,0.0,0.0,1.0,114.5,IMELBO1849.csv
2023/02/27,06:04 PM,18.89,13.72,72.0,SSW,5.63,8.37,1027.43,0.0,0.0,1.0,111.8,IMELBO1849.csv
2023/02/27,06:09 PM,18.94,13.78,72.0,SSW,5.15,7.72,1027.43,0.0,0.0,1.0,100.6,IMELBO1849.csv
2023/02/27,06:14 PM,18.72,13.89,73.0,SSW,6.11,8.85,1027.43,0.0,0.0,0.0,78.1,IMELBO1849.csv
2023/02/27,06:19 PM,18.56,13.83,74.0,SSW,7.08,9.81,1027.43,0.0,0.0,0.0,95.8,IMELBO1849.csv
2023/02/27,06:24 PM,18.5,13.72,74.0,SW,6.76,9.49,1027.43,0.0,0.0,1.0,102.3,IMELBO1849.csv
2023/02/27,06:29 PM,18.44,13.61,73.0,SW,9.81,12.87,1027.09,0.0,0.0,1.0,107.5,IMELBO1849.csv
2023/02/27,06:34 PM,18.33,13.5,73.0,SE,7.88,11.42,1027.43,0.0,0.0,0.0,98.4,IMELBO1849.csv
2023/02/27,06:39 PM,18.28,13.44,73.0,SW,8.69,12.23,1027.09,0.0,0.0,0.0,83.7,IMELBO1849.csv
2023/02/27,06:44 PM,18.22,13.5,74.0,SSW,10.14,12.87,1027.43,0.0,0.0,0.0,65.9,IMELBO1849.csv
2023/02/27,06:49 PM,18.22,13.56,74.0,SSW,8.04,11.1,1027.43,0.0,0.0,0.0,56.8,IMELBO1849.csv
2023/02/27,06:54 PM,18.11,13.61,75.0,SSW,8.04,10.62,1027.43,0.0,0.0,0.0,55.4,IMELBO1849.csv
2023/02/27,06:59 PM,18.0,13.5,75.0,SSW,9.01,12.07,1027.43,0.0,0.0,0.0,63.2,IMELBO1849.csv
2023/02/27,07:04 PM,18.0,13.39,75.0,SSW,7.56,10.46,1027.43,0.0,0.0,0.0,62.4,IMELBO1849.csv
2023/02/27,07:09 PM,17.89,13.22,74.0,SW,9.65,14.16,1027.43,0.0,0.0,0.0,50.3,IMELBO1849.csv
2023/02/27,07:14 PM,17.78,13.28,75.0,SSW,9.01,12.23,1027.43,0.0,0.0,0.0,40.7,IMELBO1849.csv
2023/02/27,07:19 PM,17.78,13.28,75.0,SSW,8.53,12.07,1027.43,0.0,0.0,0.0,37.2,IMELBO1849.csv
2023/02/27,07:24 PM,17.78,13.28,75.0,South,6.11,8.69,1027.43,0.0,0.0,0.0,30.7,IMELBO1849.csv
2023/02/27,07:29 PM,17.72,13.22,75.0,SSW,6.44,9.01,1027.43,0.0,0.0,0.0,22.0,IMELBO1849.csv
2023/02/27,07:34 PM,17.67,13.17,75.0,South,8.37,11.75,1027.43,0.0,0.0,0.0,15.5,IMELBO1849.csv
2023/02/27,07:39 PM,17.61,13.22,76.0,SSW,6.6,9.65,1027.43,0.0,0.0,0.0,14.3,IMELBO1849.csv
2023/02/27,07:44 PM,17.56,13.11,75.0,SSW,7.56,10.62,1027.43,0.0,0.0,0.0,12.1,IMELBO1849.csv
2023/02/27,07:49 PM,17.44,12.94,75.0,SSW,6.6,9.33,1027.43,0.0,0.0,0.0,8.2,IMELBO1849.csv
2023/02/27,07:54 PM,17.5,13.0,75.0,South,4.99,7.56,1027.43,0.0,0.0,0.0,5.6,IMELBO1849.csv
2023/02/27,07:59 PM,17.44,13.17,76.0,SSW,6.28,8.21,1027.77,0.0,0.0,0.0,2.9,IMELBO1849.csv
2023/02/27,08:04 PM,17.39,13.17,76.0,South,4.02,5.63,1027.77,0.0,0.0,0.0,1.2,IMELBO1849.csv
2023/02/27,08:09 PM,17.39,13.33,77.0,SSW,4.67,6.92,1027.43,0.0,0.0,0.0,0.0,IMELBO1849.csv
2023/02/27,08:14 PM,17.17,13.44,79.0,SW,7.72,10.46,1027.43,0.0,0.0,0.0,0.0,IMELBO1849.csv
2023/02/27,08:19 PM,17.06,13.39,79.0,SSW,7.08,9.49,1027.43,0.0,0.0,0.0,0.0,IMELBO1849.csv
2023/02/27,08:24 PM,16.94,13.33,79.0,SW,7.08,10.14,1027.43,0.0,0.0,0.0,0.0,IMELBO1849.csv
2023/02/27,08:29 PM,16.78,13.22,79.0,SW,9.01,11.58,1027.43,0.0,0.0,0.0,0.0,IMELBO1849.csv
2023/02/27,08:34 PM,16.78,13.22,79.0,SW,7.88,10.46,1027.43,0.0,0.0,0.0,0.0,IMELBO1849.csv
2023/02/27,08:39 PM,16.78,13.22,79.0,SW,8.37,11.1,1027.09,0.0,0.0,0.0,0.0,IMELBO1849.csv
2023/02/27,08:44 PM,16.72,13.22,80.0,SW,8.53,11.42,1027.09,0.0,0.0,0.0,0.0,IMELBO1849.csv
2023/02/27,08:49 PM,16.72,13.28,81.0,SSW,9.01,12.07,1027.43,0.0,0.0,0.0,0.0,IMELBO1849.csv
2023/02/27,08:54 PM,16.61,13.28,81.0,SSW,6.6,9.17,1027.43,0.0,0.0,0.0,0.0,IMELBO1849.csv
2023/02/27,08:59 PM,16.61,13.28,81.0,SW,7.88,10.78,1027.43,0.0,0.0,0.0,0.0,IMELBO1849.csv
2023/02/27,09:04 PM,16.61,13.28,81.0,SW,7.56,10.46,1027.77,0.0,0.0,0.0,0.0,IMELBO1849.csv
2023/02/27,09:09 PM,16.61,13.28,81.0,SSW,8.85,12.55,1027.77,0.0,0.0,0.0,0.0,IMELBO1849.csv
2023/02/27,09:14 PM,16.61,13.28,81.0,SW,6.28,8.37,1027.77,0.0,0.0,0.0,0.0,IMELBO1849.csv
2023/02/27,09:19 PM,16.61,13.28,81.0,SSW,6.76,9.65,1027.43,0.0,0.0,0.0,0.0,IMELBO1849.csv
2023/02/27,09:24 PM,16.61,13.28,81.0,SSW,7.72,10.3,1027.43,0.0,0.0,0.0,0.0,IMELBO1849.csv
2023/02/27,09:29 PM,16.56,13.44,82.0,SW,7.4,10.3,1027.43,0.0,0.0,0.0,0.0,IMELBO1849.csv
2023/02/27,09:34 PM,16.5,13.39,82.0,SSW,5.31,7.4,1027.43,0.0,0.0,0.0,0.0,IMELBO1849.csv
2023/02/27,09:39 PM,16.5,13.39,82.0,South,5.79,8.37,1027.77,0.0,0.0,0.0,0.0,IMELBO1849.csv
2023/02/27,09:44 PM,16.56,13.44,82.0,SW,4.99,6.6,1027.43,0.0,0.0,0.0,0.0,IMELBO1849.csv
2023/02/27,09:49 PM,16.61,13.5,82.0,SW,5.79,7.72,1027.43,0.0,0.0,0.0,0.0,IMELBO1849.csv
2023/02/27,09:54 PM,16.61,13.5,82.0,SSW,6.28,8.53,1027.77,0.0,0.0,0.0,0.0,IMELBO1849.csv
2023/02/27,09:59 PM,16.56,13.56,82.0,SSW,7.56,9.65,1027.77,0.0,0.0,0.0,0.0,IMELBO1849.csv
2023/02/27,10:04 PM,16.5,13.61,83.0,SSW,6.6,9.65,1027.77,0.0,0.0,0.0,0.0,IMELBO1849.csv
2023/02/27,10:09 PM,16.44,13.56,83.0,SW,7.4,9.81,1028.11,0.0,0.0,0.0,0.0,IMELBO1849.csv
2023/02/27,10:14 PM,16.39,13.61,84.0,SW,6.11,7.88,1027.77,0.0,0.0,0.0,0.0,IMELBO1849.csv
2023/02/27,10:19 PM,16.33,13.67,84.0,SSW,7.24,10.14,1027.77,0.0,0.0,0.0,0.0,IMELBO1849.csv
2023/02/27,10:24 PM,16.28,13.61,84.0,SSW,4.34,6.28,1027.77,0.0,0.0,0.0,0.0,IMELBO1849.csv
2023/02/27,10:29 PM,16.28,13.44,83.0,SW,7.88,10.78,1028.11,0.0,0.0,0.0,0.0,IMELBO1849.csv
2023/02/27,10:34 PM,16.28,13.39,83.0,SSW,7.08,9.49,1027.77,0.0,0.0,0.0,0.0,IMELBO1849.csv
2023/02/27,10:39 PM,16.28,13.39,83.0,SW,8.21,10.78,1027.77,0.0,0.0,0.0,0.0,IMELBO1849.csv
2023/02/27,10:44 PM,16.28,13.39,83.0,SW,8.04,10.94,1027.77,0.0,0.0,0.0,0.0,IMELBO1849.csv
2023/02/27,10:49 PM,16.28,13.39,83.0,SW,7.4,9.98,1027.43,0.0,0.0,0.0,0.0,IMELBO1849.csv
2023/02/27,10:54 PM,16.28,13.39,83.0,SW,7.24,9.49,1027.77,0.0,0.0,0.0,0.0,IMELBO1849.csv
2023/02/27,10:59 PM,16.28,13.39,83.0,SW,5.79,7.72,1027.43,0.0,0.0,0.0,0.0,IMELBO1849.csv
2023/02/27,11:04 PM,16.28,13.22,82.0,SSW,6.44,8.69,1027.43,0.0,0.0,0.0,0.0,IMELBO1849.csv
2023/02/27,11:09 PM,16.33,13.28,82.0,SSW,5.63,8.04,1027.43,0.0,0.0,0.0,0.0,IMELBO1849.csv
2023/02/27,11:14 PM,16.33,13.22,82.0,SSW,7.24,9.17,1027.43,0.0,0.0,0.0,0.0,IMELBO1849.csv
2023/02/27,11:19 PM,16.39,13.28,82.0,SW,6.28,8.04,1027.43,0.0,0.0,0.0,0.0,IMELBO1849.csv
2023/02/27,11:24 PM,16.39,13.28,82.0,SW,5.31,7.24,1027.43,0.0,0.0,0.0,0.0,IMELBO1849.csv
2023/02/27,11:29 PM,16.39,13.22,82.0,SSW,4.02,5.47,1027.43,0.0,0.0,0.0,0.0,IMELBO1849.csv
2023/02/27,11:34 PM,16.39,13.11,81.0,SW,6.44,8.69,1027.09,0.0,0.0,0.0,0.0,IMELBO1849.csv
2023/02/27,11:39 PM,16.39,13.11,81.0,SW,4.51,5.79,1027.09,0.0,0.0,0.0,0.0,IMELBO1849.csv
2023/02/27,11:44 PM,16.39,13.11,81.0,SW,7.24,9.33,1027.43,0.0,0.0,0.0,0.0,IMELBO1849.csv
2023/02/27,11:49 PM,16.44,12.94,80.0,SW,5.15,6.92,1027.43,0.0,0.0,0.0,0.0,IMELBO1849.csv
2023/02/27,11:54 PM,16.5,13.0,80.0,SW,4.34,5.95,1027.09,0.0,0.0,0.0,0.0,IMELBO1849.csv
2023/02/27,11:59 PM,16.5,13.0,80.0,SW,4.83,6.11,1027.09,0.0,0.0,0.0,0.0,IMELBO1849.csv
2023/02/28,12:04 AM,16.5,13.0,80.0,SW,4.83,6.11,1027.09,0.0,0.0,0.0,0.0,IMELBO1849.csv
2023/02/28,12:09 AM,16.5,13.0,80.0,SW,5.47,7.08,1027.09,0.0,0.0,0.0,0.0,IMELBO1849.csv
2023/02/28,12:14 AM,16.5,13.0,80.0,SW,4.99,6.11,1027.09,0.0,0.0,0.0,0.0,IMELBO1849.csv
2023/02/28,12:19 AM,16.5,13.0,80.0,SW,3.06,4.51,1027.09,0.0,0.0,0.0,0.0,IMELBO1849.csv
2023/02/28,12:24 AM,16.5,13.11,81.0,SW,4.99,6.44,1026.75,0.0,0.0,0.0,0.0,IMELBO1849.csv
2023/02/28,12:29 AM,16.5,13.22,81.0,SW,3.06,3.86,1027.09,0.0,0.0,0.0,0.0,IMELBO1849.csv
2023/02/28,12:34 AM,16.5,13.22,81.0,SW,3.86,5.15,1026.75,0.0,0.0,0.0,0.0,IMELBO1849.csv
2023/02/28,12:39 AM,16.5,13.22,81.0,SW,4.34,5.47,1026.75,0.0,0.0,0.0,0.0,IMELBO1849.csv
2023/02/28,12:44 AM,16.5,13.22,81.0,SSW,5.47,7.08,1026.75,0.0,0.0,0.0,0.0,IMELBO1849.csv
2023/02/28,12:49 AM,16.5,13.17,81.0,SW,3.54,4.67,1026.75,0.0,0.0,0.0,0.0,IMELBO1849.csv
2023/02/28,12:54 AM,16.5,13.0,80.0,SSW,6.6,8.85,1026.75,0.0,0.0,0.0,0.0,IMELBO1849.csv
2023/02/28,12:59 AM,16.5,13.0,80.0,SW,5.63,7.24,1026.75,0.0,0.0,0.0,0.0,IMELBO1849.csv
2023/02/28,01:04 AM,16.61,13.11,80.0,SSW,3.06,4.34,1026.75,0.0,0.0,0.0,0.0,IMELBO1849.csv
2023/02/28,01:09 AM,16.61,13.06,79.0,SSW,4.83,6.92,1026.75,0.0,0.0,0.0,0.0,IMELBO1849.csv
2023/02/28,01:14 AM,16.61,13.0,79.0,SW,4.51,5.79,1027.09,0.0,0.0,0.0,0.0,IMELBO1849.csv
2023/02/28,01:19 AM,16.61,13.0,79.0,SSW,4.34,5.63,1027.09,0.0,0.0,0.0,0.0,IMELBO1849.csv
2023/02/28,01:24 AM,16.61,13.0,79.0,SW,3.54,4.18,1027.09,0.0,0.0,0.0,0.0,IMELBO1849.csv
2023/02/28,01:29 AM,16.44,12.89,80.0,SW,5.15,6.6,1026.75,0.0,0.0,0.0,0.0,IMELBO1849.csv
2023/02/28,01:34 AM,16.28,12.78,80.0,SW,5.79,8.04,1026.75,0.0,0.0,0.0,0.0,IMELBO1849.csv
2023/02/28,01:39 AM,16.22,12.78,80.0,SW,4.83,6.44,1026.75,0.0,0.0,0.0,0.0,IMELBO1849.csv
2023/02/28,01:44 AM,16.28,12.78,80.0,SW,3.22,4.51,1026.75,0.0,0.0,0.0,0.0,IMELBO1849.csv
2023/02/28,01:49 AM,16.28,12.78,80.0,SW,2.74,3.7,1026.75,0.0,0.0,0.0,0.0,IMELBO1849.csv
2023/02/28,01:54 AM,16.28,12.78,80.0,SW,4.67,6.28,1026.75,0.0,0.0,0.0,0.0,IMELBO1849.csv
2023/02/28,01:59 AM,16.39,12.78,79.0,SW,5.95,8.04,1026.41,0.0,0.0,0.0,0.0,IMELBO1849.csv
2023/02/28,02:04 AM,16.44,12.83,79.0,SSW,4.99,7.24,1026.41,0.0,0.0,0.0,0.0,IMELBO1849.csv
2023/02/28,02:09 AM,16.5,12.89,79.0,SSE,2.9,4.51,1026.41,0.0,0.0,0.0,0.0,IMELBO1849.csv
2023/02/28,02:14 AM,16.5,12.89,79.0,SSW,4.34,6.28,1026.41,0.0,0.0,0.0,0.0,IMELBO1849.csv
2023/02/28,02:19 AM,16.39,12.78,79.0,SSW,4.34,6.11,1026.41,0.0,0.0,0.0,0.0,IMELBO1849.csv
2023/02/28,02:24 AM,16.39,12.78,79.0,SW,6.44,8.69,1026.41,0.0,0.0,0.0,0.0,IMELBO1849.csv
2023/02/28,02:29 AM,16.39,12.78,79.0,South,4.83,6.6,1026.08,0.0,0.0,0.0,0.0,IMELBO1849.csv
2023/02/28,02:34 AM,16.33,12.72,79.0,SSW,6.44,8.37,1026.08,0.0,0.0,0.0,0.0,IMELBO1849.csv
2023/02/28,02:39 AM,16.28,12.67,79.0,SSW,7.56,10.46,1026.08,0.0,0.0,0.0,0.0,IMELBO1849.csv
2023/02/28,02:44 AM,16.22,12.61,79.0,SSW,4.34,5.95,1026.08,0.0,0.0,0.0,0.0,IMELBO1849.csv
2023/02/28,02:49 AM,16.22,12.61,79.0,SSW,5.15,6.76,1025.74,0.0,0.0,0.0,0.0,IMELBO1849.csv
2023/02/28,02:54 AM,16.22,12.61,79.0,SSW,4.99,6.6,1025.74,0.0,0.0,0.0,0.0,IMELBO1849.csv
2023/02/28,02:59 AM,16.22,12.61,79.0,SSW,4.99,6.76,1025.74,0.0,0.0,0.0,0.0,IMELBO1849.csv
2023/02/28,03:04 AM,16.22,12.61,79.0,SSW,5.95,8.21,1026.08,0.0,0.0,0.0,0.0,IMELBO1849.csv
2023/02/28,03:09 AM,16.22,12.61,79.0,South,2.9,4.34,1025.74,0.0,0.0,0.0,0.0,IMELBO1849.csv
2023/02/28,03:14 AM,16.17,12.56,79.0,SSW,4.02,5.95,1026.08,0.0,0.0,0.0,0.0,IMELBO1849.csv
2023/02/28,03:19 AM,16.11,12.5,79.0,South,4.34,6.11,1025.74,0.0,0.0,0.0,0.0,IMELBO1849.csv
2023/02/28,03:24 AM,16.11,12.61,80.0,SSW,4.34,6.28,1025.74,0.0,0.0,0.0,0.0,IMELBO1849.csv
2023/02/28,03:29 AM,16.11,12.72,80.0,SSW,4.99,6.6,1026.08,0.0,0.0,0.0,0.0,IMELBO1849.csv
2023/02/28,03:34 AM,16.11,12.72,80.0,SSW,4.99,7.56,1025.74,0.0,0.0,0.0,0.0,IMELBO1849.csv
2023/02/28,03:39 AM,16.06,12.67,80.0,SSE,3.38,4.51,1025.74,0.0,0.0,0.0,0.0,IMELBO1849.csv
2023/02/28,03:44 AM,16.0,12.61,80.0,SSW,4.34,6.11,1025.74,0.0,0.0,0.0,0.0,IMELBO1849.csv
2023/02/28,03:49 AM,16.0,12.61,80.0,SSW,3.22,4.67,1025.4,0.0,0.0,0.0,0.0,IMELBO1849.csv
2023/02/28,03:54 AM,15.94,12.56,80.0,SW,6.11,8.21,1025.4,0.0,0.0,0.0,0.0,IMELBO1849.csv
2023/02/28,03:59 AM,15.89,12.5,80.0,SSW,4.99,7.08,1025.4,0.0,0.0,0.0,0.0,IMELBO1849.csv
2023/02/28,04:04 AM,15.89,12.56,80.0,SSW,5.15,7.24,1025.4,0.0,0.0,0.0,0.0,IMELBO1849.csv
2023/02/28,04:09 AM,15.83,12.56,81.0,SSW,5.95,7.56,1025.4,0.0,0.0,0.0,0.0,IMELBO1849.csv
2023/02/28,04:14 AM,15.83,12.56,81.0,SSW,5.95,8.04,1025.4,0.0,0.0,0.0,0.0,IMELBO1849.csv
2023/02/28,04:19 AM,15.78,12.5,81.0,SW,6.11,8.21,1025.74,0.0,0.0,0.0,0.0,IMELBO1849.csv
2023/02/28,04:24 AM,15.72,12.56,82.0,SW,7.4,9.49,1025.4,0.0,0.0,0.0,0.0,IMELBO1849.csv
2023/02/28,04:29 AM,15.56,12.44,82.0,SSW,5.47,7.24,1025.4,0.0,0.0,0.0,0.0,IMELBO1849.csv
2023/02/28,04:34 AM,15.5,12.39,82.0,SSW,5.31,7.4,1025.4,0.0,0.0,0.0,0.0,IMELBO1849.csv
2023/02/28,04:39 AM,15.5,12.39,82.0,SW,4.51,6.6,1025.4,0.0,0.0,0.0,0.0,IMELBO1849.csv
2023/02/28,04:44 AM,15.61,12.5,82.0,SSW,3.86,5.79,1025.4,0.0,0.0,0.0,0.0,IMELBO1849.csv
2023/02/28,04:49 AM,15.61,12.5,82.0,SW,3.22,4.34,1025.4,0.0,0.0,0.0,0.0,IMELBO1849.csv
2023/02/28,04:54 AM,15.5,12.39,82.0,SW,4.83,6.44,1025.06,0.0,0.0,0.0,0.0,IMELBO1849.csv
2023/02/28,04:59 AM,15.5,12.39,82.0,SSW,3.38,5.15,1025.4,0.0,0.0,0.0,0.0,IMELBO1849.csv
2023/02/28,05:04 AM,15.5,12.56,83.0,SSW,3.06,4.34,1025.06,0.0,0.0,0.0,0.0,IMELBO1849.csv
2023/02/28,05:09 AM,15.5,12.61,83.0,SSW,4.34,5.79,1025.06,0.0,0.0,0.0,0.0,IMELBO1849.csv
2023/02/28,05:14 AM,15.44,12.5,83.0,SW,4.02,6.11,1025.4,0.0,0.0,0.0,0.0,IMELBO1849.csv
2023/02/28,05:19 AM,15.28,12.39,83.0,SW,3.7,5.31,1025.06,0.0,0.0,0.0,0.0,IMELBO1849.csv
2023/02/28,05:24 AM,15.28,12.22,82.0,SW,4.83,5.79,1024.72,0.0,0.0,0.0,0.0,IMELBO1849.csv
2023/02/28,05:29 AM,15.28,12.22,82.0,SSW,2.57,3.38,1024.72,0.0,0.0,0.0,0.0,IMELBO1849.csv
2023/02/28,05:34 AM,15.39,12.28,82.0,SSW,3.86,4.99,1024.72,0.0,0.0,0.0,0.0,IMELBO1849.csv
2023/02/28,05:39 AM,15.39,12.28,82.0,SW,3.54,4.83,1024.72,0.0,0.0,0.0,0.0,IMELBO1849.csv
2023/02/28,05:44 AM,15.39,12.28,82.0,SW,3.86,4.83,1024.72,0.0,0.0,0.0,0.0,IMELBO1849.csv
2023/02/28,05:49 AM,15.28,12.22,82.0,SW,3.7,5.15,1024.72,0.0,0.0,0.0,0.0,IMELBO1849.csv
2023/02/28,05:54 AM,15.28,12.22,82.0,SW,3.86,5.15,1024.72,0.0,0.0,0.0,0.0,IMELBO1849.csv
2023/02/28,05:59 AM,15.28,12.28,83.0,SW,3.7,4.99,1024.72,0.0,0.0,0.0,0.0,IMELBO1849.csv
2023/02/28,06:04 AM,15.22,12.28,83.0,SW,4.02,5.31,1024.72,0.0,0.0,0.0,0.0,IMELBO1849.csv
2023/02/28,06:09 AM,15.22,12.28,83.0,SW,3.54,4.34,1025.06,0.0,0.0,0.0,0.0,IMELBO1849.csv
2023/02/28,06:14 AM,15.22,12.28,83.0,WSW,2.57,3.38,1025.06,0.0,0.0,0.0,0.0,IMELBO1849.csv
2023/02/28,06:19 AM,15.22,12.33,83.0,SW,2.74,3.7,1025.06,0.0,0.0,0.0,0.0,IMELBO1849.csv
2023/02/28,06:24 AM,15.11,12.39,84.0,WSW,3.22,4.51,1025.06,0.0,0.0,0.0,0.0,IMELBO1849.csv
2023/02/28,06:29 AM,15.0,12.39,84.0,SW,3.06,4.34,1025.06,0.0,0.0,0.0,0.0,IMELBO1849.csv
2023/02/28,06:34 AM,15.0,12.5,85.0,WSW,3.7,4.83,1025.06,0.0,0.0,0.0,0.0,IMELBO1849.csv
2023/02/28,06:39 AM,14.89,12.39,85.0,SW,2.74,3.54,1025.06,0.0,0.0,0.0,0.0,IMELBO1849.csv
2023/02/28,06:44 AM,14.83,12.33,85.0,SW,2.9,4.02,1025.06,0.0,0.0,0.0,0.0,IMELBO1849.csv
2023/02/28,06:49 AM,14.83,12.33,85.0,SW,3.38,4.83,1025.06,0.0,0.0,0.0,0.0,IMELBO1849.csv
2023/02/28,06:54 AM,14.78,12.5,86.0,SW,3.38,4.67,1025.06,0.0,0.0,0.0,0.0,IMELBO1849.csv
2023/02/28,06:59 AM,14.78,12.5,86.0,SW,1.93,2.74,1025.06,0.0,0.0,0.0,0.0,IMELBO1849.csv
2023/02/28,07:04 AM,14.78,12.67,87.0,SW,1.45,2.25,1025.4,0.0,0.0,0.0,0.0,IMELBO1849.csv
2023/02/28,07:09 AM,14.78,12.72,87.0,SW,2.41,3.54,1025.4,0.0,0.0,0.0,0.4,IMELBO1849.csv
2023/02/28,07:14 AM,14.72,12.61,87.0,WSW,2.09,3.06,1025.06,0.0,0.0,0.0,1.2,IMELBO1849.csv
2023/02/28,07:19 AM,14.72,12.67,88.0,WSW,1.61,2.25,1025.06,0.0,0.0,0.0,2.1,IMELBO1849.csv
2023/02/28,07:24 AM,14.67,12.67,88.0,SW,2.41,3.54,1025.4,0.0,0.0,0.0,3.8,IMELBO1849.csv
2023/02/28,07:29 AM,14.61,12.72,89.0,SW,2.41,3.54,1025.4,0.0,0.0,0.0,5.6,IMELBO1849.csv
2023/02/28,07:34 AM,14.56,12.78,89.0,SW,1.93,3.22,1025.4,0.0,0.0,0.0,6.9,IMELBO1849.csv
2023/02/28,07:39 AM,14.5,12.83,90.0,SW,2.74,4.02,1025.4,0.0,0.0,0.0,8.6,IMELBO1849.csv
2023/02/28,07:44 AM,14.39,12.78,90.0,SW,3.22,4.67,1025.4,0.0,0.0,0.0,9.5,IMELBO1849.csv
2023/02/28,07:49 AM,14.39,12.78,90.0,WSW,3.54,5.15,1025.4,0.0,0.0,0.0,10.8,IMELBO1849.csv
2023/02/28,07:54 AM,14.39,12.89,91.0,SW,3.22,4.18,1025.4,0.0,0.0,0.0,12.5,IMELBO1849.csv
2023/02/28,07:59 AM,14.28,12.89,91.0,WSW,3.06,4.02,1025.74,0.0,0.0,0.0,22.9,IMELBO1849.csv
2023/02/28,08:04 AM,14.22,12.78,91.0,WSW,3.06,3.86,1025.74,0.0,0.0,0.0,30.7,IMELBO1849.csv
2023/02/28,08:09 AM,14.22,12.78,91.0,WSW,2.25,3.22,1025.4,0.0,0.0,0.0,36.0,IMELBO1849.csv
2023/02/28,08:14 AM,14.28,13.06,92.0,WSW,2.41,3.38,1025.4,0.0,0.0,0.0,42.0,IMELBO1849.csv
2023/02/28,08:19 AM,14.33,13.17,92.0,WSW,3.38,4.83,1025.4,0.0,0.0,0.0,48.6,IMELBO1849.csv
2023/02/28,08:24 AM,14.22,13.0,92.0,WSW,3.7,4.51,1025.74,0.0,0.0,0.0,46.7,IMELBO1849.csv
2023/02/28,08:29 AM,14.28,13.06,92.0,SW,2.57,3.7,1025.74,0.0,0.0,0.0,53.3,IMELBO1849.csv
2023/02/28,08:34 AM,14.22,13.06,92.0,SW,2.57,3.7,1025.74,0.0,0.0,0.0,54.2,IMELBO1849.csv
2023/02/28,08:39 AM,14.22,13.06,92.0,WSW,2.09,3.06,1025.74,0.0,0.0,0.0,50.7,IMELBO1849.csv
2023/02/28,08:44 AM,14.22,13.11,93.0,WSW,2.9,3.86,1025.74,0.0,0.0,0.0,61.2,IMELBO1849.csv
2023/02/28,08:49 AM,14.22,13.11,93.0,WSW,1.93,2.74,1025.4,0.0,0.0,0.0,59.0,IMELBO1849.csv
2023/02/28,08:54 AM,14.22,13.11,93.0,SW,1.29,2.25,1025.4,0.0,0.0,0.0,64.1,IMELBO1849.csv
2023/02/28,08:59 AM,14.28,13.17,93.0,WSW,1.93,2.74,1025.4,0.0,0.0,0.0,72.8,IMELBO1849.csv
2023/02/28,09:04 AM,14.22,13.11,93.0,WSW,2.25,3.38,1025.4,0.0,0.0,0.0,75.5,IMELBO1849.csv
2023/02/28,09:09 AM,14.28,13.22,93.0,WSW,2.41,3.38,1025.4,0.0,0.0,0.0,82.8,IMELBO1849.csv
2023/02/28,09:14 AM,14.39,13.22,93.0,SW,2.9,4.02,1025.4,0.0,0.0,0.0,73.3,IMELBO1849.csv
2023/02/28,09:19 AM,14.28,13.11,92.0,WSW,3.06,3.86,1025.74,0.0,0.0,0.0,63.2,IMELBO1849.csv
2023/02/28,09:24 AM,14.39,13.22,92.0,SW,3.38,4.51,1025.74,0.0,0.0,0.0,70.7,IMELBO1849.csv
2023/02/28,09:29 AM,14.44,13.17,92.0,SW,3.22,4.34,1025.4,0.0,0.0,0.0,73.7,IMELBO1849.csv
2023/02/28,09:34 AM,14.56,13.17,91.0,SW,4.67,5.95,1025.4,0.0,0.0,0.0,67.2,IMELBO1849.csv
2023/02/28,09:39 AM,14.61,13.11,91.0,SW,3.54,4.99,1025.74,0.0,0.0,0.0,68.5,IMELBO1849.csv
2023/02/28,09:44 AM,14.67,13.06,90.0,SW,4.67,6.44,1025.74,0.0,0.0,0.0,76.7,IMELBO1849.csv
2023/02/28,09:49 AM,14.78,13.17,90.0,WSW,2.41,3.38,1025.74,0.0,0.0,0.0,59.0,IMELBO1849.csv
2023/02/28,09:54 AM,14.89,13.11,89.0,WSW,3.54,4.99,1026.08,0.0,0.0,0.0,64.6,IMELBO1849.csv
2023/02/28,09:59 AM,14.78,13.11,90.0,WSW,3.54,4.99,1026.08,0.0,0.0,0.0,68.5,IMELBO1849.csv
2023/02/28,10:04 AM,14.78,13.22,90.0,WSW,2.57,3.54,1025.74,0.0,0.0,0.0,76.7,IMELBO1849.csv
2023/02/28,10:09 AM,14.78,13.33,91.0,WSW,3.38,4.67,1025.74,0.0,0.0,1.0,119.6,IMELBO1849.csv
2023/02/28,10:14 AM,14.78,13.39,91.0,SW,3.86,4.99,1026.08,0.0,0.0,1.0,118.4,IMELBO1849.csv
2023/02/28,10:19 AM,14.78,13.5,92.0,WSW,2.74,4.02,1026.08,0.0,0.0,0.0,98.0,IMELBO1849.csv
2023/02/28,10:24 AM,14.72,13.5,92.0,WSW,3.38,4.67,1026.08,0.0,0.0,1.0,105.0,IMELBO1849.csv
2023/02/28,10:29 AM,14.72,13.5,92.0,WSW,3.54,4.51,1026.08,0.0,0.0,1.0,117.1,IMELBO1849.csv
2023/02/28,10:34 AM,14.78,13.67,93.0,SW,3.06,4.18,1025.74,0.0,0.0,1.0,100.2,IMELBO1849.csv
2023/02/28,10:39 AM,14.67,13.56,93.0,WSW,4.02,5.63,1025.74,0.0,0.0,1.0,125.8,IMELBO1849.csv
2023/02/28,10:44 AM,14.72,13.61,93.0,WSW,3.7,5.31,1025.74,0.0,0.0,1.0,115.7,IMELBO1849.csv
2023/02/28,10:49 AM,14.67,13.56,93.0,SW,3.22,4.83,1025.74,0.0,0.0,1.0,106.7,IMELBO1849.csv
2023/02/28,10:54 AM,14.78,13.67,93.0,WSW,2.41,3.22,1025.74,0.0,0.0,1.0,119.6,IMELBO1849.csv
2023/02/28,10:59 AM,14.78,13.72,93.0,WSW,2.57,4.02,1025.74,0.0,0.0,1.0,111.4,IMELBO1849.csv
2023/02/28,11:04 AM,14.67,13.67,94.0,SW,2.74,4.02,1025.4,0.0,0.0,1.0,128.8,IMELBO1849.csv
2023/02/28,11:09 AM,14.67,13.67,94.0,West,2.25,3.54,1025.4,0.0,0.0,1.0,110.1,IMELBO1849.csv
2023/02/28,11:14 AM,14.78,13.78,94.0,West,1.77,2.9,1025.4,0.0,0.0,1.0,124.4,IMELBO1849.csv
2023/02/28,11:19 AM,14.83,13.83,94.0,WSW,2.41,3.54,1025.4,0.0,0.0,1.0,137.5,IMELBO1849.csv
2023/02/28,11:24 AM,14.89,13.89,94.0,WSW,2.74,3.54,1025.4,0.0,0.0,1.0,159.5,IMELBO1849.csv
2023/02/28,11:29 AM,15.06,14.06,94.0,WSW,2.74,3.54,1025.4,0.0,0.0,1.0,162.2,IMELBO1849.csv
2023/02/28,11:34 AM,15.06,14.06,94.0,SW,3.22,4.51,1025.4,0.0,0.0,1.0,106.7,IMELBO1849.csv
2023/02/28,11:39 AM,14.94,13.94,94.0,WSW,3.06,4.34,1025.4,0.0,0.0,1.0,147.4,IMELBO1849.csv
2023/02/28,11:44 AM,15.0,14.0,94.0,SW,4.02,5.95,1025.06,0.0,0.0,1.0,125.8,IMELBO1849.csv
2023/02/28,11:49 AM,14.94,13.94,94.0,SW,4.02,5.47,1025.06,0.0,0.0,1.0,152.2,IMELBO1849.csv
2023/02/28,11:54 AM,15.11,14.11,94.0,SW,4.18,5.31,1025.06,0.0,0.0,1.0,125.3,IMELBO1849.csv
2023/02/28,11:59 AM,15.11,14.11,94.0,SW,2.74,4.02,1025.06,0.0,0.0,1.0,139.6,IMELBO1849.csv
2023/02/28,12:04 PM,15.28,14.28,94.0,SW,2.57,3.86,1024.72,0.0,0.0,1.0,176.0,IMELBO1849.csv
2023/02/28,12:09 PM,15.28,14.28,94.0,WSW,3.7,4.99,1024.72,0.0,0.0,1.0,145.7,IMELBO1849.csv
2023/02/28,12:14 PM,15.17,14.17,94.0,SW,5.15,6.6,1024.72,0.0,0.0,1.0,185.2,IMELBO1849.csv
2023/02/28,12:19 PM,15.22,14.28,94.0,SW,3.06,4.34,1024.72,1.78,0.25,1.0,186.1,IMELBO1849.csv
2023/02/28,12:24 PM,15.28,14.28,94.0,WSW,4.34,6.11,1024.72,1.78,0.25,1.0,179.9,IMELBO1849.csv
2023/02/28,12:29 PM,15.22,14.33,95.0,SW,4.34,5.95,1024.72,1.78,0.25,1.0,171.3,IMELBO1849.csv
2023/02/28,12:34 PM,15.33,14.5,95.0,SW,4.02,5.31,1024.72,0.0,0.25,2.0,203.4,IMELBO1849.csv
2023/02/28,12:39 PM,15.28,14.44,95.0,SW,5.47,7.08,1024.38,0.0,0.25,1.0,179.1,IMELBO1849.csv
2023/02/28,12:44 PM,15.17,14.33,95.0,WSW,4.99,6.76,1024.38,0.0,0.25,1.0,152.7,IMELBO1849.csv
2023/02/28,12:49 PM,15.22,14.39,95.0,SW,5.47,6.92,1024.38,1.27,0.51,1.0,169.1,IMELBO1849.csv
2023/02/28,12:54 PM,15.28,14.5,95.0,SW,3.7,5.15,1024.72,1.27,0.51,1.0,170.4,IMELBO1849.csv
2023/02/28,12:59 PM,15.17,14.33,95.0,SW,6.6,8.85,1024.38,1.27,0.51,1.0,200.8,IMELBO1849.csv
2023/02/28,01:04 PM,15.22,14.39,95.0,SSW,5.63,7.72,1024.38,0.0,0.51,1.0,188.6,IMELBO1849.csv
2023/02/28,01:09 PM,15.22,14.44,95.0,SW,5.15,7.24,1024.38,0.0,0.51,2.0,240.8,IMELBO1849.csv
2023/02/28,01:14 PM,15.11,14.28,95.0,SW,6.6,8.69,1024.38,0.0,0.51,3.0,307.1,IMELBO1849.csv
2023/02/28,01:19 PM,15.22,14.39,95.0,SW,5.63,7.4,1024.38,0.0,0.51,2.0,232.9,IMELBO1849.csv
2023/02/28,01:24 PM,15.22,14.44,95.0,SW,5.15,6.76,1024.04,0.0,0.51,1.0,165.3,IMELBO1849.csv
2023/02/28,01:29 PM,15.39,14.61,95.0,SW,4.99,6.76,1023.71,0.0,0.51,2.0,222.0,IMELBO1849.csv
2023/02/28,01:34 PM,15.11,14.28,95.0,SSW,6.44,8.53,1023.71,0.0,0.51,2.0,215.9,IMELBO1849.csv
2023/02/28,01:39 PM,15.17,14.39,95.0,SW,4.99,7.24,1024.04,0.0,0.51,1.0,174.3,IMELBO1849.csv
2023/02/28,01:44 PM,15.06,14.28,95.0,SW,5.95,7.56,1024.04,0.0,0.51,1.0,171.3,IMELBO1849.csv
2023/02/28,01:49 PM,15.17,14.33,95.0,SSW,4.99,6.76,1023.71,0.0,0.51,1.0,180.8,IMELBO1849.csv
2023/02/28,01:54 PM,15.11,14.28,95.0,SW,5.15,6.76,1024.04,0.0,0.51,1.0,176.9,IMELBO1849.csv
2023/02/28,01:59 PM,15.17,14.33,95.0,SW,4.83,6.76,1024.04,0.0,0.51,1.0,139.6,IMELBO1849.csv
2023/02/28,02:04 PM,15.06,14.28,95.0,SW,6.76,9.01,1023.71,0.0,0.51,1.0,179.6,IMELBO1849.csv
2023/02/28,02:09 PM,15.06,14.22,95.0,SW,6.11,7.88,1024.04,0.0,0.51,2.0,239.4,IMELBO1849.csv
2023/02/28,02:14 PM,15.17,14.33,95.0,SW,5.47,7.24,1023.71,0.0,0.51,2.0,231.6,IMELBO1849.csv
2023/02/28,02:19 PM,15.28,14.44,95.0,SW,5.79,7.4,1024.04,0.0,0.51,1.0,143.1,IMELBO1849.csv
2023/02/28,02:24 PM,15.11,14.28,95.0,SW,5.47,7.24,1024.04,0.0,0.51,2.0,238.6,IMELBO1849.csv
2023/02/28,02:29 PM,15.22,14.39,95.0,SW,6.6,8.37,1023.71,0.0,0.51,2.0,241.1,IMELBO1849.csv
2023/02/28,02:34 PM,15.28,14.44,95.0,SW,4.51,5.63,1023.71,0.0,0.51,1.0,166.1,IMELBO1849.csv
2023/02/28,02:39 PM,15.17,14.39,95.0,SW,5.79,7.4,1024.04,0.0,0.51,1.0,127.1,IMELBO1849.csv
2023/02/28,02:44 PM,15.17,14.33,95.0,SW,4.83,6.76,1024.04,0.0,0.51,1.0,167.0,IMELBO1849.csv
2023/02/28,02:49 PM,15.06,14.28,95.0,SW,5.15,6.44,1024.04,0.0,0.51,1.0,163.1,IMELBO1849.csv
2023/02/28,02:54 PM,15.11,14.28,95.0,SW,4.83,6.11,1024.04,0.0,0.51,1.0,138.4,IMELBO1849.csv
2023/02/28,02:59 PM,15.17,14.33,95.0,SW,3.86,4.99,1024.04,0.0,0.51,0.0,92.4,IMELBO1849.csv
2023/02/28,03:04 PM,15.17,14.33,95.0,SW,4.34,5.63,1024.04,0.0,0.51,1.0,135.7,IMELBO1849.csv
2023/02/28,03:09 PM,15.17,14.22,94.0,SW,5.31,6.76,1023.71,0.0,0.51,1.0,119.3,IMELBO1849.csv
2023/02/28,03:14 PM,15.28,14.28,94.0,SW,4.51,5.95,1023.71,0.0,0.51,1.0,124.1,IMELBO1849.csv
2023/02/28,03:19 PM,15.22,14.22,94.0,SW,5.15,7.24,1023.71,0.0,0.51,1.0,114.5,IMELBO1849.csv
2023/02/28,03:24 PM,15.22,14.17,94.0,SW,4.18,5.63,1023.71,0.0,0.51,0.0,71.9,IMELBO1849.csv
2023/02/28,03:29 PM,15.17,14.0,93.0,SW,4.34,5.95,1023.71,0.0,0.51,0.0,90.7,IMELBO1849.csv
2023/02/28,03:34 PM,15.22,14.0,93.0,SW,5.47,7.88,1023.71,0.0,0.51,0.0,89.8,IMELBO1849.csv
2023/02/28,03:39 PM,15.17,13.89,92.0,SW,6.6,8.69,1023.71,0.0,0.51,1.0,122.3,IMELBO1849.csv
2023/02/28,03:44 PM,15.22,13.94,92.0,SW,6.76,9.33,1023.71,0.0,0.51,1.0,190.0,IMELBO1849.csv
2023/02/28,03:49 PM,15.33,13.94,91.0,SW,5.15,6.76,1023.71,0.0,0.51,2.0,213.8,IMELBO1849.csv
2023/02/28,03:54 PM,15.44,13.78,90.0,SW,7.72,10.3,1023.71,0.0,0.51,1.0,173.5,IMELBO1849.csv
2023/02/28,03:59 PM,15.67,13.78,89.0,SSW,3.7,5.31,1023.71,0.0,0.51,1.0,150.5,IMELBO1849.csv
2023/02/28,04:04 PM,15.89,13.83,87.0,South,5.47,7.88,1023.71,0.0,0.51,1.0,157.8,IMELBO1849.csv
2023/02/28,04:09 PM,16.0,13.72,86.0,SSW,4.02,5.47,1023.71,0.0,0.51,1.0,200.4,IMELBO1849.csv
2023/02/28,04:14 PM,16.17,13.72,85.0,South,6.76,9.81,1023.37,0.0,0.51,2.0,248.9,IMELBO1849.csv
2023/02/28,04:19 PM,16.33,13.72,84.0,South,4.83,7.24,1023.37,0.0,0.51,2.0,255.4,IMELBO1849.csv
2023/02/28,04:24 PM,16.33,13.44,83.0,South,5.47,7.56,1023.37,0.0,0.51,1.0,181.7,IMELBO1849.csv
2023/02/28,04:29 PM,16.33,13.33,82.0,South,5.31,8.37,1023.37,0.0,0.51,1.0,192.6,IMELBO1849.csv
2023/02/28,04:34 PM,16.5,13.33,82.0,South,4.34,6.6,1023.37,0.0,0.51,1.0,192.1,IMELBO1849.csv
2023/02/28,04:39 PM,16.67,13.22,81.0,SSE,4.02,5.95,1023.03,0.0,0.51,2.0,248.5,IMELBO1849.csv
2023/02/28,04:44 PM,16.78,13.28,80.0,South,4.51,6.28,1023.03,0.0,0.51,2.0,231.6,IMELBO1849.csv
2023/02/28,04:49 PM,17.06,13.44,79.0,SSW,5.31,8.21,1023.03,0.0,0.51,1.0,159.5,IMELBO1849.csv
2023/02/28,04:54 PM,16.89,13.17,78.0,SSW,5.47,7.56,1023.37,0.0,0.51,1.0,152.2,IMELBO1849.csv
2023/02/28,04:59 PM,16.78,13.0,78.0,SW,7.56,10.14,1023.37,0.0,0.51,1.0,166.1,IMELBO1849.csv
2023/02/28,05:04 PM,16.83,13.06,78.0,SSW,4.99,6.44,1023.03,0.0,0.51,1.0,164.8,IMELBO1849.csv
2023/02/28,05:09 PM,17.06,13.28,78.0,SSW,5.79,7.88,1023.37,0.0,0.51,1.0,134.8,IMELBO1849.csv
2023/02/28,05:14 PM,16.94,13.11,78.0,SSW,4.99,7.08,1023.03,0.0,0.51,0.0,62.0,IMELBO1849.csv
2023/02/28,05:19 PM,16.83,13.06,78.0,SSW,4.83,6.76,1023.03,0.0,0.51,0.0,61.2,IMELBO1849.csv
2023/02/28,05:24 PM,16.83,13.0,78.0,SSW,5.15,6.92,1023.03,0.0,0.51,0.0,91.0,IMELBO1849.csv
2023/02/28,05:29 PM,16.72,12.67,77.0,SSW,6.44,9.17,1023.03,0.0,0.51,0.0,93.2,IMELBO1849.csv
2023/02/28,05:34 PM,16.72,12.83,78.0,South,5.15,7.24,1023.37,0.0,0.51,0.0,73.7,IMELBO1849.csv
2023/02/28,05:39 PM,16.72,12.61,77.0,SSW,5.31,7.4,1023.37,0.0,0.51,0.0,91.0,IMELBO1849.csv
2023/02/28,05:44 PM,16.72,12.61,77.0,SSW,4.18,6.28,1023.03,0.0,0.51,0.0,82.3,IMELBO1849.csv
2023/02/28,05:49 PM,16.72,12.61,77.0,SSW,5.31,7.4,1023.37,0.0,0.51,0.0,68.0,IMELBO1849.csv
2023/02/28,05:54 PM,16.67,12.33,76.0,SSW,5.47,7.88,1023.37,0.0,0.51,0.0,59.3,IMELBO1849.csv
2023/02/28,05:59 PM,16.61,12.28,76.0,SSW,4.51,6.11,1023.37,0.0,0.51,0.0,56.8,IMELBO1849.csv
2023/02/28,06:04 PM,16.67,12.33,76.0,South,3.7,6.11,1023.37,0.0,0.51,0.0,63.2,IMELBO1849.csv
2023/02/28,06:09 PM,16.56,12.17,75.0,SSW,7.4,10.14,1023.37,0.0,0.51,0.0,62.0,IMELBO1849.csv
2023/02/28,06:14 PM,16.5,12.11,75.0,South,5.63,8.53,1023.03,0.0,0.51,0.0,59.8,IMELBO1849.csv
2023/02/28,06:19 PM,16.44,12.06,75.0,SSW,6.76,9.65,1023.37,0.0,0.51,0.0,48.9,IMELBO1849.csv
2023/02/28,06:24 PM,16.39,12.0,75.0,SSW,5.15,7.08,1023.37,0.0,0.51,0.0,40.2,IMELBO1849.csv
2023/02/28,06:29 PM,16.28,11.89,75.0,SSW,8.53,12.07,1023.37,0.0,0.51,0.0,46.4,IMELBO1849.csv
2023/02/28,06:34 PM,16.22,11.78,75.0,South,7.72,11.42,1023.37,0.0,0.51,0.0,51.1,IMELBO1849.csv
2023/02/28,06:39 PM,16.22,11.83,75.0,SSW,7.24,10.14,1023.37,0.0,0.51,0.0,35.5,IMELBO1849.csv
2023/02/28,06:44 PM,16.22,12.0,76.0,SSW,7.56,10.94,1023.37,0.0,0.51,0.0,28.6,IMELBO1849.csv
2023/02/28,06:49 PM,16.11,11.89,76.0,SSW,5.95,8.69,1023.37,0.0,0.51,0.0,26.8,IMELBO1849.csv
2023/02/28,06:54 PM,16.11,11.89,76.0,SSW,5.31,7.4,1023.71,0.0,0.51,0.0,22.5,IMELBO1849.csv
2023/02/28,06:59 PM,16.11,11.89,76.0,South,6.11,9.33,1023.37,0.0,0.51,0.0,9.9,IMELBO1849.csv
2023/02/28,07:04 PM,16.0,11.78,76.0,SSW,8.37,10.94,1023.37,0.0,0.51,0.0,13.0,IMELBO1849.csv
2023/02/28,07:09 PM,16.0,12.0,77.0,SSW,5.95,8.53,1023.37,0.0,0.51,0.0,14.7,IMELBO1849.csv
2023/02/28,07:14 PM,16.0,12.0,77.0,SW,8.85,11.91,1023.37,0.0,0.51,0.0,14.7,IMELBO1849.csv
2023/02/28,07:19 PM,16.0,12.0,77.0,SW,7.24,9.49,1023.71,0.0,0.51,0.0,6.5,IMELBO1849.csv
2023/02/28,07:24 PM,15.89,11.89,77.0,SW,9.33,11.75,1023.71,0.0,0.51,0.0,6.0,IMELBO1849.csv
2023/02/28,07:29 PM,15.89,11.89,77.0,SW,7.4,9.81,1023.71,0.0,0.51,0.0,4.8,IMELBO1849.csv
2023/02/28,07:34 PM,15.78,11.78,77.0,SW,7.88,11.1,1023.71,0.0,0.51,0.0,3.8,IMELBO1849.csv
2023/02/28,07:39 PM,15.67,11.78,78.0,SSW,9.33,12.87,1023.71,0.0,0.51,0.0,3.4,IMELBO1849.csv
2023/02/28,07:44 PM,15.61,11.78,78.0,SW,8.04,10.78,1023.71,0.0,0.51,0.0,3.4,IMELBO1849.csv
2023/02/28,07:49 PM,15.5,11.72,78.0,SSW,6.28,9.33,1023.71,0.0,0.51,0.0,1.7,IMELBO1849.csv
2023/02/28,07:54 PM,15.5,11.72,78.0,SSW,5.15,7.4,1023.71,0.0,0.51,0.0,0.4,IMELBO1849.csv
2023/02/28,07:59 PM,15.61,11.72,78.0,SW,6.11,8.69,1023.71,0.0,0.51,0.0,0.0,IMELBO1849.csv
2023/02/28,08:04 PM,15.5,11.5,77.0,SW,7.4,9.49,1023.71,0.0,0.51,0.0,0.0,IMELBO1849.csv
2023/02/28,08:09 PM,15.5,11.5,77.0,SSW,6.76,9.33,1024.04,0.0,0.51,0.0,0.0,IMELBO1849.csv
2023/02/28,08:14 PM,15.5,11.5,77.0,SSW,8.21,11.42,1024.04,0.0,0.51,0.0,0.0,IMELBO1849.csv
2023/02/28,08:19 PM,15.5,11.5,77.0,SW,5.95,8.21,1024.04,0.0,0.51,0.0,0.0,IMELBO1849.csv
2023/02/28,08:24 PM,15.44,11.44,77.0,SW,9.01,12.39,1024.38,0.0,0.51,0.0,0.0,IMELBO1849.csv
2023/02/28,08:29 PM,15.39,11.39,77.0,SSW,6.11,8.53,1024.38,0.0,0.51,0.0,0.0,IMELBO1849.csv
2023/02/28,08:34 PM,15.33,11.44,78.0,SW,7.24,9.81,1024.72,0.0,0.51,0.0,0.0,IMELBO1849.csv
2023/02/28,08:39 PM,15.28,11.5,78.0,SW,7.72,10.14,1024.72,0.0,0.51,0.0,0.0,IMELBO1849.csv
2023/02/28,08:44 PM,15.11,11.61,80.0,SW,10.46,13.68,1024.72,0.0,0.51,0.0,0.0,IMELBO1849.csv
2023/02/28,08:49 PM,15.0,11.61,80.0,SSW,5.95,7.88,1024.72,0.0,0.51,0.0,0.0,IMELBO1849.csv
2023/02/28,08:54 PM,15.0,11.56,80.0,SSW,6.28,8.37,1024.72,0.0,0.51,0.0,0.0,IMELBO1849.csv
2023/02/28,08:59 PM,15.11,11.5,79.0,SW,6.11,8.21,1025.06,0.0,0.51,0.0,0.0,IMELBO1849.csv
2023/02/28,09:04 PM,15.17,11.44,79.0,SW,3.22,4.18,1024.72,0.0,0.51,0.0,0.0,IMELBO1849.csv
2023/02/28,09:09 PM,15.22,11.39,78.0,SSW,3.22,4.83,1024.72,0.0,0.51,0.0,0.0,IMELBO1849.csv
2023/02/28,09:14 PM,15.22,11.33,77.0,SSW,4.99,6.76,1025.06,0.0,0.51,0.0,0.0,IMELBO1849.csv
2023/02/28,09:19 PM,15.28,11.22,77.0,SW,6.6,8.53,1025.06,0.0,0.51,0.0,0.0,IMELBO1849.csv
2023/02/28,09:24 PM,15.33,11.06,76.0,SW,8.53,11.26,1025.06,0.0,0.51,0.0,0.0,IMELBO1849.csv
2023/02/28,09:29 PM,15.39,11.0,75.0,SSW,9.01,11.58,1025.4,0.0,0.51,0.0,0.0,IMELBO1849.csv
2023/02/28,09:34 PM,15.39,10.94,75.0,SW,7.24,9.98,1025.4,0.0,0.51,0.0,0.0,IMELBO1849.csv
2023/02/28,09:39 PM,15.39,10.78,74.0,SSW,7.08,9.49,1025.06,0.0,0.51,0.0,0.0,IMELBO1849.csv
2023/02/28,09:44 PM,15.39,10.78,74.0,SW,4.34,5.95,1025.4,0.0,0.51,0.0,0.0,IMELBO1849.csv
2023/02/28,09:49 PM,15.39,10.72,74.0,SW,6.11,8.21,1025.4,0.0,0.51,0.0,0.0,IMELBO1849.csv
2023/02/28,09:54 PM,15.44,10.67,73.0,SW,6.6,8.69,1025.06,0.0,0.51,0.0,0.0,IMELBO1849.csv
2023/02/28,09:59 PM,15.44,10.67,73.0,SSW,4.99,7.08,1025.4,0.0,0.51,0.0,0.0,IMELBO1849.csv
2023/02/28,10:04 PM,15.39,10.61,73.0,SW,5.15,6.92,1025.06,0.0,0.51,0.0,0.0,IMELBO1849.csv
2023/02/28,10:09 PM,15.39,10.61,73.0,SW,4.99,6.92,1025.4,0.0,0.51,0.0,0.0,IMELBO1849.csv
2023/02/28,10:14 PM,15.39,10.61,73.0,SW,4.83,6.76,1025.4,0.0,0.51,0.0,0.0,IMELBO1849.csv
2023/02/28,10:19 PM,15.39,10.5,73.0,SW,6.11,7.72,1025.4,0.0,0.51,0.0,0.0,IMELBO1849.csv
2023/02/28,10:24 PM,15.39,10.39,72.0,SW,5.31,7.72,1025.4,0.0,0.51,0.0,0.0,IMELBO1849.csv
2023/02/28,10:29 PM,15.39,10.39,72.0,SW,7.56,9.98,1025.4,0.0,0.51,0.0,0.0,IMELBO1849.csv
2023/02/28,10:34 PM,15.39,10.39,72.0,SW,4.18,5.47,1025.4,0.0,0.51,0.0,0.0,IMELBO1849.csv
2023/02/28,10:39 PM,15.39,10.33,72.0,SW,4.67,5.95,1025.4,0.0,0.51,0.0,0.0,IMELBO1849.csv
2023/02/28,10:44 PM,15.39,10.33,72.0,SW,5.79,7.72,1025.4,0.0,0.51,0.0,0.0,IMELBO1849.csv
2023/02/28,10:49 PM,15.39,10.22,71.0,SW,4.34,5.79,1025.4,0.0,0.51,0.0,0.0,IMELBO1849.csv
2023/02/28,10:54 PM,15.39,10.28,71.0,SW,4.18,5.47,1025.4,0.0,0.51,0.0,0.0,IMELBO1849.csv
2023/02/28,10:59 PM,15.39,10.39,72.0,SW,4.67,6.44,1025.4,0.0,0.51,0.0,0.0,IMELBO1849.csv
2023/02/28,11:04 PM,15.28,10.28,72.0,SW,6.28,8.69,1025.4,0.0,0.51,0.0,0.0,IMELBO1849.csv
2023/02/28,11:09 PM,15.28,10.39,72.0,SSW,7.72,10.78,1025.06,0.0,0.51,0.0,0.0,IMELBO1849.csv
2023/02/28,11:14 PM,15.28,10.5,73.0,SW,5.15,6.6,1025.4,0.0,0.51,0.0,0.0,IMELBO1849.csv
2023/02/28,11:19 PM,15.28,10.56,73.0,SW,5.95,8.53,1025.4,0.0,0.51,0.0,0.0,IMELBO1849.csv
2023/02/28,11:24 PM,15.22,10.67,74.0,SW,4.18,5.47,1025.4,0.0,0.51,0.0,0.0,IMELBO1849.csv
2023/02/28,11:29 PM,15.22,10.83,75.0,SW,5.47,7.08,1025.06,0.0,0.51,0.0,0.0,IMELBO1849.csv
2023/02/28,11:34 PM,15.06,11.0,77.0,WSW,5.79,8.37,1025.06,0.0,0.51,0.0,0.0,IMELBO1849.csv
2023/02/28,11:39 PM,14.94,11.06,77.0,SW,4.34,6.44,1025.06,0.0,0.51,0.0,0.0,IMELBO1849.csv
2023/02/28,11:44 PM,14.89,11.11,78.0,SW,5.63,7.88,1025.4,0.0,0.51,0.0,0.0,IMELBO1849.csv
2023/02/28,11:49 PM,14.89,11.11,78.0,SW,4.99,6.92,1025.06,0.0,0.51,0.0,0.0,IMELBO1849.csv
2023/02/28,11:54 PM,14.89,11.11,78.0,SW,4.67,6.11,1025.06,0.0,0.51,0.0,0.0,IMELBO1849.csv
2023/02/28,11:59 PM,14.89,11.11,78.0,SW,4.02,5.47,1025.06,0.0,0.51,0.0,0.0,IMELBO1849.csv
